==== Secondary Structure Definition by the program DSSP, CMBI version 2.0                          ==== DATE=2026-03-08        .
REFERENCE W. KABSCH AND C.SANDER, BIOPOLYMERS 22 (1983) 2577-2637                                                              .
HEADER                                            01-AUG-25                                                                    .
COMPND    MOL_ID: 1; MOLECULE: POLYPYRIMIDINE TRACT-BINDING PROTEIN 1; CHAIN: A                                                .
SOURCE    MOL_ID: 1; ORGANISM_SCIENTIFIC: HOMO SAPIENS; ORGANISM_TAXID: 9606                                                   .
AUTHOR                                                                                                                         .
  557  1  0  0  0 TOTAL NUMBER OF RESIDUES, NUMBER OF CHAINS, NUMBER OF SS-BRIDGES(TOTAL,INTRACHAIN,INTERCHAIN)                .
 41892.6   ACCESSIBLE SURFACE OF PROTEIN (ANGSTROM**2)                                                                         .
  297 53.3   TOTAL NUMBER OF HYDROGEN BONDS OF TYPE O(I)-->H-N(J)  , SAME NUMBER PER 100 RESIDUES                              .
    0  0.0   TOTAL NUMBER OF HYDROGEN BONDS IN     PARALLEL BRIDGES, SAME NUMBER PER 100 RESIDUES                              .
  100 18.0   TOTAL NUMBER OF HYDROGEN BONDS IN ANTIPARALLEL BRIDGES, SAME NUMBER PER 100 RESIDUES                              .
    2  0.4   TOTAL NUMBER OF HYDROGEN BONDS OF TYPE O(I)-->H-N(I-5), SAME NUMBER PER 100 RESIDUES                              .
    1  0.2   TOTAL NUMBER OF HYDROGEN BONDS OF TYPE O(I)-->H-N(I-4), SAME NUMBER PER 100 RESIDUES                              .
    7  1.3   TOTAL NUMBER OF HYDROGEN BONDS OF TYPE O(I)-->H-N(I-3), SAME NUMBER PER 100 RESIDUES                              .
    0  0.0   TOTAL NUMBER OF HYDROGEN BONDS OF TYPE O(I)-->H-N(I-2), SAME NUMBER PER 100 RESIDUES                              .
    0  0.0   TOTAL NUMBER OF HYDROGEN BONDS OF TYPE O(I)-->H-N(I-1), SAME NUMBER PER 100 RESIDUES                              .
    0  0.0   TOTAL NUMBER OF HYDROGEN BONDS OF TYPE O(I)-->H-N(I+0), SAME NUMBER PER 100 RESIDUES                              .
    0  0.0   TOTAL NUMBER OF HYDROGEN BONDS OF TYPE O(I)-->H-N(I+1), SAME NUMBER PER 100 RESIDUES                              .
   59 10.6   TOTAL NUMBER OF HYDROGEN BONDS OF TYPE O(I)-->H-N(I+2), SAME NUMBER PER 100 RESIDUES                              .
   45  8.1   TOTAL NUMBER OF HYDROGEN BONDS OF TYPE O(I)-->H-N(I+3), SAME NUMBER PER 100 RESIDUES                              .
   83 14.9   TOTAL NUMBER OF HYDROGEN BONDS OF TYPE O(I)-->H-N(I+4), SAME NUMBER PER 100 RESIDUES                              .
    2  0.4   TOTAL NUMBER OF HYDROGEN BONDS OF TYPE O(I)-->H-N(I+5), SAME NUMBER PER 100 RESIDUES                              .
  1  2  3  4  5  6  7  8  9 10 11 12 13 14 15 16 17 18 19 20 21 22 23 24 25 26 27 28 29 30     *** HISTOGRAMS OF ***           .
  0  0  0  0  0  1  0  2  0  1  3  0  1  0  0  0  0  1  0  0  0  0  0  0  0  0  0  0  0  0    RESIDUES PER ALPHA HELIX         .
  0  0  0  0  0  0  0  0  0  0  0  0  0  0  0  0  0  0  0  0  0  0  0  0  0  0  0  0  0  0    PARALLEL BRIDGES PER LADDER      .
  1  3  2  4  2  5  0  1  0  0  0  0  0  0  0  0  0  0  0  0  0  0  0  0  0  0  0  0  0  0    ANTIPARALLEL BRIDGES PER LADDER  .
  2  0  2  1  1  0  0  0  0  0  0  0  0  0  0  0  0  0  0  0  0  0  0  0  0  0  0  0  0  0    LADDERS PER SHEET                .
  #  RESIDUE AA STRUCTURE BP1 BP2  ACC     N-H-->O    O-->H-N    N-H-->O    O-->H-N    TCO  KAPPA ALPHA  PHI   PSI    X-CA   Y-CA   Z-CA            CHAIN
    1    1 A M              0   0  217      0, 0.0     0, 0.0     0, 0.0     0, 0.0   0.000 360.0 360.0 360.0  52.4  -13.4  -38.5   38.1               
    2    2 A D        -     0   0  156      1,-0.0     2,-0.0     0, 0.0     0, 0.0   0.459 360.0-156.6  75.2 111.0  -14.5  -38.2   35.0               
    3    3 A G        +     0   0   67      2,-0.0    -1,-0.0     0, 0.0     0, 0.0   0.751   5.8 175.8 119.1 160.5  -15.2  -37.0   32.1               
    4    4 A I        +     0   0  164      1,-0.1     0, 0.0    -2,-0.0     0, 0.0   0.744   5.5 170.1  98.9 101.7  -17.5  -37.3   29.0               
    5    5 A V        -     0   0  137      2,-0.0     2,-0.5     0, 0.0    -1,-0.1  -0.935  27.1-146.0 -99.5 143.6  -17.9  -35.3   25.8               
    6    6 A P        -     0   0  106      0, 0.0     2,-0.4     0, 0.0     0, 0.0  -0.974   9.7-164.6-108.5 122.4  -20.2  -37.0   23.2               
    7    7 A D        -     0   0  150     -2,-0.5     2,-0.4     2,-0.0    -2,-0.0  -0.797   6.6-167.5 -87.2 136.7  -19.3  -36.6   19.5               
    8    8 A I        -     0   0  160     -2,-0.4     2,-0.2     0, 0.0     0, 0.0  -0.975  14.0-156.3-136.1 126.5  -22.2  -37.5   17.1               
    9    9 A A        -     0   0   77     -2,-0.4    -2,-0.0     1,-0.1     0, 0.0  -0.487  21.7 -11.9-101.9 158.4  -21.5  -37.9   13.4               
   10   10 A V        +     0   0  145     -2,-0.2     2,-0.2     1,-0.1    -1,-0.1   0.888  26.2 174.3  54.7 121.0  -22.7  -37.9    9.8               
   11   11 A G        -     0   0   80      2,-0.0     2,-0.3     0, 0.0    -1,-0.1  -0.811  18.1-168.1-160.2 119.8  -25.9  -37.9    7.7               
   12   12 A T        +     0   0  131     -2,-0.2     2,-0.1     2,-0.0     0, 0.0  -0.830  15.1 140.1-109.2 146.3  -26.1  -37.5    3.8               
   13   13 A K        -     0   0  204     -2,-0.3     2,-0.1     2,-0.0    -2,-0.0  -0.186  19.1-156.7 158.5 137.1  -28.5  -36.9    0.9               
   14   14 A R        +     0   0  255     -2,-0.1     2,-0.1     0, 0.0    -2,-0.0   0.100  15.8 146.3 101.0 116.4  -29.2  -35.4   -2.1               
   15   15 A G        -     0   0   63     -2,-0.1     2,-0.0     0, 0.0    -2,-0.0   0.050  17.7-130.0 127.0 118.0  -31.9  -34.0   -4.6               
   16   16 A S        +     0   0  114     -2,-0.1     0, 0.0     0, 0.0     0, 0.0   0.454  15.3  69.9  69.0 132.3  -33.0  -31.8   -7.0               
   17   17 A D        -     0   0  150     -2,-0.0     0, 0.0     0, 0.0     0, 0.0   0.828  20.5  -5.1-162.9-171.9  -34.8  -29.7   -8.6               
   18   18 A E        +     0   0  144      1,-0.1     0, 0.0     0, 0.0     0, 0.0   0.867  16.1 145.0  71.8 127.0  -36.9  -26.9  -10.5               
   19   19 A L        -     0   0  155      0, 0.0    -1,-0.1     0, 0.0     0, 0.0   0.046  46.4 -98.9-173.5 118.1  -38.4  -23.7  -10.8               
   20   20 A F        -     0   0  154      1,-0.1     2,-0.0     0, 0.0     0, 0.0   0.372  13.3-131.7 -11.8 132.7  -38.7  -21.7  -14.2               
   21   21 A S        +     0   0  101      0, 0.0    -1,-0.1     0, 0.0     0, 0.0   0.470  32.8 108.9  74.0 133.9  -37.7  -19.3  -16.3               
   22   22 A T        +     0   0  144     -2,-0.0     0, 0.0     0, 0.0     0, 0.0   0.343  12.8  76.1  73.6 153.3  -39.1  -16.4  -18.4               
   23   23 A C        +     0   0  110      1,-0.1     2,-0.4     0, 0.0     0, 0.0   0.683   8.2 160.4-146.9 155.8  -39.9  -13.5  -19.5               
   24   24 A V        +     0   0  140      2,-0.0     2,-0.3     0, 0.0    -1,-0.1  -0.916  24.9 166.8-100.4 134.3  -38.7  -10.4  -21.5               
   25   25 A T        -     0   0  128     -2,-0.4     2,-0.3     2,-0.0     0, 0.0  -0.897  21.3-166.3-153.5 129.9  -41.2   -8.0  -23.0               
   26   26 A N        +     0   0  166     -2,-0.3    -2,-0.0     2,-0.0     0, 0.0  -0.811  31.9 132.4 -90.5 146.0  -41.2   -4.5  -24.6               
   27   27 A G        -     0   0   73     -2,-0.3     2,-0.2     0, 0.0    -2,-0.0  -0.700  30.3-143.0 164.8 148.2  -44.6   -2.6  -25.2               
   28   28 A P        +     0   0  117      0, 0.0    -2,-0.0     0, 0.0     0, 0.0  -0.635  19.1  26.6-130.9 169.6  -46.0    0.8  -24.6               
   29   29 A F        +     0   0  202     -2,-0.2     0, 0.0     0, 0.0     0, 0.0   0.783  31.4  93.4  79.0 144.0  -48.2    3.8  -23.7               
   30   30 A I        -     0   0  136      0, 0.0     0, 0.0     0, 0.0     0, 0.0   0.897  38.5-110.4  98.6  98.5  -51.2    5.8  -22.1               
   31   31 A M        +     0   0  167      0, 0.0     2,-0.0     0, 0.0     0, 0.0   0.728  25.3 155.3  39.6 130.1  -52.1    7.9  -19.1               
   32   32 A S        -     0   0  108      0, 0.0     0, 0.0     0, 0.0     0, 0.0   0.125  27.7 -90.2-172.6 156.4  -53.4    8.9  -16.2               
   33   33 A S        +     0   0  105     -2,-0.0     2,-0.0     0, 0.0     0, 0.0   0.429  29.8 129.3  -0.5 143.3  -53.2   11.3  -13.1               
   34   34 A N        -     0   0  155      0, 0.0     0, 0.0     0, 0.0     0, 0.0   0.582  28.2 -22.5-165.1-174.5  -52.3   12.1  -10.0               
   35   35 A S        -     0   0   95     -2,-0.0     0, 0.0     0, 0.0     0, 0.0   0.790  29.0 -74.3-164.7 158.3  -50.9   14.2   -7.7               
   36   36 A A        +     0   0   93      0, 0.0     0, 0.0     0, 0.0     0, 0.0   0.895  32.5 114.8  54.1 104.1  -48.9   16.9   -5.8               
   37   37 A S        -     0   0  123      2,-0.0     0, 0.0     0, 0.0     0, 0.0   0.011  47.0 -94.7-175.3 119.7  -45.8   18.1   -4.4               
   38   38 A A        +     0   0  104      2,-0.0     0, 0.0     0, 0.0     0, 0.0   0.852  47.9  50.7  42.8 129.9  -43.5   21.2   -5.1               
   39   39 A A        +     0   0  100      0, 0.0    -2,-0.0     0, 0.0     0, 0.0   0.785  56.7  29.9  94.8 126.6  -40.5   22.7   -6.8               
   40   40 A N        -     0   0  168      1,-0.0    -2,-0.0     2,-0.0     0, 0.0   0.897  59.8-111.3  65.1  70.2  -38.2   23.4   -9.9               
   41   41 A G        -     0   0   86      1,-0.1     2,-0.6     2,-0.0    -1,-0.0   0.527  11.5-156.3  55.9  84.2  -39.2   23.7  -13.3               
   42   42 A N        -     0   0  136      2,-0.0     2,-0.8     1,-0.0    -1,-0.1  -0.926  11.2-168.2 -99.0 113.4  -38.5   21.5  -16.4               
   43   43 A D        +     0   0  128     -2,-0.6     2,-1.3     1,-0.1    -1,-0.0  -0.576  23.6 156.1-102.8  69.3  -38.8   23.7  -19.6               
   44   44 A S        +     0   0  100     -2,-0.8     2,-0.6     2,-0.1    -1,-0.1  -0.466  25.4 153.8 -81.4  59.0  -38.8   21.0  -22.2               
   45   45 A K        -     0   0  158     -2,-1.3     2,-0.5     1,-0.0    -2,-0.1  -0.878  50.8-122.3-107.1 115.9  -40.6   23.4  -24.7               
   46   46 A K        -     0   0  209     -2,-0.6     2,-1.0     1,-0.1    -2,-0.1  -0.265  28.8-143.8 -38.4  89.5  -40.3   23.0  -28.4               
   47   47 A F        -     0   0  186     -2,-0.5     2,-0.8     1,-0.0     3,-0.2  -0.584  17.9-173.2 -76.2 101.6  -38.9   26.5  -29.5               
   48   48 A K        +     0   0  204     -2,-1.0    -1,-0.0     1,-0.2    -2,-0.0  -0.882  54.0   4.0 -92.4 104.2  -40.5   27.4  -32.8               
   49   49 A G        +     0   0   51     -2,-0.8    -1,-0.2     1,-0.0     0, 0.0   0.898  58.2 115.1  88.6 103.3  -38.8   30.7  -34.0               
   50   50 A D    >   +     0   0  125     -3,-0.2     2,-1.0     4,-0.0     3,-0.5  -0.115  27.0 149.7-156.0  73.8  -36.3   33.0  -33.3               
   51   51 A S  T 3   +     0   0  117      1,-0.2     0, 0.0     2,-0.1     0, 0.0  -0.091  46.8 101.4 -76.7  35.0  -33.8   32.6  -36.2               
   52   52 A R  T 3  S+     0   0  227     -2,-1.0    -1,-0.2     1,-0.1     3,-0.0   0.300  81.9  29.9-117.7   9.4  -32.8   36.4  -36.0               
   53   53 A S  S X  S+     0   0   83     -3,-0.5     2,-0.7     2,-0.0     3,-0.6   0.365  89.4  94.7-138.5   0.0  -29.4   36.5  -34.1               
   54   54 A A  T 3  S+     0   0   91      1,-0.2    76,-0.1    -4,-0.2    -3,-0.0  -0.130  77.3  61.3 -89.4  35.2  -27.7   33.2  -35.1               
   55   55 A G  T 3   +     0   0   63     -2,-0.7    -1,-0.2     2,-0.1    -4,-0.0   0.351  59.8 106.1-153.6   9.3  -25.7   34.5  -38.1               
   56   56 A V    <   -     0   0  105     -3,-0.6    -1,-0.0    74,-0.0     2,-0.0  -0.907  67.3-130.7 -91.8 115.5  -23.1   37.2  -37.3               
   57   57 A P        +     0   0   49      0, 0.0     2,-0.3     0, 0.0    48,-0.1  -0.346  33.1 179.6 -61.8 142.8  -19.6   35.6  -37.5               
   58   58 A S        -     0   0    7     46,-0.2    73,-0.1    45,-0.1    76,-0.1  -0.993  42.6-128.8-145.8 145.3  -17.5   36.3  -34.4               
   59   59 A R  S    S+     0   0   83     75,-0.4    42,-2.9    -2,-0.3     2,-0.5   0.701  95.1  80.5 -60.0 -22.5  -13.9   35.5  -33.2               
   60   60 A V  E     -A  100   0A   0     73,-0.5    71,-2.8    40,-0.2     2,-0.4  -0.815  65.8-165.3 -96.4 128.5  -15.7   34.4  -29.9               
   61   61 A I  E     -AB  99 130A   0     38,-3.1    38,-2.3    -2,-0.5     2,-0.5  -0.879  10.6-142.9-111.2 136.2  -17.4   31.0  -29.7               
   62   62 A H  E     -AB  98 129A  21     67,-3.1    67,-2.1    -2,-0.4     2,-0.4  -0.896  12.2-163.9-101.6 124.7  -19.9   29.9  -27.0               
   63   63 A I  E     -AB  97 128A   0     34,-3.2    34,-2.3    -2,-0.5     2,-0.3  -0.929  10.7-170.9-109.9 128.3  -19.8   26.3  -25.8               
   64   64 A R  E     +AB  96 127A 112     63,-2.8    63,-2.4    -2,-0.4    32,-0.2  -0.855  57.0  28.5-120.9 157.4  -22.8   24.9  -23.8               
   65   65 A K  S    S+     0   0  122     30,-0.8    31,-0.2    29,-0.3    -1,-0.1   0.745  73.9 174.3  62.8  32.9  -23.5   21.7  -21.7               
   66   66 A L        -     0   0    3     29,-2.1    -1,-0.2    -3,-0.2    60,-0.0  -0.348  39.2 -98.5 -60.8 143.8  -19.9   21.1  -20.7               
   67   67 A P    >   -     0   0    5      0, 0.0     3,-1.1     0, 0.0    -1,-0.1  -0.291  26.7-124.8 -55.8 147.8  -19.1   18.3  -18.2               
   68   68 A I  T 3  S+     0   0  143      1,-0.2    27,-0.1    -3,-0.1    -2,-0.1   0.767 112.9  49.4 -68.1 -24.7  -18.7   19.5  -14.6               
   69   69 A D  T 3  S+     0   0   95      2,-0.0    -1,-0.2    53,-0.0    53,-0.0   0.288  83.2 132.3 -95.1   2.3  -15.2   17.8  -14.5               
   70   70 A V    <   -     0   0    7     -3,-1.1     2,-0.2     1,-0.1    25,-0.0  -0.303  48.5-135.9 -64.2 140.8  -14.0   19.3  -17.9               
   71   71 A T     >  -     0   0   66      1,-0.1     4,-1.8    -2,-0.0     3,-0.2  -0.642  18.5-118.6 -94.9 153.0  -10.5   20.9  -18.0               
   72   72 A E  H  > S+     0   0   25     -2,-0.2     4,-2.1     1,-0.2     5,-0.1   0.874 116.2  54.2 -50.8 -40.5   -9.4   24.2  -19.5               
   73   73 A G  H  > S+     0   0   24      2,-0.2     4,-2.4     1,-0.2    -1,-0.2   0.875 104.1  51.8 -69.6 -39.2   -7.0   22.1  -21.8               
   74   74 A E  H  > S+     0   0   40      2,-0.2     4,-0.7    -3,-0.2    -1,-0.2   0.903 111.2  49.6 -62.2 -39.9   -9.8   19.8  -23.2               
   75   75 A V  H >< S+     0   0    0     -4,-1.8     3,-0.9     2,-0.2     4,-0.5   0.929 112.0  46.3 -67.1 -43.7  -11.9   23.0  -24.1               
   76   76 A I  H >X S+     0   0    0     -4,-2.1     3,-1.9     1,-0.2     4,-1.8   0.907 103.6  64.7 -64.2 -38.1   -8.9   24.6  -25.9               
   77   77 A S  H 3< S+     0   0   66     -4,-2.4    -1,-0.2     1,-0.3    -2,-0.2   0.715  93.5  61.6 -60.2 -21.7   -8.2   21.3  -27.7               
   78   78 A L  T << S+     0   0   18     -3,-0.9    -1,-0.3    -4,-0.7    -2,-0.2   0.763 110.6  39.4 -70.3 -28.7  -11.6   21.7  -29.5               
   79   79 A G  T X> S+     0   0    0     -3,-1.9     3,-2.3    -4,-0.5     4,-1.3   0.782  94.5  80.9 -91.7 -31.8  -10.3   24.9  -31.1               
   80   80 A L  T 3< S+     0   0   45     -4,-1.8    -2,-0.1     1,-0.3    -1,-0.1   0.751  87.0  58.1 -49.9 -35.8   -6.7   24.0  -31.9               
   81   81 A P  T 34 S+     0   0   97      0, 0.0    -1,-0.3     0, 0.0    -2,-0.1   0.701 112.8  40.8 -66.0 -20.7   -7.7   22.0  -35.2               
   82   82 A F  T <4 S-     0   0   38     -3,-2.3     2,-0.3     1,-0.4    -2,-0.2   0.616 127.7 -59.5-104.1 -20.6   -9.3   25.3  -36.6               
   83   83 A G  S  < S-     0   0   21     -4,-1.3    -1,-0.4    -3,-0.1     2,-0.3  -0.941  72.3 -38.3 163.2-177.5   -6.7   27.8  -35.5               
   84   84 A K        -     0   0   89     -2,-0.3    18,-2.9    -3,-0.1     2,-0.5  -0.529  51.0-135.8 -68.9 131.9   -4.8   29.5  -32.6               
   85   85 A V  E     +C  101   0A   0     -2,-0.3    16,-0.2    16,-0.2     3,-0.1  -0.807  22.6 179.3 -90.6 125.0   -6.8   30.2  -29.5               
   86   86 A T  E     +     0   0A  50     14,-2.3     2,-0.3    -2,-0.5    15,-0.2   0.862  64.6  13.1 -92.8 -42.9   -6.2   33.7  -28.0               
   87   87 A N  E     -C  100   0A  40     13,-0.9    13,-2.8     2,-0.0     2,-0.3  -0.948  54.9-167.4-137.2 156.5   -8.6   33.6  -25.0               
   88   88 A L  E     -C   99   0A   2     -2,-0.3     2,-0.4    11,-0.2    11,-0.2  -0.987   1.7-174.9-141.2 132.5  -10.7   31.2  -22.8               
   89   89 A L  E     -C   98   0A  46      9,-2.7     9,-2.5    -2,-0.3     2,-0.6  -0.959   9.2-164.1-127.0 114.6  -13.4   31.9  -20.2               
   90   90 A M  E     -C   97   0A  17     -2,-0.4     2,-0.9     7,-0.2     7,-0.2  -0.863  10.9-166.0 -98.5 124.4  -14.8   29.0  -18.3               
   91   91 A L  E >>> +C   96   0A  52      5,-2.7     3,-2.4    -2,-0.6     5,-1.5  -0.690  13.9 175.8-100.9  76.8  -18.1   29.5  -16.3               
   92   92 A K  G >45S+     0   0   79     -2,-0.9     3,-0.9     1,-0.3    -1,-0.2   0.850  77.0  57.5 -54.0 -36.0  -17.8   26.2  -14.2               
   93   93 A G  G 345S+     0   0   83      1,-0.2    -1,-0.3    -3,-0.2    -2,-0.0   0.479 114.5  37.5 -73.8  -5.4  -21.0   27.2  -12.3               
   94   94 A K  G <45S-     0   0  140     -3,-2.4   -29,-0.3     2,-0.2    -1,-0.2   0.270 105.4-120.5-122.2   4.0  -23.1   27.3  -15.6               
   95   95 A N  T <<5S+     0   0   56     -3,-0.9   -29,-2.1    -4,-0.5   -30,-0.8   0.880  76.9 120.3  50.9  42.0  -21.4   24.4  -17.5               
   96   96 A Q  E   < -AC  64  91A  55     -5,-1.5    -5,-2.7   -32,-0.2     2,-0.3  -0.948  40.6-177.2-132.5 150.2  -20.5   27.0  -20.2               
   97   97 A A  E     -AC  63  90A   0    -34,-2.3   -34,-3.2    -2,-0.3     2,-0.4  -0.980  14.8-146.1-142.7 158.9  -17.3   28.3  -21.8               
   98   98 A F  E     -AC  62  89A  27     -9,-2.5    -9,-2.7    -2,-0.3     2,-0.4  -0.992  12.4-165.0-123.2 135.2  -16.2   30.9  -24.3               
   99   99 A I  E     -AC  61  88A   0    -38,-2.3   -38,-3.1    -2,-0.4     2,-0.5  -0.963   7.6-151.8-115.8 133.5  -13.2   30.5  -26.7               
  100  100 A E  E     -AC  60  87A  12    -13,-2.8   -14,-2.3    -2,-0.4   -13,-0.9  -0.943  12.8-151.6-102.7 126.0  -11.6   33.4  -28.7               
  101  101 A M  E     - C   0  85A   1    -42,-2.9   -16,-0.2    -2,-0.5     6,-0.1  -0.717  21.2-124.5 -90.8 147.4  -10.0   32.4  -32.0               
  102  102 A N  S    S+     0   0   81    -18,-2.9     2,-0.3    -2,-0.3   -17,-0.1   0.777  96.3  27.1 -60.4 -29.9   -7.1   34.4  -33.4               
  103  103 A T  S  > S-     0   0   51    -19,-0.3     4,-1.4   -44,-0.1    -2,-0.1  -0.928  73.7-128.3-134.1 156.8   -9.0   34.9  -36.7               
  104  104 A E  H  > S+     0   0   79     -2,-0.3     4,-2.9     2,-0.2   -46,-0.2   0.856 110.7  57.7 -73.2 -31.8  -12.8   35.0  -37.7               
  105  105 A E  H  > S+     0   0  125      2,-0.2     4,-2.7     1,-0.2    -1,-0.2   0.891 104.6  51.6 -64.7 -40.1  -12.2   32.4  -40.5               
  106  106 A A  H  > S+     0   0    8      2,-0.2     4,-2.3     1,-0.2    -1,-0.2   0.919 112.2  46.3 -62.0 -42.6  -10.9   30.0  -37.8               
  107  107 A A  H  X S+     0   0    0     -4,-1.4     4,-2.6     2,-0.2    -2,-0.2   0.925 112.2  50.5 -67.1 -42.3  -14.0   30.6  -35.7               
  108  108 A N  H  X S+     0   0   43     -4,-2.9     4,-2.5     2,-0.2     5,-0.2   0.929 111.7  47.7 -57.7 -47.9  -16.3   30.2  -38.8               
  109  109 A T  H  X S+     0   0   77     -4,-2.7     4,-2.5     1,-0.2    -2,-0.2   0.922 112.6  49.8 -63.1 -42.6  -14.6   26.9  -39.7               
  110  110 A M  H  X S+     0   0    0     -4,-2.3     4,-2.5     2,-0.2    -2,-0.2   0.926 113.7  43.5 -61.5 -49.7  -14.9   25.6  -36.1               
  111  111 A V  H  X S+     0   0    8     -4,-2.6     4,-1.4     2,-0.2    -2,-0.2   0.925 114.7  49.9 -67.1 -41.5  -18.7   26.5  -35.8               
  112  112 A N  H  X S+     0   0  105     -4,-2.5     4,-1.2    -5,-0.2     3,-0.2   0.936 113.2  46.8 -61.9 -45.3  -19.5   25.1  -39.3               
  113  113 A Y  H >X S+     0   0  115     -4,-2.5     4,-2.3    -5,-0.2     3,-0.9   0.967 114.3  45.3 -60.3 -53.2  -17.6   21.8  -38.5               
  114  114 A Y  H 3< S+     0   0   28     -4,-2.5    -1,-0.2     1,-0.3    14,-0.2   0.630 105.5  61.7 -75.3 -10.5  -19.3   21.3  -35.0               
  115  115 A T  H 3< S+     0   0  104     -4,-1.4    -1,-0.3    -3,-0.2    -2,-0.2   0.831 113.4  37.4 -72.3 -34.4  -22.7   22.2  -36.5               
  116  116 A S  H << S+     0   0   94     -4,-1.2     2,-0.5    -3,-0.9    -2,-0.2   0.824 126.0  38.8 -83.5 -33.5  -22.2   19.1  -38.7               
  117  117 A V  S  < S-     0   0   70     -4,-2.3    -1,-0.2    -5,-0.1     0, 0.0  -0.935  82.4-137.8-123.1 106.2  -20.5   16.9  -36.1               
  118  118 A T        -     0   0   80     -2,-0.5     2,-0.2    -3,-0.2     9,-0.1  -0.483  26.2-128.8 -62.3 116.6  -21.8   17.1  -32.5               
  119  119 A P        -     0   0   10      0, 0.0     7,-2.6     0, 0.0     2,-0.6  -0.461  18.4-153.7 -70.5 138.5  -18.6   17.2  -30.2               
  120  120 A V  E     -D  125   0B  90      5,-0.2     2,-0.5    -2,-0.2     3,-0.1  -0.941   8.6-170.4-116.8 111.2  -18.6   14.7  -27.3               
  121  121 A L  E >  S-D  124   0B  19      3,-2.1     3,-2.4    -2,-0.6   -51,-0.1  -0.905  77.4 -21.4-100.1 122.4  -16.6   15.5  -24.2               
  122  122 A R  T 3  S-     0   0  136     -2,-0.5    -1,-0.2     1,-0.3   -53,-0.0   0.730 128.3 -50.8  51.7  31.8  -16.3   12.6  -21.8               
  123  123 A G  T 3  S+     0   0   64      1,-0.2    -1,-0.3    -3,-0.1    -3,-0.0   0.298 117.4 110.3  89.1  -4.0  -19.4   10.9  -23.3               
  124  124 A Q  E <   -D  121   0B  81     -3,-2.4    -3,-2.1   -59,-0.0     2,-0.4  -0.879  69.5-125.7-102.7 127.5  -21.6   14.1  -23.0               
  125  125 A P  E     -D  120   0B  57      0, 0.0    -5,-0.2     0, 0.0     2,-0.2  -0.588  27.9-160.1 -72.3 124.8  -22.7   16.0  -26.2               
  126  126 A I        -     0   0    1     -7,-2.6     2,-0.4    -2,-0.4   -61,-0.2  -0.665   9.3-132.2-102.2 157.4  -21.7   19.7  -26.1               
  127  127 A Y  E     -B   64   0A 113    -63,-2.4   -63,-2.8    -2,-0.2     2,-0.4  -0.955  16.7-165.0-119.1 132.0  -23.2   22.5  -28.2               
  128  128 A I  E     +B   63   0A  11     -2,-0.4     2,-0.3   -65,-0.2   -65,-0.2  -0.957  19.5 149.1-124.3 128.4  -21.0   25.1  -30.1               
  129  129 A Q  E     -B   62   0A 102    -67,-2.1   -67,-3.1    -2,-0.4     2,-0.0  -0.960  50.2 -80.7-146.2 162.5  -22.3   28.5  -31.5               
  130  130 A F  E     -B   61   0A  42     -2,-0.3     2,-0.3   -69,-0.2   -69,-0.3  -0.370  46.4-125.9 -59.9 145.7  -21.1   32.0  -32.3               
  131  131 A S        -     0   0    7    -71,-2.8   -71,-0.2     2,-0.2    -1,-0.1  -0.768   9.3-129.6 -89.8 146.6  -21.0   34.4  -29.2               
  132  132 A N  S    S+     0   0  143     -2,-0.3     2,-0.4   -74,-0.0    -1,-0.1   0.541  89.4  90.4 -68.6  -8.6  -22.8   37.8  -29.3               
  133  133 A H        -     0   0  119      1,-0.1   -73,-0.5   -73,-0.1    -2,-0.2  -0.789  63.9-159.1 -89.0 135.3  -19.4   39.2  -28.0               
  134  134 A K  S    S+     0   0  166     -2,-0.4   -75,-0.4     1,-0.2     2,-0.3   0.681  82.1  16.6 -81.6 -23.2  -16.8   40.3  -30.6               
  135  135 A E  S    S-     0   0  116    -76,-0.1     2,-1.0   -77,-0.1    -1,-0.2  -0.971  83.9-110.3-147.4 149.7  -13.9   40.0  -28.1               
  136  136 A L        -     0   0   17     -2,-0.3     2,-1.0    -3,-0.1   -48,-0.1  -0.750  24.9-149.5 -88.6 101.8  -13.6   38.3  -24.7               
  137  137 A K        -     0   0  193     -2,-1.0     2,-1.4     1,-0.1    -1,-0.0  -0.606  13.2-156.9 -70.4 102.0  -13.4   40.9  -21.9               
  138  138 A T        -     0   0   52     -2,-1.0     2,-0.2     2,-0.0    -1,-0.1  -0.657   6.3-164.5 -85.5  80.0  -11.2   39.0  -19.4               
  139  139 A D        -     0   0  138     -2,-1.4     2,-2.1     1,-0.1     5,-0.1  -0.528  39.8 -96.2 -67.8 138.8  -12.0   40.7  -16.1               
  140  140 A S        +     0   0  121     -2,-0.2    -1,-0.1     4,-0.1    -2,-0.0  -0.303  66.2 152.4 -74.2  73.0   -9.2   39.7  -13.6               
  141  141 A S    >>  -     0   0   50     -2,-2.1     3,-2.4     1,-0.1     4,-0.7  -0.804  55.0-118.8-102.3 145.3  -10.8   36.7  -11.8               
  142  142 A P  H 3> S+     0   0  116      0, 0.0     4,-0.6     0, 0.0     3,-0.2   0.734 111.7  64.7 -62.3 -20.1   -8.7   33.8  -10.2               
  143  143 A N  H 3> S+     0   0  104      1,-0.2     4,-0.9     2,-0.2     3,-0.1   0.749  96.7  59.2 -66.4 -24.2  -10.4   31.2  -12.5               
  144  144 A Q  H <> S+     0   0   12     -3,-2.4     4,-3.1     2,-0.2     5,-0.2   0.805  88.1  68.6 -82.4 -28.4   -8.7   33.0  -15.5               
  145  145 A A  H  X S+     0   0   63     -4,-0.7     4,-2.4    -3,-0.2    -1,-0.2   0.881 103.5  47.5 -58.1 -36.4   -5.1   32.5  -14.3               
  146  146 A R  H  X S+     0   0  175     -4,-0.6     4,-2.5     2,-0.2    -1,-0.2   0.897 111.5  49.8 -69.0 -40.8   -5.6   28.8  -15.0               
  147  147 A A  H  X S+     0   0    3     -4,-0.9     4,-2.7     2,-0.2    -2,-0.2   0.931 113.7  45.5 -63.7 -44.5   -7.1   29.5  -18.5               
  148  148 A Q  H  X S+     0   0   82     -4,-3.1     4,-2.5     2,-0.2    -2,-0.2   0.910 113.1  49.8 -65.5 -42.3   -4.2   31.8  -19.3               
  149  149 A A  H  X S+     0   0   54     -4,-2.4     4,-2.5    -5,-0.2    -2,-0.2   0.918 113.1  47.0 -62.7 -41.5   -1.6   29.3  -18.0               
  150  150 A A  H  X S+     0   0   21     -4,-2.5     4,-2.1     2,-0.2     5,-0.2   0.931 112.2  50.5 -63.8 -43.9   -3.4   26.6  -20.1               
  151  151 A L  H  X S+     0   0   10     -4,-2.7     4,-1.9     2,-0.2    -2,-0.2   0.872 112.1  47.3 -61.2 -39.7   -3.4   28.9  -23.2               
  152  152 A Q  H  X S+     0   0  139     -4,-2.5     4,-2.1     2,-0.2    -2,-0.2   0.929 112.0  50.1 -67.6 -42.4    0.4   29.6  -22.7               
  153  153 A A  H  X S+     0   0   59     -4,-2.5     4,-0.6     1,-0.2    -2,-0.2   0.824 117.5  39.5 -65.0 -34.2    1.1   25.8  -22.3               
  154  154 A V  H  < S+     0   0   27     -4,-2.1     4,-0.4     2,-0.2    -1,-0.2   0.725 115.5  50.9 -90.5 -22.5   -0.8   25.0  -25.6               
  155  155 A N  H >X S+     0   0   24     -4,-1.9     4,-2.6    -5,-0.2     3,-0.5   0.816 102.3  60.8 -80.6 -30.2    0.4   28.1  -27.6               
  156  156 A S  H 3X S+     0   0   76     -4,-2.1     4,-1.3     1,-0.2    -2,-0.2   0.892 103.0  52.0 -63.3 -34.7    4.1   27.3  -26.7               
  157  157 A V  H 3< S+     0   0   74     -4,-0.6    -1,-0.2     2,-0.2    -2,-0.2   0.699 113.0  45.4 -73.8 -17.9    3.7   23.9  -28.5               
  158  158 A Q  H X4 S+     0   0   83     -3,-0.5     3,-0.9    -4,-0.4    -2,-0.2   0.845 113.1  47.2 -89.0 -38.4    2.3   25.7  -31.6               
  159  159 A S  H >X S+     0   0   61     -4,-2.6     4,-1.7     1,-0.2     3,-1.7   0.705  92.1  81.0 -77.2 -17.4    4.9   28.6  -31.8               
  160  160 A G  T 3< S+     0   0   52     -4,-1.3    -1,-0.2     1,-0.3     4,-0.2   0.680  87.8  58.4 -58.8 -17.5    7.8   26.1  -31.3               
  161  161 A N  T <4 S+     0   0  132     -3,-0.9    -1,-0.3     1,-0.1    -2,-0.1   0.438 114.7  30.1 -95.8  -2.1    7.5   25.3  -35.1               
  162  162 A L  T X4 S+     0   0  151     -3,-1.7     3,-1.0    -4,-0.1     4,-0.2   0.585 101.0  73.2-125.7 -21.4    8.2   28.9  -36.5               
  163  163 A A  G >< S+     0   0   73     -4,-1.7     3,-0.7     1,-0.2     4,-0.3   0.629  82.0  73.6 -74.7 -12.1   10.5   30.7  -33.9               
  164  164 A L  G 3  S+     0   0  166     -4,-0.2    -1,-0.2     1,-0.2     3,-0.1   0.588  88.6  61.3 -77.8 -10.2   13.6   28.7  -35.0               
  165  165 A A  G <  S+     0   0   89     -3,-1.0     3,-0.2     1,-0.1    -1,-0.2   0.571  98.9  51.6 -93.2 -12.1   14.1   30.6  -38.3               
  166  166 A A  S <  S+     0   0   96     -3,-0.7     3,-0.2    -4,-0.2    -1,-0.1   0.486  93.1  66.2-112.4  -5.0   14.5   34.3  -37.0               
  167  167 A S        +     0   0  101     -4,-0.3    -1,-0.1     1,-0.1    -2,-0.1   0.097  65.1 114.7 -99.5  18.9   17.4   34.1  -34.4               
  168  168 A A        +     0   0   97     -3,-0.2     2,-0.4     1,-0.0    -1,-0.1   0.131  55.5  82.0 -82.4  19.6   20.0   33.1  -37.0               
  169  169 A A  S    S+     0   0   89      1,-0.3    -1,-0.0    -3,-0.2    -3,-0.0  -0.962  83.7  15.8-132.3 116.2   22.1   36.3  -36.6               
  170  170 A A  S    S+     0   0   90     -2,-0.4    -1,-0.3     0, 0.0     0, 0.0   0.936  73.8  82.0  58.4 106.9   24.7   36.6  -33.7               
  171  171 A V        -     0   0  138     -3,-0.1    -2,-0.0     0, 0.0     0, 0.0   0.387  65.3 -81.3-159.7 138.2   26.1   34.6  -31.6               
  172  172 A D        -     0   0  171      1,-0.1     2,-0.3     2,-0.1     0, 0.0   0.824  40.7 -84.5  55.3 151.6   29.2   32.3  -31.8               
  173  173 A A        +     0   0   94      1,-0.1    -1,-0.1     2,-0.0     0, 0.0  -0.602  64.0  19.7-100.1 144.8   30.3   28.8  -32.9               
  174  174 A G  S    S+     0   0   72     -2,-0.3    -1,-0.1     2,-0.1    -2,-0.1   0.309  74.3  76.0 123.4  -1.8   30.6   25.2  -32.3               
  175  175 A M        +     0   0  192      1,-0.1     3,-0.1     2,-0.0    -2,-0.0  -0.041  62.1  73.5-148.2  42.2   28.5   23.1  -29.8               
  176  176 A A        +     0   0   96      1,-0.1    -1,-0.1     2,-0.0    -2,-0.1  -0.373  46.8  97.8-158.5  86.9   24.8   22.0  -30.2               
  177  177 A M        +     0   0  191     -2,-0.0     3,-0.3     2,-0.0    -1,-0.1   0.141  56.2 102.3-136.1  18.7   23.5   19.2  -32.6               
  178  178 A A        +     0   0  112      1,-0.2     3,-0.1    -3,-0.1    -1,-0.0  -0.003  54.5  90.7 -97.0  26.0   23.2   16.3  -30.1               
  179  179 A G        +     0   0   43      1,-0.1     2,-1.0    -2,-0.1    -1,-0.2   0.758  55.5  81.7-101.8 -29.6   19.4   16.2  -29.4               
  180  180 A Q        +     0   0  136     -3,-0.3    -1,-0.1    77,-0.1    52,-0.1  -0.704  42.0 163.0-102.2  94.2   17.2   14.0  -31.7               
  181  181 A S        -     0   0   12     -2,-1.0    77,-0.1     2,-0.1    80,-0.1  -0.886  37.0-142.7 -95.4 138.6   17.1   10.2  -30.9               
  182  182 A P  S    S+     0   0   27      0, 0.0    46,-2.6     0, 0.0     2,-0.6   0.546  87.4  82.3 -69.4  -7.3   14.3    8.1  -32.5               
  183  183 A V  E     -E  227   0C   0     77,-0.4    75,-3.0    75,-0.3     2,-0.4  -0.904  69.0-159.3-102.3 121.4   14.3    6.3  -29.0               
  184  184 A L  E     -EF 226 257C   0     42,-2.9    42,-2.3    -2,-0.6     2,-0.6  -0.767  11.0-144.4 -93.2 138.8   12.4    7.9  -26.1               
  185  185 A R  E     -EF 225 256C  81     71,-3.1    71,-2.8    -2,-0.4     2,-0.4  -0.946  22.7-167.2 -96.3 115.8   13.0    7.1  -22.5               
  186  186 A I  E     -EF 224 255C   0     38,-3.2    38,-2.8    -2,-0.6     2,-0.4  -0.866   7.2-169.9-103.8 132.7    9.6    7.2  -20.7               
  187  187 A I  E     -EF 223 254C  25     67,-2.7    67,-2.5    -2,-0.4     2,-0.8  -0.997  12.9-147.3-122.1 128.9    9.4    7.3  -16.9               
  188  188 A V  E     -EF 222 253C   3     34,-3.1    34,-0.8    -2,-0.4     3,-0.4  -0.876  16.3-169.2-100.8 105.4    6.0    6.8  -15.2               
  189  189 A E  E     + F   0 252C  58     63,-2.9    63,-1.5    -2,-0.8    62,-0.2  -0.549  68.4  23.8 -82.0 156.6    5.7    8.8  -12.0               
  190  190 A N  S    S-     0   0   95     61,-0.2    61,-2.3     1,-0.2     2,-1.2   0.902  75.1-169.9  54.1  46.1    2.7    8.2   -9.6               
  191  191 A L        +     0   0   42     -3,-0.4    -1,-0.2     1,-0.2     4,-0.0  -0.583  28.1 147.2 -71.8  95.0    2.0    4.6  -10.8               
  192  192 A F        +     0   0  107     -2,-1.2    -1,-0.2     1,-0.1   223,-0.1   0.563  65.7  41.1-100.9 -20.4   -1.4    3.8   -9.1               
  193  193 A Y  S    S-     0   0  137     -3,-0.2    -1,-0.1    54,-0.0     2,-0.1  -0.955  99.8 -91.9-125.6 148.6   -2.8    1.6  -11.9               
  194  194 A P        -     0   0   78      0, 0.0     2,-0.6     0, 0.0    -2,-0.1  -0.374  34.8-158.5 -59.6 131.0   -1.0   -1.1  -13.9               
  195  195 A V        -     0   0   10     -2,-0.1     2,-0.1    -7,-0.0    -7,-0.0  -0.972  13.1-162.5-110.7 110.7    0.5    0.3  -17.2               
  196  196 A T     >  -     0   0   68     -2,-0.6     4,-1.8     1,-0.1     5,-0.1  -0.460  34.2-107.7 -86.4 166.3    1.0   -2.5  -19.7               
  197  197 A L  H  > S+     0   0    3     73,-0.5     4,-2.5     1,-0.2     5,-0.1   0.862 121.3  56.4 -57.0 -35.3    3.2   -2.4  -22.9               
  198  198 A D  H  > S+     0   0   85      2,-0.2     4,-2.9     1,-0.2    -1,-0.2   0.880 102.6  52.7 -69.3 -39.4   -0.0   -2.3  -24.9               
  199  199 A V  H  > S+     0   0   33      2,-0.2     4,-1.8     1,-0.2    -1,-0.2   0.932 112.3  46.1 -61.9 -44.1   -1.3    0.9  -23.1               
  200  200 A L  H  X S+     0   0    0     -4,-1.8     4,-2.6     2,-0.2     5,-0.3   0.938 112.5  51.0 -62.6 -44.2    2.0    2.6  -24.0               
  201  201 A H  H  X S+     0   0   54     -4,-2.5     4,-2.7     1,-0.2    -2,-0.2   0.936 110.6  48.5 -57.5 -47.1    1.7    1.3  -27.6               
  202  202 A Q  H  < S+     0   0  139     -4,-2.9     4,-0.2     1,-0.2    -1,-0.2   0.819 115.3  44.7 -64.5 -34.7   -1.8    2.7  -27.9               
  203  203 A I  H >< S+     0   0   34     -4,-1.8     3,-0.8    -5,-0.2    -2,-0.2   0.935 118.8  40.3 -73.8 -47.9   -0.8    6.1  -26.5               
  204  204 A F  H >X S+     0   0    0     -4,-2.6     3,-2.5     1,-0.2     4,-0.6   0.857  99.9  72.0 -78.3 -30.2    2.4    6.5  -28.5               
  205  205 A S  T 3< S+     0   0   48     -4,-2.7    -1,-0.2    -5,-0.3     3,-0.2   0.669  84.8  72.5 -58.4 -15.4    1.0    5.1  -31.9               
  206  206 A K  T <4 S+     0   0  170     -3,-0.8    -1,-0.3    -4,-0.2    -2,-0.2   0.666 101.2  42.0 -68.8 -19.4   -1.0    8.4  -32.1               
  207  207 A F  T <4 S-     0   0   43     -3,-2.5     2,-0.2     1,-0.4    -2,-0.2   0.517 129.5 -43.2-108.2 -11.6    2.2   10.3  -33.0               
  208  208 A G  S  < S-     0   0   20     -4,-0.6     2,-0.5    -3,-0.2    -1,-0.4  -0.898  79.7 -47.3 163.3 174.0    3.9    7.7  -35.4               
  209  209 A T        -     0   0  100     -2,-0.2    20,-2.2    -3,-0.1     2,-0.6  -0.536  49.7-145.1 -69.9 117.9    4.7    4.1  -36.1               
  210  210 A V  E     -G  228   0C   4     -2,-0.5    18,-0.2    18,-0.2     3,-0.1  -0.754  17.9-178.2 -83.7 119.4    6.2    2.4  -33.0               
  211  211 A L  E     +     0   0C  43     16,-2.5    64,-2.4    -2,-0.6    65,-0.7   0.884  64.7   4.0 -81.2 -45.6    8.9   -0.2  -34.0               
  212  212 A K  E     -GH 227 274C  28     15,-1.3    15,-2.8    62,-0.2     2,-0.4  -0.999  54.1-167.2-148.5 142.2    9.8   -1.5  -30.5               
  213  213 A I  E     -GH 226 273C   0     60,-2.3    60,-2.5    -2,-0.3     2,-0.4  -0.995   3.9-178.1-130.2 138.4    8.9   -1.1  -26.8               
  214  214 A I  E     -GH 225 272C  39     11,-2.5    11,-2.9    -2,-0.4     2,-0.3  -0.960   9.0-166.0-132.5 117.8   10.8   -2.4  -23.8               
  215  215 A T  E     +G  224   0C  11     56,-3.1     2,-0.3    -2,-0.4     9,-0.2  -0.820  16.6 159.7-101.6 140.3    9.3   -1.8  -20.2               
  216  216 A F  E     -G  223   0C  67      7,-3.0     7,-2.9    -2,-0.3     2,-0.5  -0.982  37.7-122.2-156.4 147.2   11.4   -2.3  -17.0               
  217  217 A T  E     +G  222   0C 102     -2,-0.3     2,-0.4     5,-0.2     5,-0.2  -0.828  35.9 169.5 -93.1 124.5   11.3   -1.2  -13.4               
  218  218 A K  E >   -G  221   0C 114      3,-2.7     3,-1.9    -2,-0.5    -2,-0.1  -0.999  66.6  -4.2-137.0 133.4   14.5    0.8  -12.2               
  219  219 A N  T 3  S-     0   0  135     -2,-0.4    -1,-0.1     1,-0.3     3,-0.1   0.880 127.4 -61.0  53.2  43.0   14.9    2.7   -8.9               
  220  220 A N  T 3  S+     0   0  136      1,-0.2     2,-0.4    -3,-0.1    -1,-0.3   0.451 116.9 113.4  58.1   7.2   11.2    1.8   -8.0               
  221  221 A Q  E <  S- G   0 218C  71     -3,-1.9    -3,-2.7   -31,-0.0     2,-0.5  -0.857  71.0-126.1-101.2 137.3   10.1    3.8  -11.1               
  222  222 A F  E     -EG 188 217C  33    -34,-0.8   -34,-3.1    -2,-0.4     2,-0.3  -0.732  37.8-176.3 -77.2 122.9    8.4    2.0  -14.1               
  223  223 A Q  E     -EG 187 216C  18     -7,-2.9    -7,-3.0    -2,-0.5     2,-0.3  -0.918  12.2-165.7-122.4 149.9   10.4    3.0  -17.2               
  224  224 A A  E     -EG 186 215C   0    -38,-2.8   -38,-3.2    -2,-0.3     2,-0.5  -0.991  12.6-151.3-133.0 145.7   10.0    2.3  -20.9               
  225  225 A L  E     -EG 185 214C  23    -11,-2.9   -11,-2.5    -2,-0.3     2,-0.4  -0.985  22.3-175.2-109.0 125.2   12.2    2.6  -23.9               
  226  226 A L  E     -EG 184 213C   0    -42,-2.3   -42,-2.9    -2,-0.5     2,-0.5  -0.991  11.0-157.0-127.4 127.7   10.2    3.2  -27.1               
  227  227 A Q  E     -EG 183 212C  17    -15,-2.8   -16,-2.5    -2,-0.4   -15,-1.3  -0.934   8.0-158.9-106.9 121.8   11.6    3.4  -30.7               
  228  228 A Y  E     - G   0 210C   1    -46,-2.6   -18,-0.2    -2,-0.5   -23,-0.0  -0.537  25.6-126.4 -84.0 160.1    9.7    5.2  -33.4               
  229  229 A A  S    S+     0   0   59    -20,-2.2   -19,-0.1    -2,-0.2    -1,-0.1   0.820 100.9  40.0 -67.2 -33.7   10.2    4.7  -37.2               
  230  230 A D  S  > S-     0   0   73    -21,-0.3     4,-1.4   -48,-0.1     3,-0.4  -0.967  71.3-144.3-124.1 128.5   10.9    8.4  -37.6               
  231  231 A P  H  > S+     0   0   54      0, 0.0     4,-2.0     0, 0.0     5,-0.1   0.800 103.8  61.7 -60.4 -26.4   12.8   10.8  -35.2               
  232  232 A V  H  > S+     0   0  101      2,-0.2     4,-2.5     1,-0.2     5,-0.2   0.915 101.6  51.5 -66.1 -39.3   10.3   13.6  -35.9               
  233  233 A S  H  > S+     0   0   21     -3,-0.4     4,-2.6     2,-0.2    -1,-0.2   0.895 107.8  53.1 -62.6 -38.3    7.5   11.3  -34.4               
  234  234 A A  H  X S+     0   0    0     -4,-1.4     4,-2.3     2,-0.2    -2,-0.2   0.927 110.5  46.4 -62.9 -44.2    9.7   10.9  -31.3               
  235  235 A Q  H  X S+     0   0   66     -4,-2.0     4,-2.4     2,-0.2    -2,-0.2   0.929 114.0  47.6 -63.8 -45.0   10.1   14.8  -30.9               
  236  236 A H  H  X S+     0   0  105     -4,-2.5     4,-1.5     2,-0.2    -2,-0.2   0.917 112.1  49.8 -64.6 -41.9    6.3   15.3  -31.5               
  237  237 A A  H  X S+     0   0    0     -4,-2.6     4,-2.0     2,-0.2     5,-0.3   0.912 110.8  50.5 -62.8 -42.9    5.4   12.6  -28.9               
  238  238 A K  H  X S+     0   0   44     -4,-2.3     4,-2.2     1,-0.2     3,-0.4   0.966 111.6  47.1 -57.0 -54.5    7.8   14.1  -26.4               
  239  239 A L  H  < S+     0   0   96     -4,-2.4    -1,-0.2     1,-0.2    -2,-0.2   0.753 120.0  39.2 -61.3 -27.2    6.3   17.6  -26.7               
  240  240 A S  H  < S+     0   0   37     -4,-1.5    -1,-0.2    -5,-0.2    -2,-0.2   0.685 125.3  31.5 -96.5 -26.0    2.7   16.3  -26.5               
  241  241 A L  H >< S+     0   0   16     -4,-2.0     3,-1.9    -3,-0.4     2,-0.3   0.549  83.6 111.1-113.7 -16.4    3.0   13.6  -23.8               
  242  242 A D  T 3< S+     0   0   61     -4,-2.2    12,-0.2    -5,-0.3     3,-0.1  -0.497  95.0  10.5 -67.0 123.2    5.8   14.9  -21.4               
  243  243 A G  T 3  S+     0   0   37     10,-2.8    -1,-0.3    -2,-0.3     2,-0.2   0.341 102.6 128.4  84.1  -2.6    4.1   15.8  -18.1               
  244  244 A Q    <   -     0   0  110     -3,-1.9     9,-3.3     9,-0.2     2,-0.4  -0.533  57.7-123.9 -85.9 150.9    0.8   14.1  -19.1               
  245  245 A N  E     -I  252   0C  75      7,-0.3     7,-0.3    -2,-0.2     6,-0.2  -0.794   5.8-155.5 -94.6 131.0   -1.2   11.6  -17.0               
  246  246 A I  E    S+     0   0C  30      5,-2.6     2,-0.3    -2,-0.4     5,-0.2   0.883  88.0  25.7 -65.3 -40.0   -2.1    8.1  -18.5               
  247  247 A Y  E >  S-I  250   0C  75      3,-1.9     3,-2.2     4,-0.1     2,-0.1  -0.828 114.9 -66.3-122.7 160.0   -5.0    7.9  -16.0               
  248  248 A N  T 3  S-     0   0  125      1,-0.3    -2,-0.1    -2,-0.3     3,-0.1  -0.268 116.7 -18.9 -54.2 116.6   -7.0   10.6  -14.2               
  249  249 A A  T 3  S+     0   0   91      1,-0.1     2,-0.3    -2,-0.1    -1,-0.3   0.587 128.2  74.6  57.3  19.6   -4.6   12.4  -11.8               
  250  250 A C  E <   + I   0 247C   8     -3,-2.2    -3,-1.9     1,-0.2    -4,-0.2  -0.970  65.5  45.4-152.6 168.4   -2.0    9.5  -11.9               
  251  251 A C  E     -     0   0C   0    -61,-2.3    -5,-2.6    -2,-0.3     2,-0.4   0.979  69.6-159.8  58.0  59.2    0.7    7.7  -13.9               
  252  252 A T  E     -FI 189 245C  16    -63,-1.5   -63,-2.9    -7,-0.3     2,-0.4  -0.588   8.7-134.1 -72.3 121.1    2.4   10.9  -15.1               
  253  253 A L  E     -F  188   0C   3     -9,-3.3   -10,-2.8    -2,-0.4     2,-0.4  -0.624  18.5-171.0 -73.3 129.4    4.6   10.4  -18.2               
  254  254 A R  E     -F  187   0C 114    -67,-2.5   -67,-2.7    -2,-0.4     2,-0.5  -0.998  13.1-165.3-115.6 127.4    8.1   12.0  -18.1               
  255  255 A I  E     +F  186   0C   0     -2,-0.4     2,-0.3   -69,-0.2   -69,-0.2  -0.951  14.8 165.2-128.4 117.1    9.7   11.7  -21.6               
  256  256 A D  E     -F  185   0C  62    -71,-2.8   -71,-3.1    -2,-0.5     2,-0.3  -0.832  44.1 -99.8-114.2 158.0   13.4   12.2  -22.5               
  257  257 A F  E     -F  184   0C  56     -2,-0.3   -73,-0.2   -73,-0.2     2,-0.2  -0.617  45.1-126.6 -69.6 132.7   15.4   11.4  -25.6               
  258  258 A S        -     0   0   14    -75,-3.0   -75,-0.3    -2,-0.3    -1,-0.0  -0.567   6.6-129.9 -78.5 149.8   17.3    8.1  -24.9               
  259  259 A K  S    S+     0   0  207     -2,-0.2     2,-0.3   -78,-0.0    -1,-0.1   0.527  89.1  89.7 -70.9 -10.1   21.1    7.8  -25.4               
  260  260 A L        -     0   0   84    -77,-0.1   -77,-0.4     1,-0.1    -2,-0.2  -0.762  59.8-164.9 -86.7 140.7   20.3    4.7  -27.5               
  261  261 A T  S    S+     0   0  110     -2,-0.3     2,-0.3     1,-0.2    -1,-0.1   0.596  77.7  20.0 -94.4 -17.9   19.7    5.1  -31.3               
  262  262 A S  S    S-     0   0   66    -79,-0.1     2,-0.4   -81,-0.0    -1,-0.2  -0.993  71.4-130.3-151.4 149.3   18.1    1.6  -31.6               
  263  263 A L        -     0   0    5     -2,-0.3     2,-0.8    -3,-0.1   -50,-0.0  -0.852  11.4-147.1-102.4 137.3   16.4   -1.1  -29.3               
  264  264 A N        -     0   0  120     -2,-0.4     2,-0.5   -52,-0.0    10,-0.0  -0.884  18.9-176.7-104.5 100.5   17.4   -4.8  -29.3               
  265  265 A V        +     0   0    2     -2,-0.8     3,-0.1     1,-0.1   -51,-0.0  -0.876  11.4 173.1 -95.7 128.0   14.3   -6.9  -28.6               
  266  266 A K        +     0   0  140     -2,-0.5     2,-0.3     1,-0.2    -1,-0.1   0.615  65.7  34.7-104.0 -23.2   15.0  -10.6  -28.3               
  267  267 A Y        -     0   0  116     13,-0.1     2,-0.9    15,-0.1    -1,-0.2  -0.984  67.8-134.4-141.0 144.3   11.5  -11.9  -27.1               
  268  268 A N        +     0   0    6     13,-1.7     5,-0.2    -2,-0.3     2,-0.2  -0.761  60.8 119.2-103.0  82.6    7.9  -10.8  -27.7               
  269  269 A N  S    S-     0   0   38      3,-2.2     3,-0.3    -2,-0.9    14,-0.1  -0.605  81.7 -71.1-132.2-172.7    6.4  -10.8  -24.2               
  270  270 A D  S    S+     0   0  119      1,-0.2   -73,-0.5    -2,-0.2     3,-0.1   0.642 130.6  43.3 -63.5 -16.1    4.7   -8.4  -21.6               
  271  271 A K  S    S+     0   0   97      1,-0.3   -56,-3.1   -75,-0.1     2,-0.3   0.692 122.9  22.7-103.4 -26.4    8.1   -6.6  -21.1               
  272  272 A S  E     +H  214   0C  16     -3,-0.3    -3,-2.2   -58,-0.2     2,-0.3  -0.988  58.5 179.6-146.4 140.0    9.4   -6.3  -24.7               
  273  273 A R  E     -H  213   0C  75    -60,-2.5   -60,-2.3    -2,-0.3     2,-0.6  -0.998  15.5-159.2-140.5 131.4    7.8   -6.3  -28.2               
  274  274 A D  E >   -H  212   0C   2     -2,-0.3     3,-0.7     3,-0.3   -62,-0.2  -0.946   5.9-171.4-104.3 104.9    9.3   -5.9  -31.7               
  275  275 A Y  T 3  S+     0   0   80    -64,-2.4   -63,-0.2    -2,-0.6    -1,-0.1   0.626  87.1  56.3 -74.4 -11.4    6.4   -4.8  -34.0               
  276  276 A T  T 3  S+     0   0   76    -65,-0.7    -1,-0.2     1,-0.2     3,-0.1   0.649 111.5  43.7 -86.6 -18.9    8.8   -5.3  -37.0               
  277  277 A R    X   +     0   0   92     -3,-0.7     3,-1.2     1,-0.1    -3,-0.3  -0.746  52.6 164.9-133.6  80.7    9.5   -9.0  -36.0               
  278  278 A P  T 3  S+     0   0  112      0, 0.0    -1,-0.1     0, 0.0   -10,-0.1   0.656  73.5  77.0 -66.5 -14.6    6.3  -11.0  -35.0               
  279  279 A D  T 3   +     0   0  120     -3,-0.1   -11,-0.0     2,-0.1    -2,-0.0   0.551  67.4 111.8 -70.6 -13.7    8.6  -14.1  -35.5               
  280  280 A L  S <  S-     0   0   23     -3,-1.2   -12,-0.2    -6,-0.2   -13,-0.1  -0.453  78.2-104.0 -67.9 137.9   10.4  -13.6  -32.2               
  281  281 A P        -     0   0   79      0, 0.0   -13,-1.7     0, 0.0    -1,-0.1  -0.212  19.2-126.2 -63.0 145.2    9.7  -16.2  -29.5               
  282  282 A S        -     0   0   71    -15,-0.2   -12,-0.2     1,-0.1   -15,-0.1   0.605  33.2-138.3 -72.5  -9.0    7.3  -15.3  -26.6               
  283  283 A G        +     0   0   48      1,-0.2     2,-0.3   -17,-0.1     3,-0.2   0.443  53.3 135.9  71.8   1.9   10.0  -16.3  -24.0               
  284  284 A D        +     0   0  121      1,-0.2    -1,-0.2     0, 0.0    -2,-0.1  -0.657  56.7   7.9 -81.8 139.4    7.7  -18.1  -21.5               
  285  285 A S        +     0   0  113     -2,-0.3    -1,-0.2     1,-0.1    -2,-0.1   0.959  63.9 126.6  54.8  83.4    8.6  -21.5  -20.0               
  286  286 A Q        -     0   0  187     -3,-0.2     2,-0.2     2,-0.0    -1,-0.1  -0.726  36.6-159.7-140.4 110.1   11.9  -23.1  -20.4               
  287  287 A P        -     0   0  110      0, 0.0     2,-1.0     0, 0.0     0, 0.0  -0.525  41.1 -93.4 -66.4 146.4   13.6  -24.1  -17.1               
  288  288 A S        +     0   0  129     -2,-0.2     2,-0.5     3,-0.0     3,-0.1  -0.538  53.5 177.5 -64.9 100.0   17.4  -24.7  -17.4               
  289  289 A L        -     0   0  146     -2,-1.0    -1,-0.0     1,-0.2     0, 0.0  -0.967  40.5 -38.5-108.8 123.7   17.7  -28.4  -18.1               
  290  290 A D        +     0   0  116     -2,-0.5    -1,-0.2     1,-0.1    -2,-0.0   0.772  49.0 146.1  31.4 106.5   21.2  -29.8  -18.7               
  291  291 A Q        +     0   0  195     -3,-0.1     2,-0.1     0, 0.0    -1,-0.1  -0.451  28.5 165.4-136.4  83.5   24.3  -29.0  -20.4               
  292  292 A T        +     0   0   98      2,-0.0     0, 0.0     0, 0.0     0, 0.0  -0.319  25.2 105.7 -51.8 161.1   26.8  -30.6  -18.0               
  293  293 A M        -     0   0  163     -2,-0.1     0, 0.0     2,-0.0     0, 0.0   0.781  52.4-125.1  85.5  90.9   30.3  -30.9  -19.6               
  294  294 A A        -     0   0   98      1,-0.1     2,-0.2     0, 0.0    -2,-0.0   0.845  30.9 -46.5  83.4 135.9   33.2  -29.2  -19.1               
  295  295 A A        +     0   0  107      2,-0.0    -1,-0.1     1,-0.0     2,-0.0  -0.502  47.8 129.2 -77.3 138.7   36.1  -27.2  -20.6               
  296  296 A A        -     0   0   97     -2,-0.2     2,-0.6     0, 0.0    -1,-0.0  -0.245  19.7-177.0-172.5 112.5   38.3  -27.5  -23.5               
  297  297 A F        +     0   0  233      1,-0.1    -2,-0.0    -2,-0.0     0, 0.0  -0.868  49.7 115.3 -77.7 120.6   39.2  -24.9  -26.2               
  298  298 A G        -     0   0   73     -2,-0.6    -1,-0.1     0, 0.0     0, 0.0   0.098  41.2-177.6 166.3  66.6   41.5  -27.1  -28.4               
  299  299 A A        +     0   0   96      1,-0.1    -2,-0.0     0, 0.0     0, 0.0  -0.511  21.3  66.8 -84.6 175.1   40.8  -28.2  -32.0               
  300  300 A P        +     0   0  130      0, 0.0    -1,-0.1     0, 0.0     2,-0.0   0.652  33.1 112.0-129.9 169.8   41.6  -29.8  -34.5               
  301  301 A G        -     0   0   65      2,-0.0     0, 0.0     0, 0.0     0, 0.0  -0.138  40.8 -85.6 171.4 106.8   42.2  -33.3  -36.0               
  302  302 A I        +     0   0  154     -2,-0.0     0, 0.0     0, 0.0     0, 0.0   0.928  41.2  65.7  58.0 132.6   40.9  -35.9  -38.6               
  303  303 A I        -     0   0  160      0, 0.0    -2,-0.0     0, 0.0     0, 0.0   0.786  25.1-162.9  59.2 152.7   38.7  -38.8  -39.6               
  304  304 A S        +     0   0  111      2,-0.0     0, 0.0     0, 0.0     0, 0.0   0.778  24.5 142.4-171.1 172.6   36.0  -40.5  -40.4               
  305  305 A A        -     0   0   94      2,-0.0     0, 0.0     0, 0.0     0, 0.0   0.987  23.1-170.9  71.8 104.4   33.0  -42.9  -41.2               
  306  306 A S        +     0   0  114      1,-0.1    -2,-0.0     0, 0.0     0, 0.0  -0.125  18.0  68.0 -78.6-156.0   29.3  -43.2  -40.6               
  307  307 A P        +     0   0  118      0, 0.0     2,-0.3     0, 0.0    -1,-0.1   0.858   7.9 153.4-131.5 178.5   26.5  -45.1  -40.9               
  308  308 A Y        -     0   0  227      1,-0.1     0, 0.0     2,-0.0     0, 0.0  -0.883  47.1 -18.9-154.7 145.3   23.7  -47.7  -40.7               
  309  309 A A        +     0   0   88     -2,-0.3    -1,-0.1     0, 0.0     0, 0.0   0.715  40.8 123.2   8.6 148.3   19.9  -48.0  -41.4               
  310  310 A G        -     0   0   73      0, 0.0    -2,-0.0     0, 0.0     0, 0.0   0.766  14.4-164.8 170.8 166.9   17.0  -46.9  -41.9               
  311  311 A A        +     0   0  110      0, 0.0     0, 0.0     0, 0.0     0, 0.0   0.742  17.2 118.9  17.9 144.8   13.5  -46.1  -43.3               
  312  312 A G        -     0   0   65      2,-0.0     0, 0.0     0, 0.0     0, 0.0   0.834  37.0 -67.4-169.6-173.8   10.6  -44.4  -43.5               
  313  313 A F        +     0   0  203      1,-0.1     0, 0.0     2,-0.0     0, 0.0   0.810  33.5 146.9-149.2 151.5    8.3  -42.5  -45.0               
  314  314 A P        +     0   0  116      0, 0.0    -1,-0.1     0, 0.0    -2,-0.0  -0.398  11.6  32.9-120.7-148.8    7.3  -39.0  -46.5               
  315  315 A P        +     0   0  116      0, 0.0     2,-0.1     0, 0.0    -2,-0.0   0.912   3.0 157.2-127.8-174.8    5.8  -36.6  -48.5               
  316  316 A T        +     0   0  111      1,-0.2     2,-0.0     0, 0.0     0, 0.0  -0.202  44.4  42.7 160.6 142.6    3.9  -34.1  -50.8               
  317  317 A F        +     0   0  197     -2,-0.1     2,-0.3     0, 0.0    -1,-0.2   0.475  37.7 167.3-138.3 166.7    3.2  -31.0  -52.1               
  318  318 A A        -     0   0   87      2,-0.0     0, 0.0    -2,-0.0     0, 0.0  -0.876  14.3-173.2-125.5 157.5    5.4  -28.0  -53.2               
  319  319 A I        +     0   0  169     -2,-0.3     2,-0.2     0, 0.0     0, 0.0  -0.917  26.0 165.9-144.4 129.7    5.2  -24.7  -55.2               
  320  320 A P        +     0   0   99      0, 0.0    -2,-0.0     0, 0.0     0, 0.0  -0.719   6.4  68.4-126.1-178.7    8.4  -22.6  -56.0               
  321  321 A Q        +     0   0  187     -2,-0.2     2,-0.1     1,-0.1     0, 0.0   0.989   9.1 140.1  76.2 114.1   10.1  -19.8  -58.0               
  322  322 A A        -     0   0  102      2,-0.0     2,-0.1     0, 0.0    -1,-0.1  -0.340  29.7-173.2-174.0 147.2   10.9  -16.4  -59.0               
  323  323 A A        +     0   0  101     -2,-0.1     0, 0.0     0, 0.0     0, 0.0  -0.122  10.5 112.7 143.2 116.9   14.0  -15.0  -59.8               
  324  324 A G        +     0   0   76     -2,-0.1    -2,-0.0     0, 0.0     0, 0.0   0.244  26.6  37.4  92.1 150.1   16.3  -12.0  -60.7               
  325  325 A L        -     0   0  176      1,-0.1     2,-0.1     0, 0.0     0, 0.0   0.682  23.4-172.5-147.5 150.6   18.6   -9.8  -60.5               
  326  326 A S        +     0   0   96      2,-0.0    -1,-0.1     0, 0.0     0, 0.0  -0.331  10.1 163.2 -67.6 149.6   22.2   -9.0  -59.4               
  327  327 A V        +     0   0  151     -2,-0.1     2,-0.4     0, 0.0     0, 0.0  -0.620  14.3 160.3-157.6 120.3   24.6   -6.0  -59.1               
  328  328 A P        +     0   0  118      0, 0.0     2,-0.2     0, 0.0    -2,-0.0  -0.978  10.3 148.3-132.0 129.1   27.8   -6.0  -57.0               
  329  329 A N        +     0   0  145     -2,-0.4     2,-0.0     1,-0.2     0, 0.0  -0.753  21.8  40.9-176.5 153.1   31.0   -3.8  -57.0               
  330  330 A V        -     0   0  128     -2,-0.2    -1,-0.2     0, 0.0     2,-0.1   0.687  34.3-158.1-143.0 170.2   33.6   -2.3  -55.5               
  331  331 A H        +     0   0  188      2,-0.0     0, 0.0    -2,-0.0     0, 0.0  -0.349  15.9 156.2 -89.1 167.0   36.3   -2.8  -52.8               
  332  332 A G        +     0   0   73     -2,-0.1     2,-0.1     0, 0.0     0, 0.0   0.294  10.5 166.7 138.1  93.5   38.7   -0.7  -50.5               
  333  333 A A        +     0   0   92      0, 0.0    -2,-0.0     0, 0.0     0, 0.0   0.441   4.9 138.6  82.1 139.8   40.1   -1.5  -47.6               
  334  334 A L        -     0   0  177     -2,-0.1     0, 0.0     2,-0.0     0, 0.0   0.540  31.1 -34.6  74.4 144.8   42.9   -0.2  -45.2               
  335  335 A A        -     0   0   88      1,-0.1     2,-0.3     0, 0.0     0, 0.0   0.649  10.8-139.4-163.7 152.5   43.7    0.4  -42.1               
  336  336 A P        -     0   0  125      0, 0.0     2,-0.4     0, 0.0    -1,-0.1  -0.624  18.1-166.5 -89.2 148.4   43.8    1.2  -38.3               
  337  337 A L        -     0   0  179     -2,-0.3     2,-0.2     2,-0.0     0, 0.0  -0.987   9.5-171.8-129.8 124.9   46.5    3.1  -36.3               
  338  338 A A        +     0   0   91     -2,-0.4     0, 0.0     2,-0.0     0, 0.0  -0.632  13.1 172.9 -91.3 162.2   46.6    3.1  -32.5               
  339  339 A I        -     0   0  170     -2,-0.2     2,-0.2     0, 0.0    -2,-0.0  -0.783  27.6-171.4-162.6 149.4   48.6    5.1  -29.9               
  340  340 A P        +     0   0  114      0, 0.0    -2,-0.0     0, 0.0     0, 0.0  -0.539  16.2  52.1-126.5 176.3   47.9    4.8  -26.1               
  341  341 A S        +     0   0  118     -2,-0.2     2,-0.1     2,-0.0     0, 0.0   0.931  19.9 144.0  66.8 101.2   48.0    5.3  -22.4               
  342  342 A A        +     0   0  100      1,-0.1    -1,-0.0     0, 0.0     0, 0.0  -0.438  49.3   9.5 178.4 146.3   47.6    7.6  -19.4               
  343  343 A A        -     0   0  104     -2,-0.1     2,-0.3     1,-0.0    -1,-0.1   0.757  39.9-159.8-141.4 163.5   46.5    7.5  -16.4               
  344  344 A A        +     0   0  106      3,-0.0     2,-0.2     2,-0.0    -1,-0.0  -0.674  23.0 140.9 -91.7 140.6   45.1    5.1  -13.8               
  345  345 A A        +     0   0  100     -2,-0.3     0, 0.0     1,-0.0     0, 0.0  -0.899  51.1  35.9-159.9 157.1   42.9    5.5  -10.6               
  346  346 A A        +     0   0  110     -2,-0.2     2,-0.7     1,-0.2     3,-0.1   0.819  51.2 141.7  70.4  47.8   40.1    3.5   -8.9               
  347  347 A A        +     0   0  105      1,-0.1    -1,-0.2     3,-0.0     3,-0.0  -0.924  45.5  89.4 -96.4 101.5   40.5   -0.2   -9.2               
  348  348 A A        +     0   0  103     -2,-0.7    -1,-0.1     1,-0.0    -2,-0.0   0.156  53.4  76.6 175.7  70.5   39.4   -1.5   -5.7               
  349  349 A A        +     0   0  105     -3,-0.1     2,-0.2     0, 0.0    -1,-0.0  -0.259  58.6 170.4-162.9  72.7   35.7   -2.5   -5.0               
  350  350 A G        +     0   0   70      1,-0.1    -3,-0.0    -3,-0.0     0, 0.0  -0.493  26.8  27.2 -81.5 159.5   34.9   -5.9   -6.6               
  351  351 A R        +     0   0  248      1,-0.2     2,-0.3    -2,-0.2    -1,-0.1   0.970  32.0 142.3  68.7  89.7   32.0   -8.4   -6.4               
  352  352 A I        -     0   0  175      0, 0.0    -1,-0.2     0, 0.0     2,-0.1  -0.957  46.2-134.6-128.7 135.9   28.3   -8.4   -5.8               
  353  353 A A        -     0   0   88     -2,-0.3     0, 0.0     1,-0.1     0, 0.0  -0.354   8.4-114.2 -82.1 159.4   26.6  -10.9   -8.1               
  354  354 A I        +     0   0  166     -2,-0.1     2,-0.2     0, 0.0    -1,-0.1  -0.839  30.6 167.4 -88.2 125.2   23.5  -10.9  -10.4               
  355  355 A P        -     0   0  126      0, 0.0    -2,-0.0     0, 0.0     2,-0.0  -0.595  21.1-162.0-137.6 152.6   20.5  -12.8  -10.1               
  356  356 A G        +     0   0   64     -2,-0.2     0, 0.0     0, 0.0     0, 0.0   0.633  25.3  61.0 142.0 133.9   17.7  -12.3  -11.6               
  357  357 A L        +     0   0  177      2,-0.0     0, 0.0    -2,-0.0     0, 0.0   0.497  32.5 121.2  61.4 167.9   14.1  -12.2  -12.9               
  358  358 A A        -     0   0   75      1,-0.1     2,-0.1     3,-0.0     0, 0.0   0.847  29.1-161.8  59.7 124.7   10.5  -11.1  -11.9               
  359  359 A G        +     0   0   59      2,-0.1     2,-0.3  -143,-0.0    -1,-0.1  -0.970  52.8 103.2  97.2   7.2    8.2   -9.2  -12.9               
  360  360 A A        -     0   0   88     -2,-0.1     2,-0.2    49,-0.0    49,-0.0  -0.964  69.6-106.9-148.9 145.0    5.8   -8.5  -10.0               
  361  361 A G        -     0   0   47     -2,-0.3     2,-0.4     1,-0.1    49,-0.2  -0.508  53.0 -96.0 -63.0 136.7    5.4   -5.5   -7.7               
  362  362 A N        -     0   0   52     -2,-0.2    -1,-0.1     1,-0.2    47,-0.1  -0.446  40.3-171.7 -64.8 113.3    6.8   -6.4   -4.2               
  363  363 A S        +     0   0   20     -2,-0.4    44,-2.9    75,-0.3     2,-0.6   0.420  55.0  94.8 -88.8  -1.5    3.7   -7.6   -2.2               
  364  364 A V  E     -J  406   0D   0     73,-0.2    71,-2.8    42,-0.2     2,-0.4  -0.843  57.3-162.8 -98.9 122.2    5.5   -7.8    1.2               
  365  365 A L  E     -JK 405 434D   0     40,-3.2    40,-2.6    -2,-0.6     2,-0.6  -0.811  13.4-144.2 -98.7 136.2    5.3   -4.7    3.5               
  366  366 A L  E     -JK 404 433D  47     67,-3.1    67,-2.4    -2,-0.4     2,-0.5  -0.931  18.7-163.8 -94.4 115.5    7.6   -4.0    6.5               
  367  367 A V  E     -JK 403 432D   0     36,-3.1    36,-2.9    -2,-0.6     2,-0.2  -0.918  13.9-179.0-102.6 121.4    5.4   -2.4    9.2               
  368  368 A S  E     + K   0 431D  25     63,-3.1    63,-2.7    -2,-0.5    34,-0.2  -0.787  50.8  40.6-122.6 164.7    7.5   -0.7   11.9               
  369  369 A N  S    S+     0   0   54     32,-0.4    33,-0.2    -2,-0.2    -1,-0.1   0.758  74.5 160.7  64.7  30.9    6.9    1.3   15.2               
  370  370 A L        -     0   0    1     31,-2.6    -1,-0.2    -3,-0.2    56,-0.1  -0.345  49.2-111.0 -71.0 157.1    4.0   -1.1   16.3               
  371  371 A N    >>  -     0   0   31     54,-0.1     4,-2.7    57,-0.1     3,-1.2  -0.850  27.3-157.6 -90.3 107.1    2.8   -1.4   19.9               
  372  372 A P  T 34 S+     0   0   62      0, 0.0    -1,-0.1     0, 0.0    29,-0.0   0.611  86.7  52.1 -69.6 -15.0    4.1   -4.9   21.0               
  373  373 A E  T 34 S+     0   0  178      1,-0.0     3,-0.0     3,-0.0    -2,-0.0   0.628 123.0  26.1 -89.8 -20.0    1.5   -5.3   23.9               
  374  374 A R  T <4 S+     0   0  168     -3,-1.2     2,-0.7     1,-0.1     5,-0.1   0.703  98.6  88.3-115.5 -34.0   -1.6   -4.5   21.8               
  375  375 A V     <  +     0   0   11     -4,-2.7    -1,-0.1    50,-0.1    -5,-0.0  -0.630  52.6 178.7 -80.9 114.7   -0.8   -5.4   18.1               
  376  376 A T     >  -     0   0   63     -2,-0.7     4,-2.1     1,-0.1     5,-0.2  -0.689  44.6-110.1-101.4 163.5   -1.6   -9.0   17.2               
  377  377 A P  H  > S+     0   0   11      0, 0.0     4,-1.8     0, 0.0    77,-0.1   0.744 123.3  55.4 -62.7 -21.7   -1.2  -10.7   13.8               
  378  378 A Q  H  > S+     0   0   65      2,-0.2     4,-2.8     3,-0.2     5,-0.2   0.900 104.2  52.1 -73.5 -42.1   -5.1  -10.7   13.7               
  379  379 A S  H  > S+     0   0   12      1,-0.2     4,-2.4     2,-0.2     5,-0.2   0.919 113.5  44.1 -59.4 -44.4   -5.1   -6.9   14.2               
  380  380 A L  H  X S+     0   0    1     -4,-2.1     4,-2.6     2,-0.2     5,-0.4   0.913 111.9  53.3 -66.7 -42.9   -2.7   -6.5   11.3               
  381  381 A F  H  X S+     0   0    4     -4,-1.8     4,-1.8    -5,-0.2    -2,-0.2   0.931 113.9  42.4 -56.6 -46.9   -4.7   -9.0    9.2               
  382  382 A I  H  < S+     0   0    9     -4,-2.8     4,-0.4     2,-0.2    -2,-0.2   0.939 116.4  47.2 -66.2 -48.4   -8.0   -7.1    9.8               
  383  383 A L  H >< S+     0   0    1     -4,-2.4     3,-0.9     1,-0.2     4,-0.3   0.918 119.2  38.2 -64.7 -46.7   -6.4   -3.6    9.3               
  384  384 A F  H >X S+     0   0    0     -4,-2.6     3,-1.9     1,-0.2     4,-1.2   0.829 103.7  74.5 -73.3 -27.0   -4.5   -4.5    6.0               
  385  385 A G  T 3< S+     0   0    9     -4,-1.8    78,-0.3    -5,-0.4    -1,-0.2   0.585  86.3  63.8 -58.3 -15.4   -7.6   -6.6    5.0               
  386  386 A V  T <4 S+     0   0    8     -3,-0.9    -1,-0.3    -4,-0.4    -2,-0.2   0.754 110.6  36.2 -77.0 -25.9   -9.4   -3.3    4.2               
  387  387 A Y  T <4 S-     0   0    0     -3,-1.9     2,-0.3     1,-0.3    -2,-0.2   0.549 131.9 -24.1-107.2 -15.7   -6.9   -2.5    1.4               
  388  388 A G  S  < S-     0   0    0     -4,-1.2     2,-0.6    27,-0.1    -1,-0.3  -0.972  79.4 -66.9-177.1 177.4   -6.3   -6.0    0.0               
  389  389 A D        -     0   0   12     -2,-0.3    19,-1.8    73,-0.1     2,-0.6  -0.753  48.4-142.1 -85.4 117.0   -6.3   -9.7    0.7               
  390  390 A V  E     -L  407   0D   0     -2,-0.6    17,-0.3    17,-0.2    69,-0.2  -0.724  20.3-178.6 -82.9 120.9   -3.6  -10.5    3.3               
  391  391 A Q  E     +     0   0D  58     15,-2.6    65,-3.2    -2,-0.6    66,-0.9   0.886  66.7   2.9 -80.5 -47.0   -1.7  -13.8    2.6               
  392  392 A R  E     -LM 406 455D  61     14,-1.3    14,-3.0    63,-0.2     2,-0.4  -0.999  52.5-163.5-147.6 144.6    0.6  -13.8    5.7               
  393  393 A V  E     +LM 405 454D   0     61,-2.6    61,-2.8    -2,-0.3     2,-0.4  -1.000  11.0 178.2-129.5 132.1    1.5  -11.8    8.8               
  394  394 A K  E     -LM 404 453D  51     10,-2.7    10,-2.9    -2,-0.4     2,-0.3  -0.914  13.9-159.2-135.7 106.1    4.7  -12.2   10.8               
  395  395 A I  E     -L  403   0D   6     57,-2.6     2,-0.6    -2,-0.4     8,-0.3  -0.669  35.2-112.9 -76.0 133.5    5.6  -10.1   13.9               
  396  396 A L  E >   -L  399   0D  59      6,-2.8     3,-1.2     3,-0.5     6,-0.3  -0.626  18.0-151.3 -76.2 118.0    9.4  -10.3   14.4               
  397  397 A F  T >  S+     0   0  112     -2,-0.6     3,-0.5     1,-0.3    -1,-0.2   0.914  97.8  46.9 -50.9 -50.2   10.2  -12.2   17.7               
  398  398 A N  T 3  S+     0   0  150      1,-0.3    -1,-0.3     2,-0.1     2,-0.1   0.640 128.5  26.0 -67.2 -20.2   13.5  -10.1   18.2               
  399  399 A K  E X   - L   0 396D 119     -3,-1.2     3,-2.7     3,-0.2    -3,-0.5  -0.542  64.4-179.5-147.7  76.7   11.7   -6.8   17.5               
  400  400 A K  E <  S+     0   0D  78     -3,-0.5    -3,-0.1     1,-0.3    -2,-0.1   0.615  81.3  71.4 -59.4 -13.3    7.9   -7.0   18.3               
  401  401 A E  E 3  S+     0   0D  80     -5,-0.1   -31,-2.6   -32,-0.1   -32,-0.4   0.493  96.3  64.9 -71.3 -10.7    7.7   -3.3   17.1               
  402  402 A N  E <   +     0   0D  19     -3,-2.7    -6,-2.8    -6,-0.3     2,-0.3  -0.961  61.5 174.6-119.4 140.8    8.2   -4.7   13.5               
  403  403 A A  E     -JL 367 395D   0    -36,-2.9   -36,-3.1    -2,-0.4     2,-0.5  -0.983  24.9-136.4-139.1 151.0    6.0   -7.0   11.4               
  404  404 A L  E     -JL 366 394D  18    -10,-2.9   -10,-2.7    -2,-0.3     2,-0.5  -0.942  20.5-170.3-102.3 128.9    6.0   -8.4    7.8               
  405  405 A V  E     -JL 365 393D   0    -40,-2.6   -40,-3.2    -2,-0.5     2,-0.6  -0.986   7.1-156.9-120.5 119.2    2.6   -8.3    6.0               
  406  406 A Q  E     -JL 364 392D   6    -14,-3.0   -15,-2.6    -2,-0.5   -14,-1.3  -0.890  10.4-161.1 -97.4 117.4    2.3  -10.2    2.7               
  407  407 A M  E     - L   0 390D   0    -44,-2.9   -17,-0.2    -2,-0.6   -44,-0.1  -0.420  29.7-115.1 -83.2 165.0   -0.5   -8.9    0.4               
  408  408 A A  S    S+     0   0   49    -19,-1.8     2,-0.3     1,-0.1   -45,-0.1   0.891  97.6  20.5 -64.0 -38.5   -2.1  -10.9   -2.5               
  409  409 A D  S  > S-     0   0   70    -20,-0.2     4,-1.8   -46,-0.1    -1,-0.1  -0.911  72.6-121.2-137.2 155.5   -0.8   -8.3   -5.0               
  410  410 A G  H  > S+     0   0    2     -2,-0.3     4,-2.2     2,-0.2     5,-0.1   0.861 113.6  53.3 -64.7 -35.2    1.8   -5.5   -5.3               
  411  411 A N  H  > S+     0   0   48      2,-0.2     4,-2.7     1,-0.2    -1,-0.2   0.909 107.7  51.3 -69.4 -38.3   -0.8   -2.8   -6.0               
  412  412 A Q  H  > S+     0   0   20      2,-0.2     4,-2.5     1,-0.2    -2,-0.2   0.898 109.3  51.2 -62.4 -39.0   -2.7   -3.8   -2.8               
  413  413 A A  H  X S+     0   0    0     -4,-1.8     4,-2.4     2,-0.2    -2,-0.2   0.921 111.2  47.4 -63.4 -42.2    0.7   -3.5   -0.9               
  414  414 A Q  H  X S+     0   0   76     -4,-2.2     4,-2.7     2,-0.2    -2,-0.2   0.924 112.0  49.8 -64.7 -42.9    1.1    0.1   -2.4               
  415  415 A L  H  X S+     0   0   48     -4,-2.7     4,-1.9     2,-0.2     5,-0.2   0.933 112.5  46.6 -61.1 -48.1   -2.5    1.0   -1.5               
  416  416 A A  H  X S+     0   0    0     -4,-2.5     4,-2.4     1,-0.2     5,-0.4   0.931 114.1  49.1 -59.6 -44.6   -2.1   -0.2    2.1               
  417  417 A M  H  X S+     0   0   49     -4,-2.4     4,-1.3     1,-0.2    -2,-0.2   0.908 112.6  47.2 -62.1 -42.4    1.3    1.7    2.3               
  418  418 A S  H  < S+     0   0   65     -4,-2.7    -1,-0.2     1,-0.2    -2,-0.2   0.792 121.2  36.0 -70.5 -29.0   -0.2    5.0    0.9               
  419  419 A H  H  < S+     0   0   45     -4,-1.9    -2,-0.2    -5,-0.2    -1,-0.2   0.729 124.4  35.4 -98.5 -27.0   -3.3    4.9    3.2               
  420  420 A L  H >< S+     0   0    2     -4,-2.4     3,-1.7    -5,-0.2     2,-0.2   0.664  83.9 109.7-102.8 -21.1   -1.9    3.5    6.5               
  421  421 A N  T 3< S+     0   0   81     -4,-1.3    10,-0.2    -5,-0.4     3,-0.1  -0.405  91.8  10.5 -64.9 123.1    1.7    4.9    6.6               
  422  422 A G  T 3  S+     0   0   48      8,-3.1    -1,-0.3     1,-0.3     9,-0.1   0.155  95.7 129.8  91.8 -12.4    1.9    7.6    9.4               
  423  423 A H    <   -     0   0   61     -3,-1.7     7,-2.8     7,-0.2     2,-0.4  -0.376  63.0-109.0 -70.7 147.6   -1.5    6.7   11.0               
  424  424 A K  E     -N  429   0E 121      5,-0.3     2,-0.4    -3,-0.1   107,-0.1  -0.650  32.0-177.8 -78.7 133.0   -1.7    6.1   14.8               
  425  425 A L  E >  S-N  428   0E   4      3,-2.7     3,-1.5    -2,-0.4   -54,-0.1  -0.982  78.9 -18.5-129.4 113.7   -2.3    2.6   16.0               
  426  426 A H  T 3  S-     0   0   33     -2,-0.4    -1,-0.1     1,-0.3   -52,-0.1   0.930 130.8 -49.0  47.9  52.9   -2.6    2.3   19.9               
  427  427 A G  T 3  S+     0   0   48      1,-0.1    -1,-0.3   -56,-0.0    -3,-0.0   0.069 121.0 101.1  82.2 -19.9   -0.9    5.8   20.3               
  428  428 A K  E <  S-N  425   0E  76     -3,-1.5    -3,-2.7    -5,-0.0     2,-0.6  -0.809  73.9-124.9-100.9 132.5    2.1    5.0   17.9               
  429  429 A P  E     -N  424   0E  56      0, 0.0    -5,-0.3     0, 0.0     2,-0.1  -0.632  32.0-133.6 -72.7 115.2    2.4    6.2   14.3               
  430  430 A I        -     0   0    3     -7,-2.8    -8,-3.1    -2,-0.6     2,-0.5  -0.445  12.4-149.1 -71.7 139.4    2.9    3.1   12.2               
  431  431 A R  E     -K  368   0D 170    -63,-2.7   -63,-3.1   -10,-0.2     2,-0.4  -0.963  12.1-166.9-112.2 123.3    5.6    3.2    9.5               
  432  432 A I  E     +K  367   0D   2     -2,-0.5     2,-0.3   -65,-0.2   -65,-0.2  -0.945  14.7 160.7-117.1 128.8    5.1    1.1    6.3               
  433  433 A T  E     -K  366   0D  70    -67,-2.4   -67,-3.1    -2,-0.4     2,-0.4  -0.938  47.9 -90.4-136.8 157.7    7.8    0.4    3.8               
  434  434 A L  E     -K  365   0D  56     -2,-0.3   -69,-0.2   -69,-0.2   -71,-0.1  -0.597  50.1-126.8 -67.9 128.0    8.4   -2.2    1.0               
  435  435 A S        -     0   0    8    -71,-2.8   -71,-0.2    -2,-0.4    -1,-0.1  -0.331   5.3-131.7 -70.5 157.2   10.2   -5.2    2.6               
  436  436 A K  S    S+     0   0  208     -2,-0.1     2,-0.4   -71,-0.0    -1,-0.1   0.619  88.7  87.6 -78.1 -14.0   13.5   -6.6    1.2               
  437  437 A H        -     0   0  102      1,-0.1   -73,-0.2   -73,-0.1    -2,-0.2  -0.741  64.9-158.0 -87.4 134.6   11.8  -10.1    1.4               
  438  438 A Q  S    S+     0   0  157     -2,-0.4     2,-0.3     1,-0.2   -75,-0.3   0.586  81.0  20.7 -84.4 -14.3    9.7  -11.3   -1.6               
  439  439 A N  S    S-     0   0   72    -77,-0.1     2,-0.8   -75,-0.0    -1,-0.2  -0.988  79.9-114.8-151.3 148.3    7.7  -13.8    0.7               
  440  440 A V        -     0   0    0     -2,-0.3     2,-0.5    -3,-0.1   -47,-0.1  -0.783  33.9-139.9 -87.1 110.0    6.9  -14.2    4.4               
  441  441 A Q        -     0   0  149     -2,-0.8     3,-0.1   -47,-0.1    -2,-0.0  -0.584  12.4-136.5 -71.0 120.9    8.5  -17.4    5.7               
  442  442 A L        -     0   0   85     -2,-0.5     2,-0.1     1,-0.1     3,-0.1  -0.317  32.7 -92.9 -59.8 153.2    6.4  -19.4    8.1               
  443  443 A P        -     0   0   34      0, 0.0     2,-0.2     0, 0.0    -1,-0.1  -0.392  48.4-101.4 -54.7 147.6    8.1  -20.9   11.2               
  444  444 A R    >   -     0   0  217      1,-0.1     3,-1.9    -3,-0.1    -3,-0.0  -0.578  49.2 -89.7 -68.3 141.7    9.3  -24.5   10.7               
  445  445 A E  T 3  S+     0   0  206      1,-0.3    -1,-0.1    -2,-0.2     3,-0.1  -0.322 118.9  38.4 -53.4 128.3    6.9  -27.0   12.2               
  446  446 A G  T 3  S+     0   0   89      1,-0.2     2,-0.6    -3,-0.1    -1,-0.3   0.309  87.1 110.6 100.7  -3.5    8.2  -27.5   15.8               
  447  447 A Q    <   -     0   0  141     -3,-1.9     2,-1.8     2,-0.0    -1,-0.2  -0.900  64.5-140.0-104.2 112.8    9.2  -23.8   16.5               
  448  448 A E        +     0   0  188     -2,-0.6     2,-0.1     1,-0.2    -3,-0.1  -0.446  23.7 177.9 -69.1  83.6    6.9  -22.1   19.1               
  449  449 A D    >   -     0   0   27     -2,-1.8     3,-3.0     1,-0.1     4,-0.2   0.130  47.4-116.9 -74.9  21.2    6.6  -18.6   17.5               
  450  450 A Q  T 3   -     0   0  132      1,-0.3    -1,-0.1    -2,-0.1    -2,-0.1   0.718  66.2 -66.2  48.6  24.9    4.2  -17.5   20.3               
  451  451 A G  T 3  S+     0   0   43      2,-0.1    -1,-0.3   -75,-0.0    -3,-0.0   0.621 105.7 129.1  72.3  14.7    1.5  -17.1   17.6               
  452  452 A L    <   +     0   0   18     -3,-3.0   -57,-2.6   -76,-0.1     2,-0.4   0.732  63.6  55.1 -74.1 -27.2    3.5  -14.2   16.1               
  453  453 A T  E     +M  394   0D  18    -59,-0.3     2,-0.3    -4,-0.2   -59,-0.2  -0.943  66.7 170.2-105.9 132.5    3.3  -15.7   12.5               
  454  454 A K  E     -M  393   0D  93    -61,-2.8   -61,-2.6    -2,-0.4     2,-0.4  -0.999  25.6-141.6-136.8 138.0   -0.1  -16.6   10.9               
  455  455 A D  E     +M  392   0D  68     -2,-0.3   -63,-0.2   -63,-0.2   -64,-0.1  -0.810  21.9 169.6 -91.2 136.8   -1.0  -17.7    7.4               
  456  456 A Y    >   +     0   0   20    -65,-3.2     3,-2.1    -2,-0.4   -64,-0.2   0.152  37.9 119.8-129.1  11.8   -4.3  -16.2    6.1               
  457  457 A G  T 3  S+     0   0   26    -66,-0.9   -65,-0.1     1,-0.3   -66,-0.1   0.823  87.0  37.0 -56.1 -31.7   -4.1  -17.3    2.4               
  458  458 A N  T 3  S+     0   0  155    -67,-0.2    -1,-0.3     3,-0.0   -67,-0.1   0.361  87.8 141.5 -98.3   5.3   -7.3  -19.4    2.7               
  459  459 A S    X   -     0   0   15     -3,-2.1     3,-1.1   -69,-0.2    -3,-0.1  -0.160  49.4-146.6 -57.0 133.1   -9.1  -16.9    5.1               
  460  460 A P  T 3  S+     0   0  120      0, 0.0    -1,-0.1     0, 0.0    -4,-0.0   0.681  94.7  73.2 -69.7 -14.7  -12.9  -16.5    4.5               
  461  461 A L  T 3   +     0   0   34     -5,-0.1    -2,-0.1     2,-0.0     2,-0.1   0.535  66.6 123.1 -80.1  -7.9  -12.5  -12.8    5.7               
  462  462 A H    <   -     0   0   22     -3,-1.1   -73,-0.1    -6,-0.1   -76,-0.1  -0.326  43.1-169.0 -54.6 129.2  -10.7  -11.9    2.4               
  463  463 A R  S    S+     0   0   16    -78,-0.3     3,-0.2   -75,-0.2     8,-0.2   0.664  77.2  49.4 -98.3 -19.9  -12.7   -9.0    0.7               
  464  464 A F        +     0   0    8      1,-0.2     5,-0.2     7,-0.1    -1,-0.1   0.501  67.5 112.8-111.4  -3.0  -11.0   -9.0   -2.8               
  465  465 A K  S    S+     0   0  111      1,-0.1    -1,-0.2     2,-0.1    -2,-0.1   0.577  71.9  67.2 -44.3 -24.3  -11.2  -12.7   -3.8               
  466  466 A K  S >  S-     0   0  166     -3,-0.2     3,-1.8     0, 0.0    -1,-0.1  -0.930  89.9-132.1-102.5 108.2  -13.7  -11.7   -6.6               
  467  467 A P  T 3  S+     0   0  122      0, 0.0    -2,-0.1     0, 0.0    -3,-0.0  -0.235  92.5  21.2 -52.0 138.1  -12.0   -9.5   -9.3               
  468  468 A G  T 3  S+     0   0   71      1,-0.2     5,-0.1    -4,-0.1    -4,-0.0   0.505  87.0 153.5  73.9   6.1  -14.2   -6.5  -10.1               
  469  469 A S    X   -     0   0   24     -3,-1.8     3,-1.8    -5,-0.2     4,-0.4  -0.331  60.8-110.0 -59.5 148.5  -16.1   -6.6   -6.7               
  470  470 A K  G >  S+     0   0  166      1,-0.3     3,-0.7     2,-0.2     4,-0.5   0.679 112.7  77.0 -55.6 -18.2  -17.5   -3.3   -5.4               
  471  471 A N  G >  S+     0   0   54     -8,-0.2     3,-1.3     1,-0.2    -1,-0.3   0.892  86.6  58.5 -60.7 -38.5  -14.8   -3.5   -2.6               
  472  472 A F  G <  S+     0   0   86     -3,-1.8     3,-0.4     1,-0.3    -1,-0.2   0.755 107.6  47.4 -62.7 -25.2  -12.2   -2.3   -5.2               
  473  473 A Q  G <  S+     0   0  154     -3,-0.7    -1,-0.3    -4,-0.4    -2,-0.2   0.513 110.0  54.4 -89.3  -9.6  -14.2    0.9   -5.8               
  474  474 A N    <   +     0   0   84     -3,-1.3     2,-0.6    -4,-0.5    -1,-0.2  -0.205  66.7 132.6-125.8  37.6  -14.7    1.6   -2.0               
  475  475 A I        +     0   0   29     -3,-0.4   -88,-0.1   -88,-0.1    78,-0.1  -0.847  32.9 174.7 -86.6 120.9  -11.1    1.6   -0.7               
  476  476 A F        -     0   0   35     -2,-0.6    76,-0.2   -90,-0.1     3,-0.1  -0.935  33.5-104.5-128.5 149.5  -10.8    4.8    1.6               
  477  477 A P        -     0   0   67      0, 0.0     2,-0.1     0, 0.0    76,-0.1  -0.287  63.8 -67.9 -61.7 160.7   -8.0    6.2    3.9               
  478  478 A P        +     0   0   11      0, 0.0     2,-0.3     0, 0.0    49,-0.1  -0.328  68.0 174.0 -57.3 122.9   -8.6    5.8    7.7               
  479  479 A S        -     0   0   26      2,-0.2    47,-0.1    -2,-0.1    45,-0.1  -0.885  46.9-118.1-128.8 157.3  -11.5    8.1    8.7               
  480  480 A A  S    S+     0   0   24     -2,-0.3    44,-2.9    45,-0.1     2,-0.5   0.712  98.8  78.3 -69.0 -20.3  -13.6    8.7   11.8               
  481  481 A T  E     -O  523   0F   7     72,-0.4    72,-1.9    42,-0.2     2,-0.4  -0.832  67.6-163.9 -92.3 128.0  -16.6    7.4    9.9               
  482  482 A L  E     -OP 522 552F   0     40,-3.1    40,-2.4    -2,-0.5     2,-0.6  -0.857  15.0-136.3-106.4 139.6  -17.0    3.7    9.5               
  483  483 A H  E     -OP 521 551F  44     68,-3.0    68,-1.9    -2,-0.4     2,-0.4  -0.894  21.9-159.1 -92.7 119.3  -19.3    1.9    7.0               
  484  484 A L  E     +OP 520 550F   0     36,-2.9    36,-1.9    -2,-0.6     2,-0.3  -0.791  15.0 174.3 -98.8 138.8  -21.2   -1.0    8.6               
  485  485 A S  E     +OP 519 549F  26     64,-1.4    64,-2.7    -2,-0.4    34,-0.2  -0.983  51.4  39.6-148.0 158.0  -22.7   -3.8    6.6               
  486  486 A N        +     0   0   55     32,-1.2    33,-0.2    -2,-0.3    56,-0.1   0.769  68.7 163.1  67.4  34.2  -24.4   -7.2    7.0               
  487  487 A I        -     0   0    1     31,-1.8    -1,-0.2    -3,-0.1    60,-0.1  -0.679  36.5-127.7 -75.2 128.9  -26.5   -5.9   10.0               
  488  488 A P    >   -     0   0    1      0, 0.0     3,-1.6     0, 0.0    -1,-0.0  -0.475  18.6-116.8 -74.5 153.3  -29.5   -8.2   10.8               
  489  489 A P  T 3  S+     0   0  109      0, 0.0    -2,-0.0     0, 0.0    29,-0.0   0.622 112.2  66.4 -68.6 -13.2  -33.0   -6.6   11.0               
  490  490 A S  T 3  S+     0   0   71     52,-0.1     2,-0.4     2,-0.1    53,-0.0   0.626  84.5  86.9 -77.2 -19.1  -33.1   -7.7   14.7               
  491  491 A V    <   -     0   0   25     -3,-1.6     2,-0.0    52,-0.1    -4,-0.0  -0.740  68.4-151.3 -92.2 126.6  -30.2   -5.3   15.7               
  492  492 A S     >  -     0   0   40     -2,-0.4     4,-1.5     1,-0.1     5,-0.1  -0.210  29.1-108.0 -85.4 174.0  -31.1   -1.7   16.6               
  493  493 A E  H  > S+     0   0   55      2,-0.2     4,-2.4     1,-0.1     5,-0.1   0.875 122.0  54.1 -65.7 -37.2  -29.2    1.6   16.3               
  494  494 A E  H  > S+     0   0  106      2,-0.2     4,-2.7     1,-0.2     5,-0.2   0.923 105.1  51.8 -65.8 -44.8  -28.9    1.6   20.2               
  495  495 A D  H  > S+     0   0   85      1,-0.2     4,-2.8     2,-0.2    -1,-0.2   0.913 112.7  46.0 -59.3 -44.0  -27.3   -2.0   20.2               
  496  496 A L  H  X S+     0   0    1     -4,-1.5     4,-2.2     2,-0.2    -2,-0.2   0.900 111.9  50.8 -68.4 -39.8  -24.7   -0.8   17.6               
  497  497 A K  H  X S+     0   0   64     -4,-2.4     4,-1.7     2,-0.2    -2,-0.2   0.925 113.3  46.2 -60.7 -44.4  -24.0    2.4   19.6               
  498  498 A V  H  X S+     0   0  100     -4,-2.7     4,-2.8     2,-0.2    -2,-0.2   0.946 112.1  50.8 -63.0 -47.8  -23.5    0.3   22.8               
  499  499 A L  H  X S+     0   0   27     -4,-2.8     4,-0.8     1,-0.2    -2,-0.2   0.859 114.1  43.6 -59.5 -40.6  -21.3   -2.2   20.9               
  500  500 A F  H  <>S+     0   0    0     -4,-2.2     5,-1.2     2,-0.2    -1,-0.2   0.805 115.7  49.4 -76.4 -25.9  -19.0    0.6   19.5               
  501  501 A S  H ><5S+     0   0   59     -4,-1.7     3,-1.7    -5,-0.2    -2,-0.2   0.849 102.3  60.0 -80.1 -34.7  -19.0    2.4   22.9               
  502  502 A S  H 3<5S+     0   0   84     -4,-2.8    -1,-0.2     1,-0.3    -2,-0.2   0.806  97.6  62.3 -62.0 -27.4  -18.0   -0.8   24.9               
  503  503 A N  T 3<5S-     0   0   52     -4,-0.8    -1,-0.3    -5,-0.2    -2,-0.1   0.230 126.1-100.3 -85.0  13.9  -14.9   -1.0   22.7               
  504  504 A G  T < 5S+     0   0   66     -3,-1.7     2,-0.3     1,-0.3    -3,-0.2   0.583  82.8 123.8  83.2  12.5  -13.7    2.4   24.2               
  505  505 A G      < -     0   0    8     -5,-1.2     2,-0.7    24,-0.1    -1,-0.3  -0.817  60.2-125.9-101.3 146.4  -14.8    4.7   21.2               
  506  506 A V        -     0   0   94     -2,-0.3     2,-0.8    20,-0.0    19,-0.5  -0.795  20.6-139.6 -90.9 114.5  -17.1    7.8   21.6               
  507  507 A V  E     +Q  524   0F  32     -2,-0.7    17,-0.2    17,-0.2     3,-0.1  -0.630  26.7 172.9 -76.6 110.7  -20.0    7.5   19.1               
  508  508 A K  E     +     0   0F 140     15,-2.5     2,-0.3    -2,-0.8    16,-0.2   0.725  65.6   1.4 -85.9 -28.3  -20.5   11.1   17.7               
  509  509 A G  E     -Q  523   0F  15     14,-1.3    14,-3.0   -12,-0.0     2,-0.3  -0.982  55.6-168.0-161.5 150.4  -23.1   10.1   15.0               
  510  510 A F  E     +Q  522   0F  20     -2,-0.3    12,-0.2    12,-0.2     2,-0.2  -0.984   7.6 177.5-141.3 146.9  -25.0    7.1   13.6               
  511  511 A K  E     -Q  521   0F 109     10,-2.4    10,-2.5    -2,-0.3     2,-0.1  -0.760  16.9-149.8-155.7 110.8  -27.1    6.8   10.4               
  512  512 A F  E     -Q  520   0F  47      8,-0.2     2,-0.7    -2,-0.2     8,-0.3  -0.459  35.2-108.4 -65.3 145.5  -29.0    3.7    8.9               
  513  513 A F  E >   -Q  516   0F  78      6,-2.3     3,-1.5     3,-0.5     6,-0.2  -0.695  24.8-143.0 -75.6 115.8  -29.3    3.7    5.1               
  514  514 A Q  T 3  S+     0   0  199     -2,-0.7     3,-0.2     1,-0.3    -1,-0.1   0.695  98.6  47.6 -55.7 -25.0  -33.0    4.4    4.5               
  515  515 A K  T 3  S+     0   0  200      1,-0.2    -1,-0.3     4,-0.0     2,-0.3   0.703 124.0  25.9 -86.1 -24.0  -33.1    1.9    1.5               
  516  516 A D  E X   - Q   0 513F  80     -3,-1.5     3,-1.9     3,-0.2    -3,-0.5  -0.803  54.0-167.5-149.9  97.8  -31.3   -1.0    3.3               
  517  517 A R  E 3  S+     0   0F 194      1,-0.3    -3,-0.1    -2,-0.3    -1,-0.1   0.620  86.2  80.2 -61.4  -8.1  -31.3   -1.5    7.1               
  518  518 A K  E 3  S+     0   0F 123     -5,-0.1   -31,-1.8   -32,-0.1   -32,-1.2   0.470  94.3  53.0 -71.4  -8.0  -28.5   -4.0    6.4               
  519  519 A M  E <   +O  485   0F  58     -3,-1.9    -6,-2.3    -6,-0.2     2,-0.3  -0.991  62.6 167.2-133.7 144.6  -26.1   -1.0    6.2               
  520  520 A A  E     -OQ 484 512F   0    -36,-1.9   -36,-2.9    -2,-0.3     2,-0.4  -0.958  28.1-131.4-144.0 161.5  -25.2    1.9    8.4               
  521  521 A L  E     -OQ 483 511F  10    -10,-2.5   -10,-2.4    -2,-0.3     2,-0.4  -0.966  23.5-173.5-106.4 139.6  -22.7    4.7    8.9               
  522  522 A I  E     -OQ 482 510F   0    -40,-2.4   -40,-3.1    -2,-0.4     2,-0.5  -0.994  10.3-152.1-129.8 137.6  -21.2    5.3   12.4               
  523  523 A Q  E     -OQ 481 509F  48    -14,-3.0   -15,-2.5    -2,-0.4   -14,-1.3  -0.959  11.6-155.6-113.8 122.7  -18.9    8.2   13.4               
  524  524 A M  E     - Q   0 507F   1    -44,-2.9   -17,-0.2    -2,-0.5   -44,-0.1  -0.359  31.2-105.3 -89.4 170.0  -16.3    7.8   16.2               
  525  525 A G  S    S+     0   0   18    -19,-0.5     2,-0.3    -2,-0.1   -45,-0.1   0.874  99.9   1.7 -64.0 -37.4  -14.7   10.5   18.4               
  526  526 A S  S  > S-     0   0   43    -46,-0.1     4,-1.7   -47,-0.1    -2,-0.1  -0.891  73.7-107.1-142.9 166.5  -11.4   10.2   16.5               
  527  527 A V  H  > S+     0   0   54     -2,-0.3     4,-2.1     2,-0.2     5,-0.1   0.833 120.4  57.0 -64.4 -31.7   -9.7    8.3   13.5               
  528  528 A E  H  > S+     0   0   65      2,-0.2     4,-2.5     1,-0.2    -1,-0.2   0.937 106.0  47.7 -69.5 -43.1   -7.8    6.3   16.1               
  529  529 A E  H  > S+     0   0   47      2,-0.2     4,-3.0     1,-0.2     5,-0.2   0.873 111.4  52.4 -61.0 -37.8  -11.0    5.1   17.8               
  530  530 A A  H  X S+     0   0    0     -4,-1.7     4,-2.0     2,-0.2    -2,-0.2   0.891 109.6  47.8 -67.9 -38.1  -12.4    4.2   14.3               
  531  531 A V  H  X S+     0   0    5     -4,-2.1     4,-1.7     2,-0.2    -2,-0.2   0.925 114.8  47.5 -63.3 -43.8   -9.2    2.2   13.5               
  532  532 A Q  H  X S+     0   0   44     -4,-2.5     4,-2.5     2,-0.2     3,-0.3   0.962 112.7  46.5 -62.6 -52.4   -9.6    0.4   17.0               
  533  533 A A  H  X S+     0   0    3     -4,-3.0     4,-2.3     1,-0.2     5,-0.2   0.854 111.2  53.4 -62.0 -35.0  -13.3   -0.3   16.5               
  534  534 A L  H  X S+     0   0    0     -4,-2.0     4,-0.7    -5,-0.2    -1,-0.2   0.871 111.7  46.1 -64.6 -38.1  -12.7   -1.6   13.0               
  535  535 A I  H  < S+     0   0    7     -4,-1.7    -2,-0.2    -3,-0.3    -1,-0.2   0.920 121.0  35.9 -69.0 -45.1  -10.0   -4.0   14.4               
  536  536 A D  H  < S+     0   0   68     -4,-2.5    -2,-0.2     1,-0.2    -3,-0.2   0.802 122.6  40.5 -84.0 -31.8  -12.1   -5.3   17.3               
  537  537 A L  H >< S+     0   0    1     -4,-2.3     3,-1.7    -5,-0.3     2,-0.5   0.447  80.9 113.6-102.7  -2.9  -15.6   -5.4   15.7               
  538  538 A H  T 3< S+     0   0   14     -4,-0.7    11,-0.2     1,-0.3     3,-0.1  -0.622  93.4   8.1 -71.3 125.5  -14.8   -6.7   12.2               
  539  539 A N  T 3  S+     0   0   58      9,-3.1    -1,-0.3    -2,-0.5     2,-0.3   0.630  89.1 157.8  68.2  22.4  -16.4  -10.2   12.0               
  540  540 A H    <   -     0   0   76     -3,-1.7     8,-3.1     8,-0.4     2,-0.3  -0.569  46.9-117.2 -61.9 131.6  -18.2   -9.7   15.3               
  541  541 A D  B     -R  547   0G  88     -2,-0.3     6,-0.2     6,-0.2     3,-0.1  -0.618  29.8-176.6 -73.8 129.0  -21.2  -12.1   15.3               
  542  542 A L        -     0   0   28      4,-2.2    -1,-0.1     1,-0.4     5,-0.1   0.186  52.0-102.1-104.1  11.4  -24.6  -10.2   15.4               
  543  543 A G  S >  S+     0   0   31      3,-0.1     3,-2.7   -53,-0.0    -1,-0.4  -0.187 101.4  69.1  85.6 173.5  -26.6  -13.5   15.6               
  544  544 A E  T 3  S-     0   0  119      1,-0.3     3,-0.1    -3,-0.1    -1,-0.0   0.715 129.3 -69.4  56.0  24.4  -28.5  -15.3   12.8               
  545  545 A N  T 3  S+     0   0  143      1,-0.2     2,-1.1   -57,-0.0    -1,-0.3   0.493  98.3 143.3  64.0   9.4  -25.1  -16.1   11.1               
  546  546 A H    <   -     0   0   47     -3,-2.7    -4,-2.2     2,-0.0     2,-0.4  -0.623  33.2-166.4 -82.7  97.7  -24.8  -12.3   10.4               
  547  547 A H  B     -R  541   0G  68     -2,-1.1     2,-0.2    -6,-0.2    -6,-0.2  -0.718  25.4-114.5 -85.1 128.0  -21.1  -11.3   10.8               
  548  548 A L        -     0   0    0     -8,-3.1    -9,-3.1    -2,-0.4     2,-0.6  -0.383  24.6-157.3 -67.7 125.0  -20.5   -7.5   11.0               
  549  549 A R  E     -P  485   0F  92    -64,-2.7   -64,-1.4    -2,-0.2     2,-0.4  -0.901  11.9-171.4-109.6 111.0  -18.4   -6.1    8.1               
  550  550 A V  E     +P  484   0F   0     -2,-0.6     2,-0.3   -66,-0.2   -66,-0.2  -0.835  11.2 162.5-105.1 132.5  -16.7   -2.8    9.0               
  551  551 A S  E     -P  483   0F  25    -68,-1.9   -68,-3.0    -2,-0.4     2,-0.1  -0.958  42.4 -96.2-136.5 159.4  -14.8   -0.5    6.4               
  552  552 A F  E     -P  482   0F   4     -2,-0.3     2,-0.4   -70,-0.2   -70,-0.2  -0.395  41.6-151.3 -66.7 155.6  -13.6    3.1    6.4               
  553  553 A S        -     0   0   10    -72,-1.9   -72,-0.4     2,-0.1   -78,-0.0  -0.997  25.1-152.0-135.6 135.3  -16.1    5.6    4.7               
  554  554 A K  S    S+     0   0  166     -2,-0.4     2,-0.3   -75,-0.1    -1,-0.1   0.554  74.5 100.5 -71.9 -13.3  -15.6    8.9    2.8               
  555  555 A S        -     0   0   51    -74,-0.1     2,-0.3     1,-0.0    -2,-0.1  -0.588  61.2-151.3 -77.6 140.0  -19.1    9.9    4.0               
  556  556 A T              0   0  113     -2,-0.3    -2,-0.0   -76,-0.0   -33,-0.0  -0.721 360.0 360.0 -95.4 156.0  -19.8   12.3    7.0               
  557  557 A I              0   0   83     -2,-0.3   -46,-0.1   -48,-0.0   -35,-0.0  -0.835 360.0 360.0 -97.8 360.0  -22.9   12.0    9.1               
