==== Secondary Structure Definition by the program DSSP, CMBI version 2.0                          ==== DATE=2026-03-08        .
REFERENCE W. KABSCH AND C.SANDER, BIOPOLYMERS 22 (1983) 2577-2637                                                              .
HEADER                                            01-AUG-25                                                                    .
COMPND    MOL_ID: 1; MOLECULE: CYTOTOXIC GRANULE ASSOCIATED RNA BINDING PROTEIN                                                .
SOURCE    MOL_ID: 1; ORGANISM_SCIENTIFIC: HOMO SAPIENS; ORGANISM_TAXID: 9606                                                   .
AUTHOR                                                                                                                         .
  386  1  0  0  0 TOTAL NUMBER OF RESIDUES, NUMBER OF CHAINS, NUMBER OF SS-BRIDGES(TOTAL,INTRACHAIN,INTERCHAIN)                .
 34209.4   ACCESSIBLE SURFACE OF PROTEIN (ANGSTROM**2)                                                                         .
  178 46.1   TOTAL NUMBER OF HYDROGEN BONDS OF TYPE O(I)-->H-N(J)  , SAME NUMBER PER 100 RESIDUES                              .
    0  0.0   TOTAL NUMBER OF HYDROGEN BONDS IN     PARALLEL BRIDGES, SAME NUMBER PER 100 RESIDUES                              .
   66 17.1   TOTAL NUMBER OF HYDROGEN BONDS IN ANTIPARALLEL BRIDGES, SAME NUMBER PER 100 RESIDUES                              .
    2  0.5   TOTAL NUMBER OF HYDROGEN BONDS OF TYPE O(I)-->H-N(I-5), SAME NUMBER PER 100 RESIDUES                              .
    0  0.0   TOTAL NUMBER OF HYDROGEN BONDS OF TYPE O(I)-->H-N(I-4), SAME NUMBER PER 100 RESIDUES                              .
    3  0.8   TOTAL NUMBER OF HYDROGEN BONDS OF TYPE O(I)-->H-N(I-3), SAME NUMBER PER 100 RESIDUES                              .
    0  0.0   TOTAL NUMBER OF HYDROGEN BONDS OF TYPE O(I)-->H-N(I-2), SAME NUMBER PER 100 RESIDUES                              .
    0  0.0   TOTAL NUMBER OF HYDROGEN BONDS OF TYPE O(I)-->H-N(I-1), SAME NUMBER PER 100 RESIDUES                              .
    0  0.0   TOTAL NUMBER OF HYDROGEN BONDS OF TYPE O(I)-->H-N(I+0), SAME NUMBER PER 100 RESIDUES                              .
    0  0.0   TOTAL NUMBER OF HYDROGEN BONDS OF TYPE O(I)-->H-N(I+1), SAME NUMBER PER 100 RESIDUES                              .
   31  8.0   TOTAL NUMBER OF HYDROGEN BONDS OF TYPE O(I)-->H-N(I+2), SAME NUMBER PER 100 RESIDUES                              .
   25  6.5   TOTAL NUMBER OF HYDROGEN BONDS OF TYPE O(I)-->H-N(I+3), SAME NUMBER PER 100 RESIDUES                              .
   51 13.2   TOTAL NUMBER OF HYDROGEN BONDS OF TYPE O(I)-->H-N(I+4), SAME NUMBER PER 100 RESIDUES                              .
    1  0.3   TOTAL NUMBER OF HYDROGEN BONDS OF TYPE O(I)-->H-N(I+5), SAME NUMBER PER 100 RESIDUES                              .
  1  2  3  4  5  6  7  8  9 10 11 12 13 14 15 16 17 18 19 20 21 22 23 24 25 26 27 28 29 30     *** HISTOGRAMS OF ***           .
  0  0  0  0  1  0  0  2  1  0  3  0  0  0  0  0  0  0  0  0  0  0  0  0  0  0  0  0  0  0    RESIDUES PER ALPHA HELIX         .
  0  0  0  0  0  0  0  0  0  0  0  0  0  0  0  0  0  0  0  0  0  0  0  0  0  0  0  0  0  0    PARALLEL BRIDGES PER LADDER      .
  0  3  0  4  2  2  1  0  0  0  0  0  0  0  0  0  0  0  0  0  0  0  0  0  0  0  0  0  0  0    ANTIPARALLEL BRIDGES PER LADDER  .
  3  0  3  0  0  0  0  0  0  0  0  0  0  0  0  0  0  0  0  0  0  0  0  0  0  0  0  0  0  0    LADDERS PER SHEET                .
  #  RESIDUE AA STRUCTURE BP1 BP2  ACC     N-H-->O    O-->H-N    N-H-->O    O-->H-N    TCO  KAPPA ALPHA  PHI   PSI    X-CA   Y-CA   Z-CA            CHAIN
    1    1 A M              0   0  246      0, 0.0     3,-0.2     0, 0.0     0, 0.0   0.000 360.0 360.0 360.0  35.3   16.1   20.9   25.6               
    2    2 A E    >   +     0   0  153      1,-0.1     3,-0.8     2,-0.1     0, 0.0   0.444 360.0  94.6-111.1  -0.7   13.0   22.4   23.8               
    3    3 A D  T 3  S+     0   0  156      1,-0.2    -1,-0.1     0, 0.0     0, 0.0   0.450  75.8  59.1 -81.1   0.8   13.8   22.0   20.1               
    4    4 A E  T 3   +     0   0  194     -3,-0.2    -1,-0.2     2,-0.1    -2,-0.1   0.390  67.1 118.6-116.0   3.2   12.0   18.6   19.3               
    5    5 A M  S <  S-     0   0   81     -3,-0.8    51,-0.1     1,-0.1    -3,-0.0  -0.540  71.6-106.0 -75.9 136.2    8.3   19.2   20.1               
    6    6 A P        +     0   0   59      0, 0.0    54,-0.1     0, 0.0    53,-0.1  -0.304  35.7 177.7 -64.8 136.9    5.9   18.8   17.1               
    7    7 A K        +     0   0   81     74,-0.1    46,-2.9    52,-0.1     2,-0.4   0.389  54.7  84.4-117.4  -0.9    4.6   22.1   15.7               
    8    8 A T  E     -A   52   0A  43     44,-0.2    73,-2.9    73,-0.2     2,-0.4  -0.907  57.5-161.0-115.4 132.1    2.5   20.8   12.8               
    9    9 A L  E     -AB  51  80A   0     42,-2.9    42,-2.4    -2,-0.4     2,-0.5  -0.884  13.5-140.0-107.9 139.5   -1.1   19.4   12.9               
   10   10 A Y  E     -AB  50  79A  74     69,-2.9    69,-2.5    -2,-0.4     2,-0.5  -0.872  19.6-166.9 -86.8 131.1   -2.9   17.2   10.4               
   11   11 A V  E     +AB  49  78A   0     38,-3.0    38,-2.7    -2,-0.5    67,-0.2  -0.967  18.1 164.2-124.4 110.7   -6.5   18.4   10.0               
   12   12 A G  E     + B   0  77A   0     65,-2.9    65,-2.4    -2,-0.5    36,-0.2  -0.595  42.3  56.2-120.6-177.0   -8.8   15.9    8.2               
   13   13 A N  S    S+     0   0   44     33,-0.2    35,-0.1    63,-0.2    -1,-0.1   0.786  72.5 162.7  59.7  32.1  -12.5   15.0    7.6               
   14   14 A L        -     0   0    0     33,-1.8     2,-0.2    -3,-0.2    -1,-0.2  -0.341  42.0-110.2 -72.9 155.2  -13.0   18.6    6.1               
   15   15 A S    >   -     0   0   16     56,-0.2     3,-1.4    59,-0.2    -1,-0.1  -0.589  24.4-120.4 -72.5 154.0  -16.0   19.6    4.0               
   16   16 A R  T 3  S+     0   0  164      1,-0.3    -1,-0.1    -2,-0.2    -2,-0.0   0.735 116.2  61.6 -65.1 -21.2  -15.2   20.3    0.3               
   17   17 A D  T 3  S+     0   0  121     55,-0.1     2,-0.4     2,-0.1    -1,-0.3   0.494  81.2 105.4 -80.4  -9.7  -16.6   23.8    1.0               
   18   18 A V    <   -     0   0    5     -3,-1.4     2,-0.3    53,-0.1    -4,-0.0  -0.639  58.2-159.2 -73.8 129.3  -13.8   24.3    3.6               
   19   19 A T     >  -     0   0   78     -2,-0.4     4,-2.0     1,-0.1     3,-0.2  -0.717  29.5-116.6-103.5 158.5  -11.1   26.7    2.3               
   20   20 A E  H  > S+     0   0   82     -2,-0.3     4,-2.9     1,-0.2     5,-0.2   0.906 117.3  57.2 -57.3 -39.9   -7.5   27.1    3.4               
   21   21 A A  H  > S+     0   0   66      1,-0.2     4,-2.5     2,-0.2    -1,-0.2   0.883 105.2  50.1 -60.5 -40.7   -8.4   30.7    4.4               
   22   22 A L  H  > S+     0   0   38      2,-0.2     4,-2.0     1,-0.2    -1,-0.2   0.920 111.6  48.0 -65.0 -44.2  -11.2   29.4    6.7               
   23   23 A I  H  X S+     0   0    0     -4,-2.0     4,-2.8     2,-0.2     5,-0.3   0.957 112.4  49.2 -60.3 -49.3   -8.8   26.9    8.4               
   24   24 A L  H  X S+     0   0   52     -4,-2.9     4,-2.6     1,-0.2    -2,-0.2   0.917 111.2  49.6 -56.4 -45.9   -6.2   29.7    8.8               
   25   25 A Q  H  X S+     0   0  130     -4,-2.5     4,-0.5     1,-0.2    -1,-0.2   0.852 114.7  44.6 -62.5 -37.6   -8.8   32.1   10.4               
   26   26 A L  H >< S+     0   0   27     -4,-2.0     3,-0.5     2,-0.2     4,-0.2   0.921 117.9  41.4 -74.2 -44.2  -10.0   29.4   12.8               
   27   27 A F  H >X S+     0   0    0     -4,-2.8     3,-1.7     1,-0.2     4,-1.4   0.845 106.5  64.0 -75.8 -29.7   -6.5   28.1   13.9               
   28   28 A S  H 3< S+     0   0   60     -4,-2.6    -1,-0.2    -5,-0.3    -2,-0.2   0.711  90.6  67.0 -66.9 -20.0   -5.1   31.7   14.1               
   29   29 A Q  T << S+     0   0  136     -4,-0.5    -1,-0.3    -3,-0.5    -2,-0.2   0.689 105.5  43.1 -68.1 -20.1   -7.6   32.4   16.9               
   30   30 A I  T <4 S-     0   0   48     -3,-1.7    -2,-0.2     1,-0.4    -1,-0.2   0.764 133.3 -37.4 -97.2 -34.6   -5.6   29.9   19.1               
   31   31 A G  S  < S-     0   0    8     -4,-1.4    -1,-0.4    30,-0.0     2,-0.2  -0.944  79.1 -56.8-179.1 168.3   -2.1   31.1   18.0               
   32   32 A P        -     0   0   68      0, 0.0    22,-1.9     0, 0.0     2,-0.5  -0.363  48.9-145.2 -62.1 120.1    0.1   32.4   15.2               
   33   33 A C  E     -C   53   0A  24     -2,-0.2    20,-0.3    20,-0.2     3,-0.1  -0.760  13.0-169.0 -85.1 127.7    0.1   30.0   12.2               
   34   34 A K  E    S-     0   0A 123     18,-2.4     2,-0.3    -2,-0.5    19,-0.2   0.818  72.1  -5.3 -81.6 -39.3    3.4   29.8   10.3               
   35   35 A N  E     -C   52   0A  87     17,-1.6    17,-2.9     2,-0.0     2,-0.4  -0.987  52.6-165.8-154.5 149.1    1.9   27.8    7.3               
   36   36 A C  E     -C   51   0A   4     -2,-0.3     2,-0.5    15,-0.2    15,-0.2  -0.990   9.1-172.7-134.8 132.1   -1.3   26.1    6.2               
   37   37 A K  E     -C   50   0A 125     13,-2.4    13,-2.0    -2,-0.4     2,-0.4  -0.942   7.9-158.3-127.2 111.6   -1.4   23.6    3.3               
   38   38 A M  E     -C   49   0A  30     -2,-0.5     2,-0.5    11,-0.2    11,-0.3  -0.711   3.5-161.8 -88.7 134.4   -4.8   22.3    2.0               
   39   39 A I  E     -C   48   0A  45      9,-3.3     9,-2.1    -2,-0.4     2,-0.6  -0.971   3.5-168.5-117.7 116.8   -4.9   19.0   -0.0               
   40   40 A M        -     0   0  150     -2,-0.5     2,-0.4     7,-0.2     6,-0.1  -0.933  15.2-148.7-101.8 111.3   -7.9   18.3   -2.1               
   41   41 A D    >   -     0   0   60     -2,-0.6     3,-0.7     4,-0.3    -2,-0.0  -0.718   7.2-154.9 -81.7 130.3   -7.8   14.7   -3.3               
   42   42 A T  T 3  S+     0   0  149     -2,-0.4    -1,-0.1     1,-0.2    -2,-0.0   0.633  83.1  81.4 -75.8 -12.2   -9.4   14.1   -6.7               
   43   43 A A  T 3  S-     0   0   71      1,-0.1    -1,-0.2    -3,-0.0    -2,-0.0   0.241 116.8 -95.1 -82.8  11.9  -10.1   10.4   -5.8               
   44   44 A G  S <  S+     0   0   31     -3,-0.7    -2,-0.1     1,-0.3    -1,-0.1   0.301  81.5 135.2  92.8  -7.8  -13.3   11.1   -3.7               
   45   45 A N        -     0   0   92      1,-0.1    -1,-0.3     3,-0.0    -4,-0.3  -0.245  65.3 -93.8 -67.3 156.8  -11.6   11.3   -0.3               
   46   46 A D        -     0   0   73      1,-0.1   -33,-0.2    -6,-0.1   -31,-0.1  -0.526  48.8-103.7 -66.8 138.4  -12.4   14.1    2.2               
   47   47 A P        -     0   0    5      0, 0.0   -33,-1.8     0, 0.0     2,-0.3  -0.220  41.9-174.2 -61.2 153.0  -10.0   17.1    1.9               
   48   48 A Y  E     - C   0  39A  70     -9,-2.1    -9,-3.3   -36,-0.2     2,-0.3  -0.946   6.0-162.4-141.8 161.8   -7.4   17.5    4.6               
   49   49 A C  E     -AC  11  38A   0    -38,-2.7   -38,-3.0    -2,-0.3     2,-0.4  -0.946  17.8-128.3-141.3 165.4   -4.7   20.2    5.5               
   50   50 A F  E     -AC  10  37A  65    -13,-2.0   -13,-2.4    -2,-0.3     2,-0.5  -0.987  19.9-164.0-113.2 128.9   -1.5   20.6    7.5               
   51   51 A V  E     -AC   9  36A   0    -42,-2.4   -42,-2.9    -2,-0.4     2,-0.5  -0.965   3.6-164.3-116.4 114.5   -1.4   23.6   10.0               
   52   52 A E  E     -AC   8  35A  48    -17,-2.9   -18,-2.4    -2,-0.5   -17,-1.6  -0.870   5.9-160.2 -97.9 129.5    2.1   24.6   11.2               
   53   53 A F  E     - C   0  33A   1    -46,-2.9   -20,-0.2    -2,-0.5     3,-0.1  -0.728  26.8-125.2-100.7 157.0    2.4   26.9   14.3               
   54   54 A H  S    S+     0   0  102    -22,-1.9     2,-0.3    -2,-0.3   -21,-0.1   0.839  97.0  30.5 -64.3 -31.0    5.3   29.0   15.4               
   55   55 A E  S >> S-     0   0   72    -23,-0.3     4,-1.7   -48,-0.1     3,-0.5  -0.969  73.6-128.0-136.4 147.4    5.3   27.2   18.8               
   56   56 A H  H 3> S+     0   0   49     -2,-0.3     4,-3.0     1,-0.2     5,-0.2   0.868 107.4  61.5 -59.8 -38.7    4.3   23.8   20.2               
   57   57 A R  H 3> S+     0   0  163      1,-0.2     4,-2.4     2,-0.2    -1,-0.2   0.882 105.9  46.3 -57.9 -39.4    2.0   25.4   22.9               
   58   58 A H  H <> S+     0   0   34     -3,-0.5     4,-2.5     2,-0.2    -1,-0.2   0.916 113.6  48.4 -71.2 -41.0   -0.2   26.9   20.2               
   59   59 A A  H  X S+     0   0    0     -4,-1.7     4,-2.6     2,-0.2    -2,-0.2   0.915 113.1  47.9 -63.4 -42.1   -0.3   23.6   18.2               
   60   60 A A  H  X S+     0   0   33     -4,-3.0     4,-2.3     2,-0.2    -2,-0.2   0.931 113.4  47.1 -66.0 -44.2   -1.2   21.6   21.4               
   61   61 A A  H  X S+     0   0   46     -4,-2.4     4,-2.4    -5,-0.2    -2,-0.2   0.907 113.2  50.0 -61.3 -41.0   -3.9   24.1   22.4               
   62   62 A A  H  X S+     0   0    0     -4,-2.5     4,-2.4     2,-0.2     5,-0.4   0.903 108.9  51.1 -67.6 -40.0   -5.2   23.9   18.8               
   63   63 A L  H  X S+     0   0   39     -4,-2.6     4,-1.6     1,-0.2    -2,-0.2   0.939 114.3  44.5 -58.6 -47.6   -5.2   20.1   18.8               
   64   64 A A  H  < S+     0   0   80     -4,-2.3    -2,-0.2     1,-0.2    -1,-0.2   0.876 121.0  38.3 -66.0 -40.0   -7.2   20.1   22.1               
   65   65 A A  H  < S+     0   0   59     -4,-2.4    -1,-0.2    -5,-0.2    -2,-0.2   0.766 121.8  39.2 -84.7 -30.2   -9.7   22.9   21.0               
   66   66 A M  H >< S+     0   0    0     -4,-2.4     3,-1.9    -5,-0.2     2,-0.2   0.718  84.2 104.6 -98.9 -23.2  -10.3   21.9   17.3               
   67   67 A N  T 3< S+     0   0   63     -4,-1.6    10,-0.2    -5,-0.4     3,-0.1  -0.434  97.9   7.2 -64.3 125.0  -10.4   18.1   17.4               
   68   68 A G  T 3  S+     0   0   41      8,-2.9    -1,-0.3     1,-0.3     2,-0.1   0.341  95.5 141.7  81.7  -2.5  -14.1   17.0   17.0               
   69   69 A R    <   -     0   0  120     -3,-1.9     7,-2.8     7,-0.2     2,-0.6  -0.448  55.5-118.0 -69.8 139.8  -15.2   20.6   16.3               
   70   70 A K  E     +D   75   0B 145      5,-0.2     2,-0.4    -2,-0.1     5,-0.3  -0.702  34.6 176.5 -80.4 120.0  -18.0   20.9   13.6               
   71   71 A I  E >  S-D   74   0B  11      3,-2.9     3,-1.8    -2,-0.6   -56,-0.2  -0.997  76.5 -13.3-122.2 121.1  -16.9   23.0   10.6               
   72   72 A M  T 3  S-     0   0  116     -2,-0.4    -1,-0.1     1,-0.3   -55,-0.1   0.894 130.7 -54.1  51.3  42.7  -19.4   23.2    7.8               
   73   73 A G  T 3  S+     0   0   69      1,-0.2     2,-0.4    -3,-0.1    -1,-0.3   0.255 119.2 105.5  79.3  -9.1  -21.5   20.4    9.4               
   74   74 A K  E <  S-D   71   0B  50     -3,-1.8    -3,-2.9    -5,-0.0     2,-0.6  -0.829  72.6-123.6-105.3 138.4  -18.5   17.9    9.5               
   75   75 A E  E     -D   70   0B 105     -2,-0.4    -5,-0.2    -5,-0.3    -6,-0.1  -0.681  31.9-137.0 -77.0 114.6  -16.6   17.0   12.7               
   76   76 A V        -     0   0    1     -7,-2.8    -8,-2.9    -2,-0.6     2,-0.6  -0.445   5.4-141.3 -76.4 146.5  -12.9   17.8   12.0               
   77   77 A K  E     -B   12   0A 109    -65,-2.4   -65,-2.9   -10,-0.2     2,-0.5  -0.950  18.9-170.8-109.9 116.8  -10.1   15.4   13.0               
   78   78 A V  E     +B   11   0A   0     -2,-0.6     2,-0.3   -67,-0.2   -67,-0.2  -0.937  15.7 152.6-115.0 127.9   -7.0   17.1   14.4               
   79   79 A N  E     -B   10   0A  19    -69,-2.5   -69,-2.9    -2,-0.5     2,-0.2  -0.928  51.3 -79.3-141.5 164.3   -3.7   15.1   15.1               
   80   80 A W  E     -B    9   0A  70     -2,-0.3     2,-0.4   -71,-0.2   -71,-0.3  -0.495  53.3-116.1 -62.4 132.1    0.0   15.6   15.2               
   81   81 A A        -     0   0   25    -73,-2.9     2,-0.5    -2,-0.2   -73,-0.2  -0.621  26.2-149.9 -73.3 127.8    1.4   15.6   11.7               
   82   82 A T        -     0   0  118     -2,-0.4   -73,-0.0   -76,-0.0    -1,-0.0  -0.869   9.3-135.6 -96.4 126.7    3.8   12.7   11.1               
   83   83 A T    >   -     0   0  103     -2,-0.5     3,-0.6     1,-0.1     0, 0.0  -0.601  17.5-128.5 -72.1 141.4    6.7   13.2    8.5               
   84   84 A P  T 3  S+     0   0  146      0, 0.0     3,-0.2     0, 0.0    -1,-0.1   0.369  91.3  80.9 -69.7   8.8    7.0   10.2    6.2               
   85   85 A S  T 3  S+     0   0   95      1,-0.2    -3,-0.0     0, 0.0    -2,-0.0   0.279  79.1  51.0-110.1  10.8   10.8   10.0    7.0               
   86   86 A S    <   +     0   0   99     -3,-0.6     2,-1.4     1,-0.1    -1,-0.2   0.273  54.7 125.2-141.7  20.7   11.5    8.1   10.4               
   87   87 A Q        +     0   0  180     -3,-0.2     2,-0.9     2,-0.0    -1,-0.1  -0.480  20.3 158.1 -91.2  76.4    9.8    4.7   10.9               
   88   88 A K        -     0   0  198     -2,-1.4    -2,-0.0     1,-0.0     0, 0.0  -0.911  55.6-101.5 -78.0 105.0   12.6    2.3   11.8               
   89   89 A K        +     0   0  192     -2,-0.9     2,-0.3     0, 0.0    -2,-0.0  -0.087  58.9 148.6  -0.8  97.5   10.8   -0.4   13.6               
   90   90 A D        -     0   0  162      0, 0.0     2,-0.1     0, 0.0    -2,-0.0  -0.888  35.8-125.1-153.3 140.0   11.0   -0.4   17.4               
   91   91 A T        +     0   0  123     -2,-0.3     0, 0.0     1,-0.1     0, 0.0  -0.335  50.3  20.2 -75.3 149.5    8.3   -1.6   19.8               
   92   92 A S        +     0   0  101     -2,-0.1    -1,-0.1     0, 0.0     2,-0.0   0.961  60.4  68.9  64.9  93.7    6.3   -0.3   22.7               
   93   93 A S        +     0   0  119      1,-0.0     0, 0.0     0, 0.0     0, 0.0   0.192  48.1  21.9 156.0 142.1    5.2    2.8   24.4               
   94   94 A S        -     0   0  102     -2,-0.0    -1,-0.0     0, 0.0     0, 0.0   0.894  50.6 -42.2  83.3 102.4    3.2    6.0   24.6               
   95   95 A T        +     0   0  117      0, 0.0     0, 0.0     0, 0.0     0, 0.0   0.745  42.3  72.1  76.3 108.8    0.4    7.9   23.6               
   96   96 A V        -     0   0  101    -17,-0.0     0, 0.0     0, 0.0     0, 0.0   0.718  39.0 -90.6-174.6 131.3   -2.0    9.3   21.7               
   97   97 A V        +     0   0   98    -18,-0.1     0, 0.0     2,-0.0     0, 0.0   0.959  51.8  29.3  74.5 109.7   -5.1    9.1   19.6               
   98   98 A S  S    S+     0   0   40    -19,-0.1   -21,-0.0     1,-0.0     0, 0.0   1.000  83.0  31.9  73.2  85.3   -6.7    8.7   16.2               
   99   99 A T  S    S+     0   0  112    -20,-0.0     3,-0.2     0, 0.0    -2,-0.0  -0.213  95.9  67.6-167.3  11.0   -6.2    7.0   13.1               
  100  100 A Q    >   +     0   0  134      1,-0.2     3,-1.2     2,-0.1     4,-0.4   0.115  57.7 118.7-102.1  21.4   -4.3    3.7   13.7               
  101  101 A R  T 3   +     0   0  169      1,-0.2     4,-0.2     2,-0.1    -1,-0.2   0.409  62.0  75.7 -65.5   4.7   -7.1    1.9   15.6               
  102  102 A S  T 3  S+     0   0   46     -3,-0.2    -1,-0.2     2,-0.1     5,-0.1   0.350  83.0  60.6-105.5   6.5   -7.1   -0.8   12.8               
  103  103 A Q  S <  S+     0   0  145     -3,-1.2    -2,-0.1     3,-0.1    -1,-0.1   0.768 109.1  39.0 -98.4 -29.1   -3.9   -2.7   13.7               
  104  104 A D  S    S+     0   0  135     -4,-0.4     2,-0.3     2,-0.1    -2,-0.1   0.394 101.0  87.9-100.7  -0.9   -5.0   -3.9   17.2               
  105  105 A H  S    S-     0   0   24     -4,-0.2     2,-0.8    51,-0.0    50,-0.2  -0.787  77.2-124.5-101.6 149.4   -8.6   -4.7   16.4               
  106  106 A F  E     -E  154   0C  68     48,-2.4    48,-2.6    -2,-0.3     2,-0.5  -0.782  28.7-152.6 -95.8 106.9  -10.0   -8.0   15.1               
  107  107 A H  E     -E  153   0C  34     -2,-0.8    75,-3.0    46,-0.2     2,-0.4  -0.768   7.4-162.6 -92.6 126.2  -11.9   -7.3   11.9               
  108  108 A V  E     -EF 152 181C   0     44,-3.4    44,-2.5    -2,-0.5     2,-0.4  -0.886  12.2-141.7-103.4 127.4  -14.7   -9.5   10.7               
  109  109 A F  E     -EF 151 180C  54     71,-3.1    71,-1.8    -2,-0.4     2,-0.5  -0.803  13.9-163.0 -81.4 133.2  -16.0   -9.5    7.1               
  110  110 A V  E     +EF 150 179C   0     40,-2.6    40,-2.9    -2,-0.4    69,-0.2  -0.979  18.0 172.8-121.8 111.1  -19.8   -9.8    6.9               
  111  111 A G  E     + F   0 178C   2     67,-3.2    67,-2.1    -2,-0.5    38,-0.2  -0.572  48.2  45.1-111.6 176.3  -21.0  -10.8    3.3               
  112  112 A D  S    S+     0   0   78     36,-0.4    37,-0.2    65,-0.2    -1,-0.1   0.679  74.1 167.6  59.7  26.8  -24.2  -11.8    1.6               
  113  113 A L        -     0   0    1     35,-2.1    -1,-0.2    -3,-0.2    60,-0.1  -0.367  39.4-110.2 -67.5 142.9  -26.2   -9.0    3.4               
  114  114 A S    >   -     0   0    8     58,-0.5     3,-1.6    61,-0.2    34,-0.1  -0.400  27.5-116.2 -66.0 147.3  -29.7   -8.0    2.3               
  115  115 A P  T 3  S+     0   0   93      0, 0.0    31,-0.4     0, 0.0    -1,-0.1   0.779 116.2  56.7 -58.6 -27.7  -29.9   -4.5    0.6               
  116  116 A E  T 3  S+     0   0  119     57,-0.2     2,-0.3     2,-0.0    57,-0.1   0.631  80.6 112.6 -75.4 -15.4  -32.2   -3.4    3.6               
  117  117 A I    <   -     0   0   12     -3,-1.6    31,-0.1    56,-0.1     2,-0.1  -0.427  52.3-162.3 -68.9 123.7  -29.5   -4.3    6.2               
  118  118 A T     >  -     0   0   46     -2,-0.3     4,-1.8     1,-0.1     5,-0.2  -0.379  34.7-105.6 -95.5 170.4  -28.1   -1.2    7.9               
  119  119 A T  H  > S+     0   0   37      2,-0.2     4,-2.3     1,-0.2     5,-0.1   0.870 123.1  55.6 -63.1 -35.4  -24.9   -0.6    9.9               
  120  120 A E  H  > S+     0   0  132      2,-0.2     4,-2.7     1,-0.2    -1,-0.2   0.908 104.8  51.4 -63.8 -43.8  -27.2   -0.5   13.0               
  121  121 A D  H  > S+     0   0   68      2,-0.2     4,-2.7     1,-0.2    -2,-0.2   0.917 111.8  46.6 -63.2 -44.7  -28.6   -4.0   12.2               
  122  122 A I  H  X S+     0   0    0     -4,-1.8     4,-2.2     2,-0.2    -1,-0.2   0.934 112.8  50.2 -60.6 -46.8  -25.1   -5.5   11.9               
  123  123 A K  H  X S+     0   0  119     -4,-2.3     4,-1.3     1,-0.2    -2,-0.2   0.911 113.1  46.1 -61.4 -41.4  -24.0   -3.8   15.1               
  124  124 A A  H  < S+     0   0   68     -4,-2.7     3,-0.2     2,-0.2    -2,-0.2   0.918 113.4  48.9 -65.1 -44.4  -27.1   -5.2   16.9               
  125  125 A A  H  < S+     0   0   23     -4,-2.7    -2,-0.2     1,-0.2    -1,-0.2   0.825 118.7  39.0 -65.6 -33.7  -26.6   -8.7   15.5               
  126  126 A F  H >< S+     0   0    0     -4,-2.2     3,-1.3    -5,-0.2     4,-0.5   0.601  92.1  87.9 -94.3 -13.9  -22.9   -8.8   16.5               
  127  127 A A  G >< S+     0   0   53     -4,-1.3     3,-1.0     1,-0.2    -1,-0.2   0.819  79.7  62.2 -57.0 -35.5  -23.1   -7.0   19.9               
  128  128 A P  G 3  S+     0   0  110      0, 0.0    -1,-0.2     0, 0.0    -2,-0.1   0.732  97.2  59.3 -64.2 -22.4  -23.8  -10.3   21.9               
  129  129 A F  G <  S-     0   0   37     -3,-1.3     2,-0.3     1,-0.3    -2,-0.2   0.664 121.0 -64.9 -81.2 -18.8  -20.4  -11.7   20.9               
  130  130 A G  S <  S-     0   0   21     -3,-1.0     2,-0.6    -4,-0.5    -1,-0.3  -0.933  74.9 -30.5 156.7-177.8  -18.4   -8.9   22.4               
  131  131 A R        -     0   0  186     -2,-0.3    24,-1.6    -3,-0.1     2,-0.4  -0.537  54.1-147.6 -72.9 117.3  -17.4   -5.3   22.5               
  132  132 A I  E     -G  154   0C  27     -2,-0.6    22,-0.3    22,-0.2     3,-0.1  -0.701  16.5-175.1 -84.6 128.5  -17.6   -3.7   19.0               
  133  133 A S  E    S-     0   0C  35     20,-2.8     2,-0.3    -2,-0.4    21,-0.2   0.798  74.1  -3.8 -87.5 -35.6  -15.1   -0.9   18.3               
  134  134 A D  E     -G  153   0C  86     19,-1.1    19,-3.1     2,-0.0    -1,-0.4  -0.976  59.7-175.6-156.8 146.3  -16.5   -0.1   14.8               
  135  135 A A  E     +G  152   0C  12     -2,-0.3     2,-0.3    17,-0.2    17,-0.2  -0.992  11.9 166.5-144.1 140.5  -19.2   -1.5   12.4               
  136  136 A R  E     -G  151   0C 126     15,-2.4    15,-2.5    -2,-0.3     2,-0.4  -0.946  30.0-141.3-154.9 138.3  -20.1   -0.5    8.8               
  137  137 A V  E     -G  150   0C  13     -2,-0.3     2,-0.6    13,-0.3    13,-0.3  -0.792  34.1-125.0 -84.6 133.3  -22.1   -1.6    5.8               
  138  138 A V  E     -G  149   0C  22     11,-2.8     9,-3.1    -2,-0.4    11,-0.5  -0.738  33.0-171.9 -81.5 123.0  -20.3   -0.8    2.5               
  139  139 A K  E     -G  146   0C 108     -2,-0.6     2,-0.4     7,-0.3     7,-0.3  -0.787  31.3-104.8-110.7 151.9  -22.4    1.3    0.2               
  140  140 A D     >  -     0   0   50      5,-3.1     4,-2.1    -2,-0.3     5,-0.1  -0.674  27.7-144.4 -70.7 126.6  -21.9    2.3   -3.4               
  141  141 A M  T  4 S+     0   0  169     -2,-0.4    -1,-0.1     1,-0.2    -2,-0.0   0.759  94.9  47.2 -72.1 -24.9  -20.9    6.0   -3.3               
  142  142 A A  T  4 S+     0   0   99      1,-0.1    -1,-0.2     3,-0.1    -2,-0.0   0.861 127.3  23.6 -82.0 -38.9  -22.7    6.9   -6.6               
  143  143 A T  T  4 S-     0   0   88      2,-0.2    -2,-0.2     0, 0.0    -1,-0.1   0.555  90.2-133.1-103.6 -15.2  -26.1    5.2   -5.8               
  144  144 A G     <  +     0   0   48     -4,-2.1    -3,-0.1     1,-0.2     2,-0.1   0.395  61.4 137.8  70.1  -1.6  -26.1    5.0   -2.0               
  145  145 A K        -     0   0  152      1,-0.1    -5,-3.1    -6,-0.1    -1,-0.2  -0.418  62.6 -99.2 -75.7 147.2  -27.2    1.3   -2.3               
  146  146 A S  E     - G   0 139C  27    -31,-0.4    -7,-0.3    -7,-0.3    -1,-0.1  -0.408  17.4-146.4 -60.7 137.2  -25.7   -1.5   -0.1               
  147  147 A K  E     -     0   0C 108     -9,-3.1    -8,-0.1     2,-0.3    -1,-0.1   0.332  47.3-108.9 -81.7   3.1  -22.9   -3.5   -1.8               
  148  148 A G  E    S+     0   0C  18    -10,-0.3   -35,-2.1     1,-0.2   -36,-0.4   0.605  89.7  82.3  76.9  13.8  -24.2   -6.5    0.2               
  149  149 A Y  E     + G   0 138C  74    -11,-0.5   -11,-2.8   -38,-0.2    -2,-0.3  -0.988  48.0 171.4-145.8 159.6  -21.1   -6.6    2.6               
  150  150 A G  E     -EG 110 137C   0    -40,-2.9   -40,-2.6    -2,-0.3     2,-0.4  -0.844  24.0-119.4-150.2 179.5  -19.8   -4.9    5.7               
  151  151 A F  E     -EG 109 136C  41    -15,-2.5   -15,-2.4    -2,-0.2     2,-0.4  -1.000  13.5-166.5-134.9 138.2  -17.1   -5.0    8.4               
  152  152 A V  E     -EG 108 135C   0    -44,-2.5   -44,-3.4    -2,-0.4     2,-0.5  -0.970  10.8-155.3-121.6 135.9  -17.3   -5.4   12.2               
  153  153 A S  E     -EG 107 134C   5    -19,-3.1   -20,-2.8    -2,-0.4   -19,-1.1  -0.968   8.4-166.7-117.0 125.1  -14.3   -4.7   14.4               
  154  154 A F  E     -EG 106 132C   0    -48,-2.6   -48,-2.4    -2,-0.5   -22,-0.2  -0.789  25.3-139.9-106.1 151.7  -13.8   -6.3   17.9               
  155  155 A F  S    S+     0   0   84    -24,-1.6     2,-0.4    -2,-0.3   -23,-0.1   0.762  91.4  52.4 -72.4 -27.6  -11.4   -5.3   20.7               
  156  156 A N  S  > S-     0   0   76    -25,-0.3     4,-1.7   -50,-0.1     5,-0.1  -0.896  71.1-143.6-119.3 141.0  -10.7   -9.0   21.4               
  157  157 A K  H  > S+     0   0  108     -2,-0.4     4,-2.5     2,-0.2     5,-0.1   0.889 103.1  55.1 -65.1 -41.9   -9.7  -11.9   19.0               
  158  158 A W  H  > S+     0   0  167      2,-0.2     4,-2.7     1,-0.2     5,-0.2   0.901 106.5  50.0 -61.5 -43.7  -11.9  -14.4   20.8               
  159  159 A D  H  > S+     0   0   29      1,-0.2     4,-2.4     2,-0.2    -1,-0.2   0.926 113.1  46.9 -61.0 -45.2  -15.0  -12.3   20.4               
  160  160 A A  H  X S+     0   0    0     -4,-1.7     4,-2.3     2,-0.2    -2,-0.2   0.892 112.5  49.6 -63.7 -41.7  -14.3  -11.9   16.7               
  161  161 A E  H  X S+     0   0   65     -4,-2.5     4,-2.4     2,-0.2    -2,-0.2   0.934 112.4  46.8 -66.2 -44.6  -13.6  -15.7   16.3               
  162  162 A N  H  X S+     0   0   39     -4,-2.7     4,-2.8     2,-0.2     5,-0.3   0.914 111.8  51.7 -61.5 -43.6  -16.9  -16.6   18.1               
  163  163 A A  H  X S+     0   0    0     -4,-2.4     4,-2.1    -5,-0.2     5,-0.3   0.911 110.0  49.6 -60.3 -42.6  -18.8  -14.1   16.0               
  164  164 A I  H  X S+     0   0   23     -4,-2.3     4,-1.1     1,-0.2    15,-0.2   0.948 116.1  42.0 -59.9 -49.0  -17.3  -15.7   12.8               
  165  165 A Q  H  < S+     0   0  135     -4,-2.4    -2,-0.2     1,-0.2    -1,-0.2   0.894 121.9  37.1 -68.5 -42.8  -18.2  -19.2   13.9               
  166  166 A Q  H  < S+     0   0  107     -4,-2.8    -3,-0.2     1,-0.2    -1,-0.2   0.813 119.3  44.9 -85.9 -31.6  -21.8  -18.6   15.3               
  167  167 A M  H >< S+     0   0   22     -4,-2.1     3,-1.8    -5,-0.3     2,-0.4   0.622  83.4 110.6 -88.0 -14.8  -23.0  -15.9   12.8               
  168  168 A G  T 3< S+     0   0   35     -4,-1.1    10,-0.2    -5,-0.3   -58,-0.0  -0.476  95.1   4.4 -61.6 117.6  -21.7  -17.8    9.7               
  169  169 A G  T 3  S+     0   0   33      8,-3.0    -1,-0.3    -2,-0.4     9,-0.1   0.383  97.5 140.2  84.0  -0.0  -24.9  -19.0    7.8               
  170  170 A Q    <   -     0   0  100     -3,-1.8     7,-2.6     7,-0.2     2,-0.5  -0.391  58.7-106.1 -71.1 151.6  -27.3  -17.2   10.2               
  171  171 A W  E     +H  176   0D 178      5,-0.2     2,-0.4    -2,-0.1     5,-0.2  -0.684  45.0 164.5 -82.2 122.5  -30.4  -15.5    8.8               
  172  172 A L  E >  S-H  175   0D  29      3,-3.1     3,-0.9    -2,-0.5   -58,-0.5  -0.965  72.1  -6.9-139.4 118.1  -30.3  -11.6    8.8               
  173  173 A G  T 3  S-     0   0   29     -2,-0.4   -57,-0.2     1,-0.2   -56,-0.1   0.938 129.7 -55.4  62.9  42.7  -32.8   -9.6    6.7               
  174  174 A G  T 3  S+     0   0   61      1,-0.1     2,-0.3   -60,-0.1    -1,-0.2   0.525 123.3  90.2  70.1   6.6  -34.3  -12.7    5.1               
  175  175 A R  E <  S-H  172   0D 112     -3,-0.9    -3,-3.1    -5,-0.1     2,-0.4  -0.961  80.7-112.1-129.5 149.5  -30.8  -13.9    3.8               
  176  176 A Q  E     -H  171   0D 110     -2,-0.3     2,-0.2    -5,-0.2    -5,-0.2  -0.677  37.5-140.3 -75.7 131.3  -28.1  -16.1    5.2               
  177  177 A I        -     0   0    4     -7,-2.6    -8,-3.0    -2,-0.4     2,-0.5  -0.626   2.6-138.4 -93.0 153.0  -25.0  -14.1    6.0               
  178  178 A R  E     -F  111   0C 143    -67,-2.1   -67,-3.2    -2,-0.2     2,-0.3  -0.934  17.5-166.4-109.4 133.0  -21.3  -15.1    5.5               
  179  179 A T  E     +F  110   0C  15     -2,-0.5     2,-0.3   -15,-0.2   -69,-0.2  -0.873  18.6 144.6-116.1 144.0  -18.6  -14.3    8.1               
  180  180 A N  E     -F  109   0C  71    -71,-1.8   -71,-3.1    -2,-0.3     2,-0.2  -0.974  56.0 -71.6-157.3 169.9  -14.8  -14.5    7.8               
  181  181 A W  E     -F  108   0C  90     -2,-0.3     2,-0.7   -73,-0.2   -73,-0.3  -0.500  58.0-114.4 -59.6 129.2  -11.6  -12.8    8.9               
  182  182 A A        -     0   0   24    -75,-3.0     2,-0.6    -2,-0.2   -75,-0.2  -0.602  27.0-150.7 -72.8 114.1  -11.5   -9.4    7.1               
  183  183 A T        -     0   0  119     -2,-0.7     2,-0.7     3,-0.0    -1,-0.0  -0.735  11.7-134.8 -78.1 121.4   -8.5   -9.4    4.7               
  184  184 A R        -     0   0  157     -2,-0.6    -2,-0.0     3,-0.0    -1,-0.0  -0.716  24.3-128.8 -63.4 113.8   -7.1   -5.9    4.3               
  185  185 A K        -     0   0  185     -2,-0.7     3,-0.1     1,-0.1    -3,-0.0  -0.604  33.8-105.3 -52.5 125.2   -6.7   -5.8    0.5               
  186  186 A P        -     0   0  110      0, 0.0    -1,-0.1     0, 0.0    -3,-0.0  -0.422  59.0 -79.7 -48.3 133.9   -3.0   -4.7    0.3               
  187  187 A P        -     0   0  109      0, 0.0     3,-0.2     0, 0.0    -3,-0.0  -0.271  54.2-101.6 -45.3 124.0   -3.6   -1.1   -0.8               
  188  188 A A        -     0   0   82      1,-0.2     2,-0.2    -3,-0.1     3,-0.0  -0.384  60.6 -82.7 -44.8 128.4   -4.3   -1.2   -4.6               
  189  189 A P        -     0   0  128      0, 0.0     2,-0.3     0, 0.0    -1,-0.2  -0.260  47.5-142.0 -53.3 103.6   -0.9   -0.1   -5.9               
  190  190 A K        -     0   0  172     -2,-0.2     2,-2.7    -3,-0.2     0, 0.0  -0.615  24.7-114.4 -60.3 125.0   -1.1    3.7   -5.6               
  191  191 A S        +     0   0  115     -2,-0.3     2,-0.7     2,-0.1    -1,-0.1  -0.500  58.8 157.5 -62.6  67.0    0.7    4.9   -8.7               
  192  192 A T        -     0   0   85     -2,-2.7     2,-2.1     2,-0.1    -2,-0.0  -0.951  46.0-132.9 -93.0 113.2    3.4    6.5   -6.5               
  193  193 A Y        +     0   0  203     -2,-0.7     2,-0.4     2,-0.1    -2,-0.1  -0.567  58.5 136.6 -64.1  74.7    6.5    6.8   -8.7               
  194  194 A E        -     0   0  156     -2,-2.1    -2,-0.1     0, 0.0     3,-0.1  -0.915  67.4 -87.0-133.7 103.3    8.8    5.3   -6.1               
  195  195 A S        -     0   0  112     -2,-0.4     2,-2.1     1,-0.2    -2,-0.1   0.304  26.5-156.6   7.4  86.6   11.4    2.7   -7.3               
  196  196 A N        +     0   0  128      1,-0.2    -1,-0.2     2,-0.1     2,-0.1  -0.607  20.2 177.5 -72.9  76.2   10.1   -0.8   -7.3               
  197  197 A T        +     0   0  117     -2,-2.1     2,-1.2     2,-0.1    -1,-0.2  -0.129  30.7 135.0 -74.9  34.3   13.7   -2.0   -7.1               
  198  198 A K        -     0   0  163     -2,-0.1    -2,-0.1     3,-0.0     2,-0.1  -0.868  65.5-128.0 -70.0 100.5   12.3   -5.5   -7.0               
  199  199 A Q        -     0   0  178     -2,-1.2     2,-0.2     1,-0.1    69,-0.1  -0.418  26.1-110.9 -45.4 122.0   14.9   -6.7   -9.5               
  200  200 A L        -     0   0   53     67,-0.4     2,-0.3    70,-0.2    -1,-0.1  -0.492  31.0-123.9 -57.3 130.6   12.8   -8.4  -12.2               
  201  201 A S     >  -     0   0   50     -2,-0.2     4,-2.0     1,-0.1     3,-0.2  -0.666   9.1-133.9 -75.0 138.6   13.5  -12.1  -12.0               
  202  202 A Y  H  > S+     0   0   61     -2,-0.3     4,-3.0     1,-0.2     5,-0.3   0.934 107.5  53.8 -54.5 -45.4   14.7  -13.5  -15.4               
  203  203 A D  H  > S+     0   0  107      1,-0.2     4,-1.3     2,-0.2    -1,-0.2   0.832 109.2  47.8 -61.0 -36.0   12.2  -16.4  -15.0               
  204  204 A E  H  4 S+     0   0  123     -3,-0.2    -1,-0.2     2,-0.2    -2,-0.2   0.893 116.4  43.1 -72.0 -39.5    9.3  -14.0  -14.5               
  205  205 A V  H >< S+     0   0    2     -4,-2.0     3,-1.4     2,-0.2     4,-0.3   0.927 111.7  51.4 -74.0 -46.5   10.2  -11.9  -17.5               
  206  206 A V  H >< S+     0   0   22     -4,-3.0     3,-1.1     1,-0.3    -3,-0.2   0.926 110.3  50.3 -59.9 -40.6   11.0  -14.7  -20.0               
  207  207 A N  T 3< S+     0   0  128     -4,-1.3    -1,-0.3    -5,-0.3    -2,-0.2   0.457  92.3  78.2 -79.4  -0.9    7.7  -16.4  -19.3               
  208  208 A Q  T <  S+     0   0  128     -3,-1.4     2,-0.3    -4,-0.1    -1,-0.2   0.603  99.3  34.9 -82.0 -14.1    5.6  -13.2  -19.8               
  209  209 A S  S <  S-     0   0   29     -3,-1.1    50,-0.0    -4,-0.3     0, 0.0  -0.826  96.5 -80.6-132.9 170.4    5.8  -13.4  -23.6               
  210  210 A S    >   -     0   0   30     -2,-0.3     3,-1.8     1,-0.1    -2,-0.1  -0.441  39.1-117.8 -65.5 150.2    5.8  -16.0  -26.4               
  211  211 A P  T 3  S+     0   0  113      0, 0.0    48,-0.3     0, 0.0    -1,-0.1   0.646 116.5  60.5 -61.3 -15.4    9.2  -17.8  -27.2               
  212  212 A S  T 3  S+     0   0   77     47,-0.1     2,-0.9    46,-0.1    -2,-0.0   0.586  81.3  96.5 -85.4 -14.2    8.9  -16.1  -30.7               
  213  213 A N    <   +     0   0    2     -3,-1.8    49,-0.1     1,-0.1    -4,-0.1  -0.694  36.3 159.9 -82.6 110.3    8.9  -12.6  -29.2               
  214  214 A C        +     0   0   19     -2,-0.9    42,-3.0    42,-0.1     2,-0.5   0.080  39.9 112.1-109.0  18.0   12.4  -11.1  -29.4               
  215  215 A T  E     -I  255   0E   5     40,-0.2    69,-3.1    69,-0.2     2,-0.5  -0.869  47.7-161.8-107.0 124.6   11.4   -7.4  -29.2               
  216  216 A V  E     -IJ 254 283E   0     38,-3.1    38,-2.7    -2,-0.5     2,-0.5  -0.852   8.9-149.2 -97.8 126.2   12.1   -5.1  -26.2               
  217  217 A Y  E     -IJ 253 282E  69     65,-3.1    65,-2.1    -2,-0.5     2,-0.4  -0.850  15.5-171.6 -82.7 130.5   10.1   -1.9  -25.7               
  218  218 A C  E     +IJ 252 281E   1     34,-2.7    34,-2.7    -2,-0.5     2,-0.3  -0.977  13.3 167.6-126.2 115.1   12.3    0.8  -24.0               
  219  219 A G  E     +IJ 251 280E   3     61,-2.7    61,-2.9    -2,-0.4    32,-0.2  -0.857  39.0  64.7-126.2 161.9   10.5    4.0  -22.9               
  220  220 A G        +     0   0   35     30,-2.1     2,-1.2    -2,-0.3    31,-0.2   0.261  57.6 125.0 111.0  -4.6   11.1    7.1  -20.7               
  221  221 A V        +     0   0    1     29,-1.1     4,-0.2     1,-0.2    -1,-0.2  -0.693  28.3 171.6 -86.3  91.9   14.0    8.8  -22.7               
  222  222 A T        +     0   0  106     -2,-1.2     2,-0.3     1,-0.1    -1,-0.2   0.606  64.3  29.7 -83.8 -10.7   12.5   12.2  -23.2               
  223  223 A S  S    S+     0   0   69     52,-0.1    54,-0.1    27,-0.1    -1,-0.1  -0.995 117.3  18.5-144.2 147.2   15.7   13.8  -24.6               
  224  224 A G  S    S+     0   0   49     -2,-0.3     2,-0.6     1,-0.2     5,-0.2   0.519  70.2 161.4  76.1   8.0   18.7   12.5  -26.6               
  225  225 A L        +     0   0    8     -4,-0.2     2,-0.3    22,-0.2    -1,-0.2  -0.483  13.5 156.3 -65.3 110.1   16.9    9.3  -27.8               
  226  226 A T     >  -     0   0   71     -2,-0.6     4,-2.0     1,-0.1     5,-0.2  -0.905  55.8-116.9-130.9 158.6   18.9    8.0  -30.8               
  227  227 A E  H  > S+     0   0   90     -2,-0.3     4,-2.7     1,-0.2     5,-0.2   0.908 117.5  54.7 -59.6 -39.7   19.5    4.6  -32.5               
  228  228 A Q  H  > S+     0   0  163      2,-0.2     4,-2.5     1,-0.2    -1,-0.2   0.896 106.2  50.8 -63.0 -41.5   23.2    4.8  -31.5               
  229  229 A L  H  > S+     0   0   17      2,-0.2     4,-2.6     1,-0.2    -2,-0.2   0.950 112.7  45.7 -60.6 -49.2   22.3    5.3  -27.8               
  230  230 A M  H  X S+     0   0    0     -4,-2.0     4,-2.6     1,-0.2     5,-0.3   0.908 112.2  51.9 -63.2 -39.9   19.9    2.3  -27.9               
  231  231 A R  H  X S+     0   0  106     -4,-2.7     4,-2.1     2,-0.2    -1,-0.2   0.926 111.5  47.2 -60.4 -45.4   22.6    0.2  -29.7               
  232  232 A Q  H  < S+     0   0  141     -4,-2.5    -2,-0.2     1,-0.2    -1,-0.2   0.926 116.4  43.8 -62.2 -45.8   25.2    1.1  -27.1               
  233  233 A T  H  < S+     0   0   35     -4,-2.6    -2,-0.2     1,-0.2    -1,-0.2   0.876 123.0  34.6 -67.5 -40.7   22.8    0.3  -24.1               
  234  234 A F  H >< S+     0   0    0     -4,-2.6     3,-1.7    -5,-0.2     4,-0.5   0.668  92.3  86.3 -96.8 -18.3   21.4   -3.0  -25.5               
  235  235 A S  G >< S+     0   0   66     -4,-2.1     3,-0.9    -5,-0.3    -1,-0.2   0.792  81.0  64.4 -55.9 -31.0   24.4   -4.5  -27.4               
  236  236 A P  G 3  S+     0   0   99      0, 0.0    -1,-0.3     0, 0.0    -2,-0.1   0.696  98.5  55.8 -65.4 -18.8   25.8   -6.2  -24.2               
  237  237 A F  G <  S-     0   0   54     -3,-1.7     2,-0.3     1,-0.3    -2,-0.2   0.606 121.6 -57.4 -91.7 -14.1   22.7   -8.5  -23.9               
  238  238 A G  S <  S-     0   0   23     -3,-0.9     2,-0.5    -4,-0.5    -1,-0.3  -0.926  75.6 -37.8 158.6 179.1   22.8  -10.1  -27.4               
  239  239 A Q        -     0   0  120     -2,-0.3    18,-1.8    -3,-0.1     2,-0.5  -0.562  54.4-140.5 -72.3 120.8   22.9   -9.6  -31.2               
  240  240 A I  E     +K  256   0E  22     -2,-0.5    16,-0.3    16,-0.2     3,-0.1  -0.727  21.8 179.3 -85.3 124.5   20.5   -6.7  -32.2               
  241  241 A M  E     +     0   0E 110     14,-2.8     2,-0.3    -2,-0.5    15,-0.2   0.811  68.2   4.3 -90.1 -38.9   18.6   -7.3  -35.4               
  242  242 A E  E     -K  255   0E  75     13,-1.3    13,-2.9     2,-0.0     2,-0.4  -0.996  53.9-164.3-151.1 143.7   16.6   -4.1  -35.5               
  243  243 A I  E     -K  254   0E  16     -2,-0.3     2,-0.4    11,-0.2    11,-0.2  -0.996   8.1-177.4-128.4 128.8   16.3   -0.7  -33.7               
  244  244 A R  E     -K  253   0E  94      9,-2.7     9,-2.7    -2,-0.4     2,-0.3  -0.985   9.2-166.6-124.2 119.5   13.3    1.6  -34.1               
  245  245 A V  E     -K  252   0E  44     -2,-0.4     7,-0.2     7,-0.2     3,-0.1  -0.836  17.0-170.4-107.6 144.5   13.3    5.0  -32.2               
  246  246 A F  E >>> +K  251   0E  60      5,-2.6     5,-1.5    -2,-0.3     3,-1.1  -0.771  11.3 173.8-127.7  77.8   10.5    7.4  -31.6               
  247  247 A P  T 345S+     0   0   73      0, 0.0     3,-0.5     0, 0.0   -22,-0.2   0.849  77.8  59.5 -60.2 -33.6   12.2   10.5  -30.1               
  248  248 A D  T 345S+     0   0  128      1,-0.2    -2,-0.0    -3,-0.1   -26,-0.0   0.774 115.6  34.6 -61.6 -30.3    9.0   12.6  -30.2               
  249  249 A K  T <45S-     0   0  128     -3,-1.1    -1,-0.2     2,-0.2   -29,-0.2   0.416 108.5-122.2-106.1  -4.4    7.3   10.0  -27.9               
  250  250 A G  T  <5S+     0   0    5     -4,-0.9   -30,-2.1    -3,-0.5   -29,-1.1   0.795  73.9 103.3  65.2  32.9   10.4    9.1  -25.8               
  251  251 A Y  E   < -IK 219 246E  45     -5,-1.5    -5,-2.6   -32,-0.2     2,-0.3  -0.967  44.1-171.3-140.4 162.4   10.4    5.3  -26.6               
  252  252 A S  E     -IK 218 245E   0    -34,-2.7   -34,-2.7    -2,-0.3     2,-0.4  -0.935  18.2-134.0-142.3 163.4   12.1    2.7  -28.8               
  253  253 A F  E     -IK 217 244E  45     -9,-2.7    -9,-2.7    -2,-0.3     2,-0.5  -0.997  16.5-169.4-120.0 131.8   11.9   -0.9  -29.9               
  254  254 A V  E     -IK 216 243E   0    -38,-2.7   -38,-3.1    -2,-0.4     2,-0.6  -0.983   7.4-158.3-122.0 114.5   15.0   -3.2  -29.9               
  255  255 A R  E     -IK 215 242E  70    -13,-2.9   -14,-2.8    -2,-0.5   -13,-1.3  -0.866   8.9-161.4 -94.9 123.9   14.7   -6.6  -31.6               
  256  256 A F  E     - K   0 240E   2    -42,-3.0   -16,-0.2    -2,-0.6   -42,-0.1  -0.498  29.3-119.8 -91.7 164.8   17.2   -9.3  -30.5               
  257  257 A N  S    S+     0   0   79    -18,-1.8     2,-0.3    -2,-0.2   -17,-0.1   0.694  98.2  38.1 -72.8 -20.9   18.2  -12.5  -32.4               
  258  258 A S  S  > S-     0   0   30    -19,-0.2     4,-1.4   -44,-0.2    -2,-0.2  -0.917  72.3-132.4-134.0 155.0   16.9  -14.5  -29.4               
  259  259 A H  H  > S+     0   0   14     -2,-0.3     4,-2.5   -48,-0.3     5,-0.2   0.898 108.9  55.9 -70.4 -39.7   14.1  -14.4  -26.8               
  260  260 A E  H  > S+     0   0  101      1,-0.2     4,-2.8     2,-0.2     5,-0.2   0.906 105.8  50.5 -62.4 -43.5   16.6  -15.0  -24.0               
  261  261 A S  H  > S+     0   0   19      2,-0.2     4,-2.4     1,-0.2    -1,-0.2   0.906 111.1  49.1 -62.8 -40.5   18.7  -12.0  -24.9               
  262  262 A A  H  X S+     0   0    0     -4,-1.4     4,-2.2     2,-0.2    -2,-0.2   0.916 111.8  48.8 -64.7 -41.4   15.6   -9.8  -25.0               
  263  263 A A  H  X S+     0   0    0     -4,-2.5     4,-2.4     2,-0.2    -2,-0.2   0.937 111.9  48.5 -63.9 -46.0   14.5  -11.1  -21.6               
  264  264 A H  H  X S+     0   0   90     -4,-2.8     4,-2.5     1,-0.2     5,-0.2   0.928 110.9  51.6 -58.5 -45.2   18.0  -10.5  -20.1               
  265  265 A A  H  X S+     0   0    0     -4,-2.4     4,-2.4     2,-0.2     5,-0.4   0.906 109.9  49.0 -58.8 -44.5   17.9   -6.9  -21.6               
  266  266 A I  H  X S+     0   0    4     -4,-2.2     4,-2.1     1,-0.2    15,-0.2   0.947 113.4  46.6 -60.5 -49.5   14.5   -6.2  -20.0               
  267  267 A V  H  < S+     0   0   35     -4,-2.4   -67,-0.4     1,-0.2    -2,-0.2   0.895 119.5  39.1 -60.1 -44.9   15.6   -7.5  -16.5               
  268  268 A S  H  < S+     0   0   60     -4,-2.5    -1,-0.2    -5,-0.2    -2,-0.2   0.822 122.8  37.3 -79.5 -34.9   18.9   -5.5  -16.6               
  269  269 A V  H >< S+     0   0    4     -4,-2.4     3,-2.3    -5,-0.2    10,-0.2   0.755  86.3 105.8 -94.2 -26.6   17.8   -2.2  -18.2               
  270  270 A N  T 3< S+     0   0   44     -4,-2.1    10,-0.2    -5,-0.4   -70,-0.2  -0.345  95.3   8.9 -60.2 124.4   14.3   -1.8  -16.7               
  271  271 A G  T 3  S+     0   0   47      8,-2.7    -1,-0.3     1,-0.3     9,-0.1   0.360 102.2 123.5  83.1  -1.8   14.5    1.0  -14.0               
  272  272 A T    <   -     0   0   54     -3,-2.3     7,-2.7     7,-0.2     2,-0.5  -0.271  65.5-106.5 -77.1 170.5   18.1    2.0  -15.0               
  273  273 A T  E     -L  278   0F 102      5,-0.2     2,-0.4    -3,-0.1     5,-0.2  -0.919  31.4-179.3-105.0 124.8   19.1    5.6  -16.0               
  274  274 A I  E >  S-L  277   0F  10      3,-2.7     3,-2.3    -2,-0.5   -45,-0.0  -0.989  80.1 -13.8-119.0 124.1   19.9    6.5  -19.7               
  275  275 A E  T 3  S-     0   0  125     -2,-0.4    -1,-0.1     1,-0.3   -52,-0.1   0.876 130.2 -55.2  51.4  38.1   20.9   10.1  -20.4               
  276  276 A G  T 3  S+     0   0   73      1,-0.2     2,-0.4    -3,-0.1    -1,-0.3   0.388 116.4 117.4  76.1  -1.9   19.6   11.0  -16.8               
  277  277 A H  E <   -L  274   0F  40     -3,-2.3    -3,-2.7   -54,-0.1     2,-0.6  -0.813  68.8-125.8 -99.2 132.5   16.1    9.5  -17.6               
  278  278 A V  E     -L  273   0F  91     -2,-0.4    -5,-0.2    -5,-0.2     2,-0.2  -0.659  35.0-151.0 -73.4 116.7   14.7    6.5  -15.7               
  279  279 A V        -     0   0    0     -7,-2.7    -8,-2.7    -2,-0.6     2,-0.4  -0.595   9.5-149.8 -94.1 150.6   13.9    3.9  -18.5               
  280  280 A K  E     -J  219   0E  82    -61,-2.9   -61,-2.7    -2,-0.2     2,-0.4  -0.988  11.5-163.2-118.3 127.9   11.2    1.3  -18.4               
  281  281 A C  E     +J  218   0E   0     -2,-0.4     2,-0.3   -15,-0.2   -63,-0.2  -0.930  20.6 148.9-115.3 133.7   11.7   -2.0  -20.4               
  282  282 A Y  E     -J  217   0E 116    -65,-2.1   -65,-3.1    -2,-0.4     2,-0.2  -0.916  53.3 -69.2-145.1 170.9    8.9   -4.4  -21.3               
  283  283 A W  E     -J  216   0E  35     -2,-0.3   -67,-0.2   -67,-0.2     2,-0.1  -0.492  51.2-125.5 -62.2 130.0    8.0   -6.9  -24.1               
  284  284 A G        -     0   0    3    -69,-3.1     2,-0.3    -2,-0.2   -69,-0.2  -0.471  36.1 -92.2 -67.0 148.9    7.2   -5.2  -27.4               
  285  285 A K        -     0   0  194     -2,-0.1     2,-0.3     1,-0.1    -1,-0.1  -0.539  43.4-113.2 -64.0 127.2    3.8   -6.0  -28.9               
  286  286 A E        -     0   0   96     -2,-0.3     2,-0.5     2,-0.0    -1,-0.1  -0.450  28.0-152.3 -58.8 118.6    4.2   -8.9  -31.3               
  287  287 A T    >   -     0   0   57     -2,-0.3     3,-2.5     1,-0.1     4,-0.1  -0.888  19.6-127.6 -92.4 131.3    3.4   -7.6  -34.8               
  288  288 A L  G >  S+     0   0  154     -2,-0.5     3,-1.6     1,-0.3     4,-0.2   0.727 104.8  77.5 -56.1 -19.9    2.1  -10.4  -37.0               
  289  289 A D  G 3  S+     0   0  143      1,-0.2     3,-0.5     2,-0.1    -1,-0.3   0.612  84.6  66.9 -58.9 -14.2    4.8   -9.4  -39.6               
  290  290 A M  G <  S+     0   0   35     -3,-2.5    -1,-0.2     1,-0.2    -2,-0.2   0.533  77.2  79.6 -90.6  -5.9    7.2  -11.4  -37.2               
  291  291 A I  S <  S+     0   0  122     -3,-1.6    -1,-0.2     1,-0.2    -2,-0.1   0.528  95.5  41.8 -85.7  -3.5    5.8  -14.9  -37.8               
  292  292 A N        +     0   0  111     -3,-0.5    -1,-0.2    -4,-0.2     4,-0.2  -0.684  37.3 153.4-149.1  99.1    7.6  -15.6  -41.1               
  293  293 A P  S    S+     0   0  120      0, 0.0     2,-0.5     0, 0.0    -1,-0.1   0.499  78.8  68.7 -79.8  -5.5   11.2  -14.7  -42.2               
  294  294 A V  S    S+     0   0  112      1,-0.1     0, 0.0    -3,-0.1     0, 0.0  -0.807  88.1  35.7-131.4  86.2   10.8  -17.7  -44.7               
  295  295 A Q  S    S+     0   0  171     -2,-0.5     3,-0.4    -3,-0.2    -1,-0.1   0.196  79.8  87.2 179.3  -0.5    8.5  -17.7  -47.7               
  296  296 A Q  S    S+     0   0  203      1,-0.2     3,-0.2    -4,-0.2    -2,-0.1   0.184  72.5  73.0-101.5  24.0    8.1  -14.4  -49.5               
  297  297 A Q  S    S+     0   0  187      1,-0.2    -1,-0.2     3,-0.0     3,-0.1  -0.159  80.6  69.0-129.2  42.5   10.9  -14.3  -52.1               
  298  298 A N  S    S+     0   0  157     -3,-0.4    -1,-0.2     1,-0.2     2,-0.0  -0.254  75.5  60.4-159.7  75.5    9.9  -16.9  -54.8               
  299  299 A Q        -     0   0  198     -3,-0.2     2,-0.4     0, 0.0    -1,-0.2  -0.153  42.9-177.0-176.1 117.7    7.1  -16.2  -57.1               
  300  300 A I        +     0   0  176     -3,-0.1    -3,-0.0     1,-0.0     0, 0.0  -0.823  36.7 108.7 -85.0 129.9    6.6  -13.4  -59.6               
  301  301 A G        -     0   0   57     -2,-0.4    -1,-0.0     0, 0.0     0, 0.0   0.412  56.1 -81.1 145.8  97.8    3.3  -13.3  -61.5               
  302  302 A Y        -     0   0  230      1,-0.1     2,-0.2     0, 0.0    -2,-0.0   0.906  33.7-106.3  52.5 133.1   -0.0  -11.5  -61.9               
  303  303 A P        +     0   0  110      0, 0.0    -1,-0.1     0, 0.0     0, 0.0  -0.596  25.9 177.4 -93.4 149.6   -3.6  -11.3  -60.3               
  304  304 A Q        -     0   0  189     -2,-0.2     2,-0.2     0, 0.0     0, 0.0  -0.982  17.9-138.5-145.5 148.3   -7.0  -12.7  -61.4               
  305  305 A P        -     0   0  101      0, 0.0     0, 0.0     0, 0.0     0, 0.0  -0.589  31.8 -19.0-105.0 160.8  -10.5  -12.5  -59.5               
  306  306 A Y        +     0   0  246     -2,-0.2     2,-0.0     0, 0.0     0, 0.0   0.846  42.0 136.5  43.2 127.0  -13.7  -14.4  -58.6               
  307  307 A G        -     0   0   63      2,-0.0     0, 0.0     0, 0.0     0, 0.0   0.156  29.5-120.2 144.2  97.6  -16.0  -17.3  -59.5               
  308  308 A Q        +     0   0  164     -2,-0.0     0, 0.0     0, 0.0     0, 0.0   0.924  25.7 148.1  81.5 143.1  -17.9  -20.0  -58.0               
  309  309 A W        -     0   0  239      0, 0.0    -2,-0.0     0, 0.0     2,-0.0   0.563  26.1-148.4  91.4 124.5  -18.7  -23.8  -57.6               
  310  310 A G        +     0   0   62      0, 0.0     0, 0.0     0, 0.0     0, 0.0   0.428  20.1  28.8 148.7 122.2  -19.8  -25.9  -55.4               
  311  311 A Q        +     0   0  149      1,-0.1     2,-0.2    -2,-0.0     0, 0.0   0.805  11.1 166.2  47.8 115.4  -20.9  -28.6  -53.0               
  312  312 A W        -     0   0  259      2,-0.0    -1,-0.1     0, 0.0     2,-0.1  -0.815  31.5-135.9-149.4 133.2  -19.8  -31.8  -51.3               
  313  313 A Y        +     0   0  197     -2,-0.2     2,-0.2     2,-0.0     0, 0.0  -0.300  25.4 169.5 -70.6 151.1  -21.7  -33.3  -48.3               
  314  314 A G        -     0   0   83     -2,-0.1     2,-0.2     0, 0.0    -2,-0.0  -0.688  20.5-165.6-167.4 112.4  -20.7  -34.8  -44.9               
  315  315 A N        +     0   0  149     -2,-0.2    -2,-0.0     0, 0.0     0, 0.0  -0.625  19.1 134.2 -97.0 145.8  -23.3  -35.5  -42.2               
  316  316 A A        -     0   0   79     -2,-0.2     0, 0.0     0, 0.0     0, 0.0   0.263  33.4 -22.0 163.6 119.1  -23.7  -36.3  -38.5               
  317  317 A Q        -     0   0  183      0, 0.0     2,-0.0     0, 0.0     0, 0.0   0.954  22.6-157.0  67.7 113.6  -25.6  -35.6  -35.3               
  318  318 A Q        +     0   0  183      0, 0.0     0, 0.0     0, 0.0     0, 0.0   0.588  11.2 158.9  90.7 138.9  -27.5  -33.9  -33.0               
  319  319 A I        -     0   0  171     -2,-0.0     0, 0.0     0, 0.0     0, 0.0   0.594  39.1  -7.4  92.3 122.9  -28.7  -33.2  -29.3               
  320  320 A G        -     0   0   74      1,-0.1     2,-0.1     0, 0.0     0, 0.0   0.769  24.2-170.8-179.9 145.6  -30.1  -30.8  -27.6               
  321  321 A Q        +     0   0  164      2,-0.0    -1,-0.1     0, 0.0     2,-0.1  -0.320  16.0 143.6 -75.5 157.2  -31.6  -27.3  -26.6               
  322  322 A Y        -     0   0  229     -2,-0.1     0, 0.0     0, 0.0     0, 0.0  -0.039  27.8-164.6-179.8 137.6  -32.9  -25.2  -24.0               
  323  323 A M        -     0   0  164      1,-0.1    -2,-0.0    -2,-0.1     0, 0.0  -0.246   5.7-143.0-106.4-165.2  -32.6  -21.3  -23.3               
  324  324 A P        -     0   0   98      0, 0.0    -1,-0.1     0, 0.0     2,-0.1   0.834  10.1 -62.8-140.9-179.4  -32.7  -18.3  -21.6               
  325  325 A N        -     0   0  166      2,-0.0     2,-0.0     0, 0.0     0, 0.0  -0.006  31.1-171.5 159.5 130.1  -32.9  -14.8  -19.8               
  326  326 A G        -     0   0   58     -2,-0.1     2,-0.1     0, 0.0     0, 0.0   0.451  28.3-162.6 131.4 119.5  -31.5  -11.8  -20.0               
  327  327 A W        -     0   0  259      2,-0.0     2,-0.1    -2,-0.0    -2,-0.0  -0.428  25.5-153.3-172.3 126.1  -30.5   -8.2  -19.1               
  328  328 A Q        -     0   0  189     -2,-0.1     0, 0.0     0, 0.0     0, 0.0  -0.381   9.4-149.6 -82.8 161.4  -29.0   -5.5  -21.4               
  329  329 A V        -     0   0  143     -2,-0.1     2,-0.2     2,-0.0    -2,-0.0  -0.991  30.2-126.3-127.0 136.7  -26.7   -2.4  -21.1               
  330  330 A P        -     0   0  121      0, 0.0     2,-0.4     0, 0.0     0, 0.0  -0.593  10.0-148.1 -92.1 148.4  -27.2    0.5  -23.7               
  331  331 A A        -     0   0  103     -2,-0.2     2,-0.3     0, 0.0    -2,-0.0  -0.914  19.1-143.9-102.5 134.3  -24.9    2.3  -26.0               
  332  332 A Y        -     0   0  241     -2,-0.4     0, 0.0     1,-0.1     0, 0.0  -0.970  31.7 -51.6-120.6 140.1  -25.4    6.1  -27.0               
  333  333 A G        -     0   0   75     -2,-0.3     2,-0.3     1,-0.1    -1,-0.1   0.628  17.5-146.1 161.7 126.7  -24.9    7.6  -29.8               
  334  334 A M        -     0   0  171      2,-0.0     2,-0.2     0, 0.0    -1,-0.1  -0.709  12.5-169.8 -95.7 142.9  -23.2    9.0  -33.0               
  335  335 A Y        -     0   0  235     -2,-0.3     2,-0.2     2,-0.0     0, 0.0  -0.778  18.2-171.7-152.9 121.5  -23.5   12.3  -35.0               
  336  336 A G        +     0   0   46     -2,-0.2     2,-0.0     2,-0.0    -2,-0.0  -0.260  21.5 135.1  99.7  87.7  -22.1   12.7  -37.9               
  337  337 A Q        +     0   0  192     -2,-0.2     2,-0.4     2,-0.0    -2,-0.0  -0.025  10.6 179.5 170.6 137.8  -21.2   15.0  -40.7               
  338  338 A A        +     0   0   89     -2,-0.0     2,-0.3     2,-0.0    -2,-0.0  -0.919   7.2 173.0-109.3 141.2  -18.4   15.9  -43.1               
  339  339 A W        -     0   0  246     -2,-0.4     2,-0.1     0, 0.0    -2,-0.0  -0.954  22.1-126.9-151.4 156.9  -18.3   18.5  -45.9               
  340  340 A N        +     0   0  121     -2,-0.3    -2,-0.0     1,-0.1     0, 0.0  -0.345  34.1  40.7-101.7 162.9  -15.3   19.6  -48.0               
  341  341 A Q        -     0   0  131     -2,-0.1    -1,-0.1     0, 0.0     0, 0.0   0.988  46.4 -56.3  74.3 115.0  -13.0   22.3  -49.4               
  342  342 A Q        +     0   0  180      0, 0.0    -2,-0.0     0, 0.0     0, 0.0   0.922  30.7 136.8  62.1 127.1  -11.0   25.4  -49.4               
  343  343 A G        -     0   0   71      0, 0.0     0, 0.0     0, 0.0     0, 0.0   0.537  30.2-123.2 142.0  87.8  -10.6   29.1  -48.9               
  344  344 A F        +     0   0  200      0, 0.0     0, 0.0     0, 0.0     0, 0.0   0.602  31.0  48.9  35.7 123.5   -8.3   31.6  -47.4               
  345  345 A N        +     0   0  116      0, 0.0     0, 0.0     0, 0.0     0, 0.0   0.891  33.7   7.6 101.4 125.9   -7.7   34.3  -45.0               
  346  346 A Q        -     0   0  147      0, 0.0     0, 0.0     0, 0.0     0, 0.0   0.972  29.1 -94.2  71.8 103.5   -7.4   36.7  -42.1               
  347  347 A T        +     0   0  116      2,-0.0     0, 0.0     0, 0.0     0, 0.0   0.908  29.0 106.9  65.4 130.5   -7.7   37.8  -38.7               
  348  348 A Q        -     0   0  178      0, 0.0     0, 0.0     0, 0.0     0, 0.0   0.901  24.0-142.5 105.8 103.7   -9.0   39.3  -35.7               
  349  349 A S        +     0   0  100      0, 0.0     2,-0.0     0, 0.0    -2,-0.0  -0.156  24.6 153.6 -22.7 130.4  -10.5   39.0  -32.2               
  350  350 A S        -     0   0  115      1,-0.1     0, 0.0     0, 0.0     0, 0.0  -0.078  30.8 -56.6-179.7 127.5  -13.0   40.9  -30.4               
  351  351 A A        -     0   0   90     -2,-0.0     2,-0.2     2,-0.0    -1,-0.1   0.790  36.7 -84.4  78.1 151.8  -15.5   40.7  -27.7               
  352  352 A P        -     0   0  119      0, 0.0     2,-0.7     0, 0.0    -1,-0.0  -0.459  24.6-119.7-106.2 156.3  -18.6   39.1  -26.0               
  353  353 A W        -     0   0  254     -2,-0.2     2,-0.3     2,-0.0    -2,-0.0  -0.822  21.5-166.3 -97.9 112.5  -22.4   39.3  -25.9               
  354  354 A M        +     0   0  188     -2,-0.7     0, 0.0     2,-0.0     0, 0.0  -0.634   9.3 176.9 -73.3 149.8  -24.2   40.2  -22.7               
  355  355 A G        -     0   0   75     -2,-0.3     2,-0.1     2,-0.0    -2,-0.0  -0.795  14.1-168.7-161.7 118.2  -28.0   39.5  -22.5               
  356  356 A P        -     0   0  116      0, 0.0     2,-0.1     0, 0.0    -2,-0.0  -0.449  15.2-178.7-104.6 165.7  -30.0   40.2  -19.3               
  357  357 A N        -     0   0  112     -2,-0.1    -2,-0.0     1,-0.0     0, 0.0  -0.281  25.3 -20.5-179.7 137.5  -33.1   39.9  -17.3               
  358  358 A Y        -     0   0  212     -2,-0.1    -1,-0.0     0, 0.0     0, 0.0   0.912  30.6-176.9  48.5 130.5  -35.1   40.7  -14.1               
  359  359 A G        +     0   0   67      2,-0.0     0, 0.0     0, 0.0     0, 0.0   0.798  18.6 163.9 145.9 150.8  -35.5   41.5  -11.0               
  360  360 A V        -     0   0  153      2,-0.0     0, 0.0     1,-0.0     0, 0.0   0.756   9.5-172.9  96.8 119.7  -36.9   42.3   -7.5               
  361  361 A Q        -     0   0  183      1,-0.2    -2,-0.0     0, 0.0    -1,-0.0  -0.643  24.0-129.5-128.2 178.6  -35.8   42.8   -3.8               
  362  362 A P        -     0   0  106      0, 0.0     2,-0.2     0, 0.0    -1,-0.2   0.466   3.1-114.4-105.8-167.3  -37.9   43.3   -0.6               
  363  363 A P        -     0   0  125      0, 0.0     0, 0.0     0, 0.0     0, 0.0  -0.733  27.9 -98.0-154.9-178.4  -38.9   44.8    2.4               
  364  364 A Q        -     0   0  199     -2,-0.2     2,-0.3     1,-0.0     0, 0.0   0.124  18.4-167.8 -43.1 153.4  -39.2   44.4    6.3               
  365  365 A G        -     0   0   82      2,-0.0     2,-0.1     0, 0.0    -1,-0.0  -0.904  15.3-150.2-154.8 126.7  -41.9   43.4    8.8               
  366  366 A Q        +     0   0  187     -2,-0.3     2,-0.0     0, 0.0     0, 0.0  -0.472  22.5 140.5 -84.3 157.8  -41.8   43.7   12.6               
  367  367 A N        +     0   0  171     -2,-0.1    -2,-0.0     0, 0.0     0, 0.0   0.256  25.3  30.1 129.7 138.0  -43.2   42.0   15.8               
  368  368 A G        -     0   0   59     -2,-0.0     0, 0.0     0, 0.0     0, 0.0   0.815  24.3-171.5-177.8 131.3  -42.6   41.1   19.0               
  369  369 A S        +     0   0  101      0, 0.0     0, 0.0     0, 0.0     0, 0.0   0.858  13.3 115.0  98.6 130.8  -41.4   40.8   22.3               
  370  370 A M        +     0   0  169      2,-0.0     0, 0.0     0, 0.0     0, 0.0   0.774  36.9  12.2  83.3 127.3  -40.7   39.5   25.9               
  371  371 A L        +     0   0  161      1,-0.1     2,-0.3     0, 0.0     0, 0.0   0.843  15.3 164.6-165.3 151.7  -38.6   38.4   28.3               
  372  372 A P        +     0   0  116      0, 0.0     2,-0.2     0, 0.0    -1,-0.1  -0.948  20.1 170.5-115.7 143.5  -35.1   37.7   29.9               
  373  373 A N        -     0   0  153     -2,-0.3     0, 0.0     1,-0.0     0, 0.0  -0.688  19.6 -91.5-177.2 147.5  -34.2   36.8   33.6               
  374  374 A Q        -     0   0  166     -2,-0.2     2,-0.2     1,-0.2    -1,-0.0   0.816   7.3-115.2-172.7 159.3  -31.5   35.7   35.5               
  375  375 A P        +     0   0  106      0, 0.0    -1,-0.2     0, 0.0     0, 0.0  -0.568  48.6  73.7 -99.6 172.5  -29.0   33.4   37.4               
  376  376 A S        +     0   0  128     -2,-0.2    -2,-0.0     1,-0.1     0, 0.0   0.545  24.0 134.5 105.4 130.4  -27.8   32.8   41.1               
  377  377 A G        -     0   0   73      2,-0.0    -1,-0.1     0, 0.0     0, 0.0   0.177  26.6-152.0 159.1  89.1  -28.7   31.1   44.4               
  378  378 A Y        +     0   0  220      2,-0.0     2,-0.1     0, 0.0     0, 0.0   0.152  18.5 158.5 -11.4 142.3  -26.9   28.9   46.9               
  379  379 A R        -     0   0  245      2,-0.0     2,-0.3     0, 0.0    -2,-0.0  -0.189  11.9-168.9-178.1 140.1  -27.5   26.3   49.4               
  380  380 A V        +     0   0  140     -2,-0.1     2,-0.1     2,-0.0    -2,-0.0  -0.687   9.6 175.2 -85.4 138.9  -25.5   23.6   51.1               
  381  381 A A        -     0   0   73     -2,-0.3     2,-0.2     2,-0.0    -2,-0.0  -0.504  10.1-161.7-172.2 124.6  -26.7   20.7   53.3               
  382  382 A G        +     0   0   65     -2,-0.1     2,-0.3     0, 0.0    -2,-0.0  -0.395  10.3 178.6  94.8  74.6  -25.1   18.2   54.6               
  383  383 A Y        -     0   0  213     -2,-0.2     2,-0.2     2,-0.0    -2,-0.0  -0.834   7.9-169.5-145.6 111.6  -26.3   14.8   56.0               
  384  384 A E        +     0   0  195     -2,-0.3     2,-0.2     0, 0.0     0, 0.0  -0.566   5.7 179.6 -69.4 147.8  -24.0   12.1   57.4               
  385  385 A T              0   0  133     -2,-0.2    -2,-0.0     1,-0.2     0, 0.0  -0.589 360.0 360.0-157.5 118.6  -25.1    8.6   58.3               
  386  386 A Q              0   0  269     -2,-0.2    -1,-0.2     0, 0.0     0, 0.0   0.884 360.0 360.0  75.3 360.0  -23.0    5.8   59.7               
