==== Secondary Structure Definition by the program DSSP, CMBI version 2.0                          ==== DATE=2026-03-08        .
REFERENCE W. KABSCH AND C.SANDER, BIOPOLYMERS 22 (1983) 2577-2637                                                              .
HEADER                                            01-AUG-25                                                                    .
COMPND    MOL_ID: 1; MOLECULE: EUKARYOTIC TRANSLATION INITIATION FACTOR 2D; CHAI                                               .
SOURCE    MOL_ID: 1; ORGANISM_SCIENTIFIC: HOMO SAPIENS; ORGANISM_TAXID: 9606                                                   .
AUTHOR                                                                                                                         .
  584  1  0  0  0 TOTAL NUMBER OF RESIDUES, NUMBER OF CHAINS, NUMBER OF SS-BRIDGES(TOTAL,INTRACHAIN,INTERCHAIN)                .
 41793.4   ACCESSIBLE SURFACE OF PROTEIN (ANGSTROM**2)                                                                         .
  356 61.0   TOTAL NUMBER OF HYDROGEN BONDS OF TYPE O(I)-->H-N(J)  , SAME NUMBER PER 100 RESIDUES                              .
    8  1.4   TOTAL NUMBER OF HYDROGEN BONDS IN     PARALLEL BRIDGES, SAME NUMBER PER 100 RESIDUES                              .
  100 17.1   TOTAL NUMBER OF HYDROGEN BONDS IN ANTIPARALLEL BRIDGES, SAME NUMBER PER 100 RESIDUES                              .
    1  0.2   TOTAL NUMBER OF HYDROGEN BONDS OF TYPE O(I)-->H-N(I-5), SAME NUMBER PER 100 RESIDUES                              .
    3  0.5   TOTAL NUMBER OF HYDROGEN BONDS OF TYPE O(I)-->H-N(I-4), SAME NUMBER PER 100 RESIDUES                              .
    5  0.9   TOTAL NUMBER OF HYDROGEN BONDS OF TYPE O(I)-->H-N(I-3), SAME NUMBER PER 100 RESIDUES                              .
    0  0.0   TOTAL NUMBER OF HYDROGEN BONDS OF TYPE O(I)-->H-N(I-2), SAME NUMBER PER 100 RESIDUES                              .
    0  0.0   TOTAL NUMBER OF HYDROGEN BONDS OF TYPE O(I)-->H-N(I-1), SAME NUMBER PER 100 RESIDUES                              .
    0  0.0   TOTAL NUMBER OF HYDROGEN BONDS OF TYPE O(I)-->H-N(I+0), SAME NUMBER PER 100 RESIDUES                              .
    0  0.0   TOTAL NUMBER OF HYDROGEN BONDS OF TYPE O(I)-->H-N(I+1), SAME NUMBER PER 100 RESIDUES                              .
   53  9.1   TOTAL NUMBER OF HYDROGEN BONDS OF TYPE O(I)-->H-N(I+2), SAME NUMBER PER 100 RESIDUES                              .
   55  9.4   TOTAL NUMBER OF HYDROGEN BONDS OF TYPE O(I)-->H-N(I+3), SAME NUMBER PER 100 RESIDUES                              .
  114 19.5   TOTAL NUMBER OF HYDROGEN BONDS OF TYPE O(I)-->H-N(I+4), SAME NUMBER PER 100 RESIDUES                              .
   15  2.6   TOTAL NUMBER OF HYDROGEN BONDS OF TYPE O(I)-->H-N(I+5), SAME NUMBER PER 100 RESIDUES                              .
  1  2  3  4  5  6  7  8  9 10 11 12 13 14 15 16 17 18 19 20 21 22 23 24 25 26 27 28 29 30     *** HISTOGRAMS OF ***           .
  0  0  1  1  1  3  2  1  0  1  1  1  0  2  0  0  0  0  0  1  0  0  0  0  0  0  0  0  0  0    RESIDUES PER ALPHA HELIX         .
  0  1  0  1  0  0  0  0  0  0  0  0  0  0  0  0  0  0  0  0  0  0  0  0  0  0  0  0  0  0    PARALLEL BRIDGES PER LADDER      .
  1  3  2  3  2  5  2  0  0  0  0  0  0  0  0  0  0  0  0  0  0  0  0  0  0  0  0  0  0  0    ANTIPARALLEL BRIDGES PER LADDER  .
  0  2  1  2  1  0  0  0  0  0  0  0  0  0  0  0  0  0  0  0  0  0  0  0  0  0  0  0  0  0    LADDERS PER SHEET                .
  #  RESIDUE AA STRUCTURE BP1 BP2  ACC     N-H-->O    O-->H-N    N-H-->O    O-->H-N    TCO  KAPPA ALPHA  PHI   PSI    X-CA   Y-CA   Z-CA            CHAIN
    1    1 A M              0   0   52      0, 0.0     3,-0.5     0, 0.0    55,-0.4   0.000 360.0 360.0 360.0 -50.6   -2.6  -14.4    4.9               
    2    2 A F        +     0   0    2    167,-0.9   173,-2.4     1,-0.2   174,-0.2   0.046 360.0 115.4 -94.4  25.5   -4.7  -11.5    3.4               
    3    3 A A  S    S+     0   0   39    171,-0.2     2,-0.3   172,-0.1    -1,-0.2   0.753  79.2  45.1 -65.8 -23.7   -2.7  -11.0    0.1               
    4    4 A K  S    S-     0   0  118     -3,-0.5    52,-0.3     1,-0.1   171,-0.1  -0.841 108.5 -77.9-115.1 158.7   -5.9  -12.2   -1.8               
    5    5 A A        -     0   0   68     -2,-0.3     2,-0.2    50,-0.1    -2,-0.1  -0.271  46.6-151.1 -55.9 130.2   -9.5  -11.2   -1.3               
    6    6 A F        -     0   0   42     -4,-0.1     2,-0.6    49,-0.1    49,-0.2  -0.646  13.7-118.9 -96.2 160.9  -11.3  -12.9    1.6               
    7    7 A R  E     -A   54   0A 198     47,-2.4    47,-2.6    -2,-0.2     2,-0.4  -0.904  19.2-136.8-103.7 122.4  -15.0  -13.7    1.9               
    8    8 A V  E     -A   53   0A  75     -2,-0.6    45,-0.3    45,-0.2     3,-0.1  -0.630  21.0-179.5 -74.9 124.2  -17.0  -12.1    4.8               
    9    9 A K  E     -     0   0A 135     43,-2.9     2,-0.3    -2,-0.4    44,-0.2   0.835  66.2 -10.3 -88.5 -45.0  -19.3  -14.8    6.4               
   10   10 A S  E     -A   52   0A  40     42,-1.6    42,-2.4     2,-0.0     2,-0.4  -0.973  47.9-158.8-156.5 146.7  -21.0  -12.5    9.0               
   11   11 A N  E     +A   51   0A  99     -2,-0.3     2,-0.3    40,-0.2    40,-0.2  -0.994  30.3 159.4-127.8 117.5  -20.6   -9.0   10.6               
   12   12 A T  E     -A   50   0A  76     38,-2.2    38,-3.3    -2,-0.4     3,-0.1  -0.999  43.9-104.2-141.1 139.7  -22.3   -8.6   14.0               
   13   13 A A  E     -A   49   0A  73     -2,-0.3    36,-0.3    36,-0.3     2,-0.2  -0.306  50.0-101.0 -58.3 139.8  -21.9   -6.2   17.0               
   14   14 A I        -     0   0    9     34,-3.0    34,-0.2     1,-0.1    -1,-0.1  -0.430  33.4-125.8 -67.0 133.6  -20.0   -7.8   19.9               
   15   15 A K     >  -     0   0  148     -2,-0.2     4,-2.4     1,-0.1     5,-0.2  -0.420  23.9-111.5 -72.5 154.7  -22.1   -9.1   22.8               
   16   16 A G  H  > S+     0   0   50      1,-0.2     4,-1.3     2,-0.2    -1,-0.1   0.831 118.1  50.9 -58.9 -33.5  -21.3   -7.9   26.4               
   17   17 A S  H  > S+     0   0   75      2,-0.2     4,-2.1     1,-0.2     3,-0.3   0.946 110.7  47.0 -64.3 -49.5  -20.1  -11.4   27.4               
   18   18 A D  H  > S+     0   0   71      1,-0.2     4,-3.0     2,-0.2    -2,-0.2   0.850 108.1  56.9 -68.4 -33.3  -17.8  -11.7   24.4               
   19   19 A R  H  X S+     0   0   45     -4,-2.4     4,-1.8     2,-0.2    -1,-0.2   0.873 108.1  47.0 -63.0 -40.4  -16.4   -8.2   25.0               
   20   20 A R  H  X S+     0   0  199     -4,-1.3     4,-1.8    -3,-0.3    -2,-0.2   0.906 113.3  49.0 -68.1 -41.0  -15.4   -9.2   28.6               
   21   21 A K  H  X S+     0   0  126     -4,-2.1     4,-2.7     2,-0.2    -2,-0.2   0.956 109.0  52.3 -61.1 -49.4  -13.8  -12.4   27.2               
   22   22 A L  H  X S+     0   0    2     -4,-3.0     4,-2.7     1,-0.2    -1,-0.2   0.865 108.2  51.7 -56.3 -41.8  -11.9  -10.4   24.5               
   23   23 A R  H  X S+     0   0   74     -4,-1.8     4,-2.4     2,-0.2    -1,-0.2   0.921 112.1  45.6 -61.6 -44.2  -10.5   -8.1   27.2               
   24   24 A A  H  X S+     0   0   53     -4,-1.8     4,-1.8     2,-0.2    -2,-0.2   0.904 113.6  49.5 -64.5 -41.2   -9.2  -11.0   29.3               
   25   25 A D  H  X S+     0   0   53     -4,-2.7     4,-2.6     2,-0.2    -2,-0.2   0.911 112.4  48.2 -64.8 -41.6   -7.8  -12.7   26.1               
   26   26 A V  H  X S+     0   0    0     -4,-2.7     4,-2.6     2,-0.2    -2,-0.2   0.922 111.1  49.5 -65.1 -45.5   -6.0   -9.4   25.2               
   27   27 A T  H  < S+     0   0   69     -4,-2.4    -1,-0.2     1,-0.2    -2,-0.2   0.843 115.6  45.2 -62.4 -33.3   -4.6   -8.9   28.7               
   28   28 A T  H  < S+     0   0  111     -4,-1.8    -2,-0.2    -5,-0.2    -1,-0.2   0.893 117.6  42.0 -75.1 -42.9   -3.3  -12.6   28.6               
   29   29 A A  H  < S+     0   0   47     -4,-2.6    -2,-0.2     1,-0.2    -3,-0.2   0.812 125.1  34.0 -75.3 -32.4   -1.9  -12.3   25.0               
   30   30 A F    ><  +     0   0   11     -4,-2.6     3,-1.8    -5,-0.2    -1,-0.2  -0.685  59.9 169.8-128.8  78.1   -0.3   -8.9   25.5               
   31   31 A P  T 3  S+     0   0  110      0, 0.0    -1,-0.1     0, 0.0    -4,-0.1   0.671  74.8  71.6 -62.7 -18.4    1.0   -8.4   29.1               
   32   32 A T  T 3  S+     0   0   94     60,-0.2     2,-0.6     2,-0.1    -5,-0.1   0.674  79.5  90.4 -70.8 -19.1    2.8   -5.1   27.9               
   33   33 A L  S <  S-     0   0   11     -3,-1.8    -3,-0.1    -7,-0.2    56,-0.0  -0.708  75.4-137.7 -83.4 119.2   -0.6   -3.4   27.6               
   34   34 A G     >  -     0   0   34     -2,-0.6     4,-2.4     1,-0.1     5,-0.3  -0.252  30.0-101.4 -63.0 159.9   -1.8   -1.6   30.7               
   35   35 A T  H  > S+     0   0  107      1,-0.2     4,-1.3     2,-0.2    -1,-0.1   0.800 124.4  53.2 -55.2 -31.4   -5.5   -1.8   31.8               
   36   36 A D  H  > S+     0   0  129      2,-0.2     4,-1.7     1,-0.2    -1,-0.2   0.931 107.9  48.6 -72.2 -43.2   -6.1    1.7   30.4               
   37   37 A Q  H  > S+     0   0   68      1,-0.2     4,-2.8     2,-0.2     5,-0.2   0.896 111.2  50.7 -65.5 -39.0   -4.6    0.7   26.9               
   38   38 A V  H  X S+     0   0    5     -4,-2.4     4,-2.2     1,-0.2    -1,-0.2   0.869 110.1  50.8 -64.3 -35.4   -6.8   -2.5   26.9               
   39   39 A S  H  < S+     0   0   57     -4,-1.3     5,-0.3    -5,-0.3    -2,-0.2   0.807 112.0  47.0 -72.6 -29.6   -9.8   -0.3   27.7               
   40   40 A E  H  < S+     0   0  137     -4,-1.7    -2,-0.2     3,-0.1    -3,-0.2   0.900 114.9  45.6 -73.4 -44.2   -8.9    2.1   24.8               
   41   41 A L  H  < S+     0   0   13     -4,-2.8    -2,-0.2     1,-0.3    -3,-0.2   0.872 125.9  31.9 -67.6 -39.2   -8.4   -0.8   22.4               
   42   42 A V  S  < S-     0   0    0     -4,-2.2    -1,-0.3    -5,-0.2    -2,-0.1  -0.693  90.5-157.3-119.1  77.7  -11.6   -2.6   23.5               
   43   43 A P        -     0   0   11      0, 0.0    -3,-0.1     0, 0.0     5,-0.1  -0.176  13.4-143.4 -62.7 140.3  -13.9    0.4   24.4               
   44   44 A G  S    S+     0   0   48     -5,-0.3     4,-0.1     1,-0.1    -4,-0.1   0.735  97.0  26.2 -75.3 -22.4  -16.8   -0.4   26.9               
   45   45 A K  S    S+     0   0  186      2,-0.1    -1,-0.1     0, 0.0     2,-0.1   0.605 101.1  91.2-118.6 -21.6  -19.3    2.0   25.2               
   46   46 A E  S    S-     0   0  123      1,-0.1     2,-0.8    21,-0.0     0, 0.0  -0.288  87.6 -87.4 -81.1 162.5  -18.2    2.3   21.5               
   47   47 A E        -     0   0  158     -2,-0.1    20,-1.1   -34,-0.1     2,-0.5  -0.617  46.2-179.8 -72.3 108.7  -19.4    0.1   18.6               
   48   48 A L  E     - B   0  66A   1     -2,-0.8   -34,-3.0    18,-0.2     2,-0.4  -0.966   9.5-160.7-110.9 125.5  -17.2   -3.0   18.3               
   49   49 A N  E     -AB  13  65A  43     16,-2.9    16,-2.9    -2,-0.5     2,-0.6  -0.843  13.4-143.6-109.4 141.0  -18.0   -5.4   15.5               
   50   50 A I  E     -AB  12  64A  15    -38,-3.3   -38,-2.2    -2,-0.4     2,-0.6  -0.925  18.0-168.5-100.3 115.6  -17.1   -9.1   15.1               
   51   51 A V  E     -AB  11  63A  18     12,-3.3    12,-3.1    -2,-0.6     2,-0.5  -0.912   5.1-159.4-106.6 109.7  -16.4   -9.9   11.4               
   52   52 A K  E     +AB  10  62A 104    -42,-2.4   -43,-2.9    -2,-0.6   -42,-1.6  -0.816  23.3 172.1 -88.2 126.4  -16.1  -13.7   10.6               
   53   53 A L  E     -AB   8  61A   4      8,-3.0     8,-2.7    -2,-0.5     2,-0.5  -0.896  33.3-132.2-134.3 157.4  -14.2  -14.2    7.4               
   54   54 A Y  E     -AB   7  60A  86    -47,-2.6   -47,-2.4    -2,-0.3     6,-0.2  -0.973  25.7-139.6-108.8 118.2  -12.7  -17.0    5.3               
   55   55 A A    >   -     0   0    8      4,-2.6     3,-2.3    -2,-0.5   -49,-0.1  -0.264  34.0 -98.7 -63.4 162.1   -9.2  -16.4    4.0               
   56   56 A H  T 3  S+     0   0  115    -55,-0.4    -1,-0.1   -52,-0.3   -54,-0.1   0.780 125.9  57.5 -56.9 -28.2   -8.4  -17.5    0.4               
   57   57 A K  T 3  S-     0   0  183    -56,-0.2    -1,-0.3     2,-0.1   -51,-0.0   0.546 123.9-103.8 -77.9  -6.4   -6.8  -20.7    1.8               
   58   58 A G  S <  S+     0   0   49     -3,-2.3    -2,-0.1     1,-0.3     2,-0.0   0.201  71.3 149.8  97.4  -8.1  -10.1  -21.6    3.6               
   59   59 A D        -     0   0   58     -5,-0.1    -4,-2.6     1,-0.1     2,-0.6  -0.293  46.8-129.6 -62.2 130.2   -8.9  -20.6    7.1               
   60   60 A A  E     -B   54   0A  66     -6,-0.2    16,-0.5    -2,-0.0     2,-0.4  -0.756  32.9-179.1 -82.8 117.9  -11.7  -19.3    9.4               
   61   61 A V  E     -BC  53  75A   2     -8,-2.7    -8,-3.0    -2,-0.6     2,-0.5  -0.937  20.0-150.8-121.1 139.7  -10.6  -15.9   10.9               
   62   62 A T  E     -BC  52  74A  31     12,-2.2    12,-3.0    -2,-0.4     2,-0.4  -0.957  16.0-164.4-109.6 119.2  -12.5  -13.7   13.3               
   63   63 A V  E     -BC  51  73A   2    -12,-3.1   -12,-3.3    -2,-0.5     2,-0.5  -0.897  10.4-147.5-106.7 132.7  -11.7  -10.0   13.0               
   64   64 A Y  E     -BC  50  72A  20      8,-3.0     7,-2.8    -2,-0.4     8,-1.1  -0.869  17.5-164.4 -96.8 124.9  -12.5   -7.4   15.7               
   65   65 A V  E     -BC  49  70A  19    -16,-2.9   -16,-2.9    -2,-0.5     2,-0.4  -0.968   8.9-176.9-118.5 124.1  -13.4   -4.0   14.2               
   66   66 A S  E >  S-BC  48  69A  18      3,-2.5     3,-2.3    -2,-0.5   -18,-0.2  -0.972  75.3  -8.8-119.6 130.2  -13.5   -0.7   16.3               
   67   67 A G  T 3  S-     0   0   73    -20,-1.1    -1,-0.1    -2,-0.4   -19,-0.1   0.763 130.1 -56.7  57.6  25.2  -14.5    2.6   14.7               
   68   68 A G  T 3  S+     0   0   48    -21,-0.3    -1,-0.3     1,-0.2   -20,-0.0   0.235 117.9 109.3  85.5  -8.1  -14.4    0.9   11.2               
   69   69 A N  E <  S-C   66   0A  36     -3,-2.3    -3,-2.5   111,-0.2     2,-0.4  -0.812  74.2-121.5 -99.0 132.9  -10.7   -0.2   11.6               
   70   70 A P  E     +C   65   0A   0      0, 0.0    14,-0.3     0, 0.0    -5,-0.3  -0.624  35.8 173.0 -66.4 124.5   -9.8   -3.8   12.1               
   71   71 A I  E     +     0   0A  15     -7,-2.8    11,-1.8    -2,-0.4    14,-0.4   0.824  59.3   7.7 -99.1 -47.5   -7.9   -3.9   15.5               
   72   72 A L  E     -CD  64  81A   0     -8,-1.1    -8,-3.0     9,-0.2    -1,-0.4  -0.945  58.0-157.6-139.1 149.6   -7.3   -7.6   16.2               
   73   73 A F  E     -CD  63  80A   0      7,-2.8     7,-3.0    -2,-0.3     2,-0.5  -0.994   9.8-146.5-132.2 143.6   -7.8  -10.9   14.4               
   74   74 A E  E     +CD  62  79A  41    -12,-3.0   -12,-2.2    -2,-0.4     2,-0.4  -0.936  18.7 173.9-111.5 125.0   -8.1  -14.4   15.8               
   75   75 A L  E >  S-CD  61  78A  20      3,-2.4     3,-2.5    -2,-0.5   -14,-0.1  -1.000  74.0 -12.8-130.9 126.6   -6.7  -17.4   14.0               
   76   76 A E  T 3  S-     0   0  161    -16,-0.5     3,-0.1    -2,-0.4   -15,-0.1   0.773 127.4 -57.4  52.2  35.2   -6.7  -21.0   15.6               
   77   77 A K  T 3  S+     0   0  186      1,-0.3     2,-0.4     0, 0.0    -1,-0.3   0.392 113.7 119.8  71.0   3.5   -7.6  -19.4   19.0               
   78   78 A N  E <   -D   75   0A  88     -3,-2.5    -3,-2.4   -49,-0.0     2,-0.5  -0.786  59.5-136.2 -95.1 140.8   -4.5  -17.2   18.9               
   79   79 A L  E     -D   74   0A  19     -2,-0.4    -5,-0.2    -5,-0.2    -7,-0.0  -0.852  21.6-174.2-106.4 127.0   -5.0  -13.4   19.0               
   80   80 A Y  E     -D   73   0A  30     -7,-3.0    -7,-2.8    -2,-0.5     2,-0.1  -0.951  19.2-130.2-122.5 136.3   -3.0  -11.2   16.6               
   81   81 A P  E     -D   72   0A   0      0, 0.0    -9,-0.2     0, 0.0     2,-0.2  -0.338  23.5-128.9 -72.1 163.7   -2.9   -7.3   16.4               
   82   82 A T     >  -     0   0    0    -11,-1.8     4,-2.2   -12,-0.1     5,-0.2  -0.663  29.7-100.3-100.8 169.8   -3.3   -5.5   13.1               
   83   83 A V  H  > S+     0   0    0     -2,-0.2     4,-1.4     1,-0.2     5,-0.1   0.886 124.3  59.0 -58.0 -33.4   -1.0   -2.8   11.6               
   84   84 A Y  H  > S+     0   0   17    -14,-0.3     4,-1.1     2,-0.2     3,-0.3   0.915 106.8  44.9 -61.9 -44.6   -3.6   -0.3   12.9               
   85   85 A T  H  > S+     0   0    3    -14,-0.4     4,-2.3   -15,-0.3     3,-0.3   0.893 112.0  52.8 -67.1 -38.0   -3.1   -1.4   16.5               
   86   86 A L  H  < S+     0   0    0     -4,-2.2    -1,-0.2     1,-0.2    -2,-0.2   0.717 102.7  58.6 -70.4 -21.9    0.7   -1.5   16.1               
   87   87 A W  H  < S+     0   0   27     -4,-1.4    -1,-0.2    -3,-0.3    -2,-0.2   0.831 112.4  40.0 -74.4 -31.2    0.6    2.1   14.9               
   88   88 A S  H  < S+     0   0   84     -4,-1.1    -2,-0.2    -3,-0.3    -1,-0.1   0.860 132.1  27.3 -76.3 -39.4   -1.0    3.1   18.2               
   89   89 A Y    ><  +     0   0   30     -4,-2.3     3,-1.5    -5,-0.1    -1,-0.2  -0.722  65.5 165.9-127.0  76.8    1.2    0.8   20.2               
   90   90 A P  G >  S+     0   0   18      0, 0.0     3,-0.6     0, 0.0    -1,-0.1   0.774  77.8  59.7 -64.9 -24.6    4.6    0.3   18.3               
   91   91 A D  G 3  S+     0   0  111      1,-0.2    -5,-0.1     3,-0.0     4,-0.0   0.333  76.8  95.7 -83.3   3.1    6.2   -1.3   21.5               
   92   92 A L  G <  S+     0   0   12     -3,-1.5    -1,-0.2    -6,-0.2   -60,-0.2   0.814  90.8  24.8 -65.2 -33.1    3.6   -4.1   21.6               
   93   93 A L  S <  S-     0   0   16     -3,-0.6    40,-0.1    -4,-0.2     2,-0.1  -0.965  94.5 -87.6-133.7 150.5    5.8   -6.6   19.7               
   94   94 A P        -     0   0   49      0, 0.0    40,-2.7     0, 0.0     2,-0.5  -0.377  53.0-142.9 -53.1 122.1    9.5   -7.3   19.1               
   95   95 A T  E     -e  134   0B  40     38,-0.2     2,-0.4    -2,-0.1    40,-0.2  -0.856  16.4-166.0-107.0 128.2   10.2   -5.2   15.9               
   96   96 A F  E     -e  135   0B   1     38,-2.8    40,-2.6    -2,-0.5     2,-0.3  -0.907  17.1-133.3-110.9 135.9   12.5   -6.2   13.0               
   97   97 A T  E     +eF 136 118B  35     21,-0.5    21,-3.0    -2,-0.4     2,-0.3  -0.699  26.2 176.0 -93.4 137.0   13.7   -3.7   10.4               
   98   98 A T  E     -eF 137 117B   0     38,-2.4    40,-1.8    -2,-0.3    19,-0.2  -0.893  34.3 -93.7-130.1 163.7   13.6   -4.5    6.6               
   99   99 A W    >>  -     0   0  135     17,-1.1     3,-1.7    -2,-0.3     4,-0.7  -0.505  32.8-118.3 -72.9 148.0   14.4   -2.6    3.3               
  100  100 A P  H >> S+     0   0   75      0, 0.0     3,-0.8     0, 0.0     4,-0.7   0.832 113.1  63.1 -54.3 -34.2   11.5   -0.7    1.4               
  101  101 A L  H 3> S+     0   0  133      1,-0.2     4,-0.6     2,-0.2     3,-0.1   0.759  97.0  58.2 -63.8 -25.2   12.1   -3.0   -1.6               
  102  102 A V  H X> S+     0   0   32     -3,-1.7     4,-2.3     1,-0.2     3,-0.7   0.819  90.5  71.8 -75.8 -27.6   11.1   -6.0    0.5               
  103  103 A L  H <X S+     0   0   25     -3,-0.8     4,-3.0    -4,-0.7     5,-0.3   0.904  92.5  55.5 -55.5 -44.6    7.6   -4.4    1.2               
  104  104 A E  H 3X S+     0   0  145     -4,-0.7     4,-1.2     1,-0.2    -1,-0.2   0.855 111.2  45.3 -57.5 -35.2    6.5   -5.1   -2.4               
  105  105 A K  H <<>S+     0   0  141     -3,-0.7     5,-2.1    -4,-0.6    -2,-0.2   0.907 112.2  50.4 -74.2 -41.8    7.3   -8.8   -1.9               
  106  106 A L  H ><5S+     0   0    2     -4,-2.3     3,-2.0     1,-0.2    -2,-0.2   0.925 109.0  51.3 -62.2 -45.0    5.6   -8.9    1.6               
  107  107 A V  H 3<5S+     0   0   27     -4,-3.0    -1,-0.2     1,-0.3    -2,-0.2   0.855 103.3  60.4 -61.4 -34.1    2.4   -7.3    0.1               
  108  108 A G  T 3<5S-     0   0   65     -4,-1.2    -1,-0.3    -5,-0.3    -2,-0.2   0.527 128.6-101.7 -66.7  -6.2    2.6  -10.0   -2.6               
  109  109 A G  T < 5S+     0   0   44     -3,-2.0    -3,-0.2     1,-0.3     2,-0.2   0.640  73.1 146.6  89.1  17.9    2.3  -12.6    0.3               
  110  110 A A      < -     0   0   43     -5,-2.1    -1,-0.3     1,-0.1     2,-0.1  -0.564  48.8-116.5 -76.6 150.0    6.0  -13.6    0.5               
  111  111 A D        -     0   0   45     -2,-0.2     2,-0.7    56,-0.1    56,-0.2  -0.461  36.4 -97.5 -75.5 156.1    7.6  -14.6    3.9               
  112  112 A L  E     -G  166   0B   1     54,-1.8    54,-2.1    -2,-0.1    53,-1.8  -0.690  37.3-151.8 -81.7 114.0   10.4  -12.4    5.3               
  113  113 A M  E >   -G  164   0B  92     -2,-0.7     3,-2.2    51,-0.2     4,-0.3  -0.664  22.2-119.2 -81.3 141.6   13.8  -14.0    4.4               
  114  114 A L  G >  S+     0   0    0     49,-2.5     3,-1.8    -2,-0.3    48,-0.2   0.819 110.9  63.0 -54.7 -34.9   16.7  -13.3    6.8               
  115  115 A P  G 3  S+     0   0   89      0, 0.0    -1,-0.3     0, 0.0    47,-0.1   0.650  96.0  62.1 -64.3 -16.8   18.8  -11.6    4.1               
  116  116 A G  G <  S+     0   0   12     -3,-2.2   -17,-1.1     2,-0.1    -2,-0.2   0.606  85.6 102.2 -80.5 -14.1   16.1   -8.9    3.8               
  117  117 A L  E <   -F   98   0B  14     -3,-1.8     2,-0.6    -4,-0.3   -19,-0.3  -0.421  66.4-140.3 -71.8 145.3   16.6   -7.9    7.5               
  118  118 A V  E     -F   97   0B  30    -21,-3.0   -21,-0.5    -2,-0.1    -2,-0.1  -0.935  18.7-135.1-101.1 119.2   18.5   -4.8    8.5               
  119  119 A M        -     0   0  127     -2,-0.6     5,-0.1   -23,-0.1   -23,-0.0  -0.672  20.2-141.3 -72.9 114.7   20.7   -5.4   11.5               
  120  120 A P    >   -     0   0   40      0, 0.0     3,-2.0     0, 0.0     4,-0.0  -0.470  21.8-113.3 -71.2 155.8   20.2   -2.5   13.9               
  121  121 A P  T 3  S+     0   0  140      0, 0.0     3,-0.1     0, 0.0    -2,-0.0   0.791 118.0  57.0 -60.7 -26.4   23.4   -1.2   15.8               
  122  122 A A  T 3  S-     0   0   83      1,-0.2     2,-0.0     0, 0.0    -3,-0.0   0.439 116.0-113.5 -81.1  -2.6   21.7   -2.5   19.1               
  123  123 A G    <   -     0   0   35     -3,-2.0    -1,-0.2     2,-0.0     0, 0.0  -0.098  44.4 -49.2  84.9 167.4   21.4   -6.1   17.8               
  124  124 A L        -     0   0   24      1,-0.1   -28,-0.1    -3,-0.1    -5,-0.1  -0.519  62.1-100.9 -73.2 143.3   18.2   -8.1   16.9               
  125  125 A P        -     0   0   37      0, 0.0     2,-0.6     0, 0.0    -1,-0.1  -0.313  42.5-107.0 -54.9 140.9   15.3   -8.4   19.4               
  126  126 A Q        +     0   0  182     27,-0.1     2,-0.3    26,-0.1    26,-0.0  -0.669  53.9 160.4 -75.9 119.0   15.4  -11.7   21.4               
  127  127 A V        -     0   0    4     -2,-0.6    26,-2.4     4,-0.1    27,-0.3  -0.983  30.6-137.3-138.2 147.5   12.5  -14.0   20.1               
  128  128 A Q    >   -     0   0  124     -2,-0.3     3,-2.1    24,-0.2     2,-0.3  -0.610  44.4 -80.9 -93.3 160.5   11.8  -17.7   20.2               
  129  129 A K  T 3  S+     0   0  148      1,-0.3    21,-0.2    -2,-0.2    23,-0.1  -0.512 122.3  25.9 -61.4 124.8   10.5  -19.9   17.3               
  130  130 A G  T 3  S+     0   0   48     19,-2.6    -1,-0.3     1,-0.4    20,-0.1   0.176  91.0 134.6  98.3  -9.4    6.7  -19.3   17.2               
  131  131 A D    <   -     0   0   69     -3,-2.1    18,-2.8    18,-0.1     2,-0.4  -0.313  60.2-111.3 -70.6 150.5    6.9  -15.8   18.8               
  132  132 A L  E     - H   0 148B  30     16,-0.2     2,-0.3    -3,-0.1    16,-0.2  -0.698  40.8-175.9 -85.0 131.1    4.9  -12.9   17.3               
  133  133 A C  E     - H   0 147B   0     14,-3.1    14,-2.5    -2,-0.4     2,-0.3  -0.934  21.8-136.8-131.4 149.6    6.9  -10.1   15.7               
  134  134 A A  E     -eH  95 146B   0    -40,-2.7   -38,-2.8    -2,-0.3     2,-0.4  -0.763  15.6-149.0 -96.8 148.3    6.4   -6.8   14.0               
  135  135 A I  E     +eH  96 145B   0     10,-2.7     9,-2.7    -2,-0.3    10,-1.7  -0.989  19.0 179.4-121.2 123.3    8.3   -5.8   10.8               
  136  136 A S  E     -eH  97 143B   5    -40,-2.6   -38,-2.4    -2,-0.4     2,-0.3  -0.644  24.0-113.1-114.1 169.4    9.2   -2.1   10.2               
  137  137 A L  E >   -eH  98 140B  30      3,-0.9     3,-2.1     5,-0.5   -38,-0.2  -0.798  37.8 -91.9-101.9 151.2   11.0   -0.2    7.4               
  138  138 A V  T 3  S+     0   0   64    -40,-1.8    -1,-0.0    -2,-0.3     3,-0.0  -0.418 117.1  22.0 -54.0 124.8   14.3    1.6    7.4               
  139  139 A G  T 3  S+     0   0   65     -2,-0.1     2,-0.3    48,-0.0    -1,-0.2   0.199 116.3  69.8  94.2 -10.0   13.4    5.2    8.3               
  140  140 A N  E <   -H  137   0B  29     -3,-2.1    -3,-0.9    49,-0.1    49,-0.2  -0.953  56.8-160.8-141.3 124.5   10.0    4.6   10.0               
  141  141 A R  E     +     0   0B  57     47,-2.3    48,-0.1    -2,-0.3    -1,-0.1   0.704  63.3 110.0 -70.0 -20.4    9.4    2.8   13.3               
  142  142 A A  E    S-     0   0B   0     44,-0.4    -5,-0.5    46,-0.3     2,-0.1  -0.395  78.5-115.0 -61.2 122.5    5.7    2.2   12.4               
  143  143 A P  E     -H  136   0B   0      0, 0.0    -7,-0.3     0, 0.0    -1,-0.1  -0.361  29.7-176.0 -61.9 129.6    5.2   -1.6   11.7               
  144  144 A V  E     +     0   0B   3     -9,-2.7    28,-3.3     1,-0.2     2,-0.3   0.570  68.2  20.2 -99.3 -16.2    4.3   -2.4    8.1               
  145  145 A A  E     -HI 135 171B   0    -10,-1.7   -10,-2.7    26,-0.3     2,-0.4  -0.986  60.5-143.0-151.9 161.9    3.8   -6.2    8.7               
  146  146 A I  E     +HI 134 170B   0     24,-2.7    23,-2.2    -2,-0.3    24,-1.5  -0.993  31.8 156.8-127.2 131.0    3.1   -8.8   11.4               
  147  147 A G  E     -HI 133 168B   0    -14,-2.5   -14,-3.1    -2,-0.4     2,-0.4  -0.935  39.3-110.1-149.7 168.7    4.6  -12.3   11.3               
  148  148 A V  E     -HI 132 167B  32     19,-2.4    19,-2.8    -2,-0.3     2,-0.3  -0.906  39.7-111.2-105.2 131.5    5.6  -15.3   13.4               
  149  149 A A  E     - I   0 166B   2    -18,-2.8   -19,-2.6    -2,-0.4    17,-0.3  -0.445  24.7-169.7 -62.5 121.6    9.3  -16.1   14.0               
  150  150 A A  S    S+     0   0   31     15,-2.9     2,-0.3    -2,-0.3    16,-0.2   0.677  76.0  26.0 -83.5 -19.9   10.2  -19.3   12.1               
  151  151 A M  S    S-     0   0   42     14,-0.8   -21,-0.2   -23,-0.1     2,-0.1  -0.928  88.7-104.4-137.8 154.7   13.6  -19.4   13.9               
  152  152 A S     >  -     0   0   12     -2,-0.3     4,-2.5   -23,-0.1   -24,-0.2  -0.446  36.7-108.8 -74.2 158.9   15.0  -18.2   17.3               
  153  153 A T  H  > S+     0   0   12    -26,-2.4     4,-1.7     1,-0.2     5,-0.1   0.878 122.8  53.2 -56.6 -35.4   17.2  -15.0   17.4               
  154  154 A A  H  > S+     0   0   62    -27,-0.3     4,-2.8     2,-0.2    -1,-0.2   0.960 109.9  45.9 -63.5 -48.5   20.1  -17.4   18.2               
  155  155 A E  H  > S+     0   0   89      1,-0.2     4,-2.3     2,-0.2    -2,-0.2   0.858 109.7  55.6 -62.9 -36.6   19.4  -19.6   15.2               
  156  156 A M  H  <>S+     0   0    0     -4,-2.5     5,-2.3     2,-0.2     6,-0.3   0.891 112.5  42.3 -62.3 -39.7   19.1  -16.5   12.9               
  157  157 A L  H ><5S+     0   0  100     -4,-1.7     3,-1.7    -3,-0.2    -2,-0.2   0.935 114.3  49.9 -73.0 -45.5   22.6  -15.4   14.0               
  158  158 A T  H 3<5S+     0   0  128     -4,-2.8    -2,-0.2     1,-0.3    -3,-0.2   0.850 107.0  55.8 -64.0 -34.2   24.1  -18.9   13.8               
  159  159 A S  T 3<5S-     0   0   39     -4,-2.3     3,-0.5    -5,-0.2    -1,-0.3   0.438 114.4-118.4 -74.7  -0.3   22.7  -19.4   10.2               
  160  160 A G  T < 5 -     0   0   51     -3,-1.7    -3,-0.2     1,-0.2    -2,-0.1   0.874  67.4 -61.0  62.6  36.6   24.4  -16.1    9.2               
  161  161 A L  S   <S+     0   0   42     -5,-2.3     2,-0.4     1,-0.2    -1,-0.2   0.823 102.2 140.1  56.2  39.2   21.0  -14.5    8.4               
  162  162 A K        +     0   0  157     -3,-0.5     2,-0.2    -6,-0.3    -1,-0.2  -0.931  42.7  17.5-112.3 136.2   20.2  -17.2    5.7               
  163  163 A G  S    S-     0   0   32     -2,-0.4   -49,-2.5     0, 0.0     2,-0.7  -0.677 103.8 -22.4 109.5-167.6   16.8  -18.8    5.2               
  164  164 A R  E     +G  113   0B 139    -51,-0.2   -51,-0.2    -2,-0.2     3,-0.1  -0.775  52.8 173.4 -83.8 115.3   13.2  -18.0    6.2               
  165  165 A G  E     +     0   0B   0    -53,-1.8   -15,-2.9    -2,-0.7   -14,-0.8   0.902  62.3  14.7 -87.0 -46.9   13.1  -15.7    9.2               
  166  166 A F  E     -GI 112 149B   0    -54,-2.1   -54,-1.8   -17,-0.3     2,-0.6  -0.992  60.5-135.9-139.1 136.9    9.4  -14.9    9.6               
  167  167 A S  E     - I   0 148B  46    -19,-2.8   -19,-2.4    -2,-0.4     2,-0.6  -0.819  33.7-132.5 -89.5 122.7    6.0  -16.2    8.3               
  168  168 A V  E     + I   0 147B  13     -2,-0.6   -21,-0.3   -21,-0.2     3,-0.1  -0.641  33.3 167.9 -90.9 118.6    3.9  -13.1    7.3               
  169  169 A L  E     +     0   0B  23    -23,-2.2  -167,-0.9    -2,-0.6     2,-0.3   0.934  67.6   8.8 -89.1 -52.1    0.3  -13.0    8.5               
  170  170 A H  E     - I   0 146B   0    -24,-1.5   -24,-2.7  -169,-0.2     2,-0.3  -0.978  64.1-174.7-139.8 140.6   -0.8   -9.4    7.8               
  171  171 A T  E >   - I   0 145B   5     -2,-0.3     3,-1.8   -26,-0.2     6,-0.5  -0.969  36.8 -94.7-132.8 153.4    0.7   -6.5    5.9               
  172  172 A Y  T 3  S+     0   0   26    -28,-3.3     3,-0.1    -2,-0.3   -28,-0.1  -0.354 115.4  25.6 -50.9 141.0    0.1   -2.8    5.2               
  173  173 A Q  T 3  S+     0   0   80      1,-0.2    -1,-0.2     2,-0.0    11,-0.0   0.369  95.3 125.2  68.1   2.1   -1.7   -2.6    1.8               
  174  174 A D  S <> S-     0   0    4     -3,-1.8     4,-2.6     1,-0.1    -1,-0.2  -0.165  80.7 -94.7 -76.3 177.2   -3.2   -6.2    2.1               
  175  175 A H  T  4 S+     0   0   54   -173,-2.4     4,-0.4     2,-0.2  -172,-0.1   0.776 124.4  53.4 -66.9 -25.6   -7.0   -6.9    1.9               
  176  176 A L  T >4 S+     0   0    1      2,-0.2     3,-1.2  -174,-0.2     4,-0.5   0.946 111.2  44.9 -75.2 -45.4   -7.5   -6.7    5.7               
  177  177 A W  G >4>S+     0   0   23     -6,-0.5     3,-2.0     1,-0.3     5,-0.7   0.943 109.2  58.0 -59.5 -43.3   -5.8   -3.2    5.9               
  178  178 A R  G 3<5S+     0   0  109     -4,-2.6    -1,-0.3     1,-0.3    -2,-0.2   0.648  96.7  63.9 -60.5 -19.0   -7.9   -2.2    2.8               
  179  179 A S  G < 5S+     0   0   62     -3,-1.2    -1,-0.3    -4,-0.4    -2,-0.2   0.628 101.8  58.2 -80.5 -16.3  -11.1   -3.1    4.8               
  180  180 A G  T < 5S-     0   0   14     -3,-2.0  -111,-0.2    -4,-0.5  -112,-0.1   0.065 120.3 -60.7 -87.7-155.3  -10.3   -0.3    7.4               
  181  181 A N  T   5 -     0   0   81      1,-0.1    -3,-0.1    -2,-0.0  -112,-0.1   0.445  63.0-127.1 -72.8  -3.0   -9.8    3.5    6.8               
  182  182 A K      < +     0   0   84     -5,-0.7     2,-0.1     1,-0.2    -4,-0.1   0.725  46.3 170.1  57.5  27.9   -6.8    2.9    4.5               
  183  183 A S        -     0   0   51     -6,-0.1    -1,-0.2     1,-0.1    -3,-0.1  -0.421  34.4-118.2 -63.4 140.8   -4.5    5.3    6.5               
  184  184 A S        -     0   0   82      1,-0.1    -1,-0.1    -2,-0.1     0, 0.0  -0.423  43.6 -84.4 -68.3 153.0   -0.8    5.4    5.6               
  185  185 A P        -     0   0   28      0, 0.0    -1,-0.1     0, 0.0   -41,-0.1  -0.398  52.1-110.0 -58.6 134.8    1.7    4.3    8.4               
  186  186 A P        -     0   0   53      0, 0.0     2,-1.4     0, 0.0   -44,-0.4  -0.349  28.4-109.5 -63.4 147.1    2.4    7.3   10.7               
  187  187 A S        -     0   0  122    -46,-0.1     2,-0.6   -47,-0.1   -47,-0.1  -0.676  43.3-177.3 -77.9  91.2    6.0    8.8   10.5               
  188  188 A I        -     0   0   40     -2,-1.4   -47,-2.3     3,-0.0   -46,-0.3  -0.869  26.2-124.4 -93.8 117.6    7.3    7.6   13.9               
  189  189 A A        -     0   0   76     -2,-0.6     2,-0.1   -49,-0.2   -49,-0.1  -0.307  27.6-106.9 -56.8 136.8   10.9    8.9   14.4               
  190  190 A P        -     0   0   85      0, 0.0     2,-0.7     0, 0.0    -1,-0.1  -0.475  41.3-102.7 -57.4 136.4   13.5    6.2   15.1               
  191  191 A L        -     0   0  138     -2,-0.1     2,-0.6    -3,-0.1    -3,-0.0  -0.567  36.7-140.1 -61.7 108.4   14.6    6.3   18.8               
  192  192 A A        -     0   0   90     -2,-0.7     2,-0.6    -3,-0.0    -1,-0.1  -0.694   7.5-139.9 -67.2 114.3   17.9    8.1   18.7               
  193  193 A L        -     0   0  135     -2,-0.6     2,-0.3     1,-0.1    -1,-0.0  -0.789  34.9-106.7 -66.3 118.1   20.2    6.4   21.2               
  194  194 A D        +     0   0  163     -2,-0.6     2,-0.2     1,-0.1    -1,-0.1  -0.365  50.1 169.1 -48.1 106.5   22.1    9.4   22.6               
  195  195 A S        +     0   0  104     -2,-0.3     2,-0.2     3,-0.0     3,-0.1  -0.723   5.2 177.5-127.1  78.2   25.6    9.2   21.2               
  196  196 A A        +     0   0   87     -2,-0.2     0, 0.0     1,-0.2     0, 0.0  -0.523  55.8  49.0 -49.3 144.6   27.2   12.4   22.0               
  197  197 A D        +     0   0  149     -2,-0.2    -1,-0.2     1,-0.0     0, 0.0   0.977  49.0 120.3  73.6  77.3   30.8   12.2   20.6               
  198  198 A L        -     0   0  172     -3,-0.1    -1,-0.0     0, 0.0    -3,-0.0  -0.386  59.6-132.0-145.1  76.7   31.8   11.1   17.2               
  199  199 A S        -     0   0  104      1,-0.2     2,-0.6     0, 0.0     0, 0.0   0.375   6.3-116.8  17.9 111.3   33.7   14.1   15.8               
  200  200 A E        +     0   0  199      0, 0.0     2,-0.2     0, 0.0    -1,-0.2  -0.622  48.4 159.0 -56.6 110.3   33.4   15.8   12.5               
  201  201 A E        +     0   0  140     -2,-0.6     0, 0.0     1,-0.2     0, 0.0  -0.769  27.1  17.0-144.4 120.2   36.8   15.3   10.8               
  202  202 A K        -     0   0  175     -2,-0.2    -1,-0.2     2,-0.0     0, 0.0   0.910  46.0-101.3  75.4 120.8   37.6   15.5    7.1               
  203  203 A G        -     0   0   73      1,-0.1    -2,-0.0     0, 0.0     0, 0.0   0.649  29.6 -72.3 115.7 105.3   37.3   16.2    4.1               
  204  204 A S        +     0   0  119      0, 0.0     2,-0.3     0, 0.0    -1,-0.1  -0.154  30.2 164.1 -42.0 132.7   36.7   15.6    0.4               
  205  205 A V        -     0   0  149      0, 0.0     2,-0.1     0, 0.0     0, 0.0  -0.902  30.0-125.8-147.6 140.0   38.7   13.7   -2.2               
  206  206 A Q        -     0   0  174     -2,-0.3     0, 0.0     1,-0.1     0, 0.0  -0.315  23.8 -50.0 -75.5 147.6   37.2   12.6   -5.6               
  207  207 A M        +     0   0  169     -2,-0.1    -1,-0.1     0, 0.0     2,-0.1   0.706  24.9 159.0  52.8 113.0   36.6   10.0   -8.1               
  208  208 A D        -     0   0  148      0, 0.0     0, 0.0     0, 0.0     0, 0.0  -0.022  18.3-159.1 175.0 116.8   37.4    7.1  -10.2               
  209  209 A S        +     0   0   92     -2,-0.1     0, 0.0     0, 0.0     0, 0.0   0.514  21.4  91.3  75.4 126.0   35.8    4.4  -11.9               
  210  210 A T        +     0   0  121      0, 0.0     0, 0.0     0, 0.0     0, 0.0   0.653  24.6  85.7  96.6 139.3   35.9    1.0  -13.5               
  211  211 A L        -     0   0  157      0, 0.0     2,-0.1     0, 0.0     0, 0.0   0.896  28.2-173.5  91.4  94.0   35.7   -2.9  -13.6               
  212  212 A Q        +     0   0  192      0, 0.0     0, 0.0     0, 0.0     0, 0.0   0.129  19.5 107.8  73.3 116.7   33.1   -5.0  -14.1               
  213  213 A G        +     0   0   74     -2,-0.1     0, 0.0     0, 0.0     0, 0.0   0.510  21.8  56.2  85.6 140.8   32.6   -8.9  -13.9               
  214  214 A D        -     0   0  167      0, 0.0     2,-0.1     0, 0.0     0, 0.0   0.735  19.0-165.1-166.8 168.5   31.6  -11.7  -12.9               
  215  215 A M        +     0   0  136      1,-0.0     0, 0.0     0, 0.0     0, 0.0  -0.377  33.5  22.8 -79.9 152.9   29.1  -14.3  -11.8               
  216  216 A R        +     0   0  209     -2,-0.1     2,-0.0     1,-0.0    -1,-0.0   0.958  19.9 135.7  82.4 120.8   28.7  -17.8  -10.0               
  217  217 A H        -     0   0  169      0, 0.0    -1,-0.0     0, 0.0     2,-0.0   0.028  22.5-163.7 175.4 114.9   29.3  -20.8   -7.9               
  218  218 A M        +     0   0  157     -2,-0.0     2,-0.0     2,-0.0     0, 0.0   0.168  18.0 127.3  43.9 118.3   27.5  -22.9   -5.6               
  219  219 A T        -     0   0  112     -2,-0.0     2,-0.0     0, 0.0     0, 0.0   0.472  17.2-166.8-174.9 164.3   27.6  -25.2   -3.2               
  220  220 A L        +     0   0  160     -2,-0.0    -2,-0.0     0, 0.0     2,-0.0  -0.019  13.7 157.4 -72.0 178.1   26.6  -26.5    0.4               
  221  221 A E        +     0   0  194     -2,-0.0     0, 0.0     0, 0.0     0, 0.0   0.397  19.2  74.4 114.0 129.9   27.5  -29.3    3.0               
  222  222 A G        -     0   0   64     -2,-0.0     0, 0.0     0, 0.0     0, 0.0   0.755  24.3-145.0 177.0 148.8   27.4  -30.1    6.2               
  223  223 A E        -     0   0  172      0, 0.0     0, 0.0     0, 0.0     0, 0.0   0.953  11.9-141.3  70.4 113.6   26.8  -31.1    9.8               
  224  224 A E        -     0   0  160      0, 0.0     0, 0.0     0, 0.0     0, 0.0   0.969   9.3-140.9  95.5 140.8   26.9  -31.3   13.4               
  225  225 A E        -     0   0  146      0, 0.0     0, 0.0     0, 0.0     0, 0.0   0.855  18.5 -30.2-176.7 157.6   26.9  -31.7   16.7               
  226  226 A N        +     0   0  145      0, 0.0     0, 0.0     0, 0.0     0, 0.0   0.889  18.9 113.7  58.9 141.8   26.5  -31.4   20.5               
  227  227 A G        -     0   0   60      0, 0.0     0, 0.0     0, 0.0     0, 0.0   0.887  10.1-148.3-172.9 157.8   26.1  -30.4   23.7               
  228  228 A E        +     0   0  194      0, 0.0     0, 0.0     0, 0.0     0, 0.0   0.887   9.5  33.7  78.2 133.4   25.0  -29.5   27.0               
  229  229 A V        +     0   0   96      0, 0.0     0, 0.0     0, 0.0     0, 0.0   0.915  20.0  54.4-166.1 168.1   24.3  -28.3   30.2               
  230  230 A H        -     0   0  148      0, 0.0     0, 0.0     0, 0.0     0, 0.0   0.851  17.6-173.6  96.5 109.8   23.5  -26.4   33.5               
  231  231 A Q        +     0   0  173      0, 0.0     0, 0.0     0, 0.0     0, 0.0   0.713   8.7 171.3  98.1 138.5   21.7  -24.2   35.4               
  232  232 A A        -     0   0   93      0, 0.0     0, 0.0     0, 0.0     0, 0.0   0.717  19.7-148.9 105.8 102.1   20.9  -22.1   38.5               
  233  233 A R        +     0   0  202      0, 0.0     0, 0.0     0, 0.0     0, 0.0   0.768  12.3  59.2  98.1 113.2   18.8  -19.7   39.7               
  234  234 A E        +     0   0  132      0, 0.0     0, 0.0     0, 0.0     0, 0.0   0.936  11.1  80.0  78.9 135.0   17.2  -16.9   41.5               
  235  235 A D        -     0   0  108      0, 0.0     0, 0.0     0, 0.0     0, 0.0   0.822  12.0-154.4-170.2 152.7   16.1  -14.3   42.9               
  236  236 A K        +     0   0  176      0, 0.0     0, 0.0     0, 0.0     0, 0.0   0.681   5.3 162.8  34.9 143.4   14.4  -11.0   43.6               
  237  237 A S        -     0   0   90      0, 0.0     0, 0.0     0, 0.0     0, 0.0   0.841   9.0-119.8 171.5 149.9   13.5   -8.1   44.9               
  238  238 A L        -     0   0  153      0, 0.0     0, 0.0     0, 0.0     0, 0.0   0.957  10.2-130.2  70.9 115.1   12.0   -4.7   45.5               
  239  239 A S        -     0   0   94      0, 0.0     0, 0.0     0, 0.0     0, 0.0   0.947  11.4-165.8  83.4 141.1   11.5   -1.2   46.2               
  240  240 A E        -     0   0  177      0, 0.0     0, 0.0     0, 0.0     0, 0.0   0.766  19.1-120.9-172.1 130.5   10.8    1.8   47.2               
  241  241 A A        -     0   0   94      1,-0.0     2,-0.0     2,-0.0     0, 0.0   0.870  21.0 -81.7  52.6 170.2   10.8    5.6   46.8               
  242  242 A P        -     0   0  118      0, 0.0     2,-0.3     0, 0.0    -1,-0.0  -0.073   4.3-130.1-131.0 173.6   11.6    9.0   47.8               
  243  243 A E        -     0   0  197     -2,-0.0    -2,-0.0     2,-0.0     0, 0.0  -0.980  32.4-129.8-146.4 145.8   11.8   12.5   49.4               
  244  244 A D        +     0   0  155     -2,-0.3     0, 0.0     0, 0.0     0, 0.0   0.036  21.4 171.4 -59.4 161.8   12.1   16.1   48.0               
  245  245 A T        -     0   0  127      0, 0.0    -2,-0.0     0, 0.0     0, 0.0   0.124  18.2-150.1 178.1 113.0   13.9   19.3   48.1               
  246  246 A S        +     0   0   96      0, 0.0     0, 0.0     0, 0.0     0, 0.0   0.473  15.6 169.3  22.3 135.1   14.1   22.4   46.0               
  247  247 A T        -     0   0  129      0, 0.0     0, 0.0     0, 0.0     0, 0.0   0.382  21.9 -89.8-178.4 143.4   15.6   25.2   44.8               
  248  248 A R        +     0   0  249      0, 0.0     0, 0.0     0, 0.0     0, 0.0   0.968  28.5 142.5  67.2 122.1   15.7   28.2   42.4               
  249  249 A G        -     0   0   70      0, 0.0     0, 0.0     0, 0.0     0, 0.0   0.319  45.8 -62.0 164.9  85.5   16.5   29.9   39.1               
  250  250 A L        -     0   0  159      0, 0.0     0, 0.0     0, 0.0     0, 0.0   0.982  42.3 -62.3  76.2 103.2   14.6   32.5   37.0               
  251  251 A N        +     0   0  140      0, 0.0     2,-0.1     0, 0.0     0, 0.0   0.751  33.6 124.6  50.9 109.9   11.8   33.7   34.8               
  252  252 A Q        -     0   0  186      1,-0.0     0, 0.0     0, 0.0     0, 0.0  -0.166  60.3  -6.0-179.4 137.1    9.5   33.8   32.0               
  253  253 A D        -     0   0  159      1,-0.1     2,-0.4    -2,-0.1    -1,-0.0   0.983  48.9-140.3  71.8 106.5    5.7   33.7   31.4               
  254  254 A S        +     0   0  108      1,-0.1    -1,-0.1     3,-0.0     3,-0.0  -0.689  55.6  97.6 -78.4 118.3    2.7   33.2   33.8               
  255  255 A T        +     0   0  128     -2,-0.4     2,-0.8     3,-0.0     3,-0.2   0.338  46.8 101.3-170.3  16.2   -0.5   31.2   33.1               
  256  256 A D        +     0   0  163      1,-0.2    -2,-0.0     0, 0.0     3,-0.0  -0.512  50.1  93.7-107.7  70.9   -0.4   27.5   34.6               
  257  257 A S        +     0   0  117     -2,-0.8     2,-0.5     2,-0.1    -1,-0.2   0.061  50.4 113.6-141.3  31.5   -2.4   27.5   37.9               
  258  258 A K        -     0   0   94     -3,-0.2     2,-0.0     2,-0.0    -3,-0.0  -0.904  64.8-122.0-102.3 132.0   -6.0   26.4   36.8               
  259  259 A T     >  -     0   0   81     -2,-0.5     4,-2.1     1,-0.1     3,-0.4  -0.310  29.5-108.0 -63.3 150.5   -7.4   23.1   38.0               
  260  260 A L  H  > S+     0   0  137      1,-0.2     4,-1.0     2,-0.2    -1,-0.1   0.769 121.1  54.4 -53.2 -27.7   -8.5   20.6   35.3               
  261  261 A Q  H  > S+     0   0  105      2,-0.2     4,-2.1     1,-0.1    52,-0.4   0.918 106.0  49.4 -73.6 -43.3  -12.2   21.3   36.3               
  262  262 A E  H  > S+     0   0   96     -3,-0.4     4,-2.7     1,-0.2     5,-0.2   0.892 108.7  54.2 -64.1 -37.6  -11.8   25.1   35.8               
  263  263 A Q  H  X S+     0   0   58     -4,-2.1     4,-1.8     1,-0.2    -1,-0.2   0.854 110.8  45.9 -63.2 -35.7  -10.3   24.6   32.4               
  264  264 A M  H  X S+     0   0   40     -4,-1.0     4,-2.1    -5,-0.2    -2,-0.2   0.841 111.9  50.9 -76.1 -34.8  -13.3   22.5   31.4               
  265  265 A D  H  X S+     0   0   23     -4,-2.1     4,-2.5     2,-0.2    -2,-0.2   0.918 111.1  48.3 -67.2 -42.9  -15.8   25.0   32.8               
  266  266 A E  H  X S+     0   0   78     -4,-2.7     4,-2.9     2,-0.2    -2,-0.2   0.937 112.7  48.8 -62.0 -45.4  -14.0   27.9   30.9               
  267  267 A L  H  X S+     0   0    2     -4,-1.8     4,-2.9     2,-0.2     5,-0.2   0.889 111.0  50.5 -58.6 -42.9  -14.2   25.7   27.7               
  268  268 A L  H  X S+     0   0    2     -4,-2.1     4,-2.0     2,-0.2    -2,-0.2   0.919 113.4  44.8 -64.0 -43.8  -17.9   25.0   28.3               
  269  269 A Q  H  X S+     0   0   59     -4,-2.5     4,-2.6     2,-0.2     5,-0.2   0.906 114.6  49.2 -66.5 -41.6  -18.6   28.7   28.7               
  270  270 A Q  H  X S+     0   0   87     -4,-2.9     4,-2.7     2,-0.2     5,-0.2   0.947 113.1  45.7 -63.1 -48.3  -16.5   29.6   25.7               
  271  271 A C  H  X S+     0   0    2     -4,-2.9     4,-2.4     2,-0.2    -1,-0.2   0.865 113.9  51.2 -63.5 -36.4  -18.2   26.9   23.4               
  272  272 A F  H  X S+     0   0    1     -4,-2.0     4,-2.3    -5,-0.2    -2,-0.2   0.948 113.1  42.9 -64.2 -50.0  -21.6   28.1   24.8               
  273  273 A L  H  X S+     0   0   22     -4,-2.6     4,-2.6     2,-0.2    -2,-0.2   0.892 116.0  49.5 -66.0 -38.4  -21.0   31.8   24.0               
  274  274 A H  H  X S+     0   0   44     -4,-2.7     4,-2.4    -5,-0.2     5,-0.4   0.924 110.6  50.1 -65.7 -43.5  -19.5   30.9   20.6               
  275  275 A A  H  X>S+     0   0    0     -4,-2.4     4,-1.7    -5,-0.2     5,-0.9   0.911 113.6  46.2 -60.8 -43.5  -22.5   28.7   19.8               
  276  276 A L  H  X5S+     0   0    1     -4,-2.3     4,-0.9     3,-0.2    -2,-0.2   0.965 116.5  43.6 -62.9 -51.3  -24.9   31.5   20.7               
  277  277 A K  H  <5S+     0   0   91     -4,-2.6    -2,-0.2     1,-0.2    -1,-0.2   0.837 126.7  26.4 -67.2 -37.6  -23.0   34.2   18.8               
  278  278 A C  H  <5S+     0   0   67     -4,-2.4    -1,-0.2    -5,-0.2    -3,-0.2   0.691 130.4  25.4-100.4 -25.8  -22.3   32.3   15.5               
  279  279 A R  H  <5S+     0   0  145     -4,-1.7     2,-0.5    -5,-0.4    -3,-0.2   0.680  93.6  83.6-124.7 -21.7  -25.0   29.6   15.1               
  280  280 A V     << -     0   0    9     -5,-0.9     2,-0.3    -4,-0.9    -1,-0.1  -0.788  51.0-173.6 -94.4 123.4  -28.3   30.5   17.0               
  281  281 A K    >   -     0   0  151     -2,-0.5     3,-2.1     1,-0.1     4,-0.4  -0.815  38.9-113.6-103.8 156.8  -30.9   32.8   15.1               
  282  282 A K  G >  S+     0   0  169     -2,-0.3     3,-0.7     1,-0.3    -1,-0.1   0.754 117.2  62.9 -54.5 -26.4  -34.1   34.2   16.7               
  283  283 A A  G 3  S+     0   0   91      1,-0.2    -1,-0.3     3,-0.0    -3,-0.0   0.624  92.5  62.5 -73.6 -17.3  -35.9   31.9   14.1               
  284  284 A D  G <  S+     0   0   71     -3,-2.1    -1,-0.2     3,-0.0    -2,-0.2   0.527  82.5 141.5 -90.2  -7.3  -34.5   28.7   15.7               
  285  285 A L    <   +     0   0   41     -3,-0.7    58,-0.1    -4,-0.4     2,-0.0  -0.676  49.1  50.5 -85.8 135.9  -36.2   29.2   19.1               
  286  286 A P  S    S-     0   0   75      0, 0.0     2,-0.4     0, 0.0    57,-0.2   0.167  83.9-173.0 -79.9 127.6  -37.5   27.1   20.9               
  287  287 A L  E     -J  342   0C  18     55,-2.2    55,-2.7     1,-0.0     2,-0.3  -0.742  25.3-120.3 -90.4 130.4  -34.2   25.1   20.5               
  288  288 A L  E >>  -J  341   0C  64     -2,-0.4     4,-2.4    53,-0.2     3,-0.7  -0.501  19.0-130.3 -66.5 131.3  -34.1   21.6   22.0               
  289  289 A T  H 3> S+     0   0   13     51,-1.7     4,-2.1    -2,-0.3     5,-0.2   0.829 108.0  52.2 -55.0 -36.2  -31.2   21.3   24.6               
  290  290 A S  H 3> S+     0   0   76     50,-0.3     4,-2.5     2,-0.2    -1,-0.3   0.868 110.0  48.2 -69.6 -35.8  -29.9   18.1   22.9               
  291  291 A T  H <>>S+     0   0   57     -3,-0.7     4,-2.8     2,-0.2     5,-0.6   0.886 110.0  52.9 -70.8 -38.2  -29.7   19.8   19.5               
  292  292 A F  I  X>S+     0   0    1     -4,-2.4     5,-2.3     2,-0.2     4,-1.3   0.945 116.1  38.5 -63.8 -45.4  -28.0   22.9   21.0               
  293  293 A L  I  <>S+     0   0   28     -4,-2.1     5,-1.9     3,-0.2    -2,-0.2   0.953 123.0  43.1 -64.9 -49.6  -25.3   20.6   22.6               
  294  294 A G  I  <5S+     0   0   41     -4,-2.5    -2,-0.2    -5,-0.2    -3,-0.2   0.901 127.5  23.2 -64.5 -50.6  -25.1   18.3   19.6               
  295  295 A S  I  <5S+     0   0   70     -4,-2.8    -3,-0.2    -5,-0.2    -1,-0.2   0.689 133.7  26.5 -98.9 -24.1  -25.1   20.7   16.6               
  296  296 A H  I  <<S+     0   0   29     -4,-1.3     4,-0.3    -5,-0.6    -3,-0.2   0.831 120.3  42.3-111.1 -49.9  -23.9   24.0   18.0               
  297  297 A M  I > <S+     0   0    0     -5,-2.3     3,-1.2     1,-0.2    -3,-0.2   0.933 117.4  44.5 -71.1 -45.3  -21.6   23.4   21.1               
  298  298 A F  G > <S+     0   0  101     -5,-1.9     3,-1.2     1,-0.2    -1,-0.2   0.858 109.2  58.4 -66.7 -31.5  -19.5   20.5   19.7               
  299  299 A S  G 3  S+     0   0   62      1,-0.2    -1,-0.2    -6,-0.2    -2,-0.2   0.527 105.8  51.4 -69.6 -10.2  -19.2   22.3   16.3               
  300  300 A C  G <  S+     0   0   17     -3,-1.2    -1,-0.2    -4,-0.3    -2,-0.2   0.140  78.1 118.7-116.9  12.3  -17.5   25.2   18.2               
  301  301 A C  S <  S-     0   0   31     -3,-1.2     3,-0.1     1,-0.1   -33,-0.0  -0.718  71.2-111.2 -80.7 130.5  -14.8   23.3   20.1               
  302  302 A P    >   -     0   0   67      0, 0.0     3,-2.0     0, 0.0    -2,-0.1  -0.337  45.7 -85.7 -60.9 142.9  -11.2   24.3   19.2               
  303  303 A E  T 3  S+     0   0  207      1,-0.2     3,-0.1     3,-0.0     0, 0.0  -0.247 115.8  24.5 -53.0 124.0   -9.2   21.6   17.4               
  304  304 A G  T 3  S+     0   0   87      1,-0.2     2,-0.4    -3,-0.1    -1,-0.2   0.301 100.5  95.0  98.4  -4.2   -7.5   19.3   19.9               
  305  305 A R    <   -     0   0  138     -3,-2.0     2,-0.5   -38,-0.0    -1,-0.2  -0.958  57.9-151.4-116.3 135.1  -10.0   19.7   23.0               
  306  306 A Q        -     0   0  175     -2,-0.4     2,-1.0    -3,-0.1    -8,-0.0  -0.909  16.9-132.4-102.2 124.0  -13.0   17.4   23.7               
  307  307 A L        +     0   0   17     -2,-0.5     2,-0.7    -9,-0.1     3,-0.1  -0.618  29.2 178.2 -73.4 101.4  -15.9   19.0   25.6               
  308  308 A D    >>  -     0   0   60     -2,-1.0     3,-2.0     1,-0.1     4,-0.7  -0.850  16.0-169.0-108.5 100.6  -16.8   16.5   28.4               
  309  309 A I  T 34 S+     0   0   24     -2,-0.7     6,-0.5     1,-0.3    -1,-0.1   0.666  87.5  64.4 -59.9 -16.4  -19.7   17.9   30.5               
  310  310 A K  T 34 S+     0   0  150      1,-0.2    -1,-0.3     4,-0.1    -3,-0.0   0.735 100.4  49.9 -79.6 -21.7  -18.9   15.1   33.1               
  311  311 A K  T <4 S+     0   0  131     -3,-2.0   -47,-0.2   -47,-0.1    -2,-0.2   0.546  96.7  90.7 -91.2 -11.2  -15.4   16.7   33.8               
  312  312 A S  S >< S-     0   0    2     -4,-0.7     3,-1.0   -48,-0.2   -50,-0.1  -0.376  91.9-111.1 -76.8 159.6  -17.0   20.1   34.3               
  313  313 A S  T 3  S+     0   0   61    -52,-0.4    -1,-0.1     1,-0.2   -51,-0.1   0.795 116.5  62.8 -61.0 -25.4  -18.2   21.4   37.8               
  314  314 A Y  T 3  S-     0   0   33      1,-0.1     2,-0.7     3,-0.0    -1,-0.2   0.773  77.0-169.0 -73.1 -28.7  -21.8   21.2   36.5               
  315  315 A K  S <  S+     0   0  145     -3,-1.0     2,-0.3    -6,-0.5    -1,-0.1   0.213  70.1  52.2  56.0 -16.1  -21.7   17.3   36.0               
  316  316 A K  S >> S-     0   0  141     -2,-0.7     4,-1.5     1,-0.1     3,-0.5  -0.984  80.4-131.4-146.2 139.1  -25.1   17.6   34.1               
  317  317 A L  H 3> S+     0   0   31     -2,-0.3     4,-2.7     1,-0.2     5,-0.2   0.869 107.3  59.7 -59.9 -38.4  -26.2   19.9   31.2               
  318  318 A S  H 3> S+     0   0   44      1,-0.2     4,-2.2     2,-0.2    -1,-0.2   0.869 103.8  50.6 -61.6 -36.1  -29.4   20.9   33.1               
  319  319 A K  H <> S+     0   0  126     -3,-0.5     4,-1.9    -5,-0.2    -1,-0.2   0.895 111.3  48.7 -68.3 -38.9  -27.3   22.3   36.0               
  320  320 A F  H  X S+     0   0    0     -4,-1.5     4,-2.4     2,-0.2    -2,-0.2   0.942 112.5  47.2 -63.9 -46.7  -25.2   24.4   33.5               
  321  321 A L  H  X S+     0   0    1     -4,-2.7     4,-1.7     1,-0.2    -2,-0.2   0.871 109.7  53.7 -66.5 -34.9  -28.3   25.7   31.7               
  322  322 A Q  H  X S+     0   0  102     -4,-2.2     4,-2.1    -5,-0.2    -1,-0.2   0.900 109.1  49.6 -63.0 -39.9  -29.9   26.6   35.1               
  323  323 A Q  H  X S+     0   0   67     -4,-1.9     4,-2.2     2,-0.2    -2,-0.2   0.944 110.7  49.0 -62.3 -46.5  -26.8   28.6   36.0               
  324  324 A M  H  <>S+     0   0    4     -4,-2.4     5,-2.1     1,-0.2     6,-1.1   0.784 111.3  51.2 -65.7 -26.4  -27.0   30.4   32.6               
  325  325 A Q  H ><5S+     0   0   82     -4,-1.7     3,-1.3     4,-0.2    -1,-0.2   0.855 107.6  51.2 -75.4 -37.8  -30.7   31.1   33.3               
  326  326 A Q  H 3<5S+     0   0  147     -4,-2.1    -2,-0.2     1,-0.3    -3,-0.2   0.879 108.2  53.3 -64.0 -35.7  -29.8   32.6   36.8               
  327  327 A E  T 3<5S-     0   0   44     -4,-2.2    -1,-0.3    -5,-0.1    -2,-0.2   0.347 114.8-123.9 -76.6   4.6  -27.2   34.8   34.9               
  328  328 A Q  T < 5S+     0   0  152     -3,-1.3    -3,-0.2     2,-0.2    18,-0.2   0.618  79.7 118.7  59.2  20.2  -30.2   35.9   32.7               
  329  329 A I  S   <S+     0   0    2     -5,-2.1    17,-2.4     1,-0.2     2,-0.3   0.870  79.5  13.5 -79.4 -38.1  -28.3   34.8   29.5               
  330  330 A I  E     -K  345   0C   7     -6,-1.1     2,-0.5    15,-0.2    15,-0.2  -0.944  63.6-137.5-135.2 157.6  -31.0   32.2   28.5               
  331  331 A Q  E     -K  344   0C  89     13,-2.8    12,-2.9    -2,-0.3    13,-1.3  -0.969  23.2-166.8-116.2 116.3  -34.6   31.2   29.3               
  332  332 A V  E     +K  342   0C  20     -2,-0.5     2,-0.3    10,-0.2    10,-0.2  -0.845   7.5 179.2-103.1 134.0  -35.2   27.5   29.6               
  333  333 A K  E     -K  341   0C 109      8,-2.7     8,-2.4    -2,-0.4     2,-0.9  -0.988  32.7-123.4-129.0 148.2  -38.7   25.9   29.7               
  334  334 A E  E     +K  340   0C 126     -2,-0.3     6,-0.2     6,-0.2     3,-0.1  -0.801  29.1 178.2 -84.8 103.7  -39.9   22.3   29.9               
  335  335 A L  E    S+     0   0C 109      4,-1.3     2,-0.3    -2,-0.9    -1,-0.2   0.734  72.4  15.0 -81.5 -24.4  -42.1   22.0   26.8               
  336  336 A S  E >  S-K  339   0C  65      3,-0.9     3,-2.9    -3,-0.1    -1,-0.3  -0.982 106.1 -74.2-147.1 147.7  -42.9   18.3   27.5               
  337  337 A K  T 3  S+     0   0  212     -2,-0.3     3,-0.1     1,-0.3    -2,-0.0  -0.175 121.8   5.3 -46.5 112.6  -42.4   16.1   30.6               
  338  338 A G  T 3  S+     0   0   71      1,-0.1     2,-0.5     0, 0.0    -1,-0.3   0.408 106.5 106.1  90.5   3.8  -38.6   15.5   30.8               
  339  339 A V  E <   - K   0 336C  52     -3,-2.9    -4,-1.3     2,-0.0    -3,-0.9  -0.899  50.0-162.6-124.5 104.9  -37.5   17.8   27.8               
  340  340 A E  E     - K   0 334C  53     -2,-0.5   -51,-1.7    -6,-0.2     2,-0.3  -0.610  12.3-175.4 -78.2 135.5  -35.8   21.1   28.5               
  341  341 A S  E     -JK 288 333C   8     -8,-2.4    -8,-2.7    -2,-0.3     2,-0.7  -0.998  30.1-120.3-134.6 142.2  -35.8   23.7   25.6               
  342  342 A I  E     +JK 287 332C   2    -55,-2.7   -55,-2.2    -2,-0.3   -10,-0.2  -0.721  34.3 172.9 -79.7 112.8  -34.1   27.1   25.2               
  343  343 A V  E     +     0   0C  44    -12,-2.9     2,-0.3    -2,-0.7   -11,-0.2   0.766  62.0  17.3 -96.9 -33.3  -37.1   29.5   24.6               
  344  344 A A  E     - K   0 331C  36    -13,-1.3   -13,-2.8   -57,-0.1     2,-0.4  -0.990  56.2-162.0-142.2 150.1  -35.3   32.9   24.8               
  345  345 A V  E     - K   0 330C  15     -2,-0.3     2,-1.3   -15,-0.2   -15,-0.2  -1.000  21.3-135.7-128.1 127.6  -31.7   34.2   24.5               
  346  346 A D    >   -     0   0   69    -17,-2.4     3,-1.7    -2,-0.4     6,-0.2  -0.701  20.9-177.1 -85.1  93.3  -30.7   37.7   25.8               
  347  347 A W  T 3  S+     0   0   75     -2,-1.3    -1,-0.2     1,-0.3   -18,-0.1   0.578  78.3  63.3 -63.1 -13.9  -28.5   38.9   22.9               
  348  348 A K  T 3  S+     0   0  179      4,-0.1    -1,-0.3   -19,-0.1   -19,-0.1   0.395  72.4 126.5 -92.1   0.0  -27.8   42.2   24.9               
  349  349 A H    X>  -     0   0   33     -3,-1.7     3,-1.9   -20,-0.1     4,-1.9  -0.411  67.0-127.3 -66.3 134.6  -26.1   40.4   27.8               
  350  350 A P  H 3> S+     0   0   87      0, 0.0     4,-2.7     0, 0.0     5,-0.2   0.813 107.4  57.5 -50.0 -40.1  -22.5   41.9   28.6               
  351  351 A R  H 34 S+     0   0  109      2,-0.2     4,-0.2     1,-0.2    -2,-0.1   0.720 109.2  44.3 -66.1 -26.3  -20.9   38.4   28.4               
  352  352 A I  H X4 S+     0   0    8     -3,-1.9     3,-0.5    -6,-0.2    -1,-0.2   0.866 116.6  45.6 -83.9 -40.9  -22.1   37.8   24.7               
  353  353 A T  H 3< S+     0   0   95     -4,-1.9    -2,-0.2     1,-0.2    -1,-0.1   0.854 115.0  47.8 -69.0 -34.8  -21.2   41.4   23.6               
  354  354 A S  T 3< S+     0   0   87     -4,-2.7     2,-0.8    -5,-0.2    -1,-0.2   0.487  84.8 110.9 -83.6  -8.1  -17.7   41.2   25.4               
  355  355 A F    <   -     0   0   27     -3,-0.5     2,-0.5    -5,-0.2    -4,-0.0  -0.628  53.7-160.7 -76.3 107.2  -16.9   37.7   23.9               
  356  356 A V        -     0   0  123     -2,-0.8   -82,-0.1     3,-0.0    -2,-0.1  -0.792  24.7-122.5 -81.7 120.5  -14.1   38.1   21.3               
  357  357 A I        -     0   0   65     -2,-0.5     2,-0.4     1,-0.1   -87,-0.0  -0.573  31.2-111.6 -62.4 123.6  -14.2   35.0   19.1               
  358  358 A P        -     0   0   84      0, 0.0    -1,-0.1     0, 0.0     3,-0.0  -0.501  30.8-128.7 -58.8 115.4  -10.7   33.4   19.3               
  359  359 A E        -     0   0  182     -2,-0.4     2,-0.3     1,-0.1    -3,-0.0  -0.520  29.3-106.5 -57.9 130.9   -9.1   33.9   15.9               
  360  360 A P        -     0   0  120      0, 0.0    -1,-0.1     0, 0.0    -3,-0.0  -0.532  43.5-106.2 -60.0 122.2   -7.8   30.5   14.7               
  361  361 A S        -     0   0  104     -2,-0.3     2,-1.8     1,-0.1     0, 0.0  -0.315  32.4-117.1 -52.1 127.5   -4.0   30.7   15.1               
  362  362 A P  S    S+     0   0  125      0, 0.0    -1,-0.1     0, 0.0     3,-0.1  -0.522  70.2 126.3 -78.6  85.6   -2.4   31.1   11.6               
  363  363 A T        +     0   0  129     -2,-1.8     2,-0.2     1,-0.2    -2,-0.1  -0.371  63.1  65.6-131.2  52.9   -0.3   28.0   11.2               
  364  364 A S  S    S-     0   0  112      3,-0.0     2,-0.4     0, 0.0     3,-0.2  -0.628  95.0-120.1-158.2 105.6   -1.8   26.9    7.9               
  365  365 A Q        -     0   0  192     -2,-0.2    -2,-0.0     1,-0.2     0, 0.0  -0.413  62.8  -2.7 -61.0 118.8   -0.9   29.4    5.3               
  366  366 A T        +     0   0  112     -2,-0.4     2,-0.2     1,-0.1    -1,-0.2   0.965  49.6 129.8  82.7  83.7   -3.7   31.2    3.4               
  367  367 A I        -     0   0  136     -3,-0.2     2,-0.6     2,-0.0    -1,-0.1  -0.755  36.6-165.4-132.3 100.6   -7.4   31.4    3.1               
  368  368 A Q        -     0   0  174     -2,-0.2     2,-1.8     1,-0.1     0, 0.0  -0.710  18.6-138.4 -66.7 117.8   -8.2   35.1    3.4               
  369  369 A E        +     0   0  203     -2,-0.6     2,-0.4     2,-0.1    -1,-0.1  -0.667  51.9 143.5 -70.8  79.0  -11.9   35.7    4.0               
  370  370 A G        -     0   0   43     -2,-1.8     2,-2.3     2,-0.2    -2,-0.0  -0.985  66.6-108.7-106.2 138.3  -12.1   38.6    1.7               
  371  371 A S  S    S+     0   0  133     -2,-0.4     2,-0.3     2,-0.0    -2,-0.1  -0.456  80.9 119.4 -57.6  73.0  -15.3   38.9   -0.3               
  372  372 A R  S    S-     0   0  228     -2,-2.3    -2,-0.2     3,-0.0     0, 0.0  -0.933  75.4 -95.6-146.6 121.1  -13.5   37.8   -3.6               
  373  373 A E        -     0   0  189     -2,-0.3    -2,-0.0     1,-0.1     3,-0.0  -0.073  32.8-122.6 -28.9 113.9  -14.4   34.7   -5.6               
  374  374 A Q        -     0   0  149      1,-0.1     2,-0.2     3,-0.0    -1,-0.1  -0.640  47.9-103.0 -55.9 121.0  -12.3   31.7   -4.7               
  375  375 A P        -     0   0   92      0, 0.0     2,-0.1     0, 0.0    -1,-0.1  -0.395  39.0-104.7 -60.8 122.3  -11.0   31.1   -8.3               
  376  376 A Y        -     0   0  183     -2,-0.2    -3,-0.0     1,-0.1     0, 0.0  -0.302  34.9-167.0 -42.2 111.2  -12.9   28.2   -9.8               
  377  377 A H        -     0   0  145     -2,-0.1    -1,-0.1    -3,-0.1     3,-0.0  -0.856  10.0-162.3-105.5  89.5  -10.6   25.2   -9.8               
  378  378 A P        -     0   0   57      0, 0.0     2,-0.5     0, 0.0   188,-0.1  -0.466  37.0 -94.4 -61.9 145.0  -12.4   22.7  -12.0               
  379  379 A P        -     0   0    6      0, 0.0     2,-0.5     0, 0.0    97,-0.2  -0.514  49.4-142.2 -57.5 112.1  -11.1   19.1  -11.7               
  380  380 A D        -     0   0   77     -2,-0.5    95,-1.9    95,-0.3     2,-0.7  -0.735  15.4-163.1 -87.7 124.9   -8.7   19.1  -14.5               
  381  381 A I  E     -L  474   0D  23     -2,-0.5    93,-0.2    93,-0.2   107,-0.0  -0.904  14.9-169.9-108.7 100.3   -8.4   15.9  -16.6               
  382  382 A K  E     -L  473   0D  68     91,-1.6    91,-2.7    -2,-0.7     2,-0.3  -0.789  20.3-129.1 -94.7 126.2   -5.2   16.2  -18.5               
  383  383 A P  E     -L  472   0D  92      0, 0.0    25,-0.5     0, 0.0    89,-0.3  -0.611  33.6-173.5 -69.4 132.4   -4.3   13.7  -21.3               
  384  384 A L  E     -LM 471 407D  10     87,-2.5    87,-2.7    -2,-0.3     2,-0.4  -0.820  18.8-138.7-123.2 163.7   -0.8   12.3  -20.7               
  385  385 A Y  E     -LM 470 406D  58     21,-2.5    21,-2.5    -2,-0.3     2,-0.5  -0.991  12.3-148.2-126.9 128.5    1.5   10.0  -22.7               
  386  386 A C  E     -LM 469 405D   1     83,-3.1    83,-2.4    -2,-0.4    19,-0.2  -0.868  22.8-119.2-100.9 129.9    3.5    7.2  -21.1               
  387  387 A V        -     0   0    1     17,-2.3    16,-2.1    -2,-0.5    17,-0.1  -0.545  30.2-151.5 -71.3 112.9    6.9    6.3  -22.7               
  388  388 A P    >   -     0   0   12      0, 0.0     3,-1.2     0, 0.0     4,-0.3  -0.340  29.8-102.9 -76.3 167.4    6.9    2.6  -23.8               
  389  389 A A  G >  S+     0   0   60      1,-0.2     3,-1.2     2,-0.2     4,-0.3   0.853 118.6  62.6 -59.0 -34.4   10.1    0.5  -24.0               
  390  390 A S  G 3  S+     0   0   77      1,-0.2    -1,-0.2     2,-0.1     3,-0.2   0.693 105.7  44.4 -65.7 -23.4   10.2    0.9  -27.9               
  391  391 A M  G <> S+     0   0    0     -3,-1.2     4,-1.8     1,-0.1     3,-0.4   0.329  78.2 106.8-104.8   6.3   10.7    4.7  -27.6               
  392  392 A T  H <> S+     0   0   47     -3,-1.2     4,-0.9    -4,-0.3    -1,-0.1   0.857  79.4  53.1 -56.9 -36.3   13.3    4.7  -24.8               
  393  393 A L  H  > S+     0   0  101     -4,-0.3     4,-0.5    -3,-0.2     3,-0.4   0.893 107.9  49.7 -66.8 -39.9   16.1    5.7  -27.3               
  394  394 A L  H  4 S+     0   0    1     -3,-0.4     3,-0.3     1,-0.2     4,-0.2   0.867 117.8  40.5 -64.7 -37.6   14.2    8.7  -28.6               
  395  395 A F  H ><>S+     0   0    0     -4,-1.8     5,-1.4     1,-0.2     3,-0.6   0.513  89.9  92.2 -91.1  -5.5   13.5   10.0  -25.0               
  396  396 A Q  H ><5S+     0   0  127     -4,-0.9     3,-1.5    -3,-0.4    -1,-0.2   0.899  85.3  51.0 -57.3 -43.6   17.0    9.1  -23.7               
  397  397 A E  T 3<5S+     0   0  126     -4,-0.5    -1,-0.2    -3,-0.3    -2,-0.1   0.770 106.6  54.7 -69.5 -26.9   18.4   12.6  -24.5               
  398  398 A S  T < 5S-     0   0   41     -3,-0.6    -1,-0.3    -4,-0.2    -2,-0.2   0.463 114.1-117.4 -81.5  -3.6   15.4   14.3  -22.6               
  399  399 A G  T < 5 +     0   0   60     -3,-1.5     2,-0.5    -4,-0.4    -3,-0.2   0.490  69.0 139.2  77.0   5.9   16.2   12.3  -19.5               
  400  400 A H      < -     0   0   54     -5,-1.4    -1,-0.2    -8,-0.1    -2,-0.1  -0.700  35.9-158.9 -87.7 127.6   12.8   10.5  -19.6               
  401  401 A K    >   -     0   0  162     -2,-0.5     3,-2.3     1,-0.1   -14,-0.3  -0.465  39.2 -65.4 -95.1 169.7   12.9    6.7  -18.8               
  402  402 A K  T 3  S+     0   0  151      1,-0.3    -1,-0.1    -2,-0.1   -13,-0.1  -0.393 126.7  25.7 -51.7 123.0   10.5    3.9  -19.6               
  403  403 A G  T 3  S+     0   0   29    -16,-2.1    -1,-0.3     1,-0.4     2,-0.1   0.265  84.7 139.7  96.2  -6.4    7.2    4.7  -17.7               
  404  404 A S    <   -     0   0   36     -3,-2.3   -17,-2.3   -17,-0.1     2,-0.4  -0.387  47.5-134.0 -61.5 142.8    7.7    8.5  -17.5               
  405  405 A F  E     -M  386   0D  77    -19,-0.2     2,-0.3    -2,-0.1   -19,-0.2  -0.904  26.6-177.6-104.7 133.0    4.4   10.5  -18.1               
  406  406 A L  E     -M  385   0D   3    -21,-2.5   -21,-2.5    -2,-0.4     2,-0.1  -0.965  26.0-122.0-131.5 143.5    4.5   13.5  -20.5               
  407  407 A E  E  >  -M  384   0D  67     -2,-0.3     4,-2.4   -23,-0.2     3,-0.2  -0.453  36.0-110.6 -72.5 155.1    2.0   16.1  -21.7               
  408  408 A G  H  > S+     0   0   19    -25,-0.5     4,-1.8     1,-0.2    -1,-0.1   0.820 120.3  55.1 -60.9 -28.4    1.4   16.3  -25.5               
  409  409 A S  H  > S+     0   0   63      2,-0.2     4,-2.2     3,-0.1    -1,-0.2   0.894 107.4  48.6 -67.2 -42.7    3.3   19.7  -25.5               
  410  410 A E  H  > S+     0   0   85     -3,-0.2     4,-2.9     2,-0.2    -2,-0.2   0.949 110.2  51.3 -65.0 -46.6    6.4   18.2  -23.8               
  411  411 A V  H  X S+     0   0    0     -4,-2.4     4,-2.6     1,-0.2     5,-0.2   0.919 110.8  49.0 -56.1 -46.4    6.4   15.3  -26.4               
  412  412 A R  H  X S+     0   0  135     -4,-1.8     4,-2.3    -5,-0.2    -1,-0.2   0.920 112.6  47.6 -59.5 -44.4    6.2   17.9  -29.3               
  413  413 A T  H  X S+     0   0   78     -4,-2.2     4,-2.5     2,-0.2    -2,-0.2   0.917 112.9  48.6 -63.9 -43.4    9.1   19.9  -27.7               
  414  414 A I  H  X S+     0   0   20     -4,-2.9     4,-2.7     2,-0.2    -2,-0.2   0.934 112.8  46.7 -63.4 -47.8   11.2   16.7  -27.2               
  415  415 A V  H  X S+     0   0    1     -4,-2.6     4,-2.3     2,-0.2    -2,-0.2   0.899 114.0  48.3 -65.2 -39.7   10.7   15.4  -30.8               
  416  416 A I  H  X S+     0   0   52     -4,-2.3     4,-2.1    -5,-0.2    -1,-0.2   0.925 113.4  47.2 -64.5 -44.5   11.5   18.9  -32.3               
  417  417 A N  H  X S+     0   0   92     -4,-2.5     4,-2.4     2,-0.2    -2,-0.2   0.903 111.5  52.0 -64.7 -39.4   14.6   19.2  -30.1               
  418  418 A Y  H  X S+     0   0   19     -4,-2.7     4,-1.9     2,-0.2    -2,-0.2   0.940 111.3  45.6 -59.9 -49.5   15.7   15.6  -31.1               
  419  419 A A  H  <>S+     0   0    0     -4,-2.3     5,-2.6     1,-0.2     6,-0.6   0.860 115.8  46.4 -67.5 -34.9   15.3   16.4  -34.9               
  420  420 A K  H ><5S+     0   0  132     -4,-2.1     3,-0.9     3,-0.2    -1,-0.2   0.863 112.8  49.8 -70.4 -38.8   17.2   19.7  -34.5               
  421  421 A K  H 3<5S+     0   0  130     -4,-2.4    -2,-0.2     1,-0.2    -1,-0.2   0.798 113.0  45.7 -71.9 -31.8   20.0   18.2  -32.4               
  422  422 A N  T 3<5S-     0   0   73     -4,-1.9    -1,-0.2    -5,-0.2    -2,-0.2   0.124 110.9-118.5 -95.4  14.1   20.5   15.3  -34.9               
  423  423 A D  T < 5 +     0   0  137     -3,-0.9    -3,-0.2     1,-0.1    -4,-0.1   0.851  67.9 142.1  48.7  41.6   20.5   17.6  -38.0               
  424  424 A L      < +     0   0    9     -5,-2.6    10,-3.1    -6,-0.2     2,-0.3   0.519  29.5 109.6 -88.5  -8.4   17.4   15.7  -39.3               
  425  425 A V  B    S-O  433   0E  50     -6,-0.6     8,-0.2     8,-0.2     5,-0.1  -0.584  79.4-111.7 -72.5 127.1   15.7   18.8  -40.7               
  426  426 A D        -     0   0   18      6,-2.6     6,-0.2     3,-0.4    -1,-0.1  -0.363  16.4-143.8 -64.5 133.7   15.7   18.7  -44.5               
  427  427 A A  S    S+     0   0   99      1,-0.2     3,-0.2     2,-0.1    -1,-0.1   0.829  98.8  40.2 -69.6 -32.8   17.9   21.4  -46.1               
  428  428 A D  S    S+     0   0  154      1,-0.2     2,-0.4     2,-0.0    -1,-0.2   0.837 127.9  28.4 -85.5 -37.4   15.6   22.0  -49.1               
  429  429 A N    >   -     0   0   76      3,-0.1     3,-2.8     1,-0.1    -3,-0.4  -0.786  60.7-166.6-133.6  98.0   12.3   21.8  -47.2               
  430  430 A K  T 3  S+     0   0  171     -2,-0.4    -1,-0.1     1,-0.3    -3,-0.1   0.559  88.6  67.7 -57.0 -13.5   12.2   22.8  -43.5               
  431  431 A N  T 3  S+     0   0   81     25,-0.1    26,-1.7    -6,-0.1     2,-0.4   0.604  92.1  75.0 -79.9 -15.1    8.8   21.2  -43.2               
  432  432 A L  E <   - P   0 456E  45     -3,-2.8    -6,-2.6    24,-0.2     2,-0.5  -0.808  64.6-158.1-102.5 141.7   10.3   17.7  -43.8               
  433  433 A V  E     -OP 425 455E   0     22,-2.8    22,-2.3    -2,-0.4     2,-0.5  -0.980  17.0-134.5-117.2 123.5   12.3   15.6  -41.3               
  434  434 A R  E     - P   0 454E 142    -10,-3.1     2,-0.4    -2,-0.5    20,-0.2  -0.683  29.2-124.7 -72.6 123.8   14.7   12.9  -42.5               
  435  435 A L        -     0   0   14     18,-2.2    -1,-0.0    -2,-0.5   -16,-0.0  -0.587  21.1-153.5 -78.4 126.9   14.1    9.8  -40.4               
  436  436 A D     >  -     0   0   22     -2,-0.4     4,-3.0     1,-0.0     5,-0.2  -0.418  38.9 -92.5 -83.3 170.9   17.1    8.3  -38.6               
  437  437 A P  H  > S+     0   0  112      0, 0.0     4,-2.1     0, 0.0     5,-0.1   0.842 127.0  54.1 -56.0 -32.3   17.3    4.6  -37.6               
  438  438 A I  H  > S+     0   0   57      2,-0.2     4,-1.6     1,-0.2     5,-0.2   0.934 112.7  40.9 -69.8 -48.0   15.9    5.4  -34.1               
  439  439 A L  H  >>S+     0   0    0      2,-0.2     4,-2.6     1,-0.2     5,-0.6   0.952 114.2  54.4 -63.8 -46.4   12.8    7.3  -35.6               
  440  440 A C  H  X5S+     0   0   17     -4,-3.0     4,-1.1     1,-0.2    -2,-0.2   0.891 111.5  44.4 -53.2 -44.5   12.4    4.6  -38.3               
  441  441 A D  H  <5S+     0   0  121     -4,-2.1    -1,-0.2    -5,-0.2    -2,-0.2   0.828 120.4  38.3 -73.4 -32.3   12.3    1.7  -35.7               
  442  442 A C  H  <5S+     0   0    8     -4,-1.6    -2,-0.2    -3,-0.2    -1,-0.2   0.805 127.8  24.9 -93.0 -29.6   10.0    3.4  -33.2               
  443  443 A I  H  <5S+     0   0    2     -4,-2.6    -3,-0.2    -5,-0.2     2,-0.2   0.692 101.4  82.2-111.0 -25.4    7.4    5.2  -35.4               
  444  444 A L  S  <<S-     0   0   13     -4,-1.1     2,-0.2    -5,-0.6     5,-0.0  -0.486  70.8-126.0 -84.0 152.8    7.2    3.4  -38.8               
  445  445 A E    >>  -     0   0  100     -2,-0.2     3,-2.0     1,-0.1     4,-1.1  -0.576  35.2-100.4 -84.7 161.2    5.3    0.2  -39.6               
  446  446 A K  T 34 S+     0   0  194      1,-0.3     4,-0.2    -2,-0.2    -1,-0.1   0.726 122.5  54.6 -56.9 -26.4    7.1   -2.8  -41.1               
  447  447 A N  T 34 S+     0   0  126      1,-0.2    -1,-0.3     2,-0.1     3,-0.2   0.627 111.5  43.2 -81.1 -17.5    5.8   -1.9  -44.7               
  448  448 A E  T X> S+     0   0   42     -3,-2.0     4,-2.5     1,-0.1     3,-1.6   0.596  81.9 100.2-102.3 -13.8    7.3    1.7  -44.5               
  449  449 A Q  T 3< S+     0   0   80     -4,-1.1    -1,-0.1     1,-0.3    -2,-0.1   0.647  98.2  24.7 -57.5 -23.5   10.7    0.9  -43.0               
  450  450 A H  T 34 S+     0   0  166     -4,-0.2    -1,-0.3    -3,-0.2     3,-0.1   0.363 125.0  51.0-115.6  -1.4   12.6    1.1  -46.4               
  451  451 A T  T <4 S+     0   0  111     -3,-1.6     2,-1.0     1,-0.2    -2,-0.2   0.795  94.9  65.1-106.1 -42.8   10.1    3.3  -48.3               
  452  452 A V     <  +     0   0   28     -4,-2.5    -1,-0.2     1,-0.2     3,-0.1  -0.741  46.7 155.4 -96.9  97.5    9.5    6.4  -46.1               
  453  453 A M        +     0   0  124     -2,-1.0   -18,-2.2     1,-0.2     2,-0.4   0.664  68.1  36.4 -90.1 -22.2   12.8    8.4  -45.7               
  454  454 A K  E     -P  434   0E  97    -20,-0.2   -20,-0.2   -22,-0.0    -1,-0.2  -0.999  61.7-175.6-135.7 137.1   11.1   11.8  -44.9               
  455  455 A L  E     -P  433   0E  13    -22,-2.3   -22,-2.8    -2,-0.4     2,-0.1  -0.977  29.8-114.0-126.8 145.6    8.0   12.8  -43.0               
  456  456 A P  E >>  -P  432   0E  42      0, 0.0     4,-2.5     0, 0.0     3,-0.5  -0.458  36.4-108.7 -68.4 152.5    6.4   16.2  -42.5               
  457  457 A W  H 3> S+     0   0   39    -26,-1.7     4,-3.0     1,-0.2     5,-0.2   0.869 117.6  53.3 -51.6 -45.3    6.4   17.5  -38.9               
  458  458 A D  H 3> S+     0   0  113      1,-0.2     4,-2.3     2,-0.2    -1,-0.2   0.891 112.4  44.4 -60.8 -40.1    2.7   17.0  -38.3               
  459  459 A S  H <> S+     0   0   47     -3,-0.5     4,-2.6     2,-0.2     5,-0.2   0.906 114.0  49.9 -71.6 -40.9    2.9   13.3  -39.4               
  460  460 A L  H  X S+     0   0    0     -4,-2.5     4,-2.4     2,-0.2    -2,-0.2   0.957 115.1  43.5 -58.5 -51.8    6.1   12.8  -37.3               
  461  461 A L  H  X S+     0   0   21     -4,-3.0     4,-2.2     2,-0.2    -2,-0.2   0.892 114.8  49.1 -64.0 -42.4    4.5   14.3  -34.2               
  462  462 A T  H  X S+     0   0   72     -4,-2.3     4,-2.1    -5,-0.2    -2,-0.2   0.955 112.8  46.9 -64.1 -47.4    1.1   12.5  -34.7               
  463  463 A R  H  X S+     0   0   58     -4,-2.6     4,-1.9     1,-0.2    -2,-0.2   0.888 111.2  52.5 -63.3 -39.4    2.8    9.1  -35.2               
  464  464 A C  H  X S+     0   0    0     -4,-2.4     4,-1.4    -5,-0.2    -1,-0.2   0.935 111.1  46.8 -58.5 -47.1    5.0    9.7  -32.1               
  465  465 A L  H  < S+     0   0   25     -4,-2.2    -2,-0.2     1,-0.2    -1,-0.2   0.847 112.1  50.9 -65.6 -34.4    1.9   10.5  -30.0               
  466  466 A E  H  < S+     0   0  146     -4,-2.1    -1,-0.2     1,-0.2    -2,-0.2   0.817 108.9  50.6 -71.7 -33.5    0.1    7.4  -31.3               
  467  467 A K  H  < S+     0   0   67     -4,-1.9    -2,-0.2    -5,-0.2    -1,-0.2   0.746  95.7  87.5 -77.2 -25.5    3.1    5.1  -30.5               
  468  468 A L  S  < S-     0   0    4     -4,-1.4   -81,-0.2    -5,-0.2    -3,-0.0  -0.405  93.9-103.7 -67.0 148.5    3.2    6.5  -26.9               
  469  469 A Q  E     -L  386   0D  92    -83,-2.4   -83,-3.1    -2,-0.1    -1,-0.1  -0.634  38.4-116.4 -76.2 127.5    0.9    4.7  -24.4               
  470  470 A P  E     +L  385   0D  54      0, 0.0    16,-3.1     0, 0.0     2,-0.3  -0.381  46.0 160.3 -64.8 137.8   -2.3    6.8  -23.6               
  471  471 A A  E     -LN 384 485D   6    -87,-2.7   -87,-2.5    14,-0.3     2,-0.3  -0.897  19.5-158.0-142.5 170.7   -2.6    8.0  -20.0               
  472  472 A Y  E     -LN 383 484D  15     12,-2.5    12,-3.1   -89,-0.3     2,-0.4  -0.987  11.7-137.2-152.0 153.9   -4.5   10.7  -18.1               
  473  473 A Q  E     -LN 382 483D  45    -91,-2.7   -91,-1.6    -2,-0.3     2,-0.5  -0.946  13.3-160.7-110.3 132.5   -4.2   12.6  -14.9               
  474  474 A V  E     -LN 381 482D   0      8,-2.5     8,-2.9    -2,-0.4     2,-0.6  -0.975   3.0-168.4-113.7 116.4   -7.3   13.3  -12.7               
  475  475 A T        -     0   0   42    -95,-1.9   -95,-0.3    -2,-0.5     5,-0.1  -0.931   9.3-164.6-102.9 110.2   -7.0   16.1  -10.2               
  476  476 A L    >   -     0   0    6     -2,-0.6     3,-2.2     4,-0.4     2,-0.1  -0.659  39.9 -81.3 -87.2 153.1  -10.0   16.0   -7.7               
  477  477 A P  T 3  S+     0   0   63      0, 0.0    -1,-0.1     0, 0.0     3,-0.1  -0.330 116.3   0.7 -55.6 121.8  -10.8   19.1   -5.5               
  478  478 A G  T 3  S+     0   0   91      1,-0.2     2,-0.3    -2,-0.1    -3,-0.0   0.540 114.0 103.0  75.0   9.5   -8.4   19.0   -2.5               
  479  479 A Q  S <  S-     0   0  107     -3,-2.2    -1,-0.2     1,-0.0     3,-0.1  -0.885  76.6-100.8-120.1 155.6   -6.6   15.8   -3.6               
  480  480 A E        -     0   0  170     -2,-0.3    -4,-0.4     1,-0.1     2,-0.2  -0.353  55.3 -85.9 -64.5 149.5   -3.2   15.0   -5.2               
  481  481 A P        -     0   0   68      0, 0.0     2,-0.6     0, 0.0    -6,-0.2  -0.397  41.2-145.8 -64.2 127.7   -3.3   14.3   -9.0               
  482  482 A I  E     -N  474   0D  49     -8,-2.9    -8,-2.5    -2,-0.2     2,-0.5  -0.825   7.6-150.9 -99.0 117.6   -4.0   10.7   -9.8               
  483  483 A V  E     -N  473   0D  54     -2,-0.6     2,-0.4   -10,-0.2   -10,-0.2  -0.746  16.1-175.3 -89.9 127.8   -2.2    9.3  -12.9               
  484  484 A K  E     -N  472   0D  74    -12,-3.1   -12,-2.5    -2,-0.5     2,-0.3  -0.958  20.4-131.6-122.9 139.9   -4.0    6.4  -14.8               
  485  485 A K  E     +N  471   0D 139     -2,-0.4   -14,-0.3   -14,-0.2     2,-0.2  -0.727  69.5  35.7 -87.2 142.5   -2.9    4.4  -17.8               
  486  486 A G  S    S-     0   0   29    -16,-3.1     2,-0.3    -2,-0.3    -2,-0.1  -0.563  99.0 -47.8 110.8-179.0   -5.3    3.9  -20.7               
  487  487 A R        -     0   0  206     -2,-0.2     2,-0.3     1,-0.1   -15,-0.1  -0.708  65.9 -99.5 -83.8 145.0   -7.9    6.1  -22.5               
  488  488 A I        -     0   0   53     -2,-0.3    -1,-0.1   -17,-0.2    -2,-0.1  -0.494  37.4-159.9 -65.7 125.9  -10.4    8.0  -20.2               
  489  489 A C        -     0   0   61     -2,-0.3    23,-0.1    20,-0.1    81,-0.1  -0.913  21.0-115.4-103.6 135.6  -13.7    6.1  -20.1               
  490  490 A P        -     0   0   30      0, 0.0     2,-0.6     0, 0.0    81,-0.2  -0.260  32.6 -98.9 -63.9 154.9  -16.8    8.1  -19.0               
  491  491 A I  E     -q  571   0F   0     79,-2.9    81,-2.9    19,-0.1     2,-0.7  -0.690  43.2-144.7 -69.8 115.8  -18.7    7.2  -15.8               
  492  492 A D  E     -qR 572 508F  42     16,-0.7    16,-2.2    -2,-0.6     2,-0.6  -0.790  16.0-170.0 -95.0 116.8  -21.6    5.1  -17.1               
  493  493 A I  E     + R   0 507F   3     79,-2.4     2,-0.4    -2,-0.7    14,-0.2  -0.908  14.5 175.6-104.7 118.4  -24.9    5.5  -15.3               
  494  494 A T  E     - R   0 506F  45     12,-3.1    12,-3.2    -2,-0.6     2,-0.6  -0.938  28.2-140.0-125.9 144.3  -27.5    2.9  -16.3               
  495  495 A L  E     - R   0 505F  53     -2,-0.4     2,-0.4    10,-0.2    10,-0.2  -0.937  26.2-173.3 -99.5 118.1  -31.1    2.1  -15.1               
  496  496 A A  E     - R   0 504F  41      8,-2.7     8,-2.7    -2,-0.6     2,-0.6  -0.886  22.6-132.3-109.6 143.7  -31.6   -1.7  -15.0               
  497  497 A Q  E     + R   0 503F 100     -2,-0.4     6,-0.2     6,-0.2     3,-0.1  -0.860  25.7 174.2 -92.9 115.3  -34.9   -3.5  -14.3               
  498  498 A R  E    S+     0   0F 162      4,-2.7     2,-0.3    -2,-0.6    -1,-0.1   0.760  70.0   0.5 -90.5 -32.3  -34.4   -6.3  -11.7               
  499  499 A A  E >  S- R   0 502F  52      3,-1.0     3,-1.6     1,-0.0    -1,-0.3  -0.927 101.7 -66.6-150.4 170.4  -38.1   -7.2  -11.3               
  500  500 A S  T 3  S+     0   0  110      1,-0.3    -3,-0.0    -2,-0.3    -1,-0.0   0.683 130.2   1.8 -33.5 -53.6  -41.5   -6.1  -12.8               
  501  501 A N  T 3  S+     0   0  150      2,-0.0     2,-0.9    -4,-0.0    -1,-0.3   0.187 104.4 110.7-121.3  13.0  -41.5   -2.6  -11.2               
  502  502 A K  E <   -R  499   0F 141     -3,-1.6    -4,-2.7    48,-0.0    -3,-1.0  -0.799  45.6-171.4 -98.5 101.3  -38.0   -2.6   -9.4               
  503  503 A K  E     -R  497   0F  99     -2,-0.9    47,-2.4    -6,-0.2     2,-0.4  -0.632   2.1-164.4 -78.8 144.6  -35.5   -0.2  -11.1               
  504  504 A V  E     -RS 496 549F   1     -8,-2.7    -8,-2.7    -2,-0.3     2,-0.5  -0.987  15.7-135.4-127.3 142.3  -31.9   -0.2  -10.0               
  505  505 A T  E     -RS 495 548F   0     43,-2.9    43,-2.9    45,-0.4     2,-0.5  -0.872  21.4-164.3 -94.2 123.5  -29.3    2.5  -10.8               
  506  506 A V  E     -RS 494 547F   5    -12,-3.2   -12,-3.1    -2,-0.5     2,-0.4  -0.967   2.5-166.8-115.2 126.8  -25.9    0.9  -11.9               
  507  507 A V  E     -RS 493 546F   0     39,-2.8    39,-2.2    -2,-0.5     2,-0.2  -0.966   9.8-179.2-120.2 124.2  -22.8    3.1  -11.9               
  508  508 A R  E     +R  492   0F  81    -16,-2.2   -16,-0.7    -2,-0.4    37,-0.1  -0.770  54.2  31.6-120.3 165.2  -19.6    2.0  -13.6               
  509  509 A N    >   +     0   0   50     35,-0.4     3,-0.7    -2,-0.2     4,-0.5   0.646  64.2 136.0  61.5  24.5  -16.0    3.3  -14.2               
  510  510 A L  G > >S+     0   0    0     34,-0.4     5,-1.8     1,-0.2     3,-1.7   0.925  70.0  59.7 -61.2 -39.3  -15.8    5.3  -10.9               
  511  511 A E  G > 5S+     0   0   61     33,-0.3     3,-1.2     1,-0.3    -1,-0.2   0.726  91.4  68.3 -63.5 -24.1  -12.2    3.9  -10.4               
  512  512 A A  G < 5S+     0   0   16     -3,-0.7    -1,-0.3     1,-0.2    -2,-0.2   0.787 104.2  43.7 -65.3 -26.3  -11.2    5.6  -13.7               
  513  513 A Y  G < 5S-     0   0    0     -3,-1.7    -1,-0.2    -4,-0.5    -2,-0.2   0.194 123.7-102.7-100.9   9.6  -11.7    9.0  -11.9               
  514  514 A G  T < 5S+     0   0   26     -3,-1.2     2,-0.5     1,-0.3    -3,-0.2   0.554  76.9 142.8  75.1  10.2   -9.9    7.9   -8.6               
  515  515 A L      < -     0   0    6     -5,-1.8    -1,-0.3    -6,-0.1    -2,-0.2  -0.728  51.6-130.9 -86.1 124.5  -13.3    7.4   -6.9               
  516  516 A D     >  -     0   0   52     -2,-0.5     4,-2.7     1,-0.1     5,-0.2  -0.627   8.8-146.3 -72.7 117.5  -13.6    4.5   -4.5               
  517  517 A P  H  > S+     0   0    3      0, 0.0     4,-2.1     0, 0.0    -1,-0.1   0.807  98.9  52.1 -54.6 -33.5  -16.8    2.4   -5.3               
  518  518 A Y  H  > S+     0   0  134      2,-0.2     4,-2.2     3,-0.2     5,-0.1   0.914 110.7  46.0 -72.7 -41.1  -17.2    1.6   -1.6               
  519  519 A S  H  > S+     0   0   52     -3,-0.2     4,-2.5     2,-0.2     5,-0.2   0.957 114.4  48.5 -63.2 -47.3  -17.0    5.2   -0.5               
  520  520 A V  H  X S+     0   0    0     -4,-2.7     4,-2.6     1,-0.2    -2,-0.2   0.897 110.0  52.7 -60.7 -41.1  -19.4    6.3   -3.3               
  521  521 A A  H  X S+     0   0    6     -4,-2.1     4,-2.4    -5,-0.2    -1,-0.2   0.942 110.3  47.3 -60.3 -45.9  -21.8    3.5   -2.3               
  522  522 A A  H  X S+     0   0   55     -4,-2.2     4,-1.9     2,-0.2    -2,-0.2   0.927 113.7  47.3 -62.9 -44.5  -21.8    4.6    1.4               
  523  523 A I  H  X S+     0   0   61     -4,-2.5     4,-2.7     1,-0.2    -2,-0.2   0.935 114.7  46.9 -61.2 -46.7  -22.4    8.3    0.4               
  524  524 A L  H  X S+     0   0    0     -4,-2.6     4,-2.9    -5,-0.2     6,-0.4   0.840 107.3  57.2 -67.7 -32.3  -25.2    7.3   -2.0               
  525  525 A Q  H  X>S+     0   0   87     -4,-2.4     4,-0.9    -5,-0.2     5,-0.8   0.936 113.4  39.7 -62.1 -45.6  -26.8    5.0    0.6               
  526  526 A Q  H  <5S+     0   0  132     -4,-1.9    -2,-0.2     2,-0.2    -1,-0.2   0.919 120.9  44.2 -67.7 -44.5  -27.1    8.0    3.0               
  527  527 A R  H  <5S+     0   0  119     -4,-2.7    -2,-0.2     1,-0.2    -3,-0.2   0.880 121.5  36.2 -71.3 -42.1  -28.1   10.5    0.3               
  528  528 A C  H  <5S-     0   0   15     -4,-2.9    -1,-0.2     2,-0.2    -2,-0.2   0.522  94.6-135.7 -86.6 -11.7  -30.6    8.3   -1.6               
  529  529 A Q  T  <5S+     0   0  159     -4,-0.9     2,-0.3    -5,-0.2    -3,-0.2   0.876  70.0 117.8  49.3  40.2  -32.0    6.6    1.6               
  530  530 A A  S   <S-     0   0   16     -5,-0.8    -1,-0.2    -6,-0.4    -2,-0.2  -0.980  76.0 -93.2-136.7 145.5  -31.7    3.4   -0.5               
  531  531 A S        -     0   0   70     -2,-0.3    18,-2.3    -3,-0.1     2,-0.3  -0.379  40.9-162.6 -61.6 131.8  -29.7    0.2   -0.2               
  532  532 A T  E     -T  548   0F  16     16,-0.2     2,-0.3    -2,-0.1    16,-0.2  -0.881   8.1-175.6-114.5 147.6  -26.4    0.2   -2.1               
  533  533 A T  E     -T  547   0F  59     14,-2.4    14,-3.2    -2,-0.3     2,-0.5  -0.995  18.8-140.5-140.9 143.1  -24.2   -2.8   -3.1               
  534  534 A V  E     +T  546   0F  30     -2,-0.3    12,-0.2    12,-0.2   -16,-0.0  -0.915  30.5 169.6-103.3 126.4  -20.8   -3.0   -4.8               
  535  535 A N  E     -T  545   0F  53     10,-2.6    10,-3.1    -2,-0.5     2,-0.1  -0.953  43.2 -88.1-130.0 155.3  -20.5   -5.8   -7.4               
  536  536 A P  E     -T  544   0F 102      0, 0.0     8,-0.3     0, 0.0     5,-0.1  -0.397  48.0-123.6 -56.2 131.9  -17.9   -6.8  -10.0               
  537  537 A A    >   -     0   0   13      6,-2.7     3,-0.7     3,-0.2     2,-0.3  -0.628  25.7-111.0 -78.8 138.8  -18.7   -5.0  -13.3               
  538  538 A P  T 3  S+     0   0   85      0, 0.0    -1,-0.1     0, 0.0     3,-0.1  -0.578  94.5  27.6 -70.0 130.7  -19.2   -7.2  -16.4               
  539  539 A G  T 3  S+     0   0   91     -2,-0.3     2,-0.4     4,-0.0    -2,-0.0  -0.021 103.4  69.7 115.0 -23.1  -16.4   -7.0  -19.0               
  540  540 A A  S X  S-     0   0   59     -3,-0.7     3,-1.7     3,-0.1    -3,-0.2  -0.988  78.7-118.0-130.3 130.4  -13.2   -5.9  -17.2               
  541  541 A K  T 3  S+     0   0  198     -2,-0.4     0, 0.0     1,-0.3     0, 0.0  -0.456 100.9   5.2 -60.0 126.1  -11.1   -8.0  -14.8               
  542  542 A D  T 3  S+     0   0  144      1,-0.2     2,-0.3    -2,-0.2    -1,-0.3   0.499  93.8 136.3  68.6  15.9  -11.1   -6.3  -11.3               
  543  543 A S    <   -     0   0   23     -3,-1.7    -6,-2.7    -6,-0.3     2,-0.3  -0.712  39.4-151.2 -87.4 141.2  -13.6   -3.5  -12.2               
  544  544 A L  E     - T   0 536F  36     -2,-0.3   -35,-0.4    -8,-0.3   -34,-0.4  -0.830   7.4-161.2-111.8 147.9  -16.3   -2.6   -9.7               
  545  545 A Q  E     - T   0 535F  13    -10,-3.1   -10,-2.6    -2,-0.3     2,-0.5  -0.985  14.3-136.4-124.6 142.1  -19.9   -1.2  -10.2               
  546  546 A V  E     -ST 507 534F   0    -39,-2.2   -39,-2.8    -2,-0.4     2,-0.5  -0.832  18.0-162.7 -95.1 128.0  -22.1    0.5   -7.6               
  547  547 A Q  E     -ST 506 533F  14    -14,-3.2   -14,-2.4    -2,-0.5     2,-0.4  -0.970   5.9-172.3-113.6 127.3  -25.8   -0.6   -7.6               
  548  548 A I  E     -ST 505 532F   0    -43,-2.9   -43,-2.9    -2,-0.5   -16,-0.2  -0.943  28.0-114.4-118.9 134.4  -28.4    1.5   -5.9               
  549  549 A Q  E    S+S  504   0F  78    -18,-2.3   -45,-0.2    -2,-0.4     2,-0.1  -0.483  81.3   7.0 -67.3 134.6  -32.1    0.5   -5.3               
  550  550 A G  S    S-     0   0   26    -47,-2.4     2,-0.9    -2,-0.2   -45,-0.4  -0.304 109.6 -47.9  88.0-177.4  -34.6    2.8   -7.3               
  551  551 A N        +     0   0   29      1,-0.1     3,-0.2   -47,-0.1    27,-0.1  -0.844  65.8 154.6 -93.2  99.4  -34.0    5.5  -10.0               
  552  552 A Q    >>  +     0   0   30     -2,-0.9     4,-1.7    -4,-0.2     3,-0.7   0.103  26.0 121.6-114.5  16.4  -31.3    7.6   -8.3               
  553  553 A V  H 3> S+     0   0    0      1,-0.3     4,-2.0     2,-0.2    24,-0.2   0.837  74.0  58.0 -55.8 -34.2  -29.6    9.2  -11.4               
  554  554 A H  H 3> S+     0   0   82      2,-0.2     4,-2.3     1,-0.2    -1,-0.3   0.914 105.1  48.9 -59.6 -45.2  -30.4   12.7  -10.1               
  555  555 A H  H <> S+     0   0   48     -3,-0.7     4,-2.6     1,-0.2    -2,-0.2   0.838 109.6  52.6 -68.6 -31.0  -28.4   12.0   -6.9               
  556  556 A L  H  X S+     0   0    0     -4,-1.7     4,-2.8     2,-0.2     5,-0.3   0.872 106.7  53.6 -67.5 -38.1  -25.5   10.8   -9.0               
  557  557 A G  H  X S+     0   0   10     -4,-2.0     4,-2.6    -5,-0.2     5,-0.4   0.957 111.5  45.4 -57.8 -50.3  -25.7   14.1  -11.0               
  558  558 A W  H  X>S+     0   0   42     -4,-2.3     4,-2.4     1,-0.2     5,-1.4   0.948 116.5  45.2 -56.0 -52.2  -25.5   16.0   -7.7               
  559  559 A L  I  <>S+     0   0    3     -4,-2.6     5,-2.5     1,-0.2     6,-0.2   0.906 120.8  36.8 -63.2 -45.6  -22.6   13.8   -6.4               
  560  560 A L  I  <5S+     0   0    0     -4,-2.8     6,-2.4     3,-0.2    -1,-0.2   0.856 127.4  33.4 -80.1 -35.2  -20.5   13.8   -9.6               
  561  561 A L  I  <5S+     0   0   65     -4,-2.6    -3,-0.2    -5,-0.3    -2,-0.2   0.750 130.6  26.9 -92.9 -31.8  -21.2   17.4  -10.8               
  562  562 A E  I  <5S+     0   0  119     -4,-2.4    -3,-0.2    -5,-0.4    -4,-0.1   0.871 130.7  30.3 -99.0 -51.3  -21.5   19.3   -7.5               
  563  563 A E  I   <S+     0   0  111     -5,-1.4    -3,-0.2     1,-0.2    -4,-0.1   0.971 136.4  25.5 -77.1 -54.6  -19.4   17.4   -4.9               
  564  564 A Y  S   <S-     0   0   38     -5,-2.5    -1,-0.2    -6,-0.2    -4,-0.1   0.531  93.4-145.4 -86.1  -7.3  -16.7   15.9   -7.2               
  565  565 A Q        +     0   0   82     -6,-0.2    -4,-0.2     1,-0.2    -5,-0.1   0.610  31.7 174.8  54.6  20.8  -17.1   18.7   -9.8               
  566  566 A L        -     0   0    3     -6,-2.4    -1,-0.2     1,-0.1     2,-0.1  -0.239  40.8 -96.8 -62.1 141.2  -16.4   16.2  -12.7               
  567  567 A P    >   -     0   0   34      0, 0.0     3,-2.7     0, 0.0    -1,-0.1  -0.322  27.9-129.3 -60.5 130.3  -16.8   17.6  -16.3               
  568  568 A R  G >  S+     0   0  114      1,-0.3     3,-1.4     2,-0.2     6,-0.1   0.730 105.4  68.5 -53.5 -27.7  -20.3   16.7  -17.6               
  569  569 A K  G 3  S+     0   0  165      1,-0.2    -1,-0.3     3,-0.0    -3,-0.0   0.673  95.5  56.8 -60.8 -22.5  -18.6   15.3  -20.9               
  570  570 A H  G <  S+     0   0   24     -3,-2.7   -79,-2.9   -80,-0.1     2,-0.4   0.226  95.3  75.5 -97.8   9.2  -17.2   12.5  -18.7               
  571  571 A I  E <   -q  491   0F   2     -3,-1.4     2,-0.3   -81,-0.2   -79,-0.2  -0.984  59.0-170.2-128.3 121.4  -20.6   11.2  -17.4               
  572  572 A Q  E     +q  492   0F 110    -81,-2.9   -79,-2.4    -2,-0.4    -3,-0.0  -0.832  66.8  34.9-105.5 146.7  -23.0    9.2  -19.5               
  573  573 A G  S >  S+     0   0    2     -2,-0.3     3,-1.9   -81,-0.2    -1,-0.1   0.260  72.4 114.6  97.8 -10.0  -26.6    8.3  -18.4               
  574  574 A L  G >   +     0   0   18      1,-0.3     3,-1.5    -3,-0.2   -17,-0.1   0.766  68.6  70.7 -63.4 -23.1  -27.5   11.6  -16.5               
  575  575 A E  G 3  S+     0   0  124      1,-0.3    -1,-0.3     5,-0.0    -3,-0.0   0.661  86.9  67.2 -63.2 -15.9  -30.1   12.2  -19.3               
  576  576 A K  G <  S+     0   0  100     -3,-1.9    -1,-0.3   -83,-0.1   -23,-0.2   0.295  74.1 125.6 -88.3   6.0  -32.1    9.3  -17.7               
  577  577 A A    <   -     0   0   26     -3,-1.5   -25,-0.1   -24,-0.2    -3,-0.0  -0.450  65.5-133.6 -66.9 139.8  -32.8   11.4  -14.5               
  578  578 A L  S    S+     0   0  129      1,-0.2    -1,-0.1    -2,-0.2    -3,-0.0   0.734  94.1  20.4 -63.1 -27.8  -36.5   11.7  -13.4               
  579  579 A K  S    S-     0   0  157      3,-0.0     2,-0.5     0, 0.0    -1,-0.2  -0.963  79.3-126.8-142.6 124.9  -36.0   15.5  -12.9               
  580  580 A P        -     0   0  118      0, 0.0     3,-0.1     0, 0.0     2,-0.1  -0.645  42.9-110.8 -62.9 121.2  -33.2   17.8  -14.3               
  581  581 A G        -     0   0   51     -2,-0.5     2,-0.1     1,-0.1     3,-0.0  -0.431  47.6 -93.4 -50.9 125.6  -31.8   19.4  -11.2               
  582  582 A K        -     0   0  204      1,-0.1     2,-0.4    -2,-0.1    -1,-0.1  -0.364  37.2-122.1 -49.9 117.8  -33.0   23.1  -11.6               
  583  583 A K              0   0  213     -2,-0.1    -1,-0.1    -3,-0.1     0, 0.0  -0.539 360.0 360.0 -51.8 114.1  -30.3   25.2  -13.3               
  584  584 A K              0   0  276     -2,-0.4    -3,-0.0    -3,-0.0     0, 0.0  -0.965 360.0 360.0-107.4 360.0  -29.6   27.9  -10.8               
