==== Secondary Structure Definition by the program DSSP, CMBI version 2.0                          ==== DATE=2026-03-08        .
REFERENCE W. KABSCH AND C.SANDER, BIOPOLYMERS 22 (1983) 2577-2637                                                              .
HEADER                                            01-AUG-25                                                                    .
COMPND    MOL_ID: 1; MOLECULE: MRNA DECAY ACTIVATOR PROTEIN ZFP36L2; CHAIN: A                                                  .
SOURCE    MOL_ID: 1; ORGANISM_SCIENTIFIC: HOMO SAPIENS; ORGANISM_TAXID: 9606                                                   .
AUTHOR                                                                                                                         .
  494  1  0  0  0 TOTAL NUMBER OF RESIDUES, NUMBER OF CHAINS, NUMBER OF SS-BRIDGES(TOTAL,INTRACHAIN,INTERCHAIN)                .
 60586.7   ACCESSIBLE SURFACE OF PROTEIN (ANGSTROM**2)                                                                         .
  114 23.1   TOTAL NUMBER OF HYDROGEN BONDS OF TYPE O(I)-->H-N(J)  , SAME NUMBER PER 100 RESIDUES                              .
    4  0.8   TOTAL NUMBER OF HYDROGEN BONDS IN     PARALLEL BRIDGES, SAME NUMBER PER 100 RESIDUES                              .
    0  0.0   TOTAL NUMBER OF HYDROGEN BONDS IN ANTIPARALLEL BRIDGES, SAME NUMBER PER 100 RESIDUES                              .
    0  0.0   TOTAL NUMBER OF HYDROGEN BONDS OF TYPE O(I)-->H-N(I-5), SAME NUMBER PER 100 RESIDUES                              .
    0  0.0   TOTAL NUMBER OF HYDROGEN BONDS OF TYPE O(I)-->H-N(I-4), SAME NUMBER PER 100 RESIDUES                              .
    0  0.0   TOTAL NUMBER OF HYDROGEN BONDS OF TYPE O(I)-->H-N(I-3), SAME NUMBER PER 100 RESIDUES                              .
    0  0.0   TOTAL NUMBER OF HYDROGEN BONDS OF TYPE O(I)-->H-N(I-2), SAME NUMBER PER 100 RESIDUES                              .
    0  0.0   TOTAL NUMBER OF HYDROGEN BONDS OF TYPE O(I)-->H-N(I-1), SAME NUMBER PER 100 RESIDUES                              .
    0  0.0   TOTAL NUMBER OF HYDROGEN BONDS OF TYPE O(I)-->H-N(I+0), SAME NUMBER PER 100 RESIDUES                              .
    0  0.0   TOTAL NUMBER OF HYDROGEN BONDS OF TYPE O(I)-->H-N(I+1), SAME NUMBER PER 100 RESIDUES                              .
   39  7.9   TOTAL NUMBER OF HYDROGEN BONDS OF TYPE O(I)-->H-N(I+2), SAME NUMBER PER 100 RESIDUES                              .
   22  4.5   TOTAL NUMBER OF HYDROGEN BONDS OF TYPE O(I)-->H-N(I+3), SAME NUMBER PER 100 RESIDUES                              .
   44  8.9   TOTAL NUMBER OF HYDROGEN BONDS OF TYPE O(I)-->H-N(I+4), SAME NUMBER PER 100 RESIDUES                              .
    0  0.0   TOTAL NUMBER OF HYDROGEN BONDS OF TYPE O(I)-->H-N(I+5), SAME NUMBER PER 100 RESIDUES                              .
  1  2  3  4  5  6  7  8  9 10 11 12 13 14 15 16 17 18 19 20 21 22 23 24 25 26 27 28 29 30     *** HISTOGRAMS OF ***           .
  0  0  0  0  0  2  0  0  0  2  0  0  0  0  0  0  0  0  0  0  1  0  0  0  0  0  0  0  0  0    RESIDUES PER ALPHA HELIX         .
  2  0  0  0  0  0  0  0  0  0  0  0  0  0  0  0  0  0  0  0  0  0  0  0  0  0  0  0  0  0    PARALLEL BRIDGES PER LADDER      .
  0  0  0  0  0  0  0  0  0  0  0  0  0  0  0  0  0  0  0  0  0  0  0  0  0  0  0  0  0  0    ANTIPARALLEL BRIDGES PER LADDER  .
  0  0  0  0  0  0  0  0  0  0  0  0  0  0  0  0  0  0  0  0  0  0  0  0  0  0  0  0  0  0    LADDERS PER SHEET                .
  #  RESIDUE AA STRUCTURE BP1 BP2  ACC     N-H-->O    O-->H-N    N-H-->O    O-->H-N    TCO  KAPPA ALPHA  PHI   PSI    X-CA   Y-CA   Z-CA            CHAIN
    1    1 A M              0   0  240      0, 0.0     0, 0.0     0, 0.0     0, 0.0   0.000 360.0 360.0 360.0 151.0   38.8   39.5  -16.6               
    2    2 A S        +     0   0  134      2,-0.0     2,-0.3     1,-0.0     0, 0.0  -0.125 360.0 145.9 -73.8 142.6   36.1   37.7  -14.6               
    3    3 A T        +     0   0  131      1,-0.1    -1,-0.0     0, 0.0     0, 0.0  -0.942  37.1  62.1-150.0 161.8   34.0   38.7  -11.6               
    4    4 A T        +     0   0  117     -2,-0.3    -1,-0.1     2,-0.0     3,-0.1   0.981  47.1 109.5  82.3  84.6   30.3   38.0  -10.4               
    5    5 A L        +     0   0  173      1,-0.0     3,-0.0     0, 0.0    -1,-0.0  -0.103  52.9  91.1-159.2  59.6   28.8   34.6   -9.5               
    6    6 A L        +     0   0  159      1,-0.1    -2,-0.0     2,-0.0    -1,-0.0  -0.418  60.6  76.5-145.4  68.6   28.3   34.4   -5.7               
    7    7 A S        +     0   0  122     -3,-0.1     3,-0.4     0, 0.0    -1,-0.1   0.366  65.0  85.5-150.0   8.1   24.8   35.6   -4.5               
    8    8 A A  S    S+     0   0   85      1,-0.2     3,-0.3     2,-0.1    -2,-0.0   0.308  72.2  75.7 -98.3   6.9   22.1   32.9   -5.3               
    9    9 A F  S    S+     0   0  174      1,-0.2    -1,-0.2     3,-0.0     3,-0.1   0.284  81.1  61.3-110.2   9.6   22.3   30.6   -2.2               
   10   10 A Y  S    S+     0   0  228     -3,-0.4     4,-0.2     1,-0.1    -1,-0.2   0.241  85.2  70.2-124.6  14.8   20.5   32.5    0.7               
   11   11 A D  S    S+     0   0  105     -3,-0.3    -1,-0.1     2,-0.1    -2,-0.0  -0.238  78.5  72.0-130.9  40.7   16.8   32.9   -0.5               
   12   12 A V  S  > S+     0   0  100     -3,-0.1     4,-2.3     3,-0.1     5,-0.2   0.653  92.9  50.4-119.1 -41.3   15.2   29.4   -0.4               
   13   13 A D  H  > S+     0   0  142      2,-0.2     4,-0.8     1,-0.2     5,-0.1   0.825 109.6  53.0 -68.7 -30.6   14.9   28.7    3.4               
   14   14 A F  H  > S+     0   0  153      2,-0.2     4,-1.6    -4,-0.2     3,-0.3   0.931 112.7  43.4 -72.6 -41.2   13.2   32.1    4.0               
   15   15 A L  H  > S+     0   0   98      1,-0.2     4,-2.8     2,-0.2     5,-0.3   0.948 110.4  55.1 -67.0 -45.4   10.5   31.5    1.3               
   16   16 A C  H  < S+     0   0   61     -4,-2.3     4,-0.4     1,-0.2    -1,-0.2   0.681 112.6  44.1 -64.8 -19.6    9.9   27.8    2.4               
   17   17 A K  H  X S+     0   0  169     -4,-0.8     4,-0.5    -3,-0.3    -1,-0.2   0.745 112.8  51.6 -92.1 -27.9    9.2   29.0    5.9               
   18   18 A T  H >X S+     0   0   63     -4,-1.6     4,-2.6    -3,-0.2     3,-1.0   0.920 106.0  53.2 -74.6 -43.4    6.9   31.9    4.7               
   19   19 A E  H 3X S+     0   0  145     -4,-2.8     4,-2.5     1,-0.3    -1,-0.2   0.869 104.8  56.0 -62.4 -34.5    4.7   29.7    2.4               
   20   20 A K  H 34 S+     0   0  149     -4,-0.4    -1,-0.3    -5,-0.3    -2,-0.2   0.746 112.4  43.1 -68.5 -23.6    4.0   27.4    5.4               
   21   21 A S  H X< S+     0   0   77     -3,-1.0     3,-1.5    -4,-0.5     4,-0.4   0.870 113.3  50.7 -82.6 -43.1    2.7   30.5    7.3               
   22   22 A L  H >< S+     0   0  106     -4,-2.6     3,-1.6     1,-0.3    -2,-0.2   0.880 100.1  64.0 -67.0 -35.5    0.8   31.9    4.3               
   23   23 A A  T 3< S+     0   0   91     -4,-2.5    -1,-0.3     1,-0.3    -2,-0.1   0.560 100.4  54.3 -64.9  -9.3   -1.0   28.5    3.7               
   24   24 A N  T <  S+     0   0  144     -3,-1.5     2,-1.3    -5,-0.1    -1,-0.3   0.546  84.5  97.8 -98.4 -10.2   -2.7   28.9    7.2               
   25   25 A L  S <  S-     0   0  129     -3,-1.6    -1,-0.1    -4,-0.4    -4,-0.0  -0.658  86.0-114.9 -92.5  87.4   -4.2   32.4    6.4               
   26   26 A N        -     0   0  125     -2,-1.3     3,-0.1     1,-0.2    -1,-0.1   0.212  23.4-163.7   2.2  95.2   -7.8   32.0    5.4               
   27   27 A L        +     0   0  150      1,-0.2     3,-0.3    -4,-0.1    -1,-0.2   0.095  59.9 107.5 -89.8  21.9   -8.2   33.0    1.7               
   28   28 A N        +     0   0  148      1,-0.2    -1,-0.2     3,-0.0     3,-0.1  -0.037  59.8  76.1 -90.6  28.5  -12.1   33.3    2.0               
   29   29 A N  S    S+     0   0  157      1,-0.2    -1,-0.2    -3,-0.1     3,-0.1  -0.033  74.1  67.0-140.2  37.1  -12.3   37.2    1.9               
   30   30 A M  S    S+     0   0  165     -3,-0.3    -1,-0.2     1,-0.1    -3,-0.0  -0.335  76.7  55.5-160.9  81.4  -11.9   38.7   -1.6               
   31   31 A L        +     0   0  174     -3,-0.1     2,-0.2     1,-0.1    -1,-0.1   0.225  60.7 110.9 175.3  68.7  -14.3   38.2   -4.6               
   32   32 A D        +     0   0  157      1,-0.1     2,-0.1    -3,-0.1    -1,-0.1  -0.692  48.5  73.6-145.3  89.4  -18.0   39.2   -4.0               
   33   33 A K        +     0   0  198      1,-0.3    -1,-0.1    -2,-0.2     0, 0.0  -0.310  60.2  48.9 178.5 134.1  -19.5   42.2   -5.8               
   34   34 A K        +     0   0  207     -2,-0.1    -1,-0.3     0, 0.0     0, 0.0   0.644  50.6  47.9  71.1 143.2  -20.7   43.1   -9.5               
   35   35 A A        -     0   0   85      0, 0.0     0, 0.0     0, 0.0     0, 0.0   0.364  20.1-166.0-167.1 134.1  -22.4   42.3  -12.1               
   36   36 A V        +     0   0  148      0, 0.0     0, 0.0     0, 0.0     0, 0.0   0.779  24.2 107.1  49.8 121.9  -25.1   41.2  -14.4               
   37   37 A G        -     0   0   68      2,-0.0     0, 0.0     0, 0.0     0, 0.0   0.553  25.3 -10.2  91.9 143.5  -26.1   40.1  -17.9               
   38   38 A T        +     0   0  136      1,-0.0     2,-0.4     0, 0.0     0, 0.0   0.840   9.6 162.9-160.1 161.4  -27.0   38.3  -20.6               
   39   39 A P        +     0   0  127      0, 0.0     2,-0.3     0, 0.0    -2,-0.0  -0.944  32.5 169.2-129.5 123.3  -28.0   35.4  -23.0               
   40   40 A V        +     0   0  146     -2,-0.4     0, 0.0     1,-0.1     0, 0.0  -0.937  22.9  46.3-153.1 143.4  -30.0   35.8  -26.3               
   41   41 A A        +     0   0   95     -2,-0.3     2,-0.3     1,-0.1    -1,-0.1   0.657  23.2 170.9-138.6 167.4  -30.9   34.3  -29.0               
   42   42 A A        +     0   0  100      2,-0.0    -1,-0.1     0, 0.0     0, 0.0  -0.892  15.1 165.6-104.4 147.6  -32.4   31.1  -30.5               
   43   43 A A        -     0   0  100     -2,-0.3     2,-0.3     2,-0.0     0, 0.0  -0.818   9.4-173.4-156.6 125.0  -33.6   30.7  -34.1               
   44   44 A P        +     0   0  121      0, 0.0     2,-0.1     0, 0.0    -2,-0.0  -0.831  17.4 124.0-101.9 153.1  -34.4   27.5  -36.1               
   45   45 A S        -     0   0  111     -2,-0.3    -2,-0.0     1,-0.1     0, 0.0  -0.277  40.3  -3.4 166.3 151.9  -35.3   26.6  -39.7               
   46   46 A S        -     0   0  112     -2,-0.1     2,-0.3     1,-0.1    -1,-0.1   0.897  42.9-139.5  62.4 125.2  -34.8   24.7  -43.0               
   47   47 A G        -     0   0   70      2,-0.0     2,-0.3     0, 0.0    -1,-0.1  -0.804  12.3-174.8-106.2 152.9  -32.2   22.1  -44.3               
   48   48 A F        -     0   0  210     -2,-0.3     0, 0.0     2,-0.0     0, 0.0  -0.934  12.9-176.7-140.2 125.5  -30.4   21.6  -47.5               
   49   49 A A        +     0   0   92     -2,-0.3     2,-0.2     2,-0.0    -2,-0.0  -0.896  25.7 135.3-100.6 146.9  -28.1   18.7  -48.4               
   50   50 A P        -     0   0  123      0, 0.0     2,-0.0     0, 0.0    -2,-0.0  -0.448  43.2-126.6-139.2 171.6  -26.1   17.6  -50.8               
   51   51 A G        -     0   0   71     -2,-0.2     2,-0.4     1,-0.0    -2,-0.0  -0.230   8.8-150.3 -85.2 166.9  -22.6   16.2  -50.1               
   52   52 A F        -     0   0  211      2,-0.1     2,-0.4    -2,-0.0    -1,-0.0  -0.998  20.4-145.7-130.5 130.8  -19.0   16.6  -51.1               
   53   53 A L        +     0   0  169     -2,-0.4     2,-0.1     2,-0.0     0, 0.0  -0.833  28.2 142.7 -96.0 134.4  -16.5   13.7  -50.9               
   54   54 A R        +     0   0  240     -2,-0.4    -2,-0.1     1,-0.0     0, 0.0  -0.353  22.4  27.3 158.7 148.8  -12.7   13.7  -50.0               
   55   55 A R        +     0   0  203     -2,-0.1     2,-0.3     0, 0.0    -2,-0.0   0.453  49.7  95.1-156.2 123.1  -10.0   12.6  -48.7               
   56   56 A H        -     0   0  199      0, 0.0     2,-0.3     0, 0.0     0, 0.0  -0.967  45.8-173.6-138.3 132.2   -8.3    9.3  -47.7               
   57   57 A S        +     0   0  111     -2,-0.3     0, 0.0     1,-0.2     0, 0.0  -0.934  22.8  60.5-152.2 149.5   -5.8    7.5  -50.0               
   58   58 A A        -     0   0   85     -2,-0.3    -1,-0.2     0, 0.0     0, 0.0   0.703  42.6-134.2-144.2 139.0   -4.0    4.9  -50.6               
   59   59 A S        +     0   0  115      2,-0.0     2,-0.2     0, 0.0    -2,-0.0   0.534  29.8 162.8  73.3  99.5   -4.0    1.4  -51.1               
   60   60 A N        +     0   0  165      0, 0.0     2,-0.4     0, 0.0     0, 0.0  -0.645  32.2 164.0-147.8 122.3   -2.9   -2.0  -50.6               
   61   61 A L        +     0   0  154     -2,-0.2     2,-0.1     0, 0.0    -2,-0.0  -0.977   1.2 150.4-122.0 139.1   -5.5   -4.7  -51.7               
   62   62 A H        +     0   0  194     -2,-0.4     0, 0.0     1,-0.1     0, 0.0  -0.297  31.1  36.8 168.4 136.3   -5.3   -8.5  -52.4               
   63   63 A A        -     0   0   74     -2,-0.1    -1,-0.1     2,-0.0     0, 0.0   0.742  57.7 -49.5-156.0 159.1   -7.1  -11.0  -52.2               
   64   64 A L        -     0   0  160      1,-0.0     2,-0.0     0, 0.0    -2,-0.0   0.893  22.9-156.7  52.9 100.7  -10.4  -13.1  -52.4               
   65   65 A A        +     0   0   78      2,-0.0    -2,-0.0     0, 0.0    -1,-0.0   0.276  12.6 173.7  67.4 114.2  -13.7  -13.3  -51.6               
   66   66 A H        -     0   0  189     -2,-0.0     2,-0.3     0, 0.0     0, 0.0  -0.437  29.1-147.5-172.2 151.6  -16.5  -15.6  -51.1               
   67   67 A P        -     0   0  114      0, 0.0    -2,-0.0     0, 0.0     0, 0.0  -0.826  12.4 -77.0-128.8 155.0  -20.1  -14.7  -49.7               
   68   68 A A        +     0   0   95     -2,-0.3     0, 0.0     0, 0.0     0, 0.0   0.582  17.0 172.0  64.1 169.2  -23.4  -15.0  -47.8               
   69   69 A P        -     0   0  125      0, 0.0     0, 0.0     0, 0.0     0, 0.0   0.716  22.7-161.6-125.8-178.2  -26.3  -15.4  -46.5               
   70   70 A S        +     0   0  111      0, 0.0     2,-0.0     0, 0.0     0, 0.0   0.080  14.8 104.0 -67.0-170.1  -28.5  -14.9  -43.3               
   71   71 A P        +     0   0  134      0, 0.0     2,-0.0     0, 0.0     0, 0.0   0.657  19.1  81.4-136.4-167.4  -30.9  -15.2  -41.1               
   72   72 A G        -     0   0   80     -2,-0.0     2,-0.4     0, 0.0     0, 0.0   0.020  27.1-140.7 140.2 134.8  -32.9  -16.3  -38.0               
   73   73 A S        +     0   0  120      2,-0.0     2,-0.2    -2,-0.0     0, 0.0  -0.883  29.5 141.4-105.2 132.2  -33.8  -15.6  -34.3               
   74   74 A C        -     0   0  127     -2,-0.4     0, 0.0     2,-0.0     0, 0.0  -0.772  27.2-152.9-163.3 131.0  -34.3  -18.0  -31.3               
   75   75 A S        -     0   0  120     -2,-0.2     2,-0.4     1,-0.0    -2,-0.0  -0.681  17.8-132.1 -84.7 147.2  -33.4  -17.9  -27.6               
   76   76 A P        -     0   0  127      0, 0.0     2,-0.4     0, 0.0    -2,-0.0  -0.833  15.1-153.2 -96.9 140.7  -32.8  -21.0  -25.4               
   77   77 A K        -     0   0  201     -2,-0.4     0, 0.0     1,-0.0     0, 0.0  -0.877  24.6-107.8-106.5 140.2  -34.5  -21.2  -21.9               
   78   78 A F        -     0   0  202     -2,-0.4     2,-0.3     0, 0.0    -1,-0.0  -0.316  22.0-167.2 -61.6 147.8  -33.0  -23.4  -19.1               
   79   79 A P        -     0   0  123      0, 0.0     2,-0.2     0, 0.0     0, 0.0  -0.902  24.8-167.1-112.8 160.1  -34.0  -26.6  -17.6               
   80   80 A G        +     0   0   73     -2,-0.3     0, 0.0     1,-0.1     0, 0.0  -0.627  22.7  71.6-127.3-173.2  -32.3  -27.6  -14.3               
   81   81 A A        +     0   0  108     -2,-0.2     2,-0.1     1,-0.1    -1,-0.1   0.984  20.8 132.5  66.8 111.0  -31.5  -30.3  -11.6               
   82   82 A A        -     0   0  105      0, 0.0    -1,-0.1     0, 0.0     0, 0.0  -0.445  30.9-143.8-165.0 135.5  -29.7  -33.3  -10.8               
   83   83 A N        +     0   0  165     -2,-0.1     0, 0.0     0, 0.0     0, 0.0  -0.069  26.3  90.9 -35.4 144.2  -27.5  -34.3   -7.8               
   84   84 A G        -     0   0   56      0, 0.0     0, 0.0     0, 0.0     0, 0.0   0.764  30.7 -14.5 121.8 128.8  -24.5  -36.2   -7.1               
   85   85 A S        -     0   0  117      1,-0.0     0, 0.0     0, 0.0     0, 0.0   0.990  26.4-122.7  75.4 100.3  -21.3  -37.9   -6.3               
   86   86 A S        -     0   0  117      2,-0.0     2,-0.3     0, 0.0    -1,-0.0   0.142  14.7-177.5  -3.5 136.5  -17.5  -37.9   -6.4               
   87   87 A C        +     0   0  135      2,-0.0     2,-0.3     0, 0.0     0, 0.0  -0.882   9.7 171.2-148.9 146.6  -14.9  -40.0   -7.8               
   88   88 A G        +     0   0   72     -2,-0.3     2,-0.2     0, 0.0    -2,-0.0  -0.990   6.3 150.5-140.2 146.3  -11.1  -39.6   -7.4               
   89   89 A S        -     0   0  118     -2,-0.3    -2,-0.0     0, 0.0     0, 0.0  -0.684  20.9-107.8-177.0 128.6   -7.9  -41.7   -8.3               
   90   90 A A        +     0   0   96     -2,-0.2     0, 0.0     0, 0.0     0, 0.0   0.615  21.8  65.9  58.7 141.3   -4.6  -41.8   -9.1               
   91   91 A A        -     0   0   92      0, 0.0     0, 0.0     0, 0.0     0, 0.0   0.750  32.4 -67.6-168.4 159.6   -1.9  -42.2  -10.8               
   92   92 A A        +     0   0  110      1,-0.0     2,-0.0     0, 0.0     0, 0.0   0.888  28.0 147.2  46.2 132.9    1.4  -42.5  -13.0               
   93   93 A G        -     0   0   82      2,-0.0    -1,-0.0     0, 0.0     0, 0.0  -0.126  19.3-162.4 163.3 101.9    2.2  -43.4  -16.6               
   94   94 A G        -     0   0   77      1,-0.1     2,-0.1    -2,-0.0     0, 0.0  -0.122  28.8 -84.7 -85.4-173.3    4.9  -42.3  -19.1               
   95   95 A P        -     0   0  126      0, 0.0     2,-0.3     0, 0.0    -1,-0.1  -0.270  24.8-178.5-117.0 165.8    5.0  -42.6  -22.9               
   96   96 A T        -     0   0  134     -2,-0.1     2,-0.2     2,-0.0     0, 0.0  -0.934  25.1-136.1-155.4 148.1    5.7  -44.2  -26.3               
   97   97 A S        -     0   0  119     -2,-0.3     2,-0.3     0, 0.0     0, 0.0  -0.570  14.4-176.7 -91.6 156.7    5.2  -43.0  -29.9               
   98   98 A Y        +     0   0  223     -2,-0.2     2,-0.2     2,-0.0    -2,-0.0  -0.948  14.4 163.0-146.2 132.6    3.8  -44.4  -33.2               
   99   99 A G        +     0   0   69     -2,-0.3     2,-0.1     0, 0.0     0, 0.0  -0.508   2.5 158.0-111.6-169.5    3.8  -42.6  -36.6               
  100  100 A T        +     0   0  134      1,-0.2    -2,-0.0    -2,-0.2     0, 0.0  -0.177  12.0  95.2 154.2 152.4    3.4  -43.5  -40.3               
  101  101 A L        -     0   0  158     -2,-0.1    -1,-0.2     0, 0.0     0, 0.0   0.544  43.3 -17.5  90.3 142.0    2.5  -42.5  -43.9               
  102  102 A K        -     0   0  188      1,-0.2     0, 0.0     2,-0.0     0, 0.0   0.196  22.3-151.9-167.0 124.2    3.6  -41.5  -46.8               
  103  103 A E        +     0   0  164      1,-0.0    -1,-0.2     0, 0.0     0, 0.0   0.296  17.5 144.3 -25.2 175.0    5.8  -40.0  -49.7               
  104  104 A P        -     0   0   94      0, 0.0     2,-0.0     0, 0.0    -2,-0.0   0.822  15.5 -30.5-143.1-178.2    6.3  -38.5  -52.6               
  105  105 A S        +     0   0  125      1,-0.1     0, 0.0     0, 0.0     0, 0.0   0.051  38.7  79.9 156.7 142.6    7.2  -36.6  -55.9               
  106  106 A G        -     0   0   78     -2,-0.0    -1,-0.1     0, 0.0     0, 0.0   0.234  47.0-107.8 137.2 113.3    8.7  -33.7  -57.9               
  107  107 A G        -     0   0   88      1,-0.1     2,-0.0     2,-0.0     0, 0.0   0.099  21.6 -48.7 -62.8 177.2   12.2  -32.5  -59.0               
  108  108 A G        -     0   0   81      0, 0.0    -1,-0.1     0, 0.0     0, 0.0  -0.070  34.0  -6.2 144.7  86.5   14.8  -30.9  -59.3               
  109  109 A G        +     0   0   77      1,-0.1     2,-0.2    -2,-0.0    -2,-0.0   0.996  24.4 139.5  79.7  98.3   17.6  -28.4  -59.6               
  110  110 A T        -     0   0  149      2,-0.0     2,-0.6     0, 0.0    -1,-0.1  -0.794  34.7-159.9-140.8 121.4   18.6  -24.8  -60.0               
  111  111 A A        +     0   0  102     -2,-0.2     2,-0.2     2,-0.0     0, 0.0  -0.837  31.3 115.5 -95.7 118.4   21.5  -23.8  -57.8               
  112  112 A L        +     0   0  158     -2,-0.6    -2,-0.0     2,-0.0     0, 0.0  -0.801  51.2   4.7-165.9 151.6   22.3  -20.2  -56.9               
  113  113 A L        +     0   0  154     -2,-0.2     2,-0.0     1,-0.1     3,-0.0   0.885  56.9 114.2  57.4  79.0   22.6  -17.7  -54.0               
  114  114 A N        +     0   0  123      2,-0.0     3,-0.1     1,-0.0    -1,-0.1  -0.432  26.2 133.9-148.9  94.1   22.1  -18.3  -50.3               
  115  115 A K        +     0   0  212      1,-0.1     3,-0.0     2,-0.1    -2,-0.0  -0.168  58.8  74.9-115.2  38.4   25.5  -17.7  -48.5               
  116  116 A E  S    S+     0   0  176      1,-0.1     3,-0.4     2,-0.0    -1,-0.1   0.479  70.5  77.8-127.3  -4.3   24.2  -15.5  -45.6               
  117  117 A N        +     0   0  125      1,-0.2     3,-0.4    -3,-0.1     4,-0.1   0.264  69.0  87.3 -96.2  13.4   22.4  -17.9  -43.2               
  118  118 A K  S    S+     0   0  207      1,-0.2    -1,-0.2     2,-0.1     3,-0.1   0.318  75.9  64.0-100.1   8.5   25.4  -19.4  -41.3               
  119  119 A F  S    S+     0   0  191     -3,-0.4     3,-0.4     1,-0.1    -1,-0.2   0.479  85.2  70.3-108.3  -6.4   26.0  -16.9  -38.5               
  120  120 A R  S    S+     0   0  210     -3,-0.4     3,-0.4     1,-0.2    -1,-0.1   0.513  83.2  70.6 -90.8  -3.7   22.7  -17.2  -36.4               
  121  121 A D  S    S+     0   0  149      1,-0.2     3,-0.2    -3,-0.1    -1,-0.2   0.358  84.5  64.9 -99.7   1.1   23.3  -20.7  -34.9               
  122  122 A R  S    S+     0   0  240     -3,-0.4     3,-0.3     1,-0.1    -1,-0.2   0.334  79.8  74.9-114.0   8.2   26.1  -20.0  -32.4               
  123  123 A S  S    S+     0   0  108     -3,-0.4     3,-0.3     1,-0.1    -1,-0.1   0.231  75.6  78.2-106.0  11.5   24.6  -17.7  -29.7               
  124  124 A F  S    S+     0   0  178     -3,-0.2     3,-0.3     1,-0.1    -1,-0.1   0.428  74.0  75.4-102.1   2.0   22.4  -20.2  -27.8               
  125  125 A S  S    S+     0   0  118     -3,-0.3    -1,-0.1     1,-0.2     3,-0.1   0.404  85.8  56.3-100.8   1.4   25.0  -22.0  -25.5               
  126  126 A E  S    S+     0   0  186     -3,-0.3     4,-0.3     1,-0.1    -1,-0.2   0.373  89.9  69.4-115.1   2.0   25.8  -19.4  -22.7               
  127  127 A N  S  > S+     0   0  108     -3,-0.3     4,-0.6     1,-0.1    -1,-0.1   0.293  74.1  87.8-107.0   9.9   22.4  -18.6  -21.2               
  128  128 A G  H >> S+     0   0   41      2,-0.2     4,-1.3    -3,-0.1     3,-0.7   0.974  87.5  44.2 -69.9 -55.5   21.6  -22.0  -19.5               
  129  129 A D  H 3> S+     0   0  131      1,-0.3     4,-1.8     2,-0.2     3,-0.2   0.872 110.1  54.1 -68.8 -37.7   23.3  -21.6  -16.0               
  130  130 A R  H 3> S+     0   0  207     -4,-0.3     4,-1.0     1,-0.2    -1,-0.3   0.780 106.9  54.1 -66.6 -26.1   22.0  -18.0  -15.4               
  131  131 A S  H <X S+     0   0   57     -3,-0.7     4,-1.1    -4,-0.6    -1,-0.2   0.829 106.0  51.7 -77.7 -31.8   18.4  -19.3  -16.0               
  132  132 A Q  H  X S+     0   0  135     -4,-1.3     4,-1.9    -3,-0.2    -2,-0.2   0.887 104.8  55.8 -72.7 -35.7   18.8  -22.1  -13.4               
  133  133 A H  H  X S+     0   0  129     -4,-1.8     4,-1.9     1,-0.2    -1,-0.2   0.879 104.8  53.4 -64.9 -34.7   20.0  -19.6  -10.6               
  134  134 A L  H  X S+     0   0  138     -4,-1.0     4,-0.8     1,-0.2    -1,-0.2   0.868 109.2  48.9 -67.0 -36.2   16.8  -17.5  -11.1               
  135  135 A L  H  < S+     0   0  124     -4,-1.1     4,-0.4     2,-0.2    -2,-0.2   0.868 109.3  52.9 -71.0 -35.4   14.6  -20.7  -10.6               
  136  136 A H  H >X S+     0   0  125     -4,-1.9     3,-1.3     1,-0.2     4,-0.7   0.912 104.3  53.8 -69.6 -40.3   16.6  -21.7   -7.4               
  137  137 A L  H 3< S+     0   0  107     -4,-1.9     3,-0.3     1,-0.3    -1,-0.2   0.777 103.9  58.2 -65.5 -23.9   16.1  -18.2   -5.7               
  138  138 A Q  T 3< S+     0   0  164     -4,-0.8     3,-0.3    -3,-0.2    -1,-0.3   0.666 100.4  58.5 -76.5 -15.1   12.3  -18.6   -6.2               
  139  139 A Q  T X4 S+     0   0  139     -3,-1.3     3,-0.8    -4,-0.4    -1,-0.2   0.725  89.5  70.1 -88.2 -21.0   12.3  -21.9   -4.2               
  140  140 A Q  T 3< S+     0   0  165     -4,-0.7    -1,-0.2    -3,-0.3    -2,-0.1   0.503  81.3  71.5 -85.5  -1.2   13.8  -20.5   -0.8               
  141  141 A Q  T 3  S+     0   0  192     -3,-0.3     2,-0.3    -4,-0.2    -1,-0.2   0.210  77.6  91.0 -89.2  15.4   10.7  -18.4    0.2               
  142  142 A K    <   +     0   0  192     -3,-0.8     2,-0.3     3,-0.0    -1,-0.2  -0.458  55.0 101.8-112.9  57.2    8.8  -21.8    1.0               
  143  143 A G        +     0   0   79     -2,-0.3    -3,-0.0    -3,-0.1    -1,-0.0  -0.897  49.6  75.8-142.1 107.8    9.6  -22.4    4.7               
  144  144 A G        -     0   0   83     -2,-0.3     2,-0.5     0, 0.0    -1,-0.1   0.200  54.1-163.2 149.6  71.7    6.9  -21.6    7.3               
  145  145 A G        +     0   0   90     -3,-0.1     2,-0.2     2,-0.1    -3,-0.0  -0.694  33.3 127.5 -80.6 124.7    3.9  -24.0    7.7               
  146  146 A G        -     0   0   60     -2,-0.5     2,-1.3     2,-0.1     0, 0.0  -0.630  65.9-103.3-177.8 116.9    0.8  -22.8    9.5               
  147  147 A S        +     0   0  136     -2,-0.2     2,-0.4     3,-0.0    -2,-0.1  -0.157  69.1 133.7 -50.8  76.0   -2.8  -22.9    8.2               
  148  148 A Q        -     0   0  165     -2,-1.3     3,-0.1     0, 0.0    -2,-0.1  -0.951  64.4 -79.7-143.6 122.1   -3.4  -19.2    7.2               
  149  149 A I        -     0   0   98     -2,-0.4     2,-2.5     1,-0.2     5,-0.1   0.319  38.3-136.6   8.9  86.8   -4.8  -17.1    4.3               
  150  150 A N        +     0   0  166      2,-0.1     2,-0.5     3,-0.1    -1,-0.2  -0.354  56.9 133.3 -67.7  64.8   -2.1  -16.9    1.5               
  151  151 A S    >   -     0   0   46     -2,-2.5     3,-2.2    -3,-0.1    -1,-0.0  -0.933  43.3-164.9-121.5 107.5   -2.6  -13.2    0.8               
  152  152 A T  T 3  S+     0   0  137     -2,-0.5    35,-0.2     1,-0.3    -1,-0.1   0.545  95.9  57.7 -62.5  -7.8    0.6  -11.1    0.5               
  153  153 A R  T >  S+     0   0  149     33,-0.1     3,-2.0     2,-0.0     4,-0.3   0.284  73.5 137.1-101.0   0.3   -1.9   -8.1    0.9               
  154  154 A Y  T <  S-     0   0   48     -3,-2.2    22,-0.2     1,-0.3    30,-0.1  -0.391  87.5 -14.0 -60.2 120.2   -3.3   -9.3    4.3               
  155  155 A K  T 3  S+     0   0   15     20,-3.0    29,-2.7    -2,-0.2    -1,-0.3   0.700  98.6 124.7  54.5  30.5   -3.6   -6.2    6.6               
  156  156 A T  S <  S+     0   0   21     -3,-2.0     2,-0.3    19,-0.4    30,-0.2   0.428  70.4  44.6 -91.2  -2.1   -1.4   -4.1    4.2               
  157  157 A E  S    S-     0   0   50     -4,-0.3    20,-2.7    18,-0.2    27,-0.1  -0.977  94.2-100.9-135.8 149.5   -4.1   -1.4    3.8               
  158  158 A L  B     -a  177   0A  47     -2,-0.3     2,-1.1    18,-0.2    20,-0.2  -0.385  35.5-111.8 -71.1 147.1   -6.4    0.3    6.5               
  159  159 A C    >>  -     0   0    6     18,-2.9     4,-2.5     1,-0.2     3,-1.1  -0.688  24.6-158.8 -83.7  98.1  -10.0   -0.8    7.0               
  160  160 A R  H 3> S+     0   0  160     -2,-1.1     4,-2.3     1,-0.3     5,-0.3   0.839  89.6  51.3 -49.8 -46.0  -12.2    2.2    5.8               
  161  161 A P  H 3> S+     0   0   74      0, 0.0     4,-2.1     0, 0.0     6,-0.8   0.832 115.3  43.6 -62.2 -31.2  -15.4    1.1    7.7               
  162  162 A F  H <> S+     0   0   70     -3,-1.1     4,-1.6     4,-0.2    -2,-0.2   0.877 113.2  51.2 -78.7 -38.3  -13.3    0.8   10.9               
  163  163 A E  H  < S+     0   0  100     -4,-2.5    -3,-0.2     2,-0.2    -1,-0.1   0.850 122.0  33.4 -61.7 -37.7  -11.4    4.1   10.2               
  164  164 A E  H  < S+     0   0  168     -4,-2.3    -2,-0.2    -5,-0.2    -1,-0.2   0.848 135.2  20.7 -88.8 -41.8  -14.8    5.9    9.6               
  165  165 A S  H  < S-     0   0   82     -4,-2.1    -3,-0.2     2,-0.3    -2,-0.2   0.344  91.6-123.1-114.4  -0.2  -17.2    4.1   12.1               
  166  166 A G  S  < S+     0   0   51     -4,-1.6     2,-0.3     1,-0.1    -4,-0.2   0.503  86.3  83.6  66.6   3.3  -14.9    2.5   14.7               
  167  167 A T        -     0   0   93     -6,-0.8     2,-0.4     4,-0.0    -2,-0.3  -0.978  57.8-162.2-140.5 147.8  -16.5   -0.9   13.8               
  168  168 A C    >   -     0   0   14     -2,-0.3     3,-2.2    -6,-0.1     6,-0.1  -0.966  20.7-141.6-136.9 124.7  -16.1   -3.6   11.2               
  169  169 A K  T 3  S+     0   0  184     -2,-0.4    -1,-0.1     1,-0.3    -2,-0.0   0.568 104.8  53.5 -56.7 -15.6  -18.7   -6.3   10.2               
  170  170 A Y  T >  S-     0   0  131      1,-0.2     3,-1.6     2,-0.0    -1,-0.3   0.594  85.5-171.8 -93.0 -15.0  -15.8   -8.8    9.8               
  171  171 A G  G X  S-     0   0   33     -3,-2.2     3,-2.0     1,-0.3    -1,-0.2  -0.232  71.1  -9.2  51.3-139.0  -14.2   -8.3   13.3               
  172  172 A E  G 3  S+     0   0  173      1,-0.3    -1,-0.3     3,-0.0     6,-0.0   0.712 131.2  69.9 -58.6 -20.9  -10.8  -10.0   13.7               
  173  173 A K  G <  S+     0   0  177     -3,-1.6    -1,-0.3     2,-0.0     2,-0.3   0.374  71.4 126.8 -78.7   2.8  -11.4  -11.8   10.3               
  174  174 A C    <   -     0   0    2     -3,-2.0     4,-0.1     1,-0.1   -15,-0.0  -0.477  55.8-151.2 -63.1 127.8  -11.0   -8.5    8.5               
  175  175 A Q  S    S+     0   0  113     -2,-0.3   -20,-3.0   -21,-0.1   -19,-0.4   0.508  80.0  70.2 -76.2  -5.1   -8.4   -8.7    5.7               
  176  176 A F  S    S-     0   0   90    -22,-0.2     2,-0.4   -21,-0.2   -18,-0.2  -0.755  95.6 -98.1-109.7 157.4   -7.6   -4.9    6.3               
  177  177 A A  B     -a  158   0A   1    -20,-2.7   -18,-2.9    -2,-0.3   -15,-0.1  -0.638  16.2-155.4 -79.3 127.2   -5.9   -3.3    9.3               
  178  178 A H  S    S-     0   0   33     -2,-0.4     2,-0.3   -20,-0.2    -1,-0.1   0.558  81.2  -9.8 -76.0  -8.1   -8.2   -1.8   12.0               
  179  179 A G  S >> S-     0   0   15      1,-0.1     3,-1.8   -16,-0.0     4,-0.7  -0.975  84.1 -82.3-171.9 175.9   -5.2    0.5   12.9               
  180  180 A F  T 34 S+     0   0  163     -2,-0.3     3,-0.5     1,-0.3    -1,-0.1   0.775 119.9  67.2 -57.6 -26.3   -1.5    1.2   12.3               
  181  181 A H  T 34 S+     0   0  168      1,-0.2    -1,-0.3     3,-0.0    -4,-0.0   0.762 109.1  36.3 -66.1 -26.4   -0.7   -1.6   14.9               
  182  182 A E  T <4 S+     0   0   52     -3,-1.8     2,-0.6     2,-0.1    -1,-0.2   0.491  91.0 116.8 -95.2 -11.2   -2.1   -4.2   12.5               
  183  183 A L     <  -     0   0   61     -4,-0.7     2,-0.4    -3,-0.5   -27,-0.2  -0.505  53.7-152.7 -76.6 110.7   -0.8   -2.5    9.4               
  184  184 A R        -     0   0  155    -29,-2.7     2,-0.4    -2,-0.6    -7,-0.1  -0.646  20.0-114.6 -84.4 132.6    1.8   -4.7    7.6               
  185  185 A S        -     0   0  120     -2,-0.4     2,-1.0     1,-0.1    -1,-0.1  -0.478  28.6-132.5 -63.2 118.7    4.5   -3.2    5.4               
  186  186 A L        -     0   0   59     -2,-0.4     2,-0.4   -30,-0.2    -1,-0.1  -0.660  12.4-138.6 -77.9 104.0    3.9   -4.2    1.8               
  187  187 A T        -     0   0  144     -2,-1.0     2,-0.3   -35,-0.2    -1,-0.0  -0.486  35.1-170.7 -57.7 114.9    7.2   -5.4    0.3               
  188  188 A R        -     0   0   87     -2,-0.4     4,-0.1     4,-0.0    -1,-0.0  -0.886  26.9 -93.2-125.1 148.3    7.0   -3.9   -3.2               
  189  189 A H    >   -     0   0  121     -2,-0.3     3,-1.7     1,-0.1    -1,-0.0  -0.262  36.8-117.9 -56.7 140.6    9.0   -4.1   -6.4               
  190  190 A P  T 3  S+     0   0   89      0, 0.0    -1,-0.1     0, 0.0    -2,-0.0   0.671 111.9  64.1 -59.5 -18.2   11.8   -1.4   -6.8               
  191  191 A K  T >  S+     0   0  149     33,-0.1     3,-0.8     3,-0.1     2,-0.4   0.060  73.1 128.4 -88.7  18.0   10.0   -0.0  -10.0               
  192  192 A Y  T <  S-     0   0   49     -3,-1.7    22,-0.2     1,-0.2    30,-0.1  -0.701  84.1  -5.0 -76.1 133.2    6.9    1.0   -7.9               
  193  193 A K  T 3  S+     0   0   11     20,-2.8    29,-0.3    -2,-0.4    -1,-0.2   0.788 100.1 115.4  48.9  36.9    5.9    4.7   -8.5               
  194  194 A T    <   +     0   0   52     -3,-0.8     2,-0.3    19,-0.4    -2,-0.1   0.737  68.9  54.0 -93.0 -31.0    9.0    5.2  -10.8               
  195  195 A E  S    S-     0   0  108     -4,-0.4    20,-2.7    18,-0.3     2,-0.2  -0.766  92.1-105.1-107.3 149.3    6.9    5.9  -14.0               
  196  196 A L  B     -b  215   0B  64     -2,-0.3     2,-0.9    18,-0.2    20,-0.2  -0.466  34.4-112.2 -72.1 140.1    4.0    8.4  -14.5               
  197  197 A C     >  -     0   0    4     18,-3.1     4,-2.7    -2,-0.2     5,-0.2  -0.621  23.4-160.6 -74.9 106.5    0.4    7.1  -14.6               
  198  198 A R  H  > S+     0   0  202     -2,-0.9     4,-1.8     1,-0.2     5,-0.3   0.920  90.4  52.3 -52.8 -46.9   -0.7    7.6  -18.3               
  199  199 A T  H  > S+     0   0   60      2,-0.2     4,-2.6     1,-0.2     6,-0.6   0.925 112.7  43.3 -58.5 -48.6   -4.4    7.4  -17.2               
  200  200 A F  H  > S+     0   0   38      1,-0.2     4,-2.1     2,-0.2    -1,-0.2   0.933 116.7  46.2 -64.8 -45.3   -4.0   10.1  -14.5               
  201  201 A H  H  < S+     0   0   90     -4,-2.7    -1,-0.2     1,-0.2    -2,-0.2   0.689 120.9  38.8 -74.3 -18.6   -1.9   12.4  -16.7               
  202  202 A T  H  < S+     0   0  120     -4,-1.8    -2,-0.2    -5,-0.2    -1,-0.2   0.796 132.5  21.9 -93.9 -37.2   -4.2   12.1  -19.7               
  203  203 A I  H  < S-     0   0  124     -4,-2.6    -3,-0.2     2,-0.3    -2,-0.2   0.587  94.5-122.9-107.1 -18.7   -7.7   12.0  -18.0               
  204  204 A G  S  < S+     0   0   44     -4,-2.1     2,-0.3    -5,-0.5    -4,-0.2   0.345  88.3  75.8  80.7  -3.2   -7.0   13.7  -14.6               
  205  205 A F        -     0   0  137     -6,-0.6    -2,-0.3    -5,-0.0    -1,-0.2  -0.977  57.5-165.2-139.8 149.4   -8.3   10.5  -12.9               
  206  206 A C    >   -     0   0    4     -2,-0.3     3,-2.0    -3,-0.1     6,-0.1  -0.960  17.0-147.7-136.7 122.2   -7.2    6.9  -12.2               
  207  207 A P  T 3  S+     0   0   91      0, 0.0    -1,-0.1     0, 0.0     0, 0.0   0.654  99.2  61.3 -66.5 -15.0   -9.6    4.1  -11.2               
  208  208 A Y  T >  S-     0   0  154      1,-0.2     3,-1.7     2,-0.1     4,-0.1   0.646  83.6-178.3 -80.7 -16.5   -6.9    2.5   -9.1               
  209  209 A G  G X   -     0   0   25     -3,-2.0     3,-2.1     1,-0.3    -1,-0.2  -0.178  67.4  -6.7  50.6-135.8   -6.6    5.7   -6.8               
  210  210 A P  G 3  S+     0   0  100      0, 0.0    -1,-0.3     0, 0.0    -2,-0.1   0.672 131.8  66.6 -65.5 -14.7   -3.8    5.4   -4.1               
  211  211 A R  G <  S+     0   0  133     -3,-1.7    -2,-0.2     2,-0.0    -3,-0.0   0.520  73.9 124.2 -79.9  -7.0   -3.3    1.7   -5.1               
  212  212 A C    <   -     0   0    3     -3,-2.1     4,-0.1     1,-0.1   -15,-0.0  -0.287  59.8-145.2 -57.1 135.6   -1.9    2.7   -8.5               
  213  213 A H  S    S+     0   0  106    -21,-0.1   -20,-2.8     2,-0.1   -19,-0.4   0.519  80.5  66.5 -78.6  -4.8    1.6    1.4   -9.3               
  214  214 A F  S    S-     0   0   93    -21,-0.2     2,-0.3   -22,-0.2   -18,-0.2  -0.650  94.9 -90.2-115.4 164.9    2.4    4.6  -11.2               
  215  215 A I  B     +b  196   0B   1    -20,-2.7   -18,-3.1    -2,-0.2   -15,-0.1  -0.635  34.9 172.0 -78.1 130.1    2.8    8.3  -10.1               
  216  216 A H  S    S+     0   0   16      1,-0.4     2,-0.3    -2,-0.3    -1,-0.2   0.807  74.4  21.7 -95.0 -56.4   -0.3   10.6  -10.1               
  217  217 A N  S >  S-     0   0   76      1,-0.1     3,-1.8   -21,-0.0    -1,-0.4  -0.788  80.9-116.9-111.3 153.4    1.3   13.7   -8.4               
  218  218 A A  G >  S+     0   0   73     -2,-0.3     3,-1.6     1,-0.3    -1,-0.1   0.838 113.7  65.3 -56.6 -31.8    5.0   14.6   -8.2               
  219  219 A D  G 3  S+     0   0  148      1,-0.3    -1,-0.3     3,-0.0    -4,-0.0   0.690  90.9  64.2 -63.3 -23.7    4.7   14.3   -4.4               
  220  220 A E  G <  S+     0   0   58     -3,-1.8     2,-1.4     2,-0.1    -1,-0.3   0.422  70.6 121.2 -82.9   0.0    4.0   10.5   -4.7               
  221  221 A R    <   -     0   0  123     -3,-1.6   -27,-0.1    -4,-0.2   -28,-0.1  -0.529  53.9-154.6 -68.5  94.4    7.6   10.0   -6.2               
  222  222 A R        -     0   0  155     -2,-1.4    -2,-0.1   -29,-0.3    -7,-0.0  -0.580  32.0-108.2 -60.9 121.0    9.1    7.5   -3.8               
  223  223 A P        -     0   0  103      0, 0.0    -1,-0.1     0, 0.0   -29,-0.1  -0.336  36.5-113.5 -55.9 126.8   12.9    8.2   -4.2               
  224  224 A A        -     0   0   60      1,-0.1     2,-2.0   -30,-0.1   -33,-0.1  -0.362  29.1-107.4 -57.0 141.2   14.4    5.2   -6.0               
  225  225 A P        -     0   0   89      0, 0.0     2,-0.8     0, 0.0    -1,-0.1  -0.581  40.2-162.0 -70.1  82.7   16.9    3.2   -3.9               
  226  226 A S        -     0   0  110     -2,-2.0     2,-0.5     1,-0.0     3,-0.2  -0.634  13.9-137.4 -64.6 104.5   20.0    4.5   -5.7               
  227  227 A G        +     0   0   81     -2,-0.8    -1,-0.0     1,-0.2    -3,-0.0  -0.640  61.5  20.4 -68.5 119.6   22.6    1.9   -4.7               
  228  228 A G        +     0   0   79     -2,-0.5    -1,-0.2     1,-0.1     2,-0.1   0.991  67.6  93.1  89.7  87.4   26.0    3.4   -3.8               
  229  229 A A        +     0   0   96     -3,-0.2    -1,-0.1     0, 0.0    -3,-0.0  -0.266  69.2   9.9-174.2 125.6   27.4    6.7   -2.8               
  230  230 A S        -     0   0  127      1,-0.2     2,-0.3    -2,-0.1    -2,-0.0   0.938  38.8-167.3  51.0 113.8   28.1    8.0    0.8               
  231  231 A G        +     0   0   67     -3,-0.0    -1,-0.2     2,-0.0     2,-0.1  -0.650  26.1 137.6  82.3  58.5   28.1    6.8    3.7               
  232  232 A D        -     0   0  146     -2,-0.3     2,-0.0     0, 0.0     0, 0.0  -0.268  32.5-111.3-179.0 117.4   28.2    9.0    6.8               
  233  233 A L        +     0   0  128     -2,-0.1    -2,-0.0     2,-0.0     0, 0.0   0.264  37.0  75.2  57.4 118.7   26.7    9.3    9.9               
  234  234 A R        -     0   0  211     -2,-0.0     3,-0.0     0, 0.0    -1,-0.0   0.730  37.6-116.6-152.0 155.4   24.8   10.6   12.2               
  235  235 A A        -     0   0   96      1,-0.1     2,-1.2     3,-0.0    -2,-0.0   0.454   8.4-156.0  23.2  98.4   21.6   11.6   13.9               
  236  236 A F        +     0   0  224      2,-0.1     2,-0.7     0, 0.0    -1,-0.1  -0.605  42.6 157.9 -84.9  67.9   20.2   15.1   14.6               
  237  237 A G        -     0   0   64     -2,-1.2     2,-0.5     2,-0.1     0, 0.0  -0.900  38.8-134.8 -92.8 108.3   18.3   13.5   17.5               
  238  238 A T        +     0   0  134     -2,-0.7     2,-0.2     0, 0.0    -2,-0.1  -0.570  51.1 115.9 -62.1 114.3   17.4   16.3   20.0               
  239  239 A R        +     0   0  228     -2,-0.5    -2,-0.1     1,-0.1     0, 0.0  -0.676  43.5  10.8-175.0 143.6   18.0   15.3   23.6               
  240  240 A D        -     0   0  141     -2,-0.2    -1,-0.1     0, 0.0     0, 0.0   0.927  39.3-139.3  47.7 107.0   20.2   16.3   26.7               
  241  241 A A        +     0   0   84      0, 0.0     0, 0.0     0, 0.0     0, 0.0   0.519  32.9 106.5  71.7 128.5   22.3   18.5   28.1               
  242  242 A L        -     0   0  156      0, 0.0     0, 0.0     0, 0.0     0, 0.0   0.945  40.5 -70.9  86.0 104.8   25.5   18.7   30.2               
  243  243 A H        +     0   0  170      0, 0.0     0, 0.0     0, 0.0     0, 0.0   0.955  39.1  86.2  73.9 136.5   29.0   19.4   30.4               
  244  244 A L        +     0   0  167      2,-0.0     0, 0.0     0, 0.0     0, 0.0   0.888  44.2  14.1  91.7 113.1   32.8   19.0   29.8               
  245  245 A G        +     0   0   72      1,-0.2     0, 0.0     0, 0.0     0, 0.0   0.954  17.4 160.8 106.0  75.1   35.9   19.4   27.9               
  246  246 A F        -     0   0  212      0, 0.0     2,-0.3     0, 0.0    -1,-0.2  -0.938  26.3-156.7-100.5 118.2   37.6   21.1   24.9               
  247  247 A P        -     0   0  126      0, 0.0     2,-0.2     0, 0.0     0, 0.0  -0.673  18.0-133.0 -80.0 145.3   41.5   21.2   25.0               
  248  248 A R        +     0   0  233     -2,-0.3     0, 0.0     0, 0.0     0, 0.0  -0.610  28.2 168.2 -85.0 155.7   43.2   23.9   22.9               
  249  249 A E        -     0   0  174     -2,-0.2     2,-0.0     0, 0.0     0, 0.0  -0.837  34.2 -80.0-167.7 168.6   46.1   24.0   20.5               
  250  250 A P        -     0   0  104      0, 0.0     0, 0.0     0, 0.0     0, 0.0  -0.063   9.3-135.2-120.9 173.6   47.1   26.8   18.3               
  251  251 A R        -     0   0  230     -2,-0.0     2,-0.2     1,-0.0     0, 0.0  -0.791  27.0-133.9 -98.6 135.1   47.2   29.2   15.2               
  252  252 A P        -     0   0  120      0, 0.0     2,-0.3     0, 0.0    -1,-0.0  -0.515  25.1-157.2 -83.3 154.5   50.3   30.4   13.2               
  253  253 A K        -     0   0  193     -2,-0.2     2,-0.2     0, 0.0     0, 0.0  -0.903  13.8-179.9-123.5 155.2   50.8   34.2   12.3               
  254  254 A L        -     0   0  168     -2,-0.3     0, 0.0     1,-0.0     0, 0.0  -0.549  30.6 -16.8 177.2 152.7   52.5   36.6    9.8               
  255  255 A H        +     0   0  156     -2,-0.2     2,-0.2     1,-0.2    -1,-0.0   0.779  21.5 165.3-156.0 156.0   52.8   39.8    9.2               
  256  256 A H        +     0   0  174      0, 0.0    -1,-0.2     0, 0.0     0, 0.0  -0.656  33.9  97.4-114.0 178.2   52.1   43.7    9.1               
  257  257 A S        +     0   0   96     -2,-0.2    -2,-0.0     1,-0.1     2,-0.0   0.337  14.0  96.0  84.9 140.5   54.1   46.9    8.1               
  258  258 A L        -     0   0  163      0, 0.0    -1,-0.1     0, 0.0     0, 0.0   0.441  32.0-171.3-137.3 157.1   55.1   49.4    6.3               
  259  259 A S        +     0   0  113     -2,-0.0     2,-0.0     0, 0.0     0, 0.0  -0.078   9.0 166.8 -47.8 155.9   53.9   53.1    6.2               
  260  260 A F        -     0   0  194      2,-0.0     0, 0.0     0, 0.0     0, 0.0  -0.067  18.1-139.3 175.5 133.6   54.3   56.2    4.3               
  261  261 A S        +     0   0   96     -2,-0.0     0, 0.0     0, 0.0     0, 0.0   0.279  23.2 150.0 -31.7 156.8   52.7   59.7    4.0               
  262  262 A G        +     0   0   73      0, 0.0    -2,-0.0     0, 0.0     0, 0.0   0.118  11.0 156.6 155.3 110.9   51.7   62.3    1.3               
  263  263 A F        +     0   0  202      2,-0.0     2,-0.0     0, 0.0     0, 0.0  -0.537   4.6 143.0-103.4 178.0   49.1   65.1    0.5               
  264  264 A P        -     0   0  113      0, 0.0     0, 0.0     0, 0.0     0, 0.0   0.303  28.0-113.1-147.8-177.2   47.9   67.8   -1.0               
  265  265 A S        +     0   0  124      1,-0.0     2,-0.1    -2,-0.0    -2,-0.0   0.475  17.9 179.2   8.7 138.2   45.2   70.1   -2.6               
  266  266 A G        -     0   0   78      2,-0.0    -1,-0.0     0, 0.0     0, 0.0  -0.495  17.0-143.4-175.3 103.6   44.5   71.5   -6.2               
  267  267 A H        +     0   0  172     -2,-0.1     2,-0.0     0, 0.0     0, 0.0  -0.067  27.9 138.3 -35.5 139.9   41.6   73.7   -7.5               
  268  268 A H        -     0   0  184      0, 0.0    -2,-0.0     0, 0.0     0, 0.0  -0.074  23.7-151.0-179.8 141.8   39.4   74.4  -10.2               
  269  269 A Q        +     0   0  174     -2,-0.0     0, 0.0     2,-0.0     0, 0.0  -0.177  11.8 165.4 -80.6-172.5   35.6   75.2  -11.0               
  270  270 A P        -     0   0   97      0, 0.0     0, 0.0     0, 0.0     0, 0.0   0.875  16.7 -64.2-141.6-140.6   32.7   75.3  -12.8               
  271  271 A P        -     0   0  120      0, 0.0    -2,-0.0     0, 0.0     0, 0.0   0.762  37.5 -18.3-131.6 170.1   29.4   75.6  -13.5               
  272  272 A G        +     0   0   86      0, 0.0     0, 0.0     0, 0.0     0, 0.0   0.817  40.2 111.3 110.6 114.8   25.7   75.1  -13.6               
  273  273 A G        -     0   0   76      0, 0.0     0, 0.0     0, 0.0     0, 0.0   0.543  66.5 -70.3 167.4  30.1   22.7   72.8  -12.9               
  274  274 A L        -     0   0  163      1,-0.0     0, 0.0     2,-0.0     0, 0.0   0.989  54.3 -71.6  74.4  83.4   20.1   73.4  -10.1               
  275  275 A E        -     0   0  165      1,-0.1    -1,-0.0     2,-0.0     0, 0.0   0.533  29.0-114.8  50.1  85.1   19.9   73.3   -6.4               
  276  276 A S        -     0   0  107      1,-0.1     2,-0.3     0, 0.0    -1,-0.1   0.628  27.4-101.4  42.4 135.0   19.9   71.3   -3.4               
  277  277 A P        -     0   0  124      0, 0.0     2,-0.3     0, 0.0    -1,-0.1  -0.789  29.7-161.7-104.6 152.6   17.5   70.4   -0.4               
  278  278 A L        -     0   0  155     -2,-0.3     0, 0.0     1,-0.0     0, 0.0  -0.966   8.1-123.8-147.5 121.9   17.5   71.7    3.3               
  279  279 A L        +     0   0  153     -2,-0.3    -1,-0.0     1,-0.1     0, 0.0   0.431  34.8  10.6  66.7 116.0   16.2   70.8    6.5               
  280  280 A L        +     0   0  153      1,-0.1     2,-0.2     0, 0.0    -1,-0.1   0.790  27.6 134.4  57.5 102.9   14.2   71.6    9.5               
  281  281 A D        -     0   0  147      0, 0.0    -1,-0.1     0, 0.0     0, 0.0  -0.866  32.7-155.4-155.9 177.6   11.9   73.6   11.4               
  282  282 A S        +     0   0   92     -2,-0.2     0, 0.0     1,-0.0     0, 0.0  -0.153  16.7  84.5-115.0-153.4    8.8   72.8   13.7               
  283  283 A P        +     0   0  104      0, 0.0    -1,-0.0     0, 0.0     0, 0.0   0.888  23.6  28.5-128.4-162.5    6.0   72.7   15.4               
  284  284 A T        -     0   0  124      0, 0.0    -2,-0.0     0, 0.0     0, 0.0   0.995  32.6-107.5  74.8 106.1    2.3   72.5   16.8               
  285  285 A S        +     0   0  107      0, 0.0     2,-0.1     0, 0.0     0, 0.0   0.355  25.7 152.5  24.0 121.7   -1.1   71.1   16.8               
  286  286 A R        -     0   0  247      2,-0.0     0, 0.0     0, 0.0     0, 0.0  -0.366  16.9-163.4-173.0 140.8   -4.5   71.7   16.1               
  287  287 A T        -     0   0  142     -2,-0.1     0, 0.0     0, 0.0     0, 0.0  -0.469   5.1-165.2 -79.2 157.0   -7.5   69.5   15.0               
  288  288 A P        -     0   0  116      0, 0.0    -2,-0.0     0, 0.0     0, 0.0  -0.959  23.7-125.6-130.5 156.4  -10.9   70.0   13.5               
  289  289 A P        -     0   0  118      0, 0.0     0, 0.0     0, 0.0     0, 0.0  -0.380  31.5 -90.5 -84.3 165.1  -13.7   67.3   13.5               
  290  290 A P        -     0   0  116      0, 0.0     2,-0.2     0, 0.0     0, 0.0  -0.474  47.4-106.5 -74.3 147.0  -15.7   65.9   10.5               
  291  291 A P        -     0   0  129      0, 0.0     2,-0.3     0, 0.0     0, 0.0  -0.464  30.0-126.7 -80.2 144.6  -19.0   67.6    9.6               
  292  292 A S        -     0   0  111     -2,-0.2     2,-0.3     2,-0.0     0, 0.0  -0.639  13.8-160.4 -84.2 140.6  -22.5   66.2   10.2               
  293  293 A C        -     0   0  124     -2,-0.3     2,-0.2     2,-0.0     0, 0.0  -0.887  14.5-163.5-139.4 115.9  -25.4   65.6    7.9               
  294  294 A S        +     0   0  103     -2,-0.3     2,-0.1     0, 0.0    -2,-0.0  -0.355  20.1 139.2  77.1  86.3  -28.5   65.3    9.2               
  295  295 A S        -     0   0  117     -2,-0.2    -2,-0.0     0, 0.0     0, 0.0  -0.003  24.1-136.3 162.2 112.8  -31.8   63.9    8.0               
  296  296 A A        +     0   0   93     -2,-0.1     0, 0.0     2,-0.0     0, 0.0   0.552  24.7 144.2  59.7 127.7  -34.6   62.1    8.9               
  297  297 A S        -     0   0  104      0, 0.0     0, 0.0     0, 0.0     0, 0.0   0.640  17.3-142.9-160.3 144.5  -37.0   60.0    9.0               
  298  298 A S        +     0   0  112      0, 0.0     2,-0.1     0, 0.0    -2,-0.0   0.594  17.9 152.6  48.1 108.4  -39.2   57.6   10.9               
  299  299 A C        +     0   0  122      0, 0.0     2,-0.2     0, 0.0     0, 0.0  -0.075   8.9 153.2 166.7 125.8  -41.1   54.4   10.9               
  300  300 A S        +     0   0  110     -2,-0.1     0, 0.0     0, 0.0     0, 0.0   0.181  16.5 141.3  74.0 138.8  -42.0   52.2   13.4               
  301  301 A S        +     0   0  119     -2,-0.2     0, 0.0     0, 0.0     0, 0.0   0.556  23.9  56.4  81.3 135.7  -45.1   49.8   13.5               
  302  302 A S        +     0   0  100      1,-0.1     2,-0.1     0, 0.0     0, 0.0   0.711   8.2 151.3-158.9 137.0  -46.1   46.8   14.4               
  303  303 A A        +     0   0  101      2,-0.0     2,-0.2     0, 0.0    -1,-0.1  -0.187  21.9 166.3  44.6  93.6  -46.6   44.2   16.6               
  304  304 A S        -     0   0  124     -2,-0.1     2,-0.3     2,-0.0     0, 0.0  -0.824  14.6-161.8-161.4 143.2  -49.5   41.7   16.2               
  305  305 A S        -     0   0  119     -2,-0.2     2,-0.2     0, 0.0    -2,-0.0  -0.863  11.4-174.2-120.2 148.4  -49.9   38.3   18.0               
  306  306 A C        -     0   0  116     -2,-0.3     2,-0.1     0, 0.0    -2,-0.0  -0.725  15.2-151.7-163.4 127.6  -51.7   35.0   17.9               
  307  307 A S        +     0   0  108     -2,-0.2     0, 0.0     0, 0.0     0, 0.0   0.382  13.7  91.6  68.8 126.6  -52.1   32.2   19.8               
  308  308 A S        +     0   0  113     -2,-0.1     0, 0.0     0, 0.0     0, 0.0   0.824  20.6  46.7-165.8-173.2  -52.5   29.1   20.7               
  309  309 A A        +     0   0   93      0, 0.0     2,-0.1     0, 0.0     0, 0.0   0.773  27.4 179.5  85.5 111.7  -52.6   25.3   21.7               
  310  310 A S        +     0   0  117      0, 0.0     0, 0.0     0, 0.0     0, 0.0   0.330  10.9 133.8 103.5 139.5  -51.0   23.3   23.9               
  311  311 A A        +     0   0  108     -2,-0.1     0, 0.0     0, 0.0     0, 0.0   0.556  28.9  67.4  69.6 142.2  -50.6   19.7   25.3               
  312  312 A A        -     0   0   92      2,-0.0     0, 0.0     0, 0.0     0, 0.0   0.809  48.7 -56.9-167.5 157.7  -48.5   17.3   26.2               
  313  313 A S        -     0   0  117      1,-0.1     0, 0.0     0, 0.0     0, 0.0   0.850  19.5-174.1-159.9-179.5  -46.1   16.2   28.2               
  314  314 A T        +     0   0  132      1,-0.0    -1,-0.1     0, 0.0    -2,-0.0  -0.343   9.1 134.9-105.0-171.8  -42.9   15.7   30.4               
  315  315 A P        +     0   0  108      0, 0.0    -1,-0.0     0, 0.0     0, 0.0   0.634  28.5  18.2-140.6 170.2  -40.6   14.6   32.3               
  316  316 A S        +     0   0  122      0, 0.0     0, 0.0     0, 0.0     0, 0.0   0.348  55.4  35.1 149.4 135.6  -37.1   13.7   33.5               
  317  317 A G        +     0   0   83      1,-0.1     0, 0.0     0, 0.0     0, 0.0   0.915  48.2 140.1 109.9  73.6  -33.3   14.0   33.5               
  318  318 A A        +     0   0   84      2,-0.1    -1,-0.1     1,-0.0     0, 0.0  -0.648  29.2 170.6 -99.0 167.7  -30.9   17.0   32.9               
  319  319 A P        -     0   0  120      0, 0.0     2,-0.9     0, 0.0    -1,-0.0  -0.275  17.5-179.4-131.7 126.5  -28.2   18.7   33.7               
  320  320 A T        +     0   0  130      2,-0.0     2,-0.3     3,-0.0     3,-0.1  -0.768  24.0 151.0 -80.5 103.3  -27.7   21.4   31.0               
  321  321 A C        +     0   0   98     -2,-0.9     0, 0.0     1,-0.1     0, 0.0  -0.904  46.3  43.4-128.1 162.1  -24.5   23.2   32.1               
  322  322 A C  S    S+     0   0  128     -2,-0.3     3,-0.3     1,-0.1    -1,-0.1   0.544  74.4 109.0  74.2  18.4  -21.8   25.0   30.0               
  323  323 A A  S    S+     0   0   82      1,-0.2     3,-0.1    -3,-0.1    -1,-0.1  -0.127  73.3  61.5 -98.4  30.8  -24.3   26.9   27.7               
  324  324 A S  S    S+     0   0  119      1,-0.2     2,-0.2     2,-0.0    -1,-0.2   0.008  72.5 103.6-154.9  38.4  -23.4   30.2   29.4               
  325  325 A A        +     0   0   97     -3,-0.3    -1,-0.2     1,-0.0     0, 0.0  -0.812  66.2   7.1-162.7 135.3  -19.7   31.3   29.1               
  326  326 A A        +     0   0   77     -2,-0.2     2,-1.0    -3,-0.1    -1,-0.0   0.428  28.0 153.3-149.9 123.2  -18.4   33.5   27.2               
  327  327 A A        +     0   0  119      1,-0.1     0, 0.0     2,-0.1     0, 0.0  -0.685  62.8  98.1  55.7  13.5  -19.3   35.9   25.1               
  328  328 A A        +     0   0   86     -2,-1.0    -1,-0.1     1,-0.0     3,-0.0  -0.322  50.5  73.7-162.6  76.5  -16.1   38.0   25.6               
  329  329 A A        +     0   0  107      3,-0.0     3,-0.2     0, 0.0     2,-0.2   0.289  66.1  90.8-157.5  13.5  -13.1   37.8   23.1               
  330  330 A A  S    S+     0   0  108      1,-0.2    -3,-0.0     0, 0.0     0, 0.0  -0.353  70.9  71.1-114.7  48.2  -14.2   39.7   19.8               
  331  331 A A  S    S+     0   0  100     -2,-0.2     2,-0.3    -3,-0.0    -1,-0.2  -0.225  73.1  74.6-162.3  64.7  -13.0   43.3   20.4               
  332  332 A A        +     0   0   87     -3,-0.2     3,-0.1     1,-0.0    -3,-0.0  -0.952  59.1  54.3-160.0 163.8   -9.2   44.0   20.4               
  333  333 A L        +     0   0  165      1,-0.3     2,-0.5    -2,-0.3     3,-0.1   0.665  57.8 116.5  75.5  32.3   -6.1   44.3   18.0               
  334  334 A L  S    S+     0   0  174      1,-0.2    -1,-0.3     2,-0.0     0, 0.0  -0.997  80.0  13.6 -97.4 132.1   -6.9   46.9   15.4               
  335  335 A Y  S    S+     0   0  227     -2,-0.5    -2,-0.3    -3,-0.1    -1,-0.2   0.784  81.1  72.1  77.3 123.1   -4.2   49.5   16.3               
  336  336 A G        -     0   0   49     -3,-0.1    -3,-0.1     2,-0.0    -2,-0.0   0.937  52.3 -74.4 113.5  99.9   -1.1   49.8   18.3               
  337  337 A T        -     0   0  138      1,-0.0     0, 0.0     0, 0.0     0, 0.0   0.892  44.5 -84.4  56.9 121.8    2.5   49.2   19.2               
  338  338 A G        +     0   0   87      2,-0.0     2,-0.3     1,-0.0    -1,-0.0   0.030  29.1 175.9 -60.5 158.4    4.8   46.5   20.6               
  339  339 A G        -     0   0   65      2,-0.1     2,-0.8     0, 0.0    -1,-0.0  -0.913  30.5-125.3-156.6 148.0    5.7   45.3   24.1               
  340  340 A A        +     0   0  102     -2,-0.3     2,-0.5     2,-0.0    -2,-0.0  -0.765  44.2 150.2-110.9  87.0    7.9   42.3   24.9               
  341  341 A E        -     0   0  167     -2,-0.8     2,-0.1     2,-0.0    -2,-0.1  -0.973  35.6-138.9-120.8 118.9    6.2   39.8   27.2               
  342  342 A D        +     0   0  149     -2,-0.5    -2,-0.0     1,-0.0     0, 0.0  -0.393  30.3 160.6 -48.5 137.7    6.9   36.1   27.2               
  343  343 A L        -     0   0  158     -2,-0.1    -2,-0.0     0, 0.0    -1,-0.0  -0.074  33.0 -93.0-176.8 100.3    3.9   33.6   27.5               
  344  344 A L        -     0   0  158      1,-0.1     3,-0.0     2,-0.0     0, 0.0   0.893  26.9-101.3  56.0 124.9    3.6   30.0   26.7               
  345  345 A A        -     0   0   85      1,-0.1     2,-0.7     2,-0.1     3,-0.1  -0.306  44.6 -94.2 -77.1 155.5    2.5   27.5   24.0               
  346  346 A P  S    S+     0   0  139      0, 0.0    -1,-0.1     0, 0.0    -2,-0.0  -0.567  84.7 102.2 -74.6 108.4   -0.9   25.6   23.8               
  347  347 A G        +     0   0   76     -2,-0.7    -2,-0.1    -3,-0.0    -3,-0.0   0.349  33.0 124.0-174.7  19.9   -0.2   22.2   25.4               
  348  348 A A        -     0   0   99     -3,-0.1     2,-0.2     1,-0.0    -1,-0.0  -0.832  53.8-126.7 -96.7 130.4   -1.5   21.7   29.0               
  349  349 A P        -     0   0  126      0, 0.0     2,-0.5     0, 0.0    -2,-0.0  -0.446  20.7-109.3 -78.4 147.1   -3.9   18.8   29.7               
  350  350 A C    >   -     0   0   75     -2,-0.2     3,-1.2     3,-0.1     0, 0.0  -0.592  20.3-151.5 -71.4 118.4   -7.4   19.0   31.4               
  351  351 A A  T 3  S+     0   0  117     -2,-0.5    -1,-0.1     1,-0.2     3,-0.1   0.215  90.4  56.3 -76.8  15.3   -7.1   17.5   34.9               
  352  352 A A  T 3  S+     0   0   97      1,-0.1     2,-0.3     0, 0.0    -1,-0.2   0.259  93.8  66.8-127.2   4.9  -10.9   16.5   34.8               
  353  353 A C    <   -     0   0   57     -3,-1.2     2,-0.9     1,-0.0    -3,-0.1  -0.711  49.9-177.2-142.1  85.3  -11.2   14.3   31.6               
  354  354 A S        +     0   0  139     -2,-0.3     2,-0.4    -3,-0.1    -3,-0.1   0.028  60.6  88.9 -75.7  30.1   -9.3   10.9   31.5               
  355  355 A S        -     0   0   79     -2,-0.9     2,-1.7     3,-0.0     3,-0.4  -0.952  67.4-145.9-138.8 118.9  -10.3   10.1   27.9               
  356  356 A A  S    S+     0   0  111     -2,-0.4     3,-0.1     1,-0.2    -2,-0.1  -0.137  71.3 103.4 -77.2  40.0   -8.2   11.1   24.8               
  357  357 A S        +     0   0   99     -2,-1.7     2,-0.8     1,-0.1    -1,-0.2   0.323  43.1 103.4-107.8   5.3  -11.3   11.7   22.5               
  358  358 A C        +     0   0  116     -3,-0.4     2,-0.3     2,-0.0    -1,-0.1  -0.317  57.2  92.1 -92.0  52.5  -11.4   15.6   22.5               
  359  359 A A  S    S+     0   0   73     -2,-0.8    -3,-0.0     1,-0.1     0, 0.0  -0.942  84.0   5.5-141.1 129.0   -9.9   16.3   19.0               
  360  360 A N  S    S+     0   0  159     -2,-0.3     2,-0.2     1,-0.1    -1,-0.1   0.981  72.4 124.6  67.7  72.6  -11.9   16.7   15.8               
  361  361 A N        +     0   0  165     -3,-0.1     2,-0.4     0, 0.0    -1,-0.1  -0.751  21.7 153.9-146.3 109.1  -15.7   16.8   16.1               
  362  362 A A        -     0   0   83     -2,-0.2     0, 0.0     1,-0.2     0, 0.0  -0.934  52.8 -13.7-136.1 113.0  -17.6   19.8   14.7               
  363  363 A F        +     0   0  211     -2,-0.4    -1,-0.2     1,-0.1     2,-0.1   0.999  52.6 142.4  68.6  96.7  -21.3   19.7   13.5               
  364  364 A A        +     0   0   91     -3,-0.1     2,-0.3     2,-0.0    -1,-0.1  -0.651  31.8 122.0-145.2  96.8  -23.7   16.9   12.7               
  365  365 A F        +     0   0  220     -2,-0.1     0, 0.0     0, 0.0     0, 0.0  -0.940  36.1 130.1-142.1 132.0  -27.3   17.6   13.8               
  366  366 A G        +     0   0   69     -2,-0.3    -2,-0.0     1,-0.1     2,-0.0  -0.721  14.7 119.2-141.6-155.9  -30.4   17.6   11.7               
  367  367 A P        +     0   0  120      0, 0.0    -1,-0.1     0, 0.0     2,-0.1   0.786  35.6  86.2-110.4 173.0  -33.2   17.3   10.4               
  368  368 A E        +     0   0  168      1,-0.1     0, 0.0    -2,-0.0     0, 0.0  -0.199  58.0   4.9 168.8 143.2  -36.3   19.1    9.2               
  369  369 A L        +     0   0  148     -2,-0.1    -1,-0.1     0, 0.0     0, 0.0   0.852  69.3  34.7  70.0 130.7  -37.8   21.1    6.2               
  370  370 A S        -     0   0  106      0, 0.0    -2,-0.0     0, 0.0     0, 0.0   0.988  47.0-124.7  72.9  92.1  -37.2   22.1    2.6               
  371  371 A S  S    S+     0   0  116      1,-0.1     3,-0.0     3,-0.0     0, 0.0   0.097  70.1  78.2  -2.9 137.4  -35.7   21.0   -0.6               
  372  372 A L        +     0   0  166      1,-0.0    -1,-0.1     0, 0.0     2,-0.0   0.892  62.7  79.4  80.2  78.8  -33.0   23.2   -2.3               
  373  373 A I        -     0   0  168      2,-0.0    -1,-0.0     0, 0.0     0, 0.0  -0.108  48.0-164.7 180.0 110.3  -29.5   23.3   -1.0               
  374  374 A T        -     0   0  121     -3,-0.0     2,-0.8     1,-0.0    -3,-0.0  -0.770  33.4-115.2 -80.7 131.6  -26.9   20.5   -1.8               
  375  375 A P        -     0   0  110      0, 0.0     2,-2.1     0, 0.0    -1,-0.0  -0.568  22.0-146.3 -71.8 108.1  -23.8   20.7    0.5               
  376  376 A L        +     0   0  156     -2,-0.8     2,-0.3     3,-0.0     3,-0.1  -0.482  45.6 141.0 -73.7  71.6  -20.8   21.6   -1.7               
  377  377 A A        +     0   0   76     -2,-2.1     0, 0.0     1,-0.2     0, 0.0  -0.817  50.0  51.2 -90.3 158.0  -18.2   19.6    0.1               
  378  378 A I        +     0   0  162     -2,-0.3    -1,-0.2     0, 0.0    -2,-0.0   0.946  69.9  98.5  77.0  64.0  -15.7   17.9   -2.3               
  379  379 A Q     >  +     0   0  111     -3,-0.1     4,-0.7     2,-0.0     3,-0.3   0.378  53.1  88.9-145.9  14.0  -14.2   20.3   -4.9               
  380  380 A T  H  > S+     0   0  114      1,-0.2     4,-1.0     2,-0.2     3,-0.3   0.863  83.4  59.5 -74.8 -31.9  -10.7   21.4   -3.5               
  381  381 A H  H  > S+     0   0  155      1,-0.2     4,-1.2     2,-0.2    -1,-0.2   0.756  98.1  58.5 -71.8 -23.3   -8.7   18.5   -5.2               
  382  382 A N  H  > S+     0   0   98     -3,-0.3     4,-2.3     2,-0.2    -1,-0.2   0.860  99.0  56.2 -78.1 -33.5   -9.7   19.4   -8.8               
  383  383 A F  H  X S+     0   0  153     -4,-0.7     4,-2.5    -3,-0.3     5,-0.2   0.917 106.8  50.3 -66.6 -38.9   -8.3   23.0   -8.8               
  384  384 A A  H  X S+     0   0   66     -4,-1.0     4,-2.5     2,-0.2    -1,-0.2   0.906 111.6  49.0 -62.2 -40.7   -4.8   21.7   -7.8               
  385  385 A A  H  X S+     0   0   34     -4,-1.2     4,-2.3     2,-0.2    -2,-0.2   0.905 112.4  47.0 -67.0 -40.9   -5.0   19.1  -10.7               
  386  386 A V  H  X S+     0   0  102     -4,-2.3     4,-2.3     2,-0.2    -2,-0.2   0.917 113.5  48.7 -67.8 -41.0   -6.1   21.8  -13.3               
  387  387 A A  H  X S+     0   0   62     -4,-2.5     4,-2.6     2,-0.2    -2,-0.2   0.929 112.4  48.4 -63.4 -43.5   -3.3   24.2  -12.1               
  388  388 A A  H  X S+     0   0   57     -4,-2.5     4,-2.5     2,-0.2    -2,-0.2   0.901 111.5  50.1 -63.3 -40.1   -0.7   21.3  -12.3               
  389  389 A A  H  X S+     0   0   62     -4,-2.3     4,-2.0     2,-0.2    -2,-0.2   0.900 111.4  48.7 -65.0 -40.0   -2.0   20.4  -15.9               
  390  390 A A  H  X S+     0   0   61     -4,-2.3     4,-2.2     2,-0.2    -2,-0.2   0.935 112.5  48.3 -64.5 -44.7   -1.7   24.1  -16.9               
  391  391 A Y  H  X S+     0   0  152     -4,-2.6     4,-2.4     2,-0.2    -2,-0.2   0.924 112.0  48.6 -61.9 -44.1    1.9   24.3  -15.5               
  392  392 A Y  H  X S+     0   0  123     -4,-2.5     4,-1.9     1,-0.2    -1,-0.2   0.886 111.1  50.5 -66.3 -36.3    3.0   21.1  -17.2               
  393  393 A R  H  X S+     0   0  185     -4,-2.0     4,-1.6     2,-0.2    -1,-0.2   0.885 108.7  53.0 -66.5 -38.1    1.5   22.3  -20.6               
  394  394 A S  H  X S+     0   0   64     -4,-2.2     4,-2.5     2,-0.2     3,-0.4   0.956 108.2  49.6 -61.0 -49.4    3.4   25.6  -20.1               
  395  395 A Q  H  X S+     0   0   92     -4,-2.4     4,-2.2     1,-0.2    -2,-0.2   0.894 109.1  52.2 -59.0 -41.0    6.7   23.7  -19.6               
  396  396 A Q  H  X S+     0   0  108     -4,-1.9     4,-0.9     2,-0.2    -1,-0.2   0.852 110.9  47.6 -65.3 -33.5    6.1   21.6  -22.8               
  397  397 A Q  H  X S+     0   0  113     -4,-1.6     4,-1.2    -3,-0.4     3,-0.5   0.928 111.1  50.8 -70.0 -41.9    5.5   24.8  -24.8               
  398  398 A Q  H  < S+     0   0  143     -4,-2.5     4,-0.4     1,-0.2     3,-0.2   0.874 108.3  52.7 -64.2 -35.3    8.7   26.5  -23.4               
  399  399 A Q  H  < S+     0   0  153     -4,-2.2     3,-0.2     1,-0.2    -1,-0.2   0.769 108.0  51.2 -73.2 -23.7   10.7   23.3  -24.3               
  400  400 A Q  H >< S+     0   0  142     -4,-0.9     3,-0.6    -3,-0.5    -1,-0.2   0.717 104.8  56.6 -83.4 -21.1    9.4   23.5  -28.0               
  401  401 A Q  T 3< S+     0   0  162     -4,-1.2     3,-0.2    -3,-0.2    -2,-0.2   0.527  90.4  75.4 -86.3  -4.6   10.4   27.2  -28.3               
  402  402 A G  T 3  S+     0   0   63     -4,-0.4     2,-0.3    -3,-0.2    -1,-0.2   0.345  75.5  83.6 -83.4   3.2   14.1   26.4  -27.4               
  403  403 A L    <   +     0   0  157     -3,-0.6    -1,-0.2     2,-0.1    -4,-0.0  -0.430  55.3 113.3-110.9  55.8   14.8   24.9  -30.9               
  404  404 A A        -     0   0   82     -2,-0.3     3,-0.1    -3,-0.2    -3,-0.0  -0.980  58.6-141.2-118.6 114.5   15.7   28.0  -33.0               
  405  405 A P        -     0   0  116      0, 0.0     2,-0.1     0, 0.0     3,-0.1  -0.472  39.1 -89.7 -66.3 147.7   19.3   28.2  -34.2               
  406  406 A P        -     0   0  122      0, 0.0     2,-0.2     0, 0.0     0, 0.0  -0.397  48.3-108.7 -61.5 129.1   20.8   31.7  -34.1               
  407  407 A A        -     0   0   99     -2,-0.1    -3,-0.0     1,-0.1     0, 0.0  -0.401  30.6-129.0 -61.1 124.2   20.1   33.5  -37.4               
  408  408 A Q        -     0   0  185     -2,-0.2     3,-0.1     1,-0.1    -1,-0.1  -0.528  25.2-111.1 -68.8 140.4   23.3   33.9  -39.5               
  409  409 A P        -     0   0  117      0, 0.0    -1,-0.1     0, 0.0     2,-0.1  -0.396  48.5 -84.3 -66.4 152.7   24.0   37.5  -40.8               
  410  410 A P        -     0   0  131      0, 0.0     0, 0.0     0, 0.0     0, 0.0  -0.329  42.2-123.7 -67.3 137.9   23.6   37.9  -44.6               
  411  411 A A        -     0   0   93     -3,-0.1     3,-0.1     1,-0.1    -3,-0.0  -0.514  25.4-111.9 -76.3 144.7   26.6   37.0  -46.8               
  412  412 A P        -     0   0  115      0, 0.0    -1,-0.1     0, 0.0     2,-0.0  -0.404  45.8 -86.1 -72.5 154.5   28.1   39.6  -49.3               
  413  413 A P        -     0   0  129      0, 0.0     2,-0.1     0, 0.0     0, 0.0  -0.256  49.7 -96.2 -70.7 149.8   27.7   39.0  -53.1               
  414  414 A S        -     0   0  128     -3,-0.1     2,-0.4     1,-0.0    -3,-0.0  -0.337  27.0-161.4 -69.0 138.9   30.1   36.8  -55.1               
  415  415 A A        -     0   0  101     -2,-0.1    -1,-0.0     1,-0.0     0, 0.0  -0.974  35.8 -94.1-121.1 137.9   33.1   38.0  -57.2               
  416  416 A T        -     0   0  143     -2,-0.4    -1,-0.0     1,-0.1     0, 0.0   0.036  37.3-125.6 -61.0 147.4   34.6   35.7  -59.8               
  417  417 A L        +     0   0  154      0, 0.0    -1,-0.1     0, 0.0     2,-0.0  -0.091  19.9 170.2 -55.0 169.9   37.5   33.1  -60.0               
  418  418 A P        -     0   0  113      0, 0.0    -2,-0.0     0, 0.0     0, 0.0   0.194  22.9 -90.5-154.3 174.5   40.1   31.9  -61.3               
  419  419 A A        +     0   0  102      1,-0.0     0, 0.0    -2,-0.0     0, 0.0   0.945  30.8 139.0  61.3 125.5   43.0   29.5  -61.1               
  420  420 A G        -     0   0   74      0, 0.0    -1,-0.0     0, 0.0     0, 0.0   0.319  43.0 -44.2 160.6  86.4   46.6   28.7  -60.1               
  421  421 A A        -     0   0  108      2,-0.0     0, 0.0     0, 0.0     0, 0.0   0.688  45.5  -4.2  57.7 159.2   48.4   25.6  -58.6               
  422  422 A A        -     0   0   94      1,-0.2     0, 0.0     0, 0.0     0, 0.0   0.590   9.6-163.2-157.7 146.1   49.0   23.0  -56.8               
  423  423 A A        -     0   0   97      0, 0.0    -1,-0.2     0, 0.0    -2,-0.0  -0.454   1.6-174.1 -79.7 157.7   48.9   20.2  -54.1               
  424  424 A P        -     0   0  122      0, 0.0     2,-0.1     0, 0.0     0, 0.0  -0.898  33.9-114.7-132.8 167.6   50.9   17.7  -52.5               
  425  425 A P        -     0   0  126      0, 0.0     0, 0.0     0, 0.0     0, 0.0  -0.234  17.3 -97.9 -98.6 170.6   49.4   15.2  -50.0               
  426  426 A S        -     0   0  116     -2,-0.1     0, 0.0     1,-0.0     0, 0.0  -0.344  21.4-134.3 -70.8 152.8   49.4   14.0  -46.3               
  427  427 A P        -     0   0  107      0, 0.0    -1,-0.0     0, 0.0     0, 0.0  -0.723  25.5-140.9 -95.0 159.9   51.3   11.1  -44.5               
  428  428 A P        +     0   0   99      0, 0.0     0, 0.0     0, 0.0     0, 0.0   0.308  23.3 165.7 -94.4-139.7   49.2    8.9  -42.0               
  429  429 A F        -     0   0  177      2,-0.0     0, 0.0     0, 0.0     0, 0.0   0.560  22.1 -29.2  80.0 141.0   49.9    7.3  -38.5               
  430  430 A S        -     0   0  105      1,-0.1     2,-0.4     0, 0.0     0, 0.0   0.430   6.2-150.7-164.1 138.3   48.6    5.8  -36.0               
  431  431 A F        -     0   0  206      1,-0.0     2,-0.5     2,-0.0    -1,-0.1  -0.566  26.6-175.9 -68.9 126.9   46.3    4.7  -33.1               
  432  432 A Q        -     0   0  187     -2,-0.4    -1,-0.0     2,-0.0     0, 0.0  -0.943   7.7-161.8-121.0 111.2   48.0    3.6  -29.9               
  433  433 A L        -     0   0  158     -2,-0.5     2,-0.4     1,-0.0    -2,-0.0  -0.768  23.2-124.1 -75.0 126.0   45.7    2.2  -27.2               
  434  434 A P        -     0   0  124      0, 0.0     3,-0.1     0, 0.0    -2,-0.0  -0.606  42.5-104.9 -68.5 126.8   47.3    2.1  -23.7               
  435  435 A R        -     0   0  230     -2,-0.4     0, 0.0     1,-0.2     0, 0.0  -0.138  36.6 -78.9 -50.0 143.2   47.1   -1.5  -22.5               
  436  436 A R        -     0   0  222      1,-0.1     2,-0.6     2,-0.0    -1,-0.2  -0.138  32.1-159.7 -20.0 112.5   44.8   -3.2  -20.0               
  437  437 A L        -     0   0  172     -3,-0.1     2,-0.8     2,-0.1    -1,-0.1  -0.982  11.7-168.0-102.0 108.7   45.8   -2.6  -16.4               
  438  438 A S        +     0   0  100     -2,-0.6     2,-0.4     2,-0.0    -2,-0.0  -0.924  21.4 154.3 -91.5 105.8   44.0   -5.5  -14.6               
  439  439 A D        -     0   0  146     -2,-0.8    -2,-0.1     2,-0.0     0, 0.0  -0.993  17.0-175.6-134.8 128.1   44.1   -4.8  -10.9               
  440  440 A S        -     0   0   98     -2,-0.4     2,-1.0     2,-0.0    -2,-0.0  -0.949  21.8-140.3-128.7 109.4   41.4   -6.4   -8.7               
  441  441 A P        -     0   0  119      0, 0.0     2,-0.5     0, 0.0    -2,-0.0  -0.608  21.1-145.2 -69.8 104.1   41.2   -5.7   -4.9               
  442  442 A V        -     0   0  132     -2,-1.0     2,-0.7     1,-0.0    -2,-0.0  -0.639   9.9-153.2 -62.6 116.9   40.2   -9.1   -3.4               
  443  443 A F        -     0   0  202     -2,-0.5     2,-0.1     2,-0.0    -1,-0.0  -0.914  12.5-140.4 -98.7 110.0   37.9   -8.3   -0.5               
  444  444 A D        -     0   0  139     -2,-0.7     0, 0.0     1,-0.1     0, 0.0  -0.439  10.4-132.9 -70.3 140.0   38.2  -11.1    2.0               
  445  445 A A        -     0   0   80     -2,-0.1    -1,-0.1     1,-0.0    -2,-0.0  -0.875  19.9-122.2-100.7 124.1   35.0  -12.3    3.7               
  446  446 A P        -     0   0  118      0, 0.0     2,-0.1     0, 0.0    -1,-0.0  -0.368  32.8-110.8 -68.4 140.2   35.1  -12.8    7.5               
  447  447 A P        -     0   0  123      0, 0.0     0, 0.0     0, 0.0     0, 0.0  -0.343  25.6-114.2 -73.7 147.8   34.1  -16.3    8.7               
  448  448 A S        -     0   0  112     -2,-0.1     0, 0.0     1,-0.1     0, 0.0  -0.543  31.8-112.7 -72.7 141.5   30.9  -17.1   10.6               
  449  449 A P        -     0   0  121      0, 0.0     2,-0.2     0, 0.0    -1,-0.1  -0.531  39.1-114.6 -72.8 144.4   31.2  -18.3   14.3               
  450  450 A P        -     0   0  114      0, 0.0     2,-0.1     0, 0.0     0, 0.0  -0.498  19.2-107.7 -82.8 149.7   30.2  -22.0   14.8               
  451  451 A D        -     0   0  161     -2,-0.2     2,-0.2     1,-0.0     0, 0.0  -0.420  37.4-179.5 -54.7 138.1   27.3  -23.5   16.8               
  452  452 A S        -     0   0  115     -2,-0.1     2,-0.2     2,-0.0    -1,-0.0  -0.708   9.8-161.2-151.3 104.7   28.4  -25.3   20.0               
  453  453 A L        +     0   0  166     -2,-0.2     2,-0.1     2,-0.0    -2,-0.0  -0.509  17.3 163.9 -61.9 138.7   26.0  -27.0   22.3               
  454  454 A S        -     0   0  120     -2,-0.2     2,-0.1     2,-0.0    -2,-0.0  -0.580  17.7-156.8-160.5 109.2   27.0  -27.7   25.9               
  455  455 A D        +     0   0  151     -2,-0.1     2,-0.1     2,-0.0    -2,-0.0  -0.407  22.5 143.0 -55.1 143.2   24.5  -28.6   28.7               
  456  456 A R        -     0   0  207     -2,-0.1    -2,-0.0     2,-0.0     0, 0.0  -0.149  32.8-127.0 179.8 145.2   24.6  -28.4   32.2               
  457  457 A D        +     0   0   76     -2,-0.1     2,-0.2     1,-0.0    -2,-0.0   0.046  15.4 178.3 -34.6 138.8   22.5  -27.7   35.3               
  458  458 A S        -     0   0  128      0, 0.0     2,-0.0     0, 0.0    -1,-0.0  -0.725  28.6-151.6-147.8 111.1   22.9  -25.3   38.2               
  459  459 A Y        +     0   0  182     -2,-0.2     0, 0.0     1,-0.1     0, 0.0  -0.201  26.6  16.2 -65.8 154.6   19.9  -25.4   40.5               
  460  460 A L        +     0   0  155     -2,-0.0    -1,-0.1     2,-0.0     2,-0.1   0.961  39.6  96.8  64.0 111.7   18.0  -23.2   42.9               
  461  461 A S        +     0   0  129      0, 0.0     0, 0.0     0, 0.0     0, 0.0  -0.021  42.4  49.6 173.1 151.8   17.0  -20.2   44.5               
  462  462 A G        +     0   0   77     -2,-0.1    -2,-0.0     0, 0.0     2,-0.0   0.835  41.8 178.1 123.5  58.2   14.6  -17.3   45.0               
  463  463 A S        +     0   0  109      1,-0.0     0, 0.0     0, 0.0     0, 0.0  -0.248  12.4 111.4 -51.5 160.2   10.8  -17.4   45.5               
  464  464 A L        +     0   0  156     -2,-0.0    -1,-0.0     0, 0.0     0, 0.0   0.733  19.8  52.5-163.1 162.9    8.1  -15.3   46.0               
  465  465 A S        -     0   0  120      0, 0.0     2,-0.0     0, 0.0     0, 0.0   0.412  26.5-164.7 154.4 119.0    5.0  -13.4   45.6               
  466  466 A S        +     0   0  131      2,-0.0     2,-0.2     0, 0.0     0, 0.0  -0.132   9.9 171.3 -73.2 164.1    1.3  -13.8   44.7               
  467  467 A G        +     0   0   78     -2,-0.0     2,-0.2     0, 0.0     0, 0.0  -0.570  17.6 158.9-176.6 116.1   -1.7  -11.6   43.7               
  468  468 A S        +     0   0  108     -2,-0.2    -2,-0.0     0, 0.0     0, 0.0  -0.552   2.5 129.1-123.2-171.4   -5.1  -12.9   42.3               
  469  469 A L        +     0   0  169     -2,-0.2     0, 0.0     0, 0.0     0, 0.0   0.413  17.8  60.6  86.4 142.6   -8.9  -12.0   41.8               
  470  470 A S        -     0   0  117      2,-0.0     0, 0.0     0, 0.0     0, 0.0   0.758  39.0 -43.8-161.0 161.2  -11.7  -11.7   40.2               
  471  471 A G        -     0   0   66      1,-0.1     2,-0.1     0, 0.0     0, 0.0   0.914  14.3-158.4  56.6 121.3  -14.9  -12.6   38.1               
  472  472 A S        +     0   0  117      2,-0.0     2,-0.2     0, 0.0    -1,-0.1  -0.365  14.2 156.5  83.3  92.5  -16.5  -14.1   35.5               
  473  473 A E        +     0   0  192     -2,-0.1     0, 0.0     2,-0.0     0, 0.0  -0.733   8.0 148.9-168.5 152.2  -19.6  -13.9   33.4               
  474  474 A S        -     0   0  120     -2,-0.2     2,-0.4     2,-0.0    -2,-0.0  -0.884  20.9-159.5-159.2 138.7  -20.8  -15.1   29.9               
  475  475 A P        -     0   0  121      0, 0.0     2,-0.2     0, 0.0    -2,-0.0  -0.991  20.5-137.2-116.1 130.3  -24.0  -16.2   28.3               
  476  476 A S        -     0   0  124     -2,-0.4     2,-0.4     1,-0.0    -2,-0.0  -0.543  12.8-143.0 -69.2 143.8  -23.9  -18.3   25.0               
  477  477 A L        -     0   0  168     -2,-0.2    -1,-0.0     2,-0.0     0, 0.0  -0.962  23.2-114.4-114.2 131.8  -26.4  -17.3   22.2               
  478  478 A D        -     0   0  119     -2,-0.4     2,-1.1     1,-0.1     3,-0.5  -0.314   5.7-141.5 -65.8 132.7  -27.9  -20.2   20.2               
  479  479 A P  S    S+     0   0  138      0, 0.0    -1,-0.1     0, 0.0     3,-0.1  -0.278  76.6  98.4 -85.8  50.6  -27.2  -20.7   16.4               
  480  480 A G        +     0   0   54     -2,-1.1     2,-0.8     1,-0.1    -2,-0.0   0.587  50.9  83.4-116.0 -14.1  -30.8  -21.7   15.7               
  481  481 A R        +     0   0  233     -3,-0.5     2,-0.8     2,-0.0    -1,-0.1  -0.699  36.3 162.4-115.2  89.2  -33.0  -18.7   14.3               
  482  482 A R        -     0   0  243     -2,-0.8     0, 0.0    -3,-0.1     0, 0.0  -0.852  22.0-163.1 -95.9  98.0  -32.8  -18.0   10.6               
  483  483 A L        -     0   0  150     -2,-0.8     2,-0.6     2,-0.0    -2,-0.0  -0.731   9.7-143.1 -81.8 128.5  -35.9  -15.9    9.8               
  484  484 A P        -     0   0  119      0, 0.0     2,-0.3     0, 0.0    -2,-0.0  -0.835  19.5-179.5 -89.3 119.3  -36.9  -15.6    6.0               
  485  485 A I        +     0   0  143     -2,-0.6    -2,-0.0     1,-0.1     2,-0.0  -0.661  38.7 117.7-124.2  75.8  -38.2  -12.1    5.1               
  486  486 A F        +     0   0  213     -2,-0.3     2,-0.5     2,-0.0    -1,-0.1  -0.623  33.5 151.9-122.2  69.8  -39.1  -12.1    1.4               
  487  487 A S        -     0   0  109     -2,-0.0     2,-0.4     2,-0.0    -2,-0.0  -0.908  45.0-122.4 -95.5 124.3  -42.8  -11.3    1.9               
  488  488 A R        -     0   0  236     -2,-0.5     2,-1.1     1,-0.1    -2,-0.0  -0.543   6.4-143.1 -69.9 126.3  -44.2   -9.4   -1.1               
  489  489 A L        -     0   0  178     -2,-0.4     2,-0.9     2,-0.0    -1,-0.1  -0.820  20.1-166.8 -75.0  98.1  -45.8   -6.0   -0.8               
  490  490 A S        -     0   0  108     -2,-1.1     2,-0.6     2,-0.0    -2,-0.0  -0.899   5.6-165.4 -79.0 107.3  -48.5   -6.4   -3.4               
  491  491 A I        -     0   0  155     -2,-0.9     2,-0.5     2,-0.0    -2,-0.0  -0.908   3.5-161.1 -90.2 121.9  -49.6   -2.8   -3.8               
  492  492 A S        -     0   0  117     -2,-0.6     2,-0.4     0, 0.0    -2,-0.0  -0.959  10.0-178.2 -96.6 126.4  -52.9   -2.6   -5.7               
  493  493 A D              0   0  153     -2,-0.5    -2,-0.0     1,-0.3     0, 0.0  -0.985 360.0 360.0-127.7 129.0  -53.5    0.9   -7.1               
  494  494 A D              0   0  240     -2,-0.4    -1,-0.3     0, 0.0     0, 0.0   0.842 360.0 360.0  68.4 360.0  -56.9    1.3   -8.9               
