==== Secondary Structure Definition by the program DSSP, CMBI version 2.0                          ==== DATE=2026-03-08        .
REFERENCE W. KABSCH AND C.SANDER, BIOPOLYMERS 22 (1983) 2577-2637                                                              .
HEADER                                            01-AUG-25                                                                    .
COMPND    MOL_ID: 1; MOLECULE: HETEROGENEOUS NUCLEAR RIBONUCLEOPROTEIN F; CHAIN:                                               .
SOURCE    MOL_ID: 1; ORGANISM_SCIENTIFIC: HOMO SAPIENS; ORGANISM_TAXID: 9606                                                   .
AUTHOR                                                                                                                         .
  415  1  0  0  0 TOTAL NUMBER OF RESIDUES, NUMBER OF CHAINS, NUMBER OF SS-BRIDGES(TOTAL,INTRACHAIN,INTERCHAIN)                .
 36125.1   ACCESSIBLE SURFACE OF PROTEIN (ANGSTROM**2)                                                                         .
  211 50.8   TOTAL NUMBER OF HYDROGEN BONDS OF TYPE O(I)-->H-N(J)  , SAME NUMBER PER 100 RESIDUES                              .
    0  0.0   TOTAL NUMBER OF HYDROGEN BONDS IN     PARALLEL BRIDGES, SAME NUMBER PER 100 RESIDUES                              .
   72 17.3   TOTAL NUMBER OF HYDROGEN BONDS IN ANTIPARALLEL BRIDGES, SAME NUMBER PER 100 RESIDUES                              .
    0  0.0   TOTAL NUMBER OF HYDROGEN BONDS OF TYPE O(I)-->H-N(I-5), SAME NUMBER PER 100 RESIDUES                              .
    3  0.7   TOTAL NUMBER OF HYDROGEN BONDS OF TYPE O(I)-->H-N(I-4), SAME NUMBER PER 100 RESIDUES                              .
    3  0.7   TOTAL NUMBER OF HYDROGEN BONDS OF TYPE O(I)-->H-N(I-3), SAME NUMBER PER 100 RESIDUES                              .
    0  0.0   TOTAL NUMBER OF HYDROGEN BONDS OF TYPE O(I)-->H-N(I-2), SAME NUMBER PER 100 RESIDUES                              .
    0  0.0   TOTAL NUMBER OF HYDROGEN BONDS OF TYPE O(I)-->H-N(I-1), SAME NUMBER PER 100 RESIDUES                              .
    0  0.0   TOTAL NUMBER OF HYDROGEN BONDS OF TYPE O(I)-->H-N(I+0), SAME NUMBER PER 100 RESIDUES                              .
    0  0.0   TOTAL NUMBER OF HYDROGEN BONDS OF TYPE O(I)-->H-N(I+1), SAME NUMBER PER 100 RESIDUES                              .
   43 10.4   TOTAL NUMBER OF HYDROGEN BONDS OF TYPE O(I)-->H-N(I+2), SAME NUMBER PER 100 RESIDUES                              .
   41  9.9   TOTAL NUMBER OF HYDROGEN BONDS OF TYPE O(I)-->H-N(I+3), SAME NUMBER PER 100 RESIDUES                              .
   49 11.8   TOTAL NUMBER OF HYDROGEN BONDS OF TYPE O(I)-->H-N(I+4), SAME NUMBER PER 100 RESIDUES                              .
    1  0.2   TOTAL NUMBER OF HYDROGEN BONDS OF TYPE O(I)-->H-N(I+5), SAME NUMBER PER 100 RESIDUES                              .
  1  2  3  4  5  6  7  8  9 10 11 12 13 14 15 16 17 18 19 20 21 22 23 24 25 26 27 28 29 30     *** HISTOGRAMS OF ***           .
  0  0  0  0  0  0  3  4  0  0  1  0  0  0  0  0  0  0  0  0  0  0  0  0  0  0  0  0  0  0    RESIDUES PER ALPHA HELIX         .
  0  0  0  0  0  0  0  0  0  0  0  0  0  0  0  0  0  0  0  0  0  0  0  0  0  0  0  0  0  0    PARALLEL BRIDGES PER LADDER      .
  2  3  1  1  4  3  0  0  0  0  0  0  0  0  0  0  0  0  0  0  0  0  0  0  0  0  0  0  0  0    ANTIPARALLEL BRIDGES PER LADDER  .
  3  0  2  1  0  0  0  0  0  0  0  0  0  0  0  0  0  0  0  0  0  0  0  0  0  0  0  0  0  0    LADDERS PER SHEET                .
  #  RESIDUE AA STRUCTURE BP1 BP2  ACC     N-H-->O    O-->H-N    N-H-->O    O-->H-N    TCO  KAPPA ALPHA  PHI   PSI    X-CA   Y-CA   Z-CA            CHAIN
    1    1 A M              0   0  246      0, 0.0     2,-0.3     0, 0.0     0, 0.0   0.000 360.0 360.0 360.0 123.1   38.9    2.5   -8.8               
    2    2 A M        -     0   0  197      1,-0.1     2,-0.1     0, 0.0     0, 0.0  -0.811 360.0-104.1-110.5 150.8   36.0    4.8   -8.0               
    3    3 A L        -     0   0  176     -2,-0.3    -1,-0.1     1,-0.1     3,-0.0  -0.306  21.9-135.1 -78.3 149.1   32.3    3.8   -7.5               
    4    4 A G        -     0   0   58      1,-0.1     2,-0.3    -2,-0.1    -1,-0.1  -0.426  41.6 -80.2 -84.8 171.2   29.3    4.2   -9.9               
    5    5 A P        -     0   0  130      0, 0.0     2,-2.2     0, 0.0    -1,-0.1  -0.572  41.6-118.5 -71.0 138.3   25.8    5.4   -8.8               
    6    6 A E        +     0   0  198     -2,-0.3     2,-1.4     1,-0.1    -3,-0.0  -0.402  49.0 160.4 -79.8  65.3   23.7    2.7   -7.1               
    7    7 A G        +     0   0   72     -2,-2.2     2,-0.7     2,-0.1    -1,-0.1  -0.420  15.4 176.4 -80.9  55.2   20.9    2.7   -9.8               
    8    8 A G        -     0   0   70     -2,-1.4     2,-1.1     1,-0.1    -2,-0.1  -0.579  27.9-139.5 -68.7 108.9   19.6   -0.7   -8.8               
    9    9 A E        -     0   0  127     -2,-0.7     2,-0.3     1,-0.1    -1,-0.1  -0.570  21.5-135.6 -63.4  98.2   16.5   -1.6  -10.9               
   10   10 A G        -     0   0   28     -2,-1.1     2,-1.7     1,-0.1    80,-0.6  -0.481  15.7-128.8 -58.6 117.2   14.3   -3.2   -8.2               
   11   11 A F  E     +AB  89  61A  60     50,-0.6    50,-2.5    -2,-0.3     2,-0.4  -0.532  42.8 170.9 -76.4  82.4   12.9   -6.3   -9.9               
   12   12 A V  E     -AB  88  60A   0     -2,-1.7    76,-2.5    76,-0.7     2,-0.4  -0.776  19.2-166.1 -99.4 139.8    9.2   -5.9   -9.1               
   13   13 A V  E     -AB  87  59A   0     46,-2.5    46,-2.6    -2,-0.4     2,-0.6  -0.948  12.8-142.9-115.7 146.4    6.2   -7.9  -10.4               
   14   14 A K  E     -AB  86  58A  31     72,-2.7    72,-2.7    -2,-0.4     2,-0.4  -0.948  11.0-156.6-109.4 116.7    2.5   -6.8  -10.1               
   15   15 A L  E     -AB  85  57A   0     42,-2.9    42,-2.2    -2,-0.6     2,-0.3  -0.794  13.8-175.4 -88.9 131.9   -0.0   -9.6   -9.5               
   16   16 A R  E     +AB  84  56A 105     68,-2.5    68,-2.8    -2,-0.4    40,-0.2  -0.951  59.9  37.1-128.5 147.8   -3.6   -8.8  -10.6               
   17   17 A G  S    S+     0   0   18     38,-1.5    39,-0.2    -2,-0.3    -1,-0.1   0.446  73.6 161.5  90.0   5.6   -6.8  -10.9  -10.1               
   18   18 A L        -     0   0    2     37,-1.6    -1,-0.2    66,-0.1    64,-0.1  -0.166  46.6-101.1 -53.9 141.8   -5.8  -12.3   -6.7               
   19   19 A P    >   -     0   0   10      0, 0.0     3,-2.0     0, 0.0    36,-0.2  -0.381  25.3-120.3 -56.1 145.7   -8.7  -13.8   -4.5               
   20   20 A W  T 3  S+     0   0  146      1,-0.3    33,-0.2    34,-0.1    -2,-0.1   0.254 117.5  54.9 -71.6  10.7  -10.0  -11.4   -1.7               
   21   21 A S  T 3  S+     0   0  102      2,-0.1     2,-0.3    34,-0.0    -1,-0.3   0.069  80.0 134.7-120.5  11.6   -8.9  -14.2    0.7               
   22   22 A C    <   -     0   0    5     -3,-2.0     2,-0.2     4,-0.1    33,-0.1  -0.566  36.1-164.6 -73.7 126.3   -5.3  -14.3   -0.7               
   23   23 A S     >  -     0   0   45     -2,-0.3     4,-1.7     1,-0.1     5,-0.1  -0.550  37.5-104.0 -97.0 168.2   -2.5  -14.5    2.0               
   24   24 A V  H  > S+     0   0   46      1,-0.2     4,-2.3     2,-0.2     5,-0.1   0.896 124.5  56.7 -57.7 -37.6    1.2  -13.8    1.8               
   25   25 A E  H  > S+     0   0  137      2,-0.2     4,-2.7     1,-0.2    -1,-0.2   0.887 103.0  52.4 -64.2 -39.7    1.6  -17.7    1.9               
   26   26 A D  H  > S+     0   0   61      2,-0.2     4,-2.1     1,-0.2    -1,-0.2   0.909 110.7  48.2 -62.7 -40.4   -0.7  -18.1   -1.2               
   27   27 A V  H  X S+     0   0    0     -4,-1.7     4,-2.5     2,-0.2    -2,-0.2   0.909 112.7  48.2 -66.2 -41.5    1.5  -15.6   -3.1               
   28   28 A Q  H  < S+     0   0   63     -4,-2.3     6,-0.2     2,-0.2    -2,-0.2   0.902 111.7  49.4 -64.6 -41.7    4.7  -17.4   -2.0               
   29   29 A N  H >< S+     0   0  117     -4,-2.7     3,-0.9     1,-0.2    -2,-0.2   0.865 112.8  47.8 -65.9 -36.4    3.2  -20.8   -3.1               
   30   30 A F  H 3< S+     0   0   15     -4,-2.1     3,-0.3     1,-0.2    -2,-0.2   0.935 115.7  44.1 -67.1 -45.0    2.2  -19.3   -6.5               
   31   31 A L  T >< S+     0   0    2     -4,-2.5     3,-2.3     1,-0.2    -1,-0.2   0.001  75.4 133.5 -89.6  30.8    5.7  -17.8   -6.9               
   32   32 A S  T <  S+     0   0   77     -3,-0.9    -1,-0.2     1,-0.3    -2,-0.1   0.696  72.5  50.2 -49.0 -28.8    7.4  -21.1   -5.7               
   33   33 A D  T 3  S+     0   0   94     -3,-0.3     2,-0.4    -4,-0.1    -1,-0.3   0.160 101.1  78.2-100.7   9.0    9.8  -21.0   -8.6               
   34   34 A C  S <  S-     0   0   13     -3,-2.3     2,-1.2    -6,-0.2    -3,-0.0  -0.985  80.1-122.4-128.9 134.9   10.9  -17.3   -8.0               
   35   35 A T        -     0   0   93     -2,-0.4    27,-3.0    28,-0.1    28,-0.3  -0.601  31.2-155.9 -78.5  94.1   13.3  -15.8   -5.4               
   36   36 A I  B >   -C   61   0A  24     -2,-1.2     3,-1.2    25,-0.2    25,-0.3  -0.578  20.7-116.6 -71.2 129.9   11.2  -13.3   -3.5               
   37   37 A H  T 3 >S-     0   0   93     23,-2.1     5,-0.8    -2,-0.3    23,-0.2  -0.495  98.0  -4.3 -69.2 129.7   13.2  -10.5   -1.9               
   38   38 A D  T > 5S-     0   0  124     -2,-0.2     3,-2.2     3,-0.2     2,-1.8   0.594  99.3-127.0  49.6  18.8   12.8  -10.7    1.9               
   39   39 A G  T < 5S+     0   0   28     -3,-1.2    -1,-0.1     1,-0.3    -2,-0.1  -0.236  93.3  18.2  60.5 -78.8   10.2  -13.5    1.3               
   40   40 A A  T > 5S+     0   0   60     -2,-1.8     3,-0.7     2,-0.1    -1,-0.3   0.700 124.6  56.5 -93.5 -26.9    7.2  -12.3    3.3               
   41   41 A A  T < 5S+     0   0   64     -3,-2.2    -3,-0.2     1,-0.2    -2,-0.2   0.859  98.8  59.3 -78.5 -33.7    8.2   -8.6    3.6               
   42   42 A G  T 3 <S+     0   0    2     -5,-0.8    18,-2.1    18,-0.1     2,-0.8   0.357  83.4  94.6 -74.5   2.5    8.5   -8.0   -0.2               
   43   43 A V  E <   -D   59   0A  10     -3,-0.7     2,-0.8    16,-0.2    16,-0.2  -0.835  57.4-175.7 -99.2 100.3    4.8   -9.0   -0.8               
   44   44 A H  E     -D   58   0A  54     14,-2.4    14,-2.6    -2,-0.8     2,-0.2  -0.796  11.2-152.8-106.4  97.7    2.9   -5.7   -0.8               
   45   45 A F  E     -D   57   0A  22     -2,-0.8     2,-0.5    12,-0.3    12,-0.3  -0.475  13.6-131.5 -66.7 135.7   -0.9   -6.2   -1.0               
   46   46 A I  E     -D   56   0A   7     10,-2.6     8,-2.8    -2,-0.2    10,-0.6  -0.776  24.5-163.0 -90.0 124.5   -2.9   -3.3   -2.6               
   47   47 A Y  E     -D   53   0A  87     53,-0.6     6,-0.2    -2,-0.5     2,-0.2  -0.603  14.8-124.6 -98.3 158.8   -5.9   -2.1   -0.6               
   48   48 A T    >   -     0   0   44      4,-2.5     3,-2.3    -2,-0.2    52,-0.1  -0.620  41.0 -95.1 -85.0 167.4   -8.9   -0.0   -1.7               
   49   49 A R  T 3  S+     0   0  213      1,-0.3    -1,-0.0    -2,-0.2    -2,-0.0   0.669 127.7  60.9 -55.5 -18.3   -9.9    3.2    0.2               
   50   50 A E  T 3  S-     0   0  126      2,-0.2    -1,-0.3    52,-0.0     3,-0.1   0.310 119.5-110.1 -87.1  -0.6  -12.4    0.9    2.1               
   51   51 A G  S <  S+     0   0   38     -3,-2.3     2,-0.3     1,-0.3    -2,-0.1   0.487  77.4 134.9  74.6   4.3   -9.5   -1.3    3.5               
   52   52 A R        -     0   0  123      1,-0.1    -4,-2.5     2,-0.0    -1,-0.3  -0.680  67.9-105.0 -77.0 135.6  -10.7   -4.2    1.2               
   53   53 A Q  E     - D   0  47A  36     -2,-0.3    -6,-0.3    -6,-0.2    -1,-0.1  -0.405  24.7-146.1 -53.7 128.3   -7.9   -6.1   -0.8               
   54   54 A S  E     -     0   0A  45     -8,-2.8    -1,-0.2     2,-0.3    -7,-0.1   0.790  40.8-106.8 -66.6 -24.4   -8.2   -4.8   -4.4               
   55   55 A G  E    S+     0   0A   4     -9,-0.5   -37,-1.6     1,-0.4   -38,-1.5   0.596  91.9 104.9  88.1  22.1   -7.2   -8.3   -5.8               
   56   56 A E  E     +BD  16  46A  25    -10,-0.6   -10,-2.6   -40,-0.2    -1,-0.4  -0.971  41.9 168.8-129.6 146.8   -3.8   -6.7   -6.7               
   57   57 A A  E     -BD  15  45A   0    -42,-2.2   -42,-2.9    -2,-0.3     2,-0.3  -0.981  25.1-134.9-149.3 152.1   -0.3   -7.0   -5.0               
   58   58 A F  E     -BD  14  44A   0    -14,-2.6   -14,-2.4    -2,-0.3     2,-0.4  -0.820  17.5-162.5 -98.8 150.1    3.3   -6.1   -5.8               
   59   59 A V  E     -BD  13  43A   0    -46,-2.6   -46,-2.5    -2,-0.3     2,-0.4  -0.981  11.6-143.0-132.9 120.6    6.2   -8.6   -5.2               
   60   60 A E  E     -B   12   0A  17    -18,-2.1   -23,-2.1    -2,-0.4     2,-0.3  -0.686  24.1-162.4 -75.6 131.4    9.9   -7.6   -5.0               
   61   61 A L  E     -BC  11  36A   6    -50,-2.5   -50,-0.6    -2,-0.4   -25,-0.2  -0.817  23.4-132.9-116.5 156.3   12.2  -10.3   -6.6               
   62   62 A G  S    S+     0   0   41    -27,-3.0     2,-0.3    -2,-0.3   -26,-0.1   0.780  83.7  26.7 -78.3 -29.7   15.9  -11.0   -6.3               
   63   63 A S     >  -     0   0   44    -28,-0.3     4,-1.6   -52,-0.1     3,-0.3  -0.958  68.2-123.3-136.9 154.1   16.7  -11.4  -10.0               
   64   64 A E  H  > S+     0   0   89     -2,-0.3     4,-1.8     1,-0.2     5,-0.1   0.793 116.7  59.6 -59.4 -28.5   15.6  -10.4  -13.5               
   65   65 A D  H  > S+     0   0   90      2,-0.2     4,-0.7     1,-0.2    -1,-0.2   0.857  99.3  54.5 -74.4 -29.9   15.4  -14.2  -14.2               
   66   66 A D  H >> S+     0   0    8     -3,-0.3     4,-3.1     2,-0.2     3,-0.9   0.928 107.0  51.7 -64.8 -40.7   12.8  -14.5  -11.3               
   67   67 A V  H 3X S+     0   0    3     -4,-1.6     4,-2.6     1,-0.3    -2,-0.2   0.926 107.9  51.9 -58.8 -42.8   10.8  -11.8  -13.2               
   68   68 A K  H 3< S+     0   0   76     -4,-1.8    -1,-0.3     2,-0.2    -2,-0.2   0.633 113.2  45.4 -68.7 -16.9   11.2  -14.0  -16.4               
   69   69 A M  H XX S+     0   0   70     -3,-0.9     3,-1.3    -4,-0.7     4,-0.5   0.865 111.9  49.3 -89.2 -44.8    9.8  -16.9  -14.3               
   70   70 A A  H >< S+     0   0    0     -4,-3.1     3,-1.9     1,-0.3    -2,-0.2   0.916 106.7  57.3 -57.6 -43.9    6.9  -15.0  -12.7               
   71   71 A L  G >< S+     0   0   70     -4,-2.6     3,-0.7     1,-0.3    -1,-0.3   0.687  99.2  60.1 -62.6 -19.0    5.9  -13.7  -16.2               
   72   72 A K  G <4 S+     0   0  164     -3,-1.3    -1,-0.3     1,-0.2    -2,-0.2   0.624  95.7  62.8 -82.1 -13.7    5.5  -17.4  -17.4               
   73   73 A K  G X< S+     0   0   25     -3,-1.9     3,-2.2    -4,-0.5    10,-0.2   0.249  71.9 137.0 -90.7   8.4    2.8  -17.8  -14.6               
   74   74 A D  T <  S+     0   0   49     -3,-0.7    10,-0.2     1,-0.3    -3,-0.0  -0.405  76.7  12.0 -54.1 127.6    0.6  -15.2  -16.4               
   75   75 A R  T 3  S+     0   0  161      8,-2.8    -1,-0.3     1,-0.3     9,-0.2   0.388  87.3 147.6  72.3   7.7   -3.0  -16.7  -16.3               
   76   76 A E    <   -     0   0   94     -3,-2.2     7,-2.5     7,-0.4     2,-0.8  -0.409  51.9-114.7 -65.1 141.9   -2.2  -19.5  -13.8               
   77   77 A S  E     -E   82   0B  87      5,-0.2     2,-1.3    -2,-0.1     5,-0.3  -0.738  23.2-166.0 -97.4 107.2   -5.3  -20.1  -11.7               
   78   78 A M  E >  S-E   81   0B  27      3,-1.3     3,-1.2    -2,-0.8     2,-0.7  -0.695  71.1 -61.8 -84.1  92.3   -5.3  -19.4   -7.9               
   79   79 A G  T 3  S-     0   0   75     -2,-1.3    -2,-0.1     1,-0.2     3,-0.0  -0.543 122.3  -6.8  69.6-106.9   -8.5  -21.3   -7.0               
   80   80 A H  T 3  S+     0   0  165     -2,-0.7     2,-0.3     2,-0.0    -1,-0.2   0.275 126.1  66.7-105.4   5.8  -11.4  -19.6   -8.9               
   81   81 A R  E <  S-E   78   0B  78     -3,-1.2    -3,-1.3    -5,-0.0     2,-0.3  -0.973  73.8-130.8-126.0 142.3   -9.5  -16.6  -10.4               
   82   82 A Y  E     -E   77   0B 140     -2,-0.3     2,-0.5    -5,-0.3    -5,-0.2  -0.727  25.5-132.9 -81.6 142.1   -6.7  -16.4  -13.0               
   83   83 A I        -     0   0    0     -7,-2.5    -8,-2.8    -2,-0.3     2,-0.4  -0.878  10.4-150.7 -96.6 127.7   -3.7  -14.3  -11.9               
   84   84 A E  E     -A   16   0A  45    -68,-2.8   -68,-2.5    -2,-0.5     2,-0.5  -0.851  12.7-153.8 -91.8 132.8   -2.4  -11.7  -14.4               
   85   85 A V  E     +A   15   0A   6     -2,-0.4     2,-0.3   -70,-0.2   -70,-0.2  -0.941  15.4 178.9-117.4 115.9    1.4  -11.1  -14.0               
   86   86 A F  E     -A   14   0A  96    -72,-2.7   -72,-2.7    -2,-0.5     2,-0.5  -0.859  31.5-119.5-111.5 145.2    2.9   -7.8  -15.0               
   87   87 A K  E     +A   13   0A  91     -2,-0.3   -74,-0.2   -74,-0.2     2,-0.2  -0.761  43.0 177.5 -74.8 129.5    6.5   -6.5  -14.8               
   88   88 A S  E     -A   12   0A   3    -76,-2.5   -76,-0.7    -2,-0.5     2,-0.3  -0.723  25.7-117.2-123.6 171.7    6.5   -3.3  -12.7               
   89   89 A H  E >>  -A   11   0A  99     -2,-0.2     4,-2.1   -78,-0.1     3,-1.0  -0.872  24.3-118.8-107.8 151.2    9.1   -0.8  -11.4               
   90   90 A R  H 3> S+     0   0  125    -80,-0.6     4,-3.1    -2,-0.3     5,-0.2   0.870 117.7  58.4 -52.6 -36.3   10.0   -0.2   -7.7               
   91   91 A T  H 3> S+     0   0  108      2,-0.2     4,-1.7     1,-0.2    -1,-0.3   0.821 104.5  49.1 -64.4 -34.0    8.8    3.4   -8.4               
   92   92 A E  H <> S+     0   0   61     -3,-1.0     4,-3.1     2,-0.2     5,-0.2   0.943 113.5  47.0 -68.0 -46.7    5.3    2.2   -9.4               
   93   93 A M  H  X S+     0   0    6     -4,-2.1     4,-3.0     1,-0.2     5,-0.2   0.955 113.8  46.9 -58.3 -52.5    5.1    0.0   -6.2               
   94   94 A D  H  X S+     0   0   63     -4,-3.1     4,-1.5     1,-0.2    -1,-0.2   0.859 115.8  46.4 -56.9 -41.7    6.3    2.9   -4.0               
   95   95 A W  H  X S+     0   0  154     -4,-1.7     4,-1.0    -5,-0.2    -2,-0.2   0.950 114.7  45.1 -68.5 -47.9    3.8    5.3   -5.7               
   96   96 A V  H >X S+     0   0   14     -4,-3.1     4,-2.3     1,-0.2     3,-0.6   0.900 111.5  52.6 -68.3 -37.7    0.8    2.9   -5.6               
   97   97 A L  H 3X S+     0   0   51     -4,-3.0     4,-1.4    -5,-0.2    -1,-0.2   0.896 109.5  50.6 -64.0 -35.9    1.5    2.0   -1.9               
   98   98 A K  H 3< S+     0   0  144     -4,-1.5    -1,-0.2    -5,-0.2    -2,-0.2   0.716 122.3  32.1 -70.2 -22.7    1.6    5.7   -1.0               
   99   99 A H  H << S+     0   0  120     -4,-1.0    -2,-0.2    -3,-0.6    -1,-0.2   0.543 125.7  39.5-111.1 -15.5   -1.8    6.3   -2.8               
  100  100 A S  H  < S+     0   0   39     -4,-2.3   -53,-0.6    -5,-0.2    -3,-0.2   0.385  92.8  92.6-122.6  -4.4   -3.6    2.9   -2.2               
  101  101 A G  S  < S-     0   0   28     -4,-1.4     2,-0.2    -5,-0.4     3,-0.1  -0.620  92.8-104.9 -63.8 147.6   -2.6    2.2    1.3               
  102  102 A P        -     0   0   74      0, 0.0    -2,-0.1     0, 0.0   -53,-0.1  -0.617  62.9 -85.0 -54.3 137.9   -5.0    3.4    3.9               
  103  103 A N  S    S+     0   0  122     -2,-0.2     4,-0.1    -4,-0.1    86,-0.1  -0.298  87.0   6.7 -53.2 141.6   -3.0    6.4    5.1               
  104  104 A S        -     0   0   57      2,-0.1     0, 0.0     1,-0.1     0, 0.0   0.517  42.7-135.7  82.2 149.1   -0.4    5.7    7.9               
  105  105 A A  S >  S+     0   0   86      2,-0.0     3,-0.5     3,-0.0    -1,-0.1   0.443 111.1  62.4 -88.9 -16.0    1.4    3.2    9.9               
  106  106 A D  G >  S+     0   0  122      1,-0.2     3,-1.6     2,-0.1     4,-0.1   0.856  86.2  63.9 -83.2 -37.4    0.7    5.7   12.7               
  107  107 A S  G 3  S+     0   0   22      1,-0.3     3,-0.5     2,-0.2     5,-0.3   0.433  80.6  87.5 -71.0   3.4   -3.2    5.7   12.7               
  108  108 A A  G <  S+     0   0   66     -3,-0.5    -1,-0.3     1,-0.2     3,-0.3   0.593  84.5  57.3 -66.9 -13.6   -2.9    2.0   13.8               
  109  109 A N  S <  S+     0   0   93     -3,-1.6    53,-0.2     1,-0.2    -1,-0.2   0.628  76.7  88.2 -96.5 -15.0   -2.7    3.5   17.4               
  110  110 A D  S    S-     0   0   78     -3,-0.5    -1,-0.2    -4,-0.1    -2,-0.1   0.482  90.3-127.0 -73.4  -3.0   -6.1    5.5   17.6               
  111  111 A G        +     0   0    6     -3,-0.3    48,-2.6     1,-0.2     2,-0.3   0.678  51.6 156.0  71.8  19.4   -8.1    2.4   18.9               
  112  112 A F  E     -F  158   0C  10     74,-0.5    74,-2.0    -5,-0.3     2,-0.4  -0.591  19.9-174.5 -85.1 141.5  -10.9    2.6   16.2               
  113  113 A V  E     -FG 157 185C   1     44,-2.1    44,-2.7    -2,-0.3     2,-0.5  -0.997  14.8-145.0-135.8 127.6  -13.0   -0.5   15.1               
  114  114 A R  E     -FG 156 184C  25     70,-2.3    70,-2.4    -2,-0.4     2,-0.4  -0.849  11.8-155.2 -94.6 123.2  -15.6   -0.6   12.3               
  115  115 A L  E     -FG 155 183C   0     40,-2.9    40,-2.1    -2,-0.5     2,-0.3  -0.838  11.8-175.0 -88.9 133.5  -18.6   -2.9   12.9               
  116  116 A R  E     +FG 154 182C 112     66,-2.5    66,-2.6    -2,-0.4    38,-0.2  -0.957  62.2  39.3-122.6 147.0  -20.4   -4.3    9.8               
  117  117 A G        +     0   0   14     36,-1.4    37,-0.2    -2,-0.3    59,-0.2   0.485  68.1 159.1  95.1   9.3  -23.7   -6.3    9.9               
  118  118 A L        -     0   0    0     35,-1.9    -1,-0.2    64,-0.1    62,-0.1  -0.336  48.8-105.2 -60.6 135.6  -25.5   -4.4   12.8               
  119  119 A P    >   -     0   0   12      0, 0.0     3,-2.6     0, 0.0    34,-0.2  -0.328  30.1-110.1 -61.7 151.4  -29.3   -5.1   12.6               
  120  120 A F  T 3  S+     0   0  148      1,-0.3    31,-0.5    32,-0.1    33,-0.1   0.599 120.2  46.9 -63.4 -12.6  -31.4   -2.1   11.3               
  121  121 A G  T 3  S+     0   0   61     29,-0.1    -1,-0.3     2,-0.1     2,-0.2   0.201  82.0 138.7-104.4   8.6  -32.8   -1.5   14.9               
  122  122 A C    <   -     0   0    1     -3,-2.6     2,-0.2    29,-0.1    31,-0.1  -0.377  37.5-156.1 -62.4 126.3  -29.4   -1.7   16.6               
  123  123 A T     >  -     0   0   59     -2,-0.2     4,-1.7     1,-0.1     3,-0.3  -0.615  31.8-109.9 -94.3 162.1  -28.9    0.9   19.4               
  124  124 A K  H  > S+     0   0  125     -2,-0.2     4,-1.9     1,-0.2     5,-0.1   0.787 121.8  59.6 -53.0 -28.6  -25.7    2.3   20.8               
  125  125 A E  H  > S+     0   0  125      2,-0.2     4,-2.3     1,-0.2    -1,-0.2   0.900 100.9  51.2 -73.9 -38.8  -26.7    0.3   24.0               
  126  126 A E  H  > S+     0   0   73     -3,-0.3     4,-2.5     2,-0.2    -2,-0.2   0.880 110.6  50.8 -62.0 -36.5  -26.7   -3.1   22.0               
  127  127 A I  H  X S+     0   0    0     -4,-1.7     4,-1.8     2,-0.2    -2,-0.2   0.920 110.9  46.9 -67.9 -43.4  -23.2   -2.1   20.8               
  128  128 A V  H  < S+     0   0   78     -4,-1.9     6,-0.2     2,-0.2    -2,-0.2   0.879 114.2  49.0 -63.6 -36.8  -22.0   -1.4   24.4               
  129  129 A Q  H >< S+     0   0  145     -4,-2.3     3,-1.5     2,-0.2    -2,-0.2   0.885 107.5  53.4 -71.1 -38.4  -23.6   -4.7   25.5               
  130  130 A F  H 3< S+     0   0   17     -4,-2.5    -2,-0.2     1,-0.3    -1,-0.2   0.891 114.7  42.9 -60.3 -38.9  -21.9   -6.6   22.6               
  131  131 A F  T >< S+     0   0    2     -4,-1.8     3,-2.3    -5,-0.1    -1,-0.3   0.030  82.5 158.1 -94.7  25.9  -18.6   -5.2   23.8               
  132  132 A S  T <   +     0   0   91     -3,-1.5    -3,-0.1     1,-0.3     3,-0.1  -0.344  68.3  29.5 -56.3 118.9  -19.4   -5.8   27.6               
  133  133 A G  T 3  S+     0   0   80      1,-0.3     2,-0.4    -2,-0.2    -1,-0.3   0.354  99.6  98.3 102.9   0.7  -16.0   -5.9   29.4               
  134  134 A L  S <  S-     0   0   32     -3,-2.3     2,-1.1    -6,-0.2    -1,-0.3  -0.968  76.2-122.6-113.9 135.4  -14.1   -3.5   27.0               
  135  135 A E        -     0   0  145     -2,-0.4    25,-2.7    -3,-0.1     2,-0.3  -0.640  30.6-169.9 -80.9 100.4  -13.7    0.2   27.8               
  136  136 A I  E     -H  159   0C  33     -2,-1.1    23,-0.3    23,-0.2     5,-0.1  -0.731  31.8-104.7 -83.1 138.5  -15.2    2.2   25.0               
  137  137 A V  E >   -     0   0C  41     21,-2.5     3,-2.7    -2,-0.3     2,-0.3  -0.415  42.0-101.9 -61.2 133.1  -14.6    6.0   25.0               
  138  138 A P  E 3  S+     0   0C 114      0, 0.0    -1,-0.1     0, 0.0    -3,-0.0  -0.468 113.4   9.8 -61.3 124.6  -17.7    7.9   26.1               
  139  139 A N  E 3  S+     0   0C 166     -2,-0.3    -2,-0.1    -3,-0.0    -3,-0.0   0.355  95.2 121.7  72.6   6.6  -19.2    9.3   22.8               
  140  140 A G  E <   +     0   0C   5     -3,-2.7    18,-2.1    18,-0.2     2,-0.7   0.329  46.7  95.6 -74.3   5.0  -16.7    7.0   20.8               
  141  141 A I  E     -H  157   0C  37     16,-0.2     2,-0.6    -4,-0.2    16,-0.2  -0.887  53.6-175.0-104.1 108.0  -19.6    5.2   19.1               
  142  142 A T  E     -H  156   0C  42     14,-2.4    14,-2.8    -2,-0.7    -2,-0.0  -0.904   5.0-169.5-102.1 115.8  -20.5    6.7   15.6               
  143  143 A L        -     0   0   46     -2,-0.6    12,-0.2    12,-0.2     2,-0.2  -0.919  16.4-144.7-101.0 101.9  -23.5    5.2   13.9               
  144  144 A P        -     0   0   10      0, 0.0     8,-1.3     0, 0.0     2,-0.4  -0.477  17.3-157.9 -63.6 139.3  -23.7    6.5   10.3               
  145  145 A V  B     -I  151   0D  82     49,-0.2     6,-0.2     6,-0.2     4,-0.0  -0.987  14.5-119.0-127.4 129.4  -27.3    7.0    9.1               
  146  146 A D    >   -     0   0   67      4,-3.0     3,-2.6    -2,-0.4     4,-0.2  -0.191  37.1-101.0 -55.9 156.8  -28.6    7.1    5.5               
  147  147 A P  T 3  S+     0   0   81      0, 0.0    -1,-0.1     0, 0.0    -2,-0.0   0.731 124.8  61.6 -52.9 -23.9  -30.3   10.3    4.2               
  148  148 A E  T 3  S-     0   0  140      2,-0.1    -2,-0.1     1,-0.0     0, 0.0   0.286 123.9-103.7 -83.6   3.7  -33.6    8.5    4.9               
  149  149 A G  S <  S+     0   0   62     -3,-2.6     2,-0.4     1,-0.3    -4,-0.0   0.701  78.2 135.0  79.2  20.5  -32.9    8.3    8.7               
  150  150 A K        -     0   0  133     -4,-0.2    -4,-3.0     2,-0.0     2,-0.4  -0.833  62.0-116.2-102.1 139.9  -31.9    4.5    8.5               
  151  151 A I  B     -I  145   0D  35    -31,-0.5    -6,-0.2    -2,-0.4   -29,-0.1  -0.622  22.5-140.6 -69.7 126.4  -28.9    2.9   10.2               
  152  152 A T        -     0   0   42     -8,-1.3    -1,-0.1    -2,-0.4    -7,-0.1   0.634  42.0-104.9 -63.7 -15.3  -26.7    1.6    7.3               
  153  153 A G  S    S+     0   0    1      1,-0.4   -35,-1.9    -9,-0.3   -36,-1.4   0.480  94.0  99.7  89.7   9.5  -25.8   -1.6    9.3               
  154  154 A E  E     +F  116   0C  19    -10,-0.3    -1,-0.4   -38,-0.2     2,-0.3  -0.844  44.8 171.4-117.6 154.2  -22.3   -0.2   10.0               
  155  155 A A  E     -F  115   0C   0    -40,-2.1   -40,-2.9    -2,-0.3     2,-0.4  -0.972  24.5-134.5-152.9 161.1  -20.8    1.7   13.0               
  156  156 A F  E     -FH 114 142C   1    -14,-2.8   -14,-2.4    -2,-0.3     2,-0.4  -0.947  18.8-166.7-116.6 138.2  -17.4    2.9   14.3               
  157  157 A V  E     -FH 113 141C   0    -44,-2.7   -44,-2.1    -2,-0.4     2,-0.6  -0.993   8.8-152.0-130.0 121.2  -16.3    2.3   17.9               
  158  158 A Q  E     -F  112   0C  56    -18,-2.1   -21,-2.5    -2,-0.4     2,-0.2  -0.851  13.4-154.9 -91.8 119.4  -13.4    4.0   19.6               
  159  159 A F  E     - H   0 136C   4    -48,-2.6   -23,-0.2    -2,-0.6     6,-0.1  -0.648  23.1-124.1 -88.6 151.2  -11.7    2.0   22.4               
  160  160 A A  S    S+     0   0   63    -25,-2.7     2,-0.3    -2,-0.2   -24,-0.1   0.565  95.5  24.1 -71.0  -9.7   -9.8    3.7   25.3               
  161  161 A S  S >> S-     0   0   48    -26,-0.3     4,-1.5   -50,-0.2     3,-1.0  -0.981  75.1-122.1-152.7 148.1   -6.7    1.6   24.4               
  162  162 A Q  H 3> S+     0   0   80     -2,-0.3     4,-2.3     1,-0.3     3,-0.2   0.893 114.0  60.3 -55.0 -39.6   -5.2   -0.3   21.3               
  163  163 A E  H 3> S+     0   0  114      1,-0.2     4,-2.1     2,-0.2    -1,-0.3   0.781 102.9  51.5 -59.4 -31.6   -5.3   -3.5   23.4               
  164  164 A L  H <> S+     0   0   26     -3,-1.0     4,-1.8     2,-0.2    -1,-0.2   0.866 107.5  51.7 -77.5 -33.5   -9.1   -3.2   23.8               
  165  165 A A  H  X S+     0   0   12     -4,-1.5     4,-1.9     2,-0.2    -2,-0.2   0.897 110.5  49.4 -65.2 -38.8   -9.4   -2.8   20.0               
  166  166 A E  H  X S+     0   0  127     -4,-2.3     4,-1.4     2,-0.2    -2,-0.2   0.947 110.5  49.3 -64.1 -44.7   -7.4   -6.0   19.6               
  167  167 A K  H  < S+     0   0  104     -4,-2.1    -2,-0.2     1,-0.2    -1,-0.2   0.849 109.1  54.8 -61.9 -31.4   -9.7   -7.8   22.2               
  168  168 A A  H >< S+     0   0    0     -4,-1.8     3,-1.8     2,-0.2    -2,-0.2   0.872  99.7  58.1 -69.5 -36.8  -12.6   -6.4   20.1               
  169  169 A L  H >< S+     0   0   66     -4,-1.9     3,-1.8     1,-0.3    -2,-0.2   0.881  96.8  64.3 -60.4 -32.0  -11.2   -8.1   16.9               
  170  170 A G  T 3< S+     0   0   68     -4,-1.4    -1,-0.3     1,-0.3    -2,-0.2   0.664  92.9  63.5 -60.7 -16.8  -11.5  -11.3   18.9               
  171  171 A K  T X  S+     0   0   60     -3,-1.8     3,-2.1    -4,-0.2    -1,-0.3   0.351  72.2 138.1 -88.2   2.3  -15.3  -10.7   18.9               
  172  172 A H  T <  S+     0   0   71     -3,-1.8    10,-0.2     1,-0.3    -3,-0.0  -0.324  71.7  14.3 -55.9 126.9  -15.5  -11.0   15.0               
  173  173 A K  T 3  S+     0   0  133      8,-3.0    -1,-0.3     1,-0.3     9,-0.1   0.350  87.6 136.4  74.8   7.8  -18.6  -13.1   14.0               
  174  174 A E    <   -     0   0   87     -3,-2.1     7,-3.1     7,-0.3     2,-0.4  -0.278  54.8-111.4 -63.4 162.9  -20.4  -12.9   17.4               
  175  175 A R  E     -J  180   0E 194      5,-0.2     2,-0.6     2,-0.0     5,-0.2  -0.902  22.5-164.7-113.8 133.0  -24.2  -12.1   16.9               
  176  176 A I  E >  S-J  179   0E  13      3,-1.7     3,-2.1    -2,-0.4     2,-0.4  -0.957  76.6 -49.4-106.5 116.0  -26.4   -9.1   17.7               
  177  177 A G  T 3  S-     0   0   74     -2,-0.6    -2,-0.0     1,-0.3   -59,-0.0  -0.406 125.0 -17.1  57.0-111.2  -30.0  -10.4   17.5               
  178  178 A H  T 3  S+     0   0  159     -2,-0.4     2,-0.3     2,-0.1    -1,-0.3   0.409 122.0  79.6-104.5  -2.5  -30.3  -12.3   14.2               
  179  179 A R  E <  S-J  176   0E  69     -3,-2.1    -3,-1.7   -62,-0.0     2,-0.3  -0.838  72.4-129.7-107.6 144.4  -27.2  -10.9   12.4               
  180  180 A Y  E     -J  175   0E 134     -2,-0.3     2,-0.5    -5,-0.2    -5,-0.2  -0.725  27.6-131.9 -81.5 143.3  -23.5  -11.8   12.7               
  181  181 A I        -     0   0    0     -7,-3.1    -8,-3.0    -2,-0.3     2,-0.7  -0.884   8.0-150.1-104.3 121.2  -21.2   -8.8   13.3               
  182  182 A E  E     -G  116   0C  52    -66,-2.6   -66,-2.5    -2,-0.5     2,-0.5  -0.831  15.4-157.0 -88.4 114.9  -18.0   -8.5   11.2               
  183  183 A V  E     +G  115   0C   3     -2,-0.7     2,-0.3   -68,-0.2   -68,-0.2  -0.864  16.6 177.0 -96.6 128.0  -15.5   -6.6   13.4               
  184  184 A F  E     -G  114   0C  72    -70,-2.4   -70,-2.3    -2,-0.5     2,-0.2  -0.961  32.9-111.1-129.1 147.8  -12.7   -4.7   11.5               
  185  185 A K  E     +G  113   0C 174     -2,-0.3     2,-0.3   -72,-0.2   -72,-0.2  -0.577  46.7 169.3 -70.7 143.3   -9.7   -2.5   12.4               
  186  186 A S        -     0   0   18    -74,-2.0   -74,-0.5    -2,-0.2     2,-0.3  -0.911  26.9-126.1-148.3 169.0  -10.2    1.1   11.2               
  187  187 A S    >>  -     0   0   18     -2,-0.3     3,-1.0   -76,-0.1     4,-1.0  -0.788  32.2-106.5-119.7 164.3   -8.8    4.7   11.5               
  188  188 A Q  H 3> S+     0   0   50     -2,-0.3     4,-1.5     1,-0.2     5,-0.1   0.735 113.0  67.6 -64.4 -22.9  -10.4    8.0   12.5               
  189  189 A E  H 3> S+     0   0   81      2,-0.2     4,-2.0     1,-0.2    -1,-0.2   0.842  98.6  52.0 -68.1 -29.8  -10.3    9.3    8.9               
  190  190 A E  H <> S+     0   0   27     -3,-1.0     4,-1.2     2,-0.2     5,-0.2   0.924 104.8  54.8 -70.5 -42.4  -12.9    6.7    7.9               
  191  191 A V  H  X S+     0   0    5     -4,-1.0     4,-0.6     1,-0.2     3,-0.3   0.896 111.4  46.1 -57.5 -41.9  -15.3    7.8   10.7               
  192  192 A R  H >X S+     0   0  161     -4,-1.5     4,-1.9     1,-0.2     3,-1.3   0.945 107.4  55.3 -66.3 -47.6  -15.1   11.4    9.4               
  193  193 A S  H 3< S+     0   0   55     -4,-2.0    -1,-0.2     1,-0.3    -2,-0.2   0.606 111.9  44.4 -72.3  -9.5  -15.6   10.4    5.7               
  194  194 A Y  H 3< S+     0   0  104     -4,-1.2    -1,-0.3    -3,-0.3   -49,-0.2   0.490 109.7  57.3 -96.2 -13.3  -18.9    8.6    6.6               
  195  195 A S  H << S+     0   0   69     -3,-1.3    -2,-0.2    -4,-0.6    -3,-0.1   0.737  86.4  85.6 -89.4 -27.6  -20.0   11.5    8.9               
  196  196 A D  S  < S-     0   0  117     -4,-1.9     3,-0.1     1,-0.0    -4,-0.0  -0.648  89.1-126.6 -64.0 116.6  -19.8   14.1    6.0               
  197  197 A P        -     0   0  101      0, 0.0    -2,-0.1     0, 0.0     2,-0.1  -0.447  39.9 -85.7 -61.0 145.7  -23.3   13.8    4.3               
  198  198 A P        -     0   0   90      0, 0.0     2,-0.4     0, 0.0    -4,-0.0  -0.367  53.8-105.8 -53.6 118.6  -22.9   13.1    0.6               
  199  199 A L        -     0   0  162      1,-0.1     2,-1.0    -3,-0.1    -3,-0.0  -0.368  39.0-124.9 -52.9 104.5  -22.5   16.7   -0.7               
  200  200 A K        -     0   0  167     -2,-0.4     2,-2.1     1,-0.1    -1,-0.1  -0.497  12.1-148.2 -64.3 101.5  -26.0   17.0   -2.3               
  201  201 A F        -     0   0  189     -2,-1.0    -1,-0.1     2,-0.0    -2,-0.0  -0.609  24.6-145.6 -59.4  80.3  -25.4   17.9   -5.9               
  202  202 A M        -     0   0  154     -2,-2.1     2,-2.6     1,-0.1    -3,-0.0  -0.404  31.9 -92.8 -50.7 136.4  -28.7   19.9   -5.8               
  203  203 A S        +     0   0  116      1,-0.1     2,-1.6     2,-0.0    -1,-0.1  -0.364  51.5 176.9 -69.9  70.9  -30.1   19.5   -9.3               
  204  204 A V        -     0   0   98     -2,-2.6     2,-0.3     3,-0.0    -1,-0.1  -0.695  29.1-140.4 -69.3  88.1  -28.7   22.6  -10.9               
  205  205 A Q        -     0   0  179     -2,-1.6     3,-0.0     1,-0.1    -2,-0.0  -0.471  21.0-124.4 -48.8 112.9  -30.1   21.9  -14.3               
  206  206 A R        -     0   0   82     -2,-0.3    -1,-0.1     1,-0.1    65,-0.0  -0.615  22.8-113.2 -71.6 127.6  -27.2   23.0  -16.5               
  207  207 A P        -     0   0   80      0, 0.0    -1,-0.1     0, 0.0    -3,-0.0  -0.329  39.7-111.4 -54.4 137.2  -28.3   25.5  -19.1               
  208  208 A G    >   -     0   0   33      1,-0.1     3,-2.2    -3,-0.0    -3,-0.0  -0.237  34.7 -89.9 -68.8 166.9  -28.0   24.0  -22.6               
  209  209 A P  T 3  S+     0   0  134      0, 0.0    -1,-0.1     0, 0.0     3,-0.0   0.489 129.3  48.2 -58.4  -2.2  -25.4   25.1  -25.2               
  210  210 A Y  T 3  S+     0   0  219      1,-0.1     2,-2.0     0, 0.0    -2,-0.0   0.463  78.4 105.5-113.2  -7.8  -28.0   27.7  -26.5               
  211  211 A D    <   +     0   0  110     -3,-2.2    -1,-0.1     1,-0.0     0, 0.0  -0.470  40.8 150.8 -79.1  75.5  -29.1   29.2  -23.1               
  212  212 A R        -     0   0  235     -2,-2.0     2,-0.2    -3,-0.0    -1,-0.0  -0.866  41.3-139.9-109.1  96.9  -27.2   32.6  -23.4               
  213  213 A P        -     0   0  126      0, 0.0     3,-0.1     0, 0.0    -2,-0.0  -0.367  28.2-120.4 -58.8 122.8  -29.0   35.4  -21.5               
  214  214 A G        -     0   0   64     -2,-0.2     2,-1.5     1,-0.1     0, 0.0  -0.170  33.9 -81.3 -65.6 158.6  -28.9   38.5  -23.7               
  215  215 A T  S    S+     0   0  162      1,-0.0     2,-0.4     2,-0.0    -1,-0.1  -0.388  73.1 145.0 -62.2  86.0  -27.3   41.9  -22.7               
  216  216 A A        -     0   0   86     -2,-1.5    -1,-0.0    -3,-0.1    -2,-0.0  -0.888  44.9 -71.8-140.7 112.1  -30.1   43.5  -20.6               
  217  217 A R        +     0   0  222     -2,-0.4     2,-0.4     1,-0.1    -1,-0.0   0.704  26.8 175.4  34.5 108.4  -30.0   45.7  -17.5               
  218  218 A R        -     0   0  252      2,-0.0     2,-0.3     0, 0.0    -1,-0.1  -0.940  33.4-153.4-113.5 111.9  -29.2   45.5  -13.9               
  219  219 A Y        -     0   0  212     -2,-0.4     2,-0.4     1,-0.1     0, 0.0  -0.619  17.8-118.6 -69.7 134.2  -29.6   49.2  -13.0               
  220  220 A I        -     0   0  151     -2,-0.3     2,-1.2     1,-0.1    -1,-0.1  -0.650  31.5-123.4 -69.5 125.1  -27.5   50.2   -9.9               
  221  221 A G        +     0   0   73     -2,-0.4     2,-0.2    -3,-0.0    -1,-0.1  -0.684  68.1 100.9 -80.5  95.9  -30.1   51.4   -7.3               
  222  222 A I        +     0   0  149     -2,-1.2    -2,-0.0     1,-0.2     0, 0.0  -0.870  45.1  67.5-162.4 156.8  -29.2   55.0   -6.3               
  223  223 A V        -     0   0  121     -2,-0.2    -1,-0.2     0, 0.0     0, 0.0   0.872  68.0 -76.6  83.6  95.9  -30.8   58.4   -7.3               
  224  224 A K        +     0   0  176      0, 0.0    -2,-0.0     0, 0.0     0, 0.0   0.742  42.1   6.1  49.3 119.1  -34.1   59.9   -6.6               
  225  225 A Q        +     0   0  171      0, 0.0     0, 0.0     0, 0.0     0, 0.0   0.974  35.1  31.4  92.8 124.3  -37.6   60.4   -6.9               
  226  226 A A        -     0   0   96      0, 0.0     0, 0.0     0, 0.0     0, 0.0   0.990  34.3 -15.4  67.0 107.6  -41.3   60.3   -7.9               
  227  227 A G        +     0   0   74      0, 0.0     0, 0.0     0, 0.0     0, 0.0   0.787  32.6  35.3 113.2 136.3  -44.4   58.7   -8.8               
  228  228 A L        -     0   0  164      0, 0.0     0, 0.0     0, 0.0     0, 0.0   0.919  25.4-131.0  47.7 108.7  -47.4   56.6   -9.9               
  229  229 A E        +     0   0  134      0, 0.0     0, 0.0     0, 0.0     0, 0.0   0.571  29.6  94.7  72.7 125.5  -49.0   53.7  -10.2               
  230  230 A R        -     0   0  179      0, 0.0     0, 0.0     0, 0.0     0, 0.0   0.987  29.6 -17.2  83.5 114.5  -50.9   51.2  -12.5               
  231  231 A M        -     0   0  161      2,-0.0     0, 0.0     0, 0.0     0, 0.0   0.987  33.7 -61.7  84.9 111.1  -51.5   48.4  -14.7               
  232  232 A R        -     0   0  246      1,-0.1     2,-0.1     0, 0.0     0, 0.0   0.895  40.6 -87.2  53.3 148.1  -51.3   45.6  -17.2               
  233  233 A P        -     0   0  129      0, 0.0     2,-0.3     0, 0.0    -1,-0.1  -0.414  22.5-163.6 -93.7 167.8  -50.4   44.5  -20.8               
  234  234 A G        -     0   0   77     -2,-0.1     2,-0.3     2,-0.0     0, 0.0  -0.905  14.3-141.9-143.2 167.5  -52.1   44.4  -24.3               
  235  235 A A        -     0   0  100     -2,-0.3     2,-0.3     0, 0.0     0, 0.0  -0.871  13.1-174.7-134.7 158.8  -51.1   42.5  -27.6               
  236  236 A Y        -     0   0  219     -2,-0.3    -2,-0.0     1,-0.1     0, 0.0  -0.909  29.4  -7.3-160.2 140.7  -51.0   42.7  -31.4               
  237  237 A S        -     0   0  105     -2,-0.3    -1,-0.1     1,-0.0     2,-0.0   0.831  25.8-142.6  40.9 117.5  -50.3   40.7  -34.7               
  238  238 A T        -     0   0  132      1,-0.1     2,-0.2     0, 0.0    -1,-0.0   0.334  12.1-156.6  71.8 120.9  -49.2   38.0  -36.4               
  239  239 A G        -     0   0   72     -2,-0.0     2,-0.3     0, 0.0    -1,-0.1  -0.930  15.2-140.5-163.2 159.9  -47.2   37.6  -39.8               
  240  240 A Y        +     0   0  234     -2,-0.2     0, 0.0     2,-0.0     0, 0.0  -0.964  25.7  69.6-139.6 145.6  -47.0   34.6  -42.3               
  241  241 A G        -     0   0   79     -2,-0.3     2,-0.1     2,-0.0    -1,-0.0   0.404  17.7-179.6  80.8 154.3  -44.8   32.5  -44.7               
  242  242 A G        -     0   0   76      2,-0.0     2,-0.2     0, 0.0    -2,-0.0  -0.248  12.7-154.6 139.7 108.1  -42.7   30.5  -45.9               
  243  243 A Y        -     0   0  220     -2,-0.1     2,-0.3     2,-0.0    -2,-0.0  -0.852  15.3-150.3-163.5 154.2  -40.7   28.5  -48.5               
  244  244 A E        -     0   0  193     -2,-0.2     2,-0.3     0, 0.0    -2,-0.0  -0.918   8.8-167.6-111.9 147.3  -38.7   25.1  -48.6               
  245  245 A E        -     0   0  174     -2,-0.3    -2,-0.0     0, 0.0     0, 0.0  -0.773  33.1 -66.1-146.4 106.1  -35.7   24.2  -50.8               
  246  246 A Y        -     0   0  209     -2,-0.3     0, 0.0     0, 0.0     0, 0.0   0.712  47.3 -60.1  47.4 102.5  -34.2   20.8  -51.3               
  247  247 A S        +     0   0  112      1,-0.1     2,-0.1     0, 0.0     0, 0.0   0.945  18.6 171.0  71.1 126.5  -32.4   17.8  -50.0               
  248  248 A G        -     0   0   75      0, 0.0    -1,-0.1     0, 0.0     0, 0.0  -0.415  42.1-110.5 179.3 101.0  -29.5   16.0  -48.3               
  249  249 A L        +     0   0  176     -2,-0.1     0, 0.0     1,-0.0     0, 0.0  -0.061  50.8  73.2 -55.9 156.5  -29.6   12.3  -47.2               
  250  250 A S        -     0   0  111      0, 0.0     2,-0.0     0, 0.0    -1,-0.0   0.603  23.8-171.3-157.2 154.2  -29.7   10.1  -44.9               
  251  251 A D        +     0   0  158      0, 0.0     2,-0.1     0, 0.0    -2,-0.0  -0.266  14.2 172.5 -72.5 161.2  -32.0    8.4  -42.2               
  252  252 A G        -     0   0   75     -2,-0.0     0, 0.0     0, 0.0     0, 0.0  -0.471  20.0-122.4-178.3 106.9  -30.9    5.9  -39.4               
  253  253 A Y        -     0   0  241     -2,-0.1     0, 0.0     1,-0.0     0, 0.0  -0.203  20.1-161.3 -56.6 159.8  -32.8    4.3  -36.4               
  254  254 A G        +     0   0   72      0, 0.0    -1,-0.0     0, 0.0     0, 0.0   0.770  21.3  91.2 165.9-165.9  -32.7    3.9  -33.2               
  255  255 A F        +     0   0  192      2,-0.0     2,-0.1     0, 0.0    -2,-0.0  -0.008  21.1 126.7 -38.7 142.9  -33.4    2.5  -29.6               
  256  256 A T        -     0   0  104      2,-0.0     2,-0.4     0, 0.0     0, 0.0  -0.202  22.5-164.4-146.1 171.5  -32.4    0.3  -27.1               
  257  257 A T        -     0   0  115     -2,-0.1     2,-0.3     2,-0.0    -2,-0.0  -0.960  23.9-146.8 -99.1 134.4  -31.6    0.3  -23.4               
  258  258 A D        -     0   0  138     -2,-0.4     2,-0.4     2,-0.1    -2,-0.0  -0.805  10.9-131.0-110.9 145.4  -29.7   -2.9  -22.1               
  259  259 A L  S    S+     0   0  163     -2,-0.3     2,-0.4     2,-0.1    -1,-0.0  -0.065  72.7  88.8 -97.8  30.3  -30.3   -4.2  -18.6               
  260  260 A F  S    S-     0   0  200     -2,-0.4    -2,-0.1     2,-0.1     2,-0.0  -0.973  73.0-118.9-134.3 119.3  -26.8   -4.8  -17.1               
  261  261 A G        +     0   0   85     -2,-0.4     2,-0.3     2,-0.0    -2,-0.1  -0.240  40.2 151.2 -66.9 137.3  -24.9   -2.1  -15.3               
  262  262 A R        -     0   0  237     -2,-0.0     2,-0.2     0, 0.0    -2,-0.1  -0.860  47.2-105.1-155.7 136.9  -21.5   -0.5  -16.1               
  263  263 A D        -     0   0  138     -2,-0.3     2,-0.7     1,-0.1    -2,-0.0  -0.394  22.0-170.5 -79.3 129.0  -20.7    3.1  -15.1               
  264  264 A L        +     0   0  151     -2,-0.2     3,-0.3     1,-0.1     2,-0.2  -0.665  34.8 147.8-104.6  70.3  -20.6    6.1  -17.5               
  265  265 A S        +     0   0  102     -2,-0.7    -1,-0.1     1,-0.2     3,-0.1  -0.325  43.5  72.1-110.7  46.3  -19.0    8.4  -15.0               
  266  266 A Y  S    S+     0   0  186     -2,-0.2    -1,-0.2     1,-0.0     3,-0.1   0.017  71.3  80.0-150.7  36.7  -16.7   10.9  -17.0               
  267  267 A C        +     0   0  104     -3,-0.3     3,-0.1     1,-0.1    -1,-0.0  -0.048  66.0  81.2-140.1  38.6  -18.9   13.4  -19.0               
  268  268 A L        +     0   0  140      1,-0.2    -1,-0.1    -3,-0.1     2,-0.1  -0.062  59.2  76.1-155.2  58.2  -20.3   16.3  -16.8               
  269  269 A S        +     0   0   90     -3,-0.1     2,-0.2     0, 0.0    -1,-0.2  -0.223  32.5 127.1 174.1 128.1  -18.2   19.5  -15.9               
  270  270 A G        +     0   0   58     -3,-0.1    -3,-0.0    -2,-0.1     0, 0.0  -0.589  57.8  35.8  82.0  80.4  -17.7   21.8  -17.8               
  271  271 A M        +     0   0  160     -2,-0.2    -1,-0.1   -65,-0.0   -65,-0.0   0.505  42.5  89.9  69.0 149.7  -18.7   25.2  -16.2               
  272  272 A Y        -     0   0  117     -3,-0.1     0, 0.0     2,-0.0     0, 0.0   0.709  42.0 -74.1-156.5 154.8  -19.3   27.5  -14.1               
  273  273 A D        -     0   0  132      1,-0.1     0, 0.0     0, 0.0     0, 0.0   0.961  35.2-107.9  56.2 117.1  -18.3   30.6  -12.0               
  274  274 A H        +     0   0  163      0, 0.0     2,-0.1     0, 0.0    -1,-0.1  -0.068  29.9 154.5 -49.7 140.9  -16.1   31.7   -9.0               
  275  275 A R        -     0   0  208      1,-0.2     0, 0.0     0, 0.0     0, 0.0  -0.413  50.7 -35.6-166.8 134.2  -16.3   32.8   -5.5               
  276  276 A Y  S    S+     0   0  229     -2,-0.1    -1,-0.2     1,-0.0     0, 0.0   0.787  74.5  78.3  63.9 136.9  -13.7   32.6   -2.6               
  277  277 A G        -     0   0   69      1,-0.1    -1,-0.0     0, 0.0     0, 0.0   0.734  51.8-136.8 116.9  30.5  -11.1   30.3   -1.3               
  278  278 A D        +     0   0  157      1,-0.1    -1,-0.1     0, 0.0     0, 0.0   0.448  49.5 123.2  24.7  88.8   -7.5   29.9   -2.6               
  279  279 A S        -     0   0  118      0, 0.0    -1,-0.1     0, 0.0     2,-0.0  -0.300  34.8-171.5-167.0  84.4   -6.1   26.3   -2.9               
  280  280 A E        -     0   0  135      1,-0.1     2,-2.5     0, 0.0     0, 0.0  -0.264  46.1 -87.3 -66.1 164.8   -4.9   25.5   -6.5               
  281  281 A F        -     0   0  209      3,-0.0     2,-0.3    -2,-0.0    -1,-0.1  -0.341  60.5-173.4 -75.7  57.7   -3.8   21.9   -7.4               
  282  282 A T        -     0   0   86     -2,-2.5     2,-0.1     1,-0.1    -1,-0.0  -0.407  27.9-126.0 -65.5 121.1   -0.2   22.5   -6.3               
  283  283 A V        -     0   0   45     -2,-0.3     2,-1.2     1,-0.1    -1,-0.1  -0.462  55.1 -85.0 -50.8 132.0    2.3   19.7   -6.9               
  284  284 A Q        -     0   0  173      1,-0.1     2,-1.1    -2,-0.1    -1,-0.1  -0.313  48.2-153.1 -60.5  90.6    3.7   19.2   -3.4               
  285  285 A S    >   -     0   0   35     -2,-1.2     3,-1.1     1,-0.2    -1,-0.1  -0.538   9.5-167.4 -70.3  96.6    6.4   21.9   -3.3               
  286  286 A T  T 3  S+     0   0  103     -2,-1.1    -1,-0.2     1,-0.3    -2,-0.1   0.712  91.4  40.5 -58.5 -23.4    9.0   20.5   -0.8               
  287  287 A T  T 3  S-     0   0   35     48,-0.1    -1,-0.3    50,-0.0    80,-0.1   0.489 102.7-128.3 -98.9 -11.7   10.6   24.1   -0.8               
  288  288 A G  S <  S+     0   0   31     -3,-1.1    76,-1.1     1,-0.1     2,-0.3   0.713  81.4 107.6  63.4  18.7    7.3   26.2   -0.9               
  289  289 A H  E     +K  363   0F  27     46,-0.3    46,-3.0    74,-0.2     2,-0.3  -0.693  41.3 151.8-132.7  78.5    8.9   28.0   -3.9               
  290  290 A C  E     -KL 362 334F   9     72,-2.1    72,-1.9    -2,-0.3     2,-0.4  -0.714  30.2-156.0-107.1 158.8    7.3   27.2   -7.2               
  291  291 A V  E     -KL 361 333F   0     42,-2.2    42,-2.0    -2,-0.3     2,-0.4  -0.980  16.6-144.4-128.6 117.7    6.9   29.0  -10.6               
  292  292 A H  E     -KL 360 332F  16     68,-2.0    68,-2.5    -2,-0.4     2,-0.4  -0.718  16.4-154.0 -84.0 130.6    4.1   28.0  -12.8               
  293  293 A M  E     -KL 359 331F   0     38,-3.2    38,-2.0    -2,-0.4     2,-0.3  -0.911  12.7-176.1-105.8 133.8    4.9   28.2  -16.6               
  294  294 A R  E     +KL 358 330F  82     64,-2.8    64,-2.7    -2,-0.4    36,-0.2  -0.935  63.3  42.4-120.2 150.3    2.4   28.6  -19.4               
  295  295 A G        +     0   0   15     34,-1.2    35,-0.2    -2,-0.3    57,-0.1   0.444  64.8 160.4  99.2   6.6    3.2   28.6  -23.2               
  296  296 A L        -     0   0    4     33,-2.0    -1,-0.2    -3,-0.1    60,-0.1  -0.330  47.8-107.4 -60.0 127.0    5.7   25.6  -23.3               
  297  297 A P    >   -     0   0    2      0, 0.0     3,-2.8     0, 0.0     2,-0.2  -0.310  27.8-112.0 -53.3 144.1    6.0   24.3  -27.0               
  298  298 A Y  T 3  S+     0   0  162      1,-0.3    29,-0.2    30,-0.1    -2,-0.1   0.274 119.1  46.3 -65.1  11.2    4.2   20.8  -27.5               
  299  299 A K  T 3  S+     0   0  183     -2,-0.2    -1,-0.3     2,-0.1     2,-0.3   0.181  82.7 125.1-131.1   5.4    7.8   19.3  -28.0               
  300  300 A A    <   -     0   0   10     -3,-2.8     2,-0.2    52,-0.1    29,-0.1  -0.568  43.1-159.7 -71.6 135.2    9.5   20.9  -25.0               
  301  301 A T    >>  -     0   0   70     -2,-0.3     4,-1.6     1,-0.1     3,-0.7  -0.655  36.4-101.4-103.3 166.5   11.2   18.5  -22.6               
  302  302 A E  H 3> S+     0   0  107      1,-0.2     4,-2.6    -2,-0.2     3,-0.2   0.914 125.6  59.1 -53.2 -39.8   12.3   19.0  -18.9               
  303  303 A N  H 3> S+     0   0  102      1,-0.2     4,-2.1     2,-0.2    -1,-0.2   0.839 101.5  52.5 -60.9 -34.7   15.8   19.5  -20.4               
  304  304 A D  H <> S+     0   0   48     -3,-0.7     4,-2.2     2,-0.2    -1,-0.2   0.890 109.9  49.6 -67.3 -35.0   14.5   22.5  -22.5               
  305  305 A I  H  X S+     0   0    0     -4,-1.6     4,-2.3     2,-0.2    -2,-0.2   0.923 109.5  50.5 -70.1 -42.9   13.1   24.0  -19.3               
  306  306 A Y  H  X S+     0   0   93     -4,-2.6     4,-2.1     2,-0.2    -2,-0.2   0.933 112.9  47.1 -56.7 -45.2   16.4   23.5  -17.4               
  307  307 A N  H  < S+     0   0  104     -4,-2.1    -2,-0.2     2,-0.2    -1,-0.2   0.880 109.9  53.3 -66.1 -36.7   18.2   25.2  -20.4               
  308  308 A F  H  < S+     0   0   25     -4,-2.2    -2,-0.2     1,-0.2    -1,-0.2   0.901 113.8  42.1 -63.2 -40.7   15.5   28.1  -20.3               
  309  309 A F  H >< S+     0   0    0     -4,-2.3     3,-2.2    -5,-0.1    -2,-0.2   0.810  92.7 158.1 -82.5 -23.4   16.2   28.7  -16.6               
  310  310 A S  T 3<  +     0   0   70     -4,-2.1     3,-0.1     1,-0.4    -3,-0.0   0.008  62.9  32.2 -38.6 124.7   20.1   28.4  -16.8               
  311  311 A P  T 3  S+     0   0  112      0, 0.0    -1,-0.4     0, 0.0     2,-0.2  -0.958 112.5  80.6 -87.9   7.2   22.0   29.6  -14.8               
  312  312 A L  S <  S-     0   0   30     -3,-2.2    -3,-0.1    -6,-0.1    23,-0.0  -0.569  71.4-143.8 -75.7 142.1   19.2   28.9  -12.3               
  313  313 A N        -     0   0  119     -2,-0.2    23,-0.5    -4,-0.1     2,-0.2  -0.843   9.7-155.5-110.1  92.7   18.9   25.3  -11.0               
  314  314 A P        -     0   0    8      0, 0.0    21,-0.3     0, 0.0     3,-0.1  -0.501  10.1-145.7 -66.4 135.9   15.2   24.1  -10.5               
  315  315 A V  S    S+     0   0   77     19,-1.8     2,-0.3     1,-0.2    20,-0.2   0.833  82.0   7.7 -68.6 -36.9   15.0   21.3   -7.9               
  316  316 A R  E     -M  334   0F 106     18,-1.3    18,-2.7     2,-0.0     2,-0.4  -0.993  59.5-161.7-147.7 144.5   12.0   19.7   -9.8               
  317  317 A V  E     -M  333   0F  13     -2,-0.3     2,-0.4    16,-0.2    16,-0.2  -0.982   8.8-174.2-120.7 137.0   10.2   20.3  -13.1               
  318  318 A H  E     -M  332   0F  89     14,-2.6    14,-2.2    -2,-0.4     2,-0.5  -0.900   9.5-157.4-134.1 104.8    6.7   18.9  -13.7               
  319  319 A I  E     -M  331   0F  22     -2,-0.4     2,-0.3    12,-0.2    12,-0.3  -0.709  24.2-121.5 -80.1 126.8    5.2   19.2  -17.2               
  320  320 A E  E     -     0   0F  61     10,-2.1     8,-2.2    -2,-0.5     9,-0.5  -0.507  25.6-163.2 -70.5 128.1    1.3   19.0  -17.2               
  321  321 A I  E     -M  327   0F 114     -2,-0.3     6,-0.3     6,-0.3    -1,-0.0  -0.962  14.6-133.5-114.6 121.5   -0.0   16.2  -19.4               
  322  322 A G    >   -     0   0   14      4,-3.1     3,-2.4    -2,-0.5     4,-0.1  -0.178  32.3 -96.5 -66.4 165.5   -3.7   16.3  -20.3               
  323  323 A P  T 3  S+     0   0  151      0, 0.0    -1,-0.1     0, 0.0    -2,-0.0   0.551 124.7  61.3 -66.1  -6.8   -6.1   13.3  -20.1               
  324  324 A D  T 3  S-     0   0  103      2,-0.2     3,-0.1     0, 0.0    -2,-0.1   0.275 121.5-106.3 -94.3   4.6   -5.5   12.7  -23.9               
  325  325 A G  S <  S+     0   0   59     -3,-2.4     2,-0.4     1,-0.3    -4,-0.0   0.551  81.4 125.9  78.4   9.9   -1.7   12.1  -23.1               
  326  326 A R        -     0   0  182     -4,-0.1    -4,-3.1     1,-0.0    -1,-0.3  -0.821  69.6-109.5 -96.6 140.9   -0.7   15.5  -24.7               
  327  327 A V  E     - M   0 321F  40     -2,-0.4    -6,-0.3    -6,-0.3     4,-0.1  -0.475  22.7-145.6 -59.9 129.3    1.4   18.1  -22.9               
  328  328 A T  E     -     0   0F  54     -8,-2.2    -1,-0.2     2,-0.2    -7,-0.1   0.779  39.7-109.7 -67.4 -24.2   -1.0   21.0  -22.1               
  329  329 A G  E    S+     0   0F   1     -9,-0.5   -33,-2.0     1,-0.5   -34,-1.2   0.508  89.5 106.5  92.1  13.8    1.9   23.5  -22.6               
  330  330 A E  E     +L  294   0F  51    -10,-0.4   -10,-2.1   -36,-0.2    -1,-0.5  -0.831  42.5 169.5-118.9 150.5    1.8   24.2  -18.8               
  331  331 A A  E     -LM 293 319F   0    -38,-2.0   -38,-3.2    -2,-0.3     2,-0.4  -0.908  29.2-129.2-160.8 145.3    4.3   23.1  -16.1               
  332  332 A D  E     -LM 292 318F  25    -14,-2.2   -14,-2.6    -2,-0.3     2,-0.5  -0.761  21.4-164.0 -93.5 137.6    5.3   23.7  -12.5               
  333  333 A V  E     -LM 291 317F   0    -42,-2.0   -42,-2.2    -2,-0.4     2,-0.4  -0.974   5.0-154.2-128.0 117.4    9.0   24.5  -11.7               
  334  334 A E  E     -LM 290 316F   8    -18,-2.7   -19,-1.8    -2,-0.5   -18,-1.3  -0.783   9.8-165.2 -95.2 127.8   10.2   24.1   -8.1               
  335  335 A F        -     0   0    0    -46,-3.0   -46,-0.3    -2,-0.4   -48,-0.1  -0.748  27.2-127.8-108.5 157.9   13.3   26.2   -6.9               
  336  336 A A  S    S+     0   0   53    -23,-0.5     2,-0.3    -2,-0.3    -1,-0.1   0.815  92.4  25.2 -73.5 -28.8   15.4   25.8   -3.8               
  337  337 A T  S  > S-     0   0   58    -48,-0.1     4,-1.9     1,-0.1     5,-0.1  -0.942  71.7-124.1-134.5 153.5   15.0   29.5   -2.7               
  338  338 A H  H  > S+     0   0   50     -2,-0.3     4,-2.5     2,-0.2     5,-0.2   0.834 113.8  61.7 -61.1 -31.5   12.5   32.3   -3.1               
  339  339 A E  H  > S+     0   0  162      2,-0.2     4,-2.5     1,-0.2    -1,-0.2   0.938 105.4  44.8 -63.5 -44.2   15.5   34.3   -4.5               
  340  340 A E  H  > S+     0   0   44      2,-0.2     4,-2.5     1,-0.2    -2,-0.2   0.895 112.0  52.9 -64.5 -39.2   15.9   31.8   -7.4               
  341  341 A A  H  X S+     0   0    0     -4,-1.9     4,-1.6     2,-0.2    -2,-0.2   0.903 112.2  44.7 -64.7 -38.8   12.1   31.9   -8.0               
  342  342 A V  H  X S+     0   0   64     -4,-2.5     4,-0.6     2,-0.2    -2,-0.2   0.891 112.4  51.9 -71.0 -37.3   12.2   35.7   -8.2               
  343  343 A A  H >< S+     0   0   40     -4,-2.5     3,-0.9    -5,-0.2    -2,-0.2   0.896 106.4  55.1 -63.3 -36.8   15.3   35.5  -10.5               
  344  344 A A  H >< S+     0   0    0     -4,-2.5     3,-2.2     1,-0.2    -2,-0.2   0.909  98.3  61.9 -62.6 -39.9   13.3   33.1  -12.7               
  345  345 A M  H >< S+     0   0   54     -4,-1.6     3,-1.8     1,-0.3    -1,-0.2   0.718  85.6  75.4 -60.8 -19.3   10.5   35.7  -13.0               
  346  346 A S  T << S+     0   0  105     -3,-0.9    -1,-0.3    -4,-0.6    -2,-0.2   0.533  91.7  57.7 -68.6  -4.8   13.1   37.9  -14.8               
  347  347 A K  T X  S+     0   0   54     -3,-2.2     3,-1.9    -4,-0.1    -1,-0.3   0.188  74.7 138.0-106.7  11.1   12.5   35.5  -17.8               
  348  348 A D  T <  S+     0   0   57     -3,-1.8    10,-0.2     1,-0.3     3,-0.1  -0.323  76.1  12.5 -54.4 138.1    8.8   36.2  -18.0               
  349  349 A R  T 3  S+     0   0  165      8,-2.2    -1,-0.3     1,-0.2     2,-0.2   0.513  89.4 147.3  59.2  14.6    7.7   36.6  -21.7               
  350  350 A A    <   -     0   0   37     -3,-1.9     7,-2.0     7,-0.3     2,-0.6  -0.495  53.6-112.4 -65.9 141.7   11.1   35.2  -22.9               
  351  351 A N  E     -N  356   0G 121      5,-0.2     2,-0.7    -2,-0.2     5,-0.3  -0.702  24.0-164.1 -83.4 119.9   10.6   33.2  -26.2               
  352  352 A M  E >  S-N  355   0G  16      3,-2.2     3,-1.8    -2,-0.6     2,-0.8  -0.897  71.0 -52.1 -99.4 109.9   11.2   29.5  -26.0               
  353  353 A Q  T 3  S-     0   0  118     -2,-0.7    -2,-0.1     1,-0.2     3,-0.0  -0.505 124.6 -17.9  58.2-100.0   11.6   28.5  -29.7               
  354  354 A H  T 3  S+     0   0  148     -2,-0.8     2,-0.4     2,-0.1    -1,-0.2   0.188 124.5  75.7-121.5   8.0    8.4   30.0  -31.4               
  355  355 A R  E <  S-N  352   0G  66     -3,-1.8    -3,-2.2    -5,-0.0     2,-0.3  -0.962  74.8-127.6-119.3 141.1    6.2   30.6  -28.2               
  356  356 A Y  E     -N  351   0G 137     -2,-0.4     2,-0.5    -5,-0.3    -5,-0.2  -0.659  26.8-134.9 -74.7 143.2    6.5   33.2  -25.5               
  357  357 A I        -     0   0    0     -7,-2.0    -8,-2.2    -2,-0.3     2,-0.5  -0.921  11.2-153.5-101.1 127.0    6.6   31.7  -22.0               
  358  358 A E  E     -K  294   0F  62    -64,-2.7   -64,-2.8    -2,-0.5     2,-0.4  -0.884  12.6-156.9 -97.6 130.4    4.4   33.3  -19.3               
  359  359 A L  E     -K  293   0F   7     -2,-0.5     2,-0.4   -66,-0.2   -66,-0.2  -0.916   7.7-166.0-112.3 137.8    5.7   32.8  -15.7               
  360  360 A F  E     -K  292   0F  86    -68,-2.5   -68,-2.0    -2,-0.4     2,-0.8  -0.981  20.0-131.6-124.5 128.4    3.6   33.0  -12.5               
  361  361 A L  E     +K  291   0F  67     -2,-0.4     2,-0.6   -70,-0.2   -70,-0.2  -0.732  26.5 173.5 -89.5 108.6    5.3   33.3   -9.0               
  362  362 A N  E     +K  290   0F  57    -72,-1.9   -72,-2.1    -2,-0.8     2,-0.3  -0.589  41.4 112.3-109.9  62.8    3.9   30.7   -6.5               
  363  363 A S  E     -K  289   0F  20     -2,-0.6     2,-0.5   -74,-0.2   -74,-0.2  -0.998  51.4-146.8-142.5 140.7    6.3   31.4   -3.6               
  364  364 A T    >   -     0   0  100    -76,-1.1     2,-1.9    -2,-0.3     3,-0.8  -0.907  17.4-132.1-112.5 128.8    6.0   32.9   -0.1               
  365  365 A T  T 3  S+     0   0  112     -2,-0.5   -76,-0.0     1,-0.2    -2,-0.0  -0.514  95.3  35.9 -72.9  77.0    8.7   34.9    1.8               
  366  366 A G  T 3   +     0   0   58     -2,-1.9     2,-2.3     1,-0.0    -1,-0.2   0.589  54.1 157.0 149.7  31.4    8.6   33.1    5.2               
  367  367 A A    <   +     0   0   75     -3,-0.8     2,-0.4   -80,-0.1    -2,-0.0  -0.335  22.8 166.6 -73.0  59.1    8.0   29.3    5.1               
  368  368 A S        -     0   0  102     -2,-2.3     2,-0.4     1,-0.1     0, 0.0  -0.658  42.8-112.5 -71.3 131.1    9.5   28.7    8.5               
  369  369 A N        -     0   0  178     -2,-0.4    -1,-0.1     2,-0.0    -2,-0.0  -0.536  64.9  -3.2 -73.6 119.8    8.7   25.1    9.7               
  370  370 A G        +     0   0   56     -2,-0.4    -2,-0.0     0, 0.0     0, 0.0   0.081  48.0 102.7  77.7 168.9    6.3   25.3   12.8               
  371  371 A A        -     0   0   72      0, 0.0    -3,-0.0     0, 0.0    -2,-0.0   0.844  16.6 -44.9-166.0 176.0    4.5   26.1   15.2               
  372  372 A Y        +     0   0  226      2,-0.0     0, 0.0     0, 0.0     0, 0.0   0.821  33.6  73.0  50.7 140.3    2.0   27.2   18.1               
  373  373 A S        +     0   0   92      0, 0.0     2,-0.8     0, 0.0     0, 0.0   0.729   2.3 160.9-163.3 141.2   -0.5   28.6   19.6               
  374  374 A S        +     0   0  121      0, 0.0     2,-0.4     0, 0.0    -2,-0.0  -0.766  44.2 145.3-104.6  85.4   -4.3   28.4   20.0               
  375  375 A Q        -     0   0  149     -2,-0.8     0, 0.0     1,-0.2     0, 0.0  -0.907  28.3  -6.8-139.6 113.1   -4.8   30.4   23.2               
  376  376 A V        +     0   0  130     -2,-0.4    -1,-0.2     0, 0.0     0, 0.0   0.783  42.4   5.9  59.7 153.3   -7.5   32.8   24.6               
  377  377 A M        -     0   0  140      2,-0.0    -2,-0.0     0, 0.0     0, 0.0   0.389  28.1 -86.7-173.6 135.0  -10.1   34.7   24.9               
  378  378 A Q        -     0   0  170      1,-0.1     2,-0.5     0, 0.0     0, 0.0   0.890  45.2 -94.6  52.9 136.8  -13.3   36.9   24.8               
  379  379 A G        -     0   0   81      2,-0.0     2,-0.3     0, 0.0    -1,-0.1  -0.702  42.6-175.4 -84.6 127.6  -14.3   40.3   23.6               
  380  380 A M        -     0   0  197     -2,-0.5     2,-0.1     2,-0.0     0, 0.0  -0.927   9.4-117.0-143.2 156.9  -14.5   43.5   25.8               
  381  381 A G        -     0   0   60     -2,-0.3    -2,-0.0     2,-0.0     0, 0.0  -0.338  29.3 -25.7 132.7  79.4  -15.2   46.4   25.9               
  382  382 A V        +     0   0  141     -2,-0.1    -2,-0.0     0, 0.0     0, 0.0   0.743  47.0  77.4  64.7 151.7  -14.6   50.2   26.3               
  383  383 A S        -     0   0  104      0, 0.0    -2,-0.0     0, 0.0     0, 0.0   0.927  33.7-139.7  68.5  91.2  -12.5   53.1   27.8               
  384  384 A A        +     0   0   98      0, 0.0     0, 0.0     0, 0.0     0, 0.0   0.944  17.3 153.2  71.6 157.7   -9.6   55.1   27.6               
  385  385 A A        +     0   0   92      0, 0.0     0, 0.0     0, 0.0     0, 0.0   0.697  23.2  52.3  66.8 141.1   -6.7   56.9   29.3               
  386  386 A Q        -     0   0  186      0, 0.0     0, 0.0     0, 0.0     0, 0.0   0.590  28.4 -58.4-167.7 156.3   -3.7   58.0   29.0               
  387  387 A A        -     0   0   91      0, 0.0     0, 0.0     0, 0.0     0, 0.0   0.631  14.1-125.3  71.6 157.0   -0.2   59.5   28.3               
  388  388 A T        +     0   0  109      0, 0.0     0, 0.0     0, 0.0     0, 0.0   0.741  20.1 133.2-168.5 171.0    2.8   60.3   27.0               
  389  389 A Y        +     0   0  206      0, 0.0     0, 0.0     0, 0.0     0, 0.0   0.856  28.6 145.0  75.1 104.5    6.5   61.0   26.0               
  390  390 A S        +     0   0  107      0, 0.0     0, 0.0     0, 0.0     0, 0.0   0.845  10.3   4.3  90.3 145.2    8.9   60.7   23.4               
  391  391 A G        -     0   0   58      0, 0.0     0, 0.0     0, 0.0     0, 0.0   0.832   7.8-161.0 162.7-168.9   11.2   60.9   21.3               
  392  392 A L        +     0   0  172      0, 0.0     0, 0.0     0, 0.0     0, 0.0   0.297  24.3 107.5  66.2 167.7   14.3   61.9   19.1               
  393  393 A E        -     0   0  159      0, 0.0     0, 0.0     0, 0.0     0, 0.0   0.515  30.3 -37.2-165.9 166.4   16.1   61.7   16.2               
  394  394 A S        +     0   0   84      0, 0.0     0, 0.0     0, 0.0     0, 0.0   0.781  30.0 112.3-145.4-169.1   17.5   62.4   13.1               
  395  395 A Q        +     0   0  159      0, 0.0     0, 0.0     0, 0.0     0, 0.0   0.836  15.7 162.6-161.6-170.9   17.7   63.7   10.0               
  396  396 A S        +     0   0   90      2,-0.0     0, 0.0     0, 0.0     0, 0.0   0.483  27.8  99.2   8.9 143.0   18.0   65.2    6.4               
  397  397 A V        +     0   0  139      0, 0.0     2,-0.0     0, 0.0     0, 0.0   0.815  33.0 176.6-151.4 179.0   17.5   65.3    3.1               
  398  398 A S        +     0   0  115      2,-0.0    -2,-0.0     0, 0.0     0, 0.0   0.397  26.6 147.9-179.6 150.6   15.5   66.7    0.7               
  399  399 A G        -     0   0   67     -2,-0.0     2,-0.2     0, 0.0     0, 0.0   0.684  22.9-179.3  97.5 105.8   13.6   68.0   -2.6               
  400  400 A C        -     0   0  121      0, 0.0     2,-0.2     0, 0.0    -2,-0.0  -0.506  13.4-167.4  94.1  90.0   10.4   68.6   -3.4               
  401  401 A Y        -     0   0  243     -2,-0.2     0, 0.0     1,-0.1     0, 0.0  -0.616  43.0 -18.4-166.1 149.9    8.0   69.7   -6.0               
  402  402 A G        +     0   0   76     -2,-0.2     2,-0.3     1,-0.1    -1,-0.1   0.785  36.8 143.2-162.7 158.7    4.9   70.6   -5.9               
  403  403 A A        -     0   0   86      0, 0.0    -1,-0.1     0, 0.0     2,-0.0  -0.922  29.1 -11.2-143.5 164.4    1.3   71.0   -4.6               
  404  404 A G        -     0   0   70     -2,-0.3    -2,-0.0     1,-0.1     0, 0.0  -0.021  11.7-172.3  84.5 173.8   -1.8   73.2   -4.2               
  405  405 A Y        -     0   0  216      1,-0.1     2,-0.1     2,-0.0    -1,-0.1   0.636   6.1-163.2-145.6 163.0   -4.0   75.4   -4.1               
  406  406 A S        -     0   0  114      1,-0.1    -1,-0.1     2,-0.0     2,-0.0  -0.416  18.7-132.6 -54.3 156.0   -7.4   76.6   -3.2               
  407  407 A G        +     0   0   68     -2,-0.1    -1,-0.1     0, 0.0    -2,-0.0   0.786  26.1 144.0 124.7 152.5   -9.4   79.0   -3.9               
  408  408 A Q        -     0   0  179     -2,-0.0    -2,-0.0     0, 0.0     0, 0.0   0.877  32.0  -3.0  76.6 116.7  -11.9   81.8   -3.1               
  409  409 A N        +     0   0  141      0, 0.0     0, 0.0     0, 0.0     0, 0.0   0.887  40.7  51.1  96.5 137.3  -13.1   85.2   -4.1               
  410  410 A S        +     0   0   98      2,-0.0     0, 0.0     0, 0.0     0, 0.0   0.997  45.8  14.0  81.3 105.8  -13.9   88.5   -5.6               
  411  411 A M        -     0   0  191      1,-0.0     2,-0.1     0, 0.0     0, 0.0   0.882  24.0-150.8  62.3 131.9  -14.6   90.5   -8.7               
  412  412 A G        +     0   0   80      0, 0.0     2,-0.2     0, 0.0    -1,-0.0  -0.176  15.7 162.5 115.5  90.8  -15.4   91.0  -11.7               
  413  413 A G        -     0   0   60     -2,-0.1     0, 0.0     2,-0.0     0, 0.0  -0.724  22.8 -98.0 177.3 128.3  -15.0   93.4  -14.6               
  414  414 A Y              0   0  205     -2,-0.2     0, 0.0     1,-0.0     0, 0.0   0.049 360.0 360.0 -34.6 159.2  -15.2   94.1  -18.4               
  415  415 A D              0   0  233      0, 0.0    -1,-0.0     0, 0.0    -2,-0.0   0.568 360.0 360.0-113.1 360.0  -13.9   94.2  -21.3               
