==== Secondary Structure Definition by the program DSSP, CMBI version 2.0                          ==== DATE=2026-03-08        .
REFERENCE W. KABSCH AND C.SANDER, BIOPOLYMERS 22 (1983) 2577-2637                                                              .
HEADER                                            01-AUG-25                                                                    .
COMPND    MOL_ID: 1; MOLECULE: HETEROGENEOUS NUCLEAR RIBONUCLEOPROTEIN H2; CHAIN                                               .
SOURCE    MOL_ID: 1; ORGANISM_SCIENTIFIC: HOMO SAPIENS; ORGANISM_TAXID: 9606                                                   .
AUTHOR                                                                                                                         .
  449  1  0  0  0 TOTAL NUMBER OF RESIDUES, NUMBER OF CHAINS, NUMBER OF SS-BRIDGES(TOTAL,INTRACHAIN,INTERCHAIN)                .
 41048.0   ACCESSIBLE SURFACE OF PROTEIN (ANGSTROM**2)                                                                         .
  215 47.9   TOTAL NUMBER OF HYDROGEN BONDS OF TYPE O(I)-->H-N(J)  , SAME NUMBER PER 100 RESIDUES                              .
    0  0.0   TOTAL NUMBER OF HYDROGEN BONDS IN     PARALLEL BRIDGES, SAME NUMBER PER 100 RESIDUES                              .
   73 16.3   TOTAL NUMBER OF HYDROGEN BONDS IN ANTIPARALLEL BRIDGES, SAME NUMBER PER 100 RESIDUES                              .
    0  0.0   TOTAL NUMBER OF HYDROGEN BONDS OF TYPE O(I)-->H-N(I-5), SAME NUMBER PER 100 RESIDUES                              .
    3  0.7   TOTAL NUMBER OF HYDROGEN BONDS OF TYPE O(I)-->H-N(I-4), SAME NUMBER PER 100 RESIDUES                              .
    3  0.7   TOTAL NUMBER OF HYDROGEN BONDS OF TYPE O(I)-->H-N(I-3), SAME NUMBER PER 100 RESIDUES                              .
    0  0.0   TOTAL NUMBER OF HYDROGEN BONDS OF TYPE O(I)-->H-N(I-2), SAME NUMBER PER 100 RESIDUES                              .
    0  0.0   TOTAL NUMBER OF HYDROGEN BONDS OF TYPE O(I)-->H-N(I-1), SAME NUMBER PER 100 RESIDUES                              .
    0  0.0   TOTAL NUMBER OF HYDROGEN BONDS OF TYPE O(I)-->H-N(I+0), SAME NUMBER PER 100 RESIDUES                              .
    0  0.0   TOTAL NUMBER OF HYDROGEN BONDS OF TYPE O(I)-->H-N(I+1), SAME NUMBER PER 100 RESIDUES                              .
   52 11.6   TOTAL NUMBER OF HYDROGEN BONDS OF TYPE O(I)-->H-N(I+2), SAME NUMBER PER 100 RESIDUES                              .
   38  8.5   TOTAL NUMBER OF HYDROGEN BONDS OF TYPE O(I)-->H-N(I+3), SAME NUMBER PER 100 RESIDUES                              .
   48 10.7   TOTAL NUMBER OF HYDROGEN BONDS OF TYPE O(I)-->H-N(I+4), SAME NUMBER PER 100 RESIDUES                              .
    0  0.0   TOTAL NUMBER OF HYDROGEN BONDS OF TYPE O(I)-->H-N(I+5), SAME NUMBER PER 100 RESIDUES                              .
  1  2  3  4  5  6  7  8  9 10 11 12 13 14 15 16 17 18 19 20 21 22 23 24 25 26 27 28 29 30     *** HISTOGRAMS OF ***           .
  0  0  0  0  0  1  2  2  2  1  0  0  0  0  0  0  0  0  0  0  0  0  0  0  0  0  0  0  0  0    RESIDUES PER ALPHA HELIX         .
  0  0  0  0  0  0  0  0  0  0  0  0  0  0  0  0  0  0  0  0  0  0  0  0  0  0  0  0  0  0    PARALLEL BRIDGES PER LADDER      .
  2  3  1  0  5  3  0  0  0  0  0  0  0  0  0  0  0  0  0  0  0  0  0  0  0  0  0  0  0  0    ANTIPARALLEL BRIDGES PER LADDER  .
  3  0  2  1  0  0  0  0  0  0  0  0  0  0  0  0  0  0  0  0  0  0  0  0  0  0  0  0  0  0    LADDERS PER SHEET                .
  #  RESIDUE AA STRUCTURE BP1 BP2  ACC     N-H-->O    O-->H-N    N-H-->O    O-->H-N    TCO  KAPPA ALPHA  PHI   PSI    X-CA   Y-CA   Z-CA            CHAIN
    1    1 A M              0   0  241      0, 0.0     2,-0.5     0, 0.0     0, 0.0   0.000 360.0 360.0 360.0 106.4    1.2   14.1   37.9               
    2    2 A M        -     0   0  195      1,-0.0     2,-0.8     2,-0.0     0, 0.0  -0.751 360.0-138.8 -74.7 119.3    1.7   11.0   35.7               
    3    3 A L        -     0   0  168     -2,-0.5     2,-0.6     2,-0.0    -1,-0.0  -0.801  13.4-138.6 -82.1 110.6   -0.8   11.2   32.7               
    4    4 A S        -     0   0   99     -2,-0.8     2,-1.3     1,-0.1    -1,-0.0  -0.604   5.4-155.2 -60.9 113.3   -2.2    7.8   32.1               
    5    5 A T        -     0   0  144     -2,-0.6     2,-0.3     2,-0.0    -1,-0.1  -0.687  23.3-174.8 -83.8  71.8   -2.4    7.1   28.3               
    6    6 A E        -     0   0  168     -2,-1.3     2,-0.4     1,-0.1    -2,-0.0  -0.601  37.7 -94.1 -62.4 131.7   -5.2    4.6   28.9               
    7    7 A G        -     0   0   73     -2,-0.3     2,-1.4     1,-0.1    -1,-0.1  -0.365  27.5-149.9 -55.3 111.5   -6.0    3.1   25.5               
    8    8 A R        -     0   0  241     -2,-0.4     2,-1.4     2,-0.0    -1,-0.1  -0.777  14.1-152.1 -75.0  92.2   -8.8    4.8   23.6               
    9    9 A E        -     0   0  165     -2,-1.4     2,-0.4    81,-0.1    -2,-0.0  -0.656  16.0-144.0 -59.3  91.3  -10.0    1.7   21.8               
   10   10 A G        -     0   0   18     -2,-1.4     2,-1.3     1,-0.1    80,-0.7  -0.624  13.6-124.4 -62.8 122.0  -11.4    3.7   18.9               
   11   11 A F  E     +AB  89  61A  66     50,-0.5    50,-3.3    -2,-0.4     2,-0.4  -0.595  46.0 172.1 -72.5  91.2  -14.5    1.9   17.8               
   12   12 A V  E     -AB  88  60A   2     -2,-1.3    76,-2.6    76,-1.0     2,-0.4  -0.839  20.6-162.9-110.7 144.5  -13.7    1.3   14.1               
   13   13 A V  E     -AB  87  59A   0     46,-2.6    46,-2.8    -2,-0.4     2,-0.7  -0.990  11.7-144.7-124.9 130.0  -15.5   -0.8   11.5               
   14   14 A K  E     -AB  86  58A  38     72,-2.8    72,-3.2    -2,-0.4     2,-0.4  -0.866  16.3-161.3 -92.8 116.9  -13.9   -1.9    8.2               
   15   15 A V  E     -AB  85  57A   0     42,-2.9    42,-2.7    -2,-0.7     2,-0.3  -0.841  10.5-177.9 -96.8 134.2  -16.5   -1.9    5.3               
   16   16 A R  E     +AB  84  56A 125     68,-2.9    68,-2.9    -2,-0.4    40,-0.2  -0.903  57.2  43.8-128.1 155.0  -15.7   -4.0    2.2               
   17   17 A G  S    S+     0   0   10     38,-1.1    39,-0.2    -2,-0.3    61,-0.2   0.490  70.1 157.4  87.4   8.1  -17.7   -4.5   -1.1               
   18   18 A L        -     0   0    2     37,-1.8    -1,-0.3    66,-0.1    64,-0.1  -0.320  51.2-101.1 -60.5 138.4  -18.5   -0.7   -1.5               
   19   19 A P    >   -     0   0   11      0, 0.0     3,-2.2     0, 0.0    36,-0.1  -0.321  26.2-122.8 -51.5 141.8  -19.4    0.4   -5.1               
   20   20 A W  T 3  S+     0   0  141      1,-0.3    35,-0.1    34,-0.1    -2,-0.1   0.680 115.8  54.4 -65.6 -15.8  -16.4    2.2   -6.7               
   21   21 A S  T 3  S+     0   0  100      2,-0.1    -1,-0.3    34,-0.0     2,-0.2   0.305  82.4 129.4 -89.9   0.5  -18.8    5.1   -7.2               
   22   22 A C    <   -     0   0   16     -3,-2.2     2,-0.2     4,-0.1    33,-0.1  -0.433  42.9-157.1 -70.1 129.3  -19.7    5.2   -3.4               
   23   23 A S     >  -     0   0   45     -2,-0.2     4,-2.1     1,-0.1     3,-0.3  -0.595  32.0-108.8 -95.4 163.0  -19.4    8.6   -1.7               
   24   24 A A  H  > S+     0   0   26      1,-0.2     4,-2.5    -2,-0.2     5,-0.1   0.875 121.5  56.6 -57.2 -35.0  -18.9    9.3    2.0               
   25   25 A D  H  > S+     0   0   94      2,-0.2     4,-2.2     1,-0.2    -1,-0.2   0.863 105.4  49.6 -65.6 -38.4  -22.6   10.5    2.1               
   26   26 A E  H  > S+     0   0   83     -3,-0.3     4,-2.2     2,-0.2    -2,-0.2   0.921 111.0  49.4 -67.6 -41.2  -23.8    7.2    0.7               
   27   27 A V  H  X S+     0   0    0     -4,-2.1     4,-2.4     2,-0.2    -2,-0.2   0.926 110.8  50.8 -61.8 -42.4  -21.8    5.3    3.4               
   28   28 A M  H  < S+     0   0   68     -4,-2.5     6,-0.2     1,-0.2    -2,-0.2   0.903 110.0  49.4 -61.8 -41.2  -23.4    7.6    6.0               
   29   29 A R  H >< S+     0   0  197     -4,-2.2     3,-1.3     1,-0.2    -1,-0.2   0.868 109.5  51.6 -65.2 -37.6  -26.9    6.9    4.6               
   30   30 A F  H 3< S+     0   0   18     -4,-2.2     3,-0.4     1,-0.3    -2,-0.2   0.924 112.5  46.1 -64.5 -41.1  -26.2    3.1    4.8               
   31   31 A F  T >< S+     0   0    2     -4,-2.4     3,-2.3     1,-0.2    -1,-0.3  -0.020  73.4 132.0 -88.6  32.5  -25.1    3.6    8.4               
   32   32 A S  T <  S+     0   0   82     -3,-1.3    -1,-0.2     1,-0.3    -2,-0.1   0.746  73.2  52.9 -51.8 -27.2  -28.2    5.8    9.2               
   33   33 A D  T 3  S+     0   0  101     -3,-0.4     2,-0.4    -4,-0.1    -1,-0.3   0.405 103.1  67.3 -93.0  -3.2  -28.7    3.6   12.3               
   34   34 A C  S <  S-     0   0   10     -3,-2.3     2,-0.8    -6,-0.2    -3,-0.0  -0.949  80.5-126.9-118.2 139.4  -25.1    4.1   13.7               
   35   35 A K        -     0   0  137     -2,-0.4    27,-1.8    28,-0.1     2,-0.5  -0.761  25.7-151.0 -87.0 112.7  -23.5    7.4   15.0               
   36   36 A I  B >   -C   61   0A  22     -2,-0.8     3,-2.1    25,-0.2    25,-0.3  -0.735  21.5-115.5 -82.4 126.6  -20.3    7.9   13.0               
   37   37 A Q  T 3  S+     0   0   77     23,-1.6    23,-0.3    -2,-0.5     5,-0.1  -0.434 101.5   0.4 -61.0 124.9  -17.7    9.8   15.0               
   38   38 A N  T >  S-     0   0  114     -2,-0.2     3,-2.1     3,-0.1    -1,-0.3   0.637 102.9-123.6  62.6  18.2  -17.2   13.1   13.1               
   39   39 A G  G X  S+     0   0   21     -3,-2.1     3,-1.1     1,-0.3     4,-0.3  -0.263  90.0   7.6  57.0-121.2  -19.8   12.1   10.5               
   40   40 A T  G >  S+     0   0   66      1,-0.2     3,-0.8     2,-0.2    -1,-0.3   0.768 129.2  61.6 -64.4 -24.6  -18.3   12.2    6.9               
   41   41 A S  G <  S+     0   0   83     -3,-2.1    -1,-0.2     1,-0.2    -2,-0.2   0.698  96.0  59.2 -76.8 -20.4  -14.8   12.8    8.5               
   42   42 A G  G <  S+     0   0    0     -3,-1.1    18,-1.8    -5,-0.1     2,-0.7   0.549  89.0  87.8 -78.5 -10.5  -15.0    9.4   10.3               
   43   43 A I  E <   -D   59   0A  13     -3,-0.8     2,-0.6    -4,-0.3    16,-0.2  -0.822  57.8-179.2 -97.2 112.5  -15.4    7.7    6.9               
   44   44 A R  E     -D   58   0A 113     14,-3.2    14,-2.8    -2,-0.7     2,-0.2  -0.906  14.0-150.3-119.0 104.7  -11.9    6.9    5.4               
   45   45 A F  E     -D   57   0A  31     -2,-0.6     2,-0.5    12,-0.3    12,-0.3  -0.463  13.0-131.1 -70.3 143.0  -11.9    5.2    2.0               
   46   46 A I  E     -D   56   0A   5     10,-2.8     8,-2.5    -2,-0.2    10,-0.6  -0.845  23.9-162.5 -95.6 126.7   -9.0    2.9    1.1               
   47   47 A Y  E     -D   53   0A  84     53,-1.4     2,-0.1    -2,-0.5    10,-0.0  -0.793  17.9-119.8-106.1 146.8   -7.4    3.6   -2.3               
   48   48 A T    >   -     0   0   44      4,-3.1     3,-2.4    -2,-0.3    52,-0.1  -0.392  42.3 -95.6 -67.3 166.9   -5.2    1.2   -4.3               
   49   49 A R  T 3  S+     0   0  240      1,-0.3    -1,-0.1     2,-0.1    52,-0.0   0.661 129.4  61.3 -56.9 -15.3   -1.6    2.5   -5.2               
   50   50 A E  T 3  S-     0   0  133      2,-0.1    -1,-0.3     0, 0.0    -2,-0.0   0.242 121.4-108.5 -91.1   3.5   -3.3    3.6   -8.5               
   51   51 A G  S <  S+     0   0   26     -3,-2.4    -2,-0.1     1,-0.3   139,-0.0   0.569  75.3 139.4  74.6   9.8   -5.7    6.0   -6.6               
   52   52 A R        -     0   0  119      1,-0.1    -4,-3.1     2,-0.0     2,-0.3  -0.705  64.5-109.5 -82.4 133.9   -8.6    3.6   -7.4               
   53   53 A P  E     - D   0  47A  35      0, 0.0    -6,-0.2     0, 0.0     4,-0.1  -0.481  23.8-149.5 -61.1 120.6  -11.2    3.1   -4.6               
   54   54 A S  E     -     0   0A  40     -8,-2.5   -37,-0.2    -2,-0.3    -7,-0.1   0.595  40.6-108.0 -66.9  -8.7  -10.5   -0.5   -3.5               
   55   55 A G  E    S+     0   0A   5     -9,-0.4   -37,-1.8     1,-0.4   -38,-1.1   0.645  90.5 110.8  76.3  18.7  -14.2   -0.9   -2.5               
   56   56 A E  E     +BD  16  46A  27    -10,-0.6   -10,-2.8   -40,-0.2    -1,-0.4  -0.955  40.5 169.7-119.7 144.0  -13.0   -0.8    1.2               
   57   57 A A  E     -BD  15  45A   0    -42,-2.7   -42,-2.9    -2,-0.3     2,-0.4  -0.980  27.1-133.0-143.6 155.9  -13.5    2.0    3.8               
   58   58 A F  E     -BD  14  44A   0    -14,-2.8   -14,-3.2    -2,-0.3     2,-0.4  -0.922  18.8-162.6-104.8 139.8  -13.0    2.4    7.5               
   59   59 A V  E     -BD  13  43A   1    -46,-2.8   -46,-2.6    -2,-0.4     2,-0.5  -0.993   9.5-146.0-125.4 119.0  -15.8    4.0    9.6               
   60   60 A E  E     -B   12   0A  34    -18,-1.8   -23,-1.6    -2,-0.4     2,-0.3  -0.764  19.5-162.3 -85.3 125.6  -15.1    5.5   13.0               
   61   61 A L  E     -BC  11  36A   0    -50,-3.3   -50,-0.5    -2,-0.5   -25,-0.2  -0.736  23.5-134.0-109.4 155.9  -18.0    5.0   15.5               
   62   62 A E  S    S+     0   0  123    -27,-1.8     2,-0.3    -2,-0.3   -26,-0.1   0.824  85.2  21.6 -78.0 -31.8  -18.8    6.8   18.8               
   63   63 A S    >>  -     0   0   40    -28,-0.3     4,-1.5   -52,-0.1     3,-0.5  -0.952  69.0-120.4-139.6 154.7  -19.7    3.6   20.8               
   64   64 A E  H 3> S+     0   0   97     -2,-0.3     4,-2.1     1,-0.2     5,-0.1   0.810 114.6  63.6 -59.4 -30.7  -19.2   -0.2   20.9               
   65   65 A E  H 3> S+     0   0  144      2,-0.2     4,-1.6     1,-0.2    -1,-0.2   0.904 101.8  49.0 -62.1 -37.6  -23.1   -0.4   20.7               
   66   66 A E  H <> S+     0   0   16     -3,-0.5     4,-3.1     2,-0.2    -2,-0.2   0.869 105.8  56.5 -72.6 -34.4  -22.8    1.2   17.2               
   67   67 A V  H  X S+     0   0   16     -4,-1.5     4,-2.6     1,-0.2    -2,-0.2   0.931 108.0  49.0 -58.6 -43.7  -20.1   -1.3   16.2               
   68   68 A K  H  X S+     0   0  109     -4,-2.1     4,-0.9     2,-0.2    -2,-0.2   0.852 112.7  47.3 -64.8 -35.7  -22.7   -4.1   17.1               
   69   69 A L  H  X S+     0   0   71     -4,-1.6     4,-0.7     2,-0.2     3,-0.4   0.921 111.8  49.9 -69.4 -42.6  -25.4   -2.2   15.0               
   70   70 A A  H >< S+     0   0    0     -4,-3.1     3,-1.2     1,-0.2    -2,-0.2   0.915 107.8  54.0 -62.0 -42.7  -22.9   -1.8   12.1               
   71   71 A L  H >< S+     0   0   62     -4,-2.6     3,-1.1     1,-0.3    -1,-0.2   0.776 101.4  59.6 -63.0 -27.9  -22.1   -5.6   12.2               
   72   72 A K  H 3< S+     0   0  171     -4,-0.9    -1,-0.3    -3,-0.4    -2,-0.2   0.719  97.2  61.3 -72.2 -20.8  -25.9   -6.3   12.0               
   73   73 A K  T X< S+     0   0   27     -3,-1.2     3,-1.8    -4,-0.7    -1,-0.2   0.268  75.2 134.3 -85.7   7.4  -25.8   -4.5    8.6               
   74   74 A D  T <  S+     0   0   56     -3,-1.1    10,-0.2     1,-0.2    -3,-0.0  -0.387  72.1  16.9 -54.7 133.5  -23.3   -7.1    7.3               
   75   75 A R  T 3  S+     0   0  180      8,-2.3    -1,-0.2     1,-0.3     2,-0.2   0.456  84.1 147.8  72.0  11.0  -24.4   -8.3    3.7               
   76   76 A E    <   -     0   0   88     -3,-1.8     7,-2.6     7,-0.5     2,-0.6  -0.485  51.6-116.5 -69.2 137.5  -26.8   -5.3    3.1               
   77   77 A T  E     -E   82   0B  99      5,-0.2     2,-0.9    -2,-0.2     5,-0.3  -0.717  22.7-165.8 -86.3 118.9  -26.8   -4.5   -0.7               
   78   78 A M  E >   -E   81   0B  21      3,-2.3     3,-1.2    -2,-0.6     2,-0.5  -0.835  69.4 -57.9 -99.0  93.9  -25.5   -1.1   -1.8               
   79   79 A G  T 3  S-     0   0   71     -2,-0.9    -2,-0.0     1,-0.2     0, 0.0  -0.557 122.0 -11.5  68.9-118.8  -26.8   -1.1   -5.4               
   80   80 A H  T 3  S+     0   0  166     -2,-0.5     2,-0.4     2,-0.0    -1,-0.2   0.261 127.3  70.8 -95.5   7.0  -25.4   -4.1   -7.3               
   81   81 A R  E <  S-E   78   0B  65     -3,-1.2    -3,-2.3    -5,-0.0     2,-0.3  -0.974  75.7-128.8-126.8 140.3  -22.8   -5.1   -4.5               
   82   82 A Y  E     -E   77   0B 139     -2,-0.4     2,-0.5    -5,-0.3    -5,-0.2  -0.702  25.0-135.4 -81.8 139.4  -23.2   -6.6   -1.1               
   83   83 A V        -     0   0    0     -7,-2.6    -8,-2.3    -2,-0.3    -7,-0.5  -0.876  12.4-154.0 -99.5 125.3  -21.4   -4.6    1.7               
   84   84 A E  E     -A   16   0A  47    -68,-2.9   -68,-2.9    -2,-0.5     2,-0.5  -0.858   6.6-154.9 -98.5 135.2  -19.4   -6.7    4.2               
   85   85 A V  E     -A   15   0A   5     -2,-0.4     2,-0.4   -70,-0.2   -70,-0.2  -0.947  14.0-179.3-120.3 114.5  -18.9   -5.1    7.7               
   86   86 A F  E     -A   14   0A  94    -72,-3.2   -72,-2.8    -2,-0.5     2,-0.3  -0.898  31.2-117.3-112.9 139.4  -15.9   -6.2    9.8               
   87   87 A K  E     +A   13   0A 162     -2,-0.4     2,-0.3   -74,-0.2   -74,-0.2  -0.614  43.5 179.3 -67.3 132.1  -14.9   -5.0   13.3               
   88   88 A S  E     -A   12   0A   9    -76,-2.6   -76,-1.0    -2,-0.3     2,-0.3  -0.910  25.8-116.8-133.7 160.6  -11.5   -3.3   13.0               
   89   89 A N  E >>  -A   11   0A 119     -2,-0.3     4,-2.3   -78,-0.1     3,-0.6  -0.747  23.2-122.3 -95.5 149.2   -9.1   -1.6   15.4               
   90   90 A S  H 3> S+     0   0   40    -80,-0.7     4,-2.5    -2,-0.3     5,-0.2   0.865 116.3  57.6 -53.9 -33.5   -8.1    2.1   15.2               
   91   91 A V  H 3> S+     0   0  117      2,-0.2     4,-2.5     1,-0.2    -1,-0.2   0.883 105.7  48.2 -64.6 -40.4   -4.4    0.8   14.9               
   92   92 A E  H <> S+     0   0   75     -3,-0.6     4,-3.0     2,-0.2     5,-0.3   0.940 111.5  50.5 -66.8 -44.9   -5.4   -1.2   11.8               
   93   93 A M  H  X S+     0   0   14     -4,-2.3     4,-2.7     2,-0.2    -2,-0.2   0.940 113.7  44.5 -55.6 -51.5   -7.2    1.8   10.2               
   94   94 A D  H  X S+     0   0   72     -4,-2.5     4,-1.9     2,-0.2    -2,-0.2   0.924 114.8  48.8 -63.1 -42.9   -4.1    4.1   10.9               
   95   95 A W  H  X S+     0   0  151     -4,-2.5     4,-1.5     2,-0.2    -2,-0.2   0.948 114.3  45.2 -61.0 -47.7   -1.7    1.4    9.6               
   96   96 A V  H  X S+     0   0   13     -4,-3.0     4,-2.0     1,-0.2    -2,-0.2   0.908 111.7  52.2 -67.1 -39.0   -3.8    0.8    6.4               
   97   97 A L  H  < S+     0   0   20     -4,-2.7     6,-0.3    -5,-0.3    -1,-0.2   0.856 110.6  49.0 -65.4 -33.2   -4.2    4.6    5.8               
   98   98 A K  H  < S+     0   0  142     -4,-1.9    -1,-0.2    -5,-0.2    -2,-0.2   0.791 122.8  32.3 -71.3 -30.7   -0.4    5.0    6.0               
   99   99 A H  H  < S+     0   0  109     -4,-1.5    -2,-0.2    -3,-0.2    -1,-0.2   0.566 124.3  40.8-103.4 -12.7    0.3    2.1    3.6               
  100  100 A T  S  < S+     0   0   41     -4,-2.0   -53,-1.4    -5,-0.2    -2,-0.1  -0.086 103.2  63.3-135.3  27.8   -2.7    2.3    1.2               
  101  101 A G  S    S-     0   0   24     -4,-0.2     2,-2.2    -3,-0.1   -52,-0.1  -0.967  74.3-124.7-152.7 142.2   -3.4    6.0    0.5               
  102  102 A P        +     0   0   68      0, 0.0     5,-0.1     0, 0.0    -4,-0.1  -0.543  59.0 153.5 -73.0  66.4   -1.7    9.0   -1.1               
  103  103 A N        +     0   0   94     -2,-2.2    -3,-0.0    -6,-0.3    -6,-0.0  -0.288  14.7 124.5-108.1  46.7   -2.3   10.6    2.4               
  104  104 A S    >   -     0   0   64      1,-0.1     3,-2.1     0, 0.0     4,-0.1  -0.947  59.6-143.2 -82.3 120.0    0.3   13.2    2.6               
  105  105 A P  G >  S+     0   0  118      0, 0.0     3,-0.7     0, 0.0    -1,-0.1   0.580  95.7  76.3 -60.7  -3.7   -2.0   16.3    3.3               
  106  106 A D  G >  S+     0   0  134      1,-0.2     3,-0.7     2,-0.1     4,-0.1   0.527  73.7  80.3 -80.1  -5.8    0.6   18.2    1.1               
  107  107 A T  G <  S+     0   0   45     -3,-2.1     3,-0.3     1,-0.2    -1,-0.2   0.504  74.9  76.7 -79.0  -4.6   -0.9   16.5   -2.1               
  108  108 A A  G <  S+     0   0   62     -3,-0.7     3,-0.3     1,-0.2    -1,-0.2   0.638  86.2  55.4 -83.6 -14.1   -3.9   19.1   -2.2               
  109  109 A N  S <  S+     0   0  110     -3,-0.7    53,-0.2     1,-0.2    -1,-0.2   0.473  74.7  87.5-108.6  -2.2   -2.1   22.2   -3.6               
  110  110 A D  S    S-     0   0   79     -3,-0.3    -1,-0.2    -4,-0.1    49,-0.1   0.491  82.5-131.8 -85.8  -0.7   -0.4   21.3   -7.0               
  111  111 A G        +     0   0    6     -3,-0.3    48,-3.0     1,-0.2     2,-0.3   0.717  51.3 153.1  63.4  21.3   -3.5   22.0   -9.3               
  112  112 A F  E     -FG 158 186C  13     74,-0.5    74,-2.3    46,-0.2     2,-0.4  -0.644  21.3-175.7 -87.3 142.5   -3.2   18.6  -11.1               
  113  113 A V  E     -FG 157 185C   1     44,-2.4    44,-3.0    -2,-0.3     2,-0.5  -0.999  15.8-145.0-137.9 131.8   -6.1   16.8  -12.7               
  114  114 A R  E     -FG 156 184C  26     70,-2.8    70,-3.0    -2,-0.4     2,-0.4  -0.874  12.1-155.5 -95.7 127.6   -6.3   13.5  -14.5               
  115  115 A L  E     -FG 155 183C   0     40,-3.3    40,-2.4    -2,-0.5     2,-0.3  -0.856  12.7-175.5 -95.3 136.5   -8.7   13.1  -17.4               
  116  116 A R  E     +FG 154 182C 117     66,-2.6    66,-2.7    -2,-0.4    38,-0.2  -0.962  59.1  40.8-127.9 148.9  -10.0    9.6  -18.3               
  117  117 A G        +     0   0    8     36,-1.5    59,-0.2    -2,-0.3    37,-0.2   0.584  68.7 161.6  92.3  15.5  -12.2    8.5  -21.2               
  118  118 A L        -     0   0    4     35,-2.0    -1,-0.2    -3,-0.1    62,-0.1  -0.346  47.1-104.0 -62.6 140.3  -10.5   10.7  -23.9               
  119  119 A P    >   -     0   0   11      0, 0.0     3,-2.4     0, 0.0    34,-0.2  -0.363  29.7-115.2 -59.3 147.5  -11.3    9.5  -27.5               
  120  120 A F  T 3  S+     0   0  145      1,-0.3    31,-0.6    32,-0.1    33,-0.1   0.780 118.7  49.7 -61.0 -25.0   -8.3    7.7  -29.1               
  121  121 A G  T 3  S+     0   0   67     29,-0.1     2,-0.4     2,-0.0    -1,-0.3   0.219  80.6 135.0 -91.0   9.0   -8.0   10.6  -31.6               
  122  122 A C    <   -     0   0    6     -3,-2.4     2,-0.2    54,-0.1    31,-0.1  -0.483  40.4-157.2 -68.0 120.6   -8.1   13.3  -28.9               
  123  123 A S     >  -     0   0   43     -2,-0.4     4,-1.6     1,-0.1     3,-0.2  -0.512  32.0-108.4 -88.4 162.7   -5.4   16.0  -29.5               
  124  124 A K  H  > S+     0   0   95      1,-0.2     4,-1.9     2,-0.2     5,-0.1   0.847 121.7  59.4 -54.1 -33.2   -3.9   18.4  -26.9               
  125  125 A E  H  > S+     0   0  142      2,-0.2     4,-2.5     1,-0.2    -1,-0.2   0.899 100.8  51.7 -67.1 -41.6   -6.0   21.1  -28.7               
  126  126 A E  H  > S+     0   0   70     -3,-0.2     4,-2.7     2,-0.2    -1,-0.2   0.892 109.9  50.1 -63.0 -38.5   -9.3   19.3  -28.0               
  127  127 A I  H  X S+     0   0    1     -4,-1.6     4,-1.9     2,-0.2    -2,-0.2   0.908 111.2  48.8 -66.0 -40.7   -8.3   19.1  -24.3               
  128  128 A V  H  < S+     0   0   64     -4,-1.9     6,-0.2     2,-0.2    -2,-0.2   0.903 112.8  48.3 -64.1 -40.6   -7.5   22.9  -24.3               
  129  129 A Q  H >< S+     0   0  138     -4,-2.5     3,-1.8     2,-0.2    -2,-0.2   0.906 108.4  53.5 -66.1 -41.2  -10.9   23.6  -26.0               
  130  130 A F  H 3< S+     0   0   18     -4,-2.7    -2,-0.2     1,-0.3    -1,-0.2   0.903 113.9  43.5 -60.0 -38.2  -12.7   21.4  -23.4               
  131  131 A F  T >< S+     0   0    1     -4,-1.9     3,-2.3    -5,-0.2    -1,-0.3   0.106  82.9 156.3 -93.3  24.1  -11.1   23.5  -20.7               
  132  132 A S  T <   +     0   0   81     -3,-1.8    -3,-0.1     1,-0.3     3,-0.1  -0.291  68.5  27.3 -52.3 125.1  -11.7   26.8  -22.6               
  133  133 A G  T 3  S+     0   0   84      1,-0.3     2,-0.4     0, 0.0    -1,-0.3   0.379  99.1 102.5  94.7   0.9  -11.7   29.5  -19.9               
  134  134 A L  S <  S-     0   0   28     -3,-2.3     2,-0.9    -6,-0.2    -1,-0.3  -0.965  75.2-123.7-111.9 129.3   -9.4   27.7  -17.5               
  135  135 A E        -     0   0  142     -2,-0.4    25,-2.3    -3,-0.1     2,-0.4  -0.606  32.2-170.4 -75.1 105.0   -5.7   28.8  -17.3               
  136  136 A I  E     -H  159   0C  28     -2,-0.9    23,-0.2    23,-0.2     5,-0.1  -0.816  31.5-108.8 -93.1 136.1   -3.7   25.6  -18.0               
  137  137 A V  E >   -     0   0C  42     21,-2.3     3,-2.5    -2,-0.4     4,-0.3  -0.482  28.9-128.3 -62.5 128.3    0.1   25.7  -17.4               
  138  138 A P  E 3  S+     0   0C  98      0, 0.0     3,-0.2     0, 0.0    -1,-0.1   0.783 110.4  32.8 -58.1 -26.6    1.6   25.6  -21.0               
  139  139 A N  E 3  S+     0   0C 149      1,-0.1    -2,-0.1    19,-0.0    -3,-0.0   0.189  99.2  90.0-106.5   9.4    3.9   22.7  -20.0               
  140  140 A G  E <   +     0   0C   4     -3,-2.5    18,-1.4    18,-0.2     2,-0.5   0.429  67.7  87.7 -88.2  -6.6    1.3   21.2  -17.6               
  141  141 A M  E     +H  157   0C  23     -4,-0.3     2,-0.3    16,-0.2    16,-0.2  -0.847  47.8 167.1 -99.6 134.6   -0.5   19.0  -20.1               
  142  142 A T  E     -H  156   0C  40     14,-2.8    14,-3.1    -2,-0.5    -3,-0.0  -0.972  22.4-162.1-148.1 137.9    0.5   15.4  -21.0               
  143  143 A L        -     0   0   42     -2,-0.3     2,-0.2    12,-0.2    12,-0.2  -0.951  23.6-140.0-108.6 100.9   -1.2   12.6  -22.8               
  144  144 A P        -     0   0   15      0, 0.0     8,-1.6     0, 0.0     2,-0.4  -0.506  20.9-154.4 -55.9 129.5    0.5    9.3  -22.0               
  145  145 A V  B     -I  151   0D  88     -2,-0.2     6,-0.2     6,-0.2     4,-0.0  -0.911  15.4-114.1-108.8 139.6    0.7    7.3  -25.2               
  146  146 A D    >   -     0   0   74      4,-3.2     3,-2.7    -2,-0.4     4,-0.1  -0.183  41.4 -92.2 -60.7 164.3    0.9    3.5  -25.3               
  147  147 A F  T 3  S+     0   0  143      1,-0.3    -1,-0.1     2,-0.2    -2,-0.0   0.677 129.6  55.8 -58.2 -17.8    4.1    1.7  -26.6               
  148  148 A Q  T 3  S-     0   0  134      2,-0.1    -1,-0.3     0, 0.0     3,-0.1   0.224 123.8-103.9 -94.0   8.2    2.4    1.7  -30.1               
  149  149 A G  S <  S+     0   0   55     -3,-2.7     2,-0.4     1,-0.3    -2,-0.2   0.652  76.4 142.9  72.7  16.4    1.9    5.5  -30.1               
  150  150 A R        -     0   0  149     -4,-0.1    -4,-3.2     1,-0.1    -1,-0.3  -0.758  60.3-109.9 -88.2 133.3   -1.8    5.0  -29.3               
  151  151 A S  B     -I  145   0D  32    -31,-0.6    -6,-0.2    -2,-0.4     4,-0.1  -0.434  21.0-145.0 -58.4 125.3   -3.6    7.5  -26.9               
  152  152 A T        -     0   0   59     -8,-1.6    -1,-0.2     2,-0.3   -35,-0.1   0.551  38.4-112.1 -71.5  -5.2   -4.3    5.6  -23.7               
  153  153 A G  S    S+     0   0    5      1,-0.3   -35,-2.0    -9,-0.2   -36,-1.5   0.539  89.4 103.6  77.1   9.8   -7.5    7.6  -23.2               
  154  154 A E  E     +F  116   0C  35    -10,-0.4    -1,-0.3   -38,-0.2     2,-0.3  -0.922  45.0 175.3-118.1 144.5   -5.9    9.2  -20.2               
  155  155 A A  E     -F  115   0C   0    -40,-2.4   -40,-3.3    -2,-0.3     2,-0.4  -0.991  21.0-141.7-143.2 155.0   -4.4   12.7  -19.8               
  156  156 A F  E     -FH 114 142C   1    -14,-3.1   -14,-2.8    -2,-0.3     2,-0.4  -0.959  17.2-170.3-116.2 132.4   -2.9   14.8  -17.0               
  157  157 A V  E     -FH 113 141C   0    -44,-3.0   -44,-2.4    -2,-0.4     2,-0.6  -0.992   9.9-154.8-127.3 121.7   -3.5   18.6  -16.9               
  158  158 A Q  E     -F  112   0C  41    -18,-1.4   -21,-2.3    -2,-0.4   -46,-0.2  -0.882  14.1-154.3 -93.5 119.3   -1.8   21.0  -14.5               
  159  159 A F  E     - H   0 136C   4    -48,-3.0   -23,-0.2    -2,-0.6     3,-0.1  -0.588  22.6-123.3 -86.8 153.1   -3.8   24.1  -13.8               
  160  160 A A  S    S+     0   0   62    -25,-2.3     2,-0.3    -2,-0.2   -24,-0.1   0.750  95.3  21.4 -67.5 -24.6   -2.1   27.4  -12.8               
  161  161 A S  S >> S-     0   0   46    -26,-0.3     4,-1.7   -50,-0.1     3,-0.6  -0.990  73.4-123.1-143.0 149.9   -4.2   27.5   -9.5               
  162  162 A Q  H 3> S+     0   0   75     -2,-0.3     4,-2.4     1,-0.2     5,-0.2   0.872 113.5  61.6 -57.4 -36.1   -6.1   25.0   -7.3               
  163  163 A E  H 3> S+     0   0  132      1,-0.2     4,-1.7     2,-0.2    -1,-0.2   0.847 104.1  48.4 -60.1 -35.0   -9.2   27.2   -7.8               
  164  164 A I  H <> S+     0   0   20     -3,-0.6     4,-2.3     2,-0.2    -1,-0.2   0.900 108.5  53.3 -74.5 -38.3   -9.0   26.5  -11.5               
  165  165 A A  H  X S+     0   0    9     -4,-1.7     4,-2.2     2,-0.2    -2,-0.2   0.905 108.1  51.0 -61.4 -39.3   -8.6   22.7  -10.8               
  166  166 A E  H  X S+     0   0  104     -4,-2.4     4,-1.0     2,-0.2    -2,-0.2   0.898 109.6  49.6 -65.9 -38.4  -11.8   22.9   -8.7               
  167  167 A K  H  X S+     0   0  116     -4,-1.7     4,-0.5    -5,-0.2     3,-0.4   0.892 109.3  53.1 -63.8 -37.6  -13.6   24.6  -11.7               
  168  168 A A  H >< S+     0   0    0     -4,-2.3     3,-1.4     1,-0.2    -2,-0.2   0.897 101.8  58.4 -64.4 -39.9  -12.3   21.8  -13.9               
  169  169 A L  H >< S+     0   0   59     -4,-2.2     3,-1.4     1,-0.3    -1,-0.2   0.808  96.6  63.0 -61.1 -28.5  -13.7   19.2  -11.5               
  170  170 A K  H 3< S+     0   0  180     -4,-1.0    -1,-0.3    -3,-0.4    -2,-0.2   0.763  93.9  62.7 -67.5 -22.7  -17.2   20.8  -12.1               
  171  171 A K  T X< S+     0   0   46     -3,-1.4     3,-2.0    -4,-0.5    -1,-0.3   0.234  74.7 140.6 -81.9   9.4  -16.8   19.8  -15.9               
  172  172 A H  T <   +     0   0   70     -3,-1.4    10,-0.2     1,-0.3    -3,-0.0  -0.407  68.6  18.7 -58.9 130.3  -16.8   16.1  -14.8               
  173  173 A K  T 3  S+     0   0  137      8,-3.0    -1,-0.3     1,-0.3     9,-0.1   0.401  85.8 142.8  76.3   9.5  -18.8   13.9  -17.4               
  174  174 A E    <   -     0   0   80     -3,-2.0     7,-3.0     7,-0.4     2,-0.5  -0.375  51.5-115.0 -65.1 152.6  -18.7   16.5  -20.2               
  175  175 A R  E     -J  180   0E 200      5,-0.2     2,-0.6    -2,-0.1     5,-0.2  -0.845  22.8-167.5-100.4 129.3  -18.3   14.9  -23.6               
  176  176 A I  E >  S-J  179   0E  16      3,-1.9     3,-1.7    -2,-0.5     2,-0.3  -0.970  75.9 -44.6-104.9 117.1  -15.4   15.2  -26.1               
  177  177 A G  T 3  S-     0   0   70     -2,-0.6    -2,-0.0     1,-0.2   -59,-0.0  -0.445 125.5 -18.8  60.6-120.5  -16.7   13.7  -29.3               
  178  178 A H  T 3  S+     0   0  162     -2,-0.3     2,-0.4     2,-0.1    -1,-0.2   0.318 123.0  78.5 -99.1   4.2  -18.6   10.5  -28.6               
  179  179 A R  E <  S-J  176   0E  78     -3,-1.7    -3,-1.9   -62,-0.0     2,-0.3  -0.922  72.5-129.5-119.1 141.3  -17.0    9.8  -25.1               
  180  180 A Y  E     -J  175   0E 136     -2,-0.4     2,-0.5    -5,-0.2    -5,-0.2  -0.673  27.4-132.3 -80.0 142.9  -17.8   11.3  -21.7               
  181  181 A I        -     0   0    0     -7,-3.0    -8,-3.0    -2,-0.3     2,-0.6  -0.871   8.3-150.9-103.0 126.7  -14.7   12.5  -19.8               
  182  182 A E  E     -G  116   0C  51    -66,-2.7   -66,-2.6    -2,-0.5     2,-0.5  -0.850  12.4-158.0 -94.2 121.9  -14.1   11.6  -16.2               
  183  183 A I  E     -G  115   0C   4     -2,-0.6     2,-0.4   -68,-0.2   -68,-0.2  -0.921  13.1-177.5-105.2 122.5  -12.1   14.3  -14.4               
  184  184 A F  E     -G  114   0C  79    -70,-3.0   -70,-2.8    -2,-0.5     2,-0.1  -0.951  31.6-113.6-119.8 139.6  -10.2   13.2  -11.2               
  185  185 A K  E     +G  113   0C 171     -2,-0.4     2,-0.3   -72,-0.2   -72,-0.2  -0.497  49.3 171.7 -62.4 137.3   -8.1   15.3   -8.8               
  186  186 A S  E     -G  112   0C  14    -74,-2.3   -74,-0.5    -2,-0.1     2,-0.3  -0.922  26.0-125.1-145.3 169.3   -4.5   14.1   -9.1               
  187  187 A S    >>  -     0   0    8     -2,-0.3     4,-1.5   -76,-0.1     3,-0.8  -0.861  28.3-113.9-118.5 157.6   -1.0   14.9   -8.0               
  188  188 A R  H 3> S+     0   0  148     -2,-0.3     4,-1.3     1,-0.2    -1,-0.1   0.778 117.0  63.1 -54.5 -28.3    2.3   15.6   -9.8               
  189  189 A A  H 3> S+     0   0   71      2,-0.2     4,-0.9     1,-0.2    -1,-0.2   0.889 101.4  48.4 -66.6 -38.4    3.5   12.3   -8.2               
  190  190 A E  H <> S+     0   0   30     -3,-0.8     4,-1.3     1,-0.2    -2,-0.2   0.832 104.1  60.9 -72.7 -31.8    0.9   10.2  -10.0               
  191  191 A V  H  < S+     0   0   13     -4,-1.5     4,-0.5     1,-0.2     3,-0.4   0.933 103.6  51.3 -57.2 -42.7    1.8   11.9  -13.4               
  192  192 A R  H  < S+     0   0  203     -4,-1.3     3,-0.5     1,-0.2     4,-0.3   0.805 105.8  53.7 -70.4 -29.0    5.4   10.5  -12.9               
  193  193 A T  H  < S+     0   0  104     -4,-0.9     3,-0.4     1,-0.2    -1,-0.2   0.785 108.1  49.2 -78.4 -26.5    4.3    6.8  -12.3               
  194  194 A H  S  < S+     0   0   73     -4,-1.3    -1,-0.2    -3,-0.4    -2,-0.2   0.482 100.5  68.2 -85.9  -6.1    2.1    6.6  -15.5               
  195  195 A Y  S    S+     0   0   86     -3,-0.5    -1,-0.2    -4,-0.5    -2,-0.2   0.495  72.0  93.0 -99.0  -7.4    5.0    8.0  -17.8               
  196  196 A D        -     0   0  112     -3,-0.4     3,-0.1    -4,-0.3    -1,-0.0  -0.799  68.9-150.4 -81.0 101.4    7.4    5.1  -17.6               
  197  197 A P        -     0   0   71      0, 0.0     2,-0.5     0, 0.0    -2,-0.1  -0.504  49.4 -81.6 -52.4 144.6    6.5    3.0  -20.6               
  198  198 A P        -     0   0  105      0, 0.0     2,-1.6     0, 0.0     3,-0.2  -0.397  51.7-131.2 -55.1 103.4    7.4   -0.6  -19.4               
  199  199 A R        -     0   0  208     -2,-0.5     3,-0.0     1,-0.2    -3,-0.0  -0.582  55.5 -63.4 -66.6  92.2   11.1   -0.3  -20.1               
  200  200 A K        -     0   0  164     -2,-1.6     2,-0.5     1,-0.2    -1,-0.2   0.679  43.2-176.3  37.9  81.2   11.7   -3.5  -22.0               
  201  201 A L        +     0   0  139     -3,-0.2     2,-0.5     2,-0.0    -1,-0.2  -0.409  56.4 122.4 -80.9  49.0   11.1   -6.8  -20.3               
  202  202 A M        +     0   0  168     -2,-0.5     3,-0.0     1,-0.2     0, 0.0  -0.989  64.8  17.7-111.0 119.0   12.4   -8.0  -23.7               
  203  203 A A  S    S+     0   0   98     -2,-0.5    -1,-0.2     3,-0.0    -2,-0.0   0.908  79.8  99.8  79.1  62.5   15.5  -10.3  -23.3               
  204  204 A M        -     0   0  170     -3,-0.2     2,-0.8     2,-0.1    -1,-0.0  -0.448  38.8-176.5-143.6  88.7   16.3  -11.8  -20.1               
  205  205 A Q        -     0   0  191      1,-0.0    -3,-0.0     3,-0.0     3,-0.0  -0.693  36.9-126.8 -52.0 104.7   15.2  -15.3  -20.1               
  206  206 A R        -     0   0  179     -2,-0.8     2,-0.1     1,-0.1    -2,-0.1  -0.645  27.9-113.4 -56.3 117.1   16.2  -16.0  -16.5               
  207  207 A P        -     0   0  101      0, 0.0    -1,-0.1     0, 0.0     5,-0.0  -0.420  35.8-118.7 -55.4 124.8   18.4  -19.1  -17.0               
  208  208 A G    >   -     0   0   30      1,-0.1     3,-2.7    -2,-0.1    -3,-0.0  -0.318  29.7 -96.7 -61.5 156.9   16.5  -21.9  -15.2               
  209  209 A P  T 3  S+     0   0  138      0, 0.0    -1,-0.1     0, 0.0     3,-0.0   0.444 127.8  51.3 -57.3   2.1   18.2  -23.6  -12.2               
  210  210 A Y  T 3  S+     0   0  226      2,-0.0     2,-1.8     1,-0.0    -2,-0.0   0.368  76.7 105.7-117.3   0.1   19.3  -26.3  -14.7               
  211  211 A D    <   -     0   0  113     -3,-2.7    -1,-0.0     2,-0.0     0, 0.0  -0.536  53.0-176.1 -83.7  74.7   20.8  -24.0  -17.4               
  212  212 A R        -     0   0  228     -2,-1.8     2,-1.4     1,-0.1    -4,-0.0  -0.609  37.6-108.6 -66.7 132.0   24.5  -24.9  -16.6               
  213  213 A P        -     0   0  125      0, 0.0     2,-1.3     0, 0.0    -1,-0.1  -0.490  39.3-150.5 -67.4  91.8   26.9  -22.8  -18.8               
  214  214 A G        -     0   0   67     -2,-1.4     2,-0.9     2,-0.1    -2,-0.0  -0.609   8.5-154.3 -70.0  95.0   28.1  -25.7  -21.0               
  215  215 A A        +     0   0  111     -2,-1.3     2,-0.1     1,-0.0    -1,-0.0  -0.655  45.8 143.1 -55.1 102.1   31.6  -25.0  -22.1               
  216  216 A G        -     0   0   70     -2,-0.9    -2,-0.1     2,-0.0    -1,-0.0  -0.563  44.6-134.7-169.0  94.3   31.1  -27.1  -25.2               
  217  217 A R        +     0   0  252     -2,-0.1    -2,-0.0     1,-0.0    -3,-0.0   0.058  32.3 151.1 -20.1 140.8   32.4  -26.7  -28.8               
  218  218 A G        -     0   0   75      0, 0.0    -1,-0.0     0, 0.0    -2,-0.0   0.220  28.5-132.6 165.4  77.2   30.3  -27.1  -32.0               
  219  219 A Y        +     0   0  214      0, 0.0     0, 0.0     0, 0.0     0, 0.0   0.645  33.2 119.4  24.3 138.7   30.7  -25.5  -35.4               
  220  220 A N        -     0   0  142      0, 0.0     0, 0.0     0, 0.0     0, 0.0   0.635  33.7  -9.4  96.7 129.4   28.8  -23.7  -38.3               
  221  221 A S        -     0   0   94      0, 0.0     0, 0.0     0, 0.0     0, 0.0   0.804  43.4 -11.0-174.4 159.5   28.6  -21.0  -40.0               
  222  222 A I        +     0   0  173      2,-0.1     0, 0.0     0, 0.0     0, 0.0   0.828  56.7  64.8  96.3 110.5   28.7  -17.5  -41.8               
  223  223 A G        +     0   0   71      1,-0.0     2,-0.3     0, 0.0     0, 0.0   0.645  59.8  82.9 143.5  22.3   29.8  -13.9  -41.3               
  224  224 A R        +     0   0  250      0, 0.0     2,-0.4     0, 0.0    -2,-0.1  -0.755  42.6 176.7-137.5  98.9   33.5  -12.6  -41.0               
  225  225 A G        +     0   0   78     -2,-0.3     0, 0.0     1,-0.0     0, 0.0  -0.827  26.0 101.2 -82.9 131.5   35.5  -12.0  -44.1               
  226  226 A A        -     0   0  104     -2,-0.4    -1,-0.0     0, 0.0     0, 0.0   0.363  53.4 -33.6 162.0 114.5   38.9  -10.6  -44.2               
  227  227 A G        +     0   0   70      0, 0.0    -2,-0.0     0, 0.0     0, 0.0   0.965  48.9 101.7  72.6 100.7   42.5  -11.6  -44.6               
  228  228 A F        -     0   0  191      0, 0.0     0, 0.0     0, 0.0     0, 0.0   0.358  37.5-140.9 175.3 103.4   45.3  -13.8  -44.2               
  229  229 A E        +     0   0  150      1,-0.0     0, 0.0     0, 0.0     0, 0.0   0.534  32.9  95.6  41.8 121.9   47.0  -16.1  -46.4               
  230  230 A R        -     0   0  205      0, 0.0    -1,-0.0     0, 0.0     0, 0.0   0.891  40.5 -56.7 105.5  99.8   48.7  -19.5  -46.6               
  231  231 A M        +     0   0  165      0, 0.0     0, 0.0     0, 0.0     0, 0.0   0.983  38.4  16.9  82.1 114.7   48.5  -23.0  -47.3               
  232  232 A R        -     0   0  236      0, 0.0     0, 0.0     0, 0.0     0, 0.0   0.949  26.0-123.7  63.5 108.9   47.6  -26.7  -47.4               
  233  233 A R        +     0   0  251      2,-0.0     0, 0.0     0, 0.0     0, 0.0   0.485  23.1 138.4  81.9 116.3   45.6  -29.5  -46.9               
  234  234 A G        -     0   0   69      0, 0.0     2,-0.1     0, 0.0     0, 0.0   0.491  15.5-163.3 115.0 116.2   45.1  -33.0  -45.4               
  235  235 A A        +     0   0   93      0, 0.0     2,-0.1     0, 0.0    -2,-0.0  -0.139  12.3 152.4  98.4  97.6   42.9  -35.2  -43.7               
  236  236 A Y        +     0   0  238      1,-0.2     0, 0.0    -2,-0.1     0, 0.0  -0.363  25.9  54.8 176.6 138.5   42.5  -38.4  -41.7               
  237  237 A G        -     0   0   84     -2,-0.1    -1,-0.2     0, 0.0     2,-0.1   0.845  24.3-177.6  88.7 123.4   40.4  -40.4  -39.1               
  238  238 A G        +     0   0   83      0, 0.0     2,-0.1     0, 0.0     0, 0.0   0.205   3.5 176.5 116.3 117.9   37.5  -41.7  -38.0               
  239  239 A G        -     0   0   69     -2,-0.1     2,-0.2     0, 0.0     0, 0.0  -0.506  12.2-179.0 159.3 141.0   35.6  -43.7  -35.2               
  240  240 A Y        +     0   0  225     -2,-0.1     0, 0.0     2,-0.0     0, 0.0  -0.798   7.7 144.7-143.5 158.2   32.1  -44.9  -34.3               
  241  241 A G        +     0   0   85     -2,-0.2     2,-0.1     0, 0.0     0, 0.0   0.363   8.4 173.4 113.4 135.6   29.4  -46.7  -32.0               
  242  242 A G        +     0   0   64      2,-0.0    -2,-0.0     0, 0.0     0, 0.0   0.278   9.0 106.3 136.4 125.7   26.4  -47.1  -30.7               
  243  243 A Y        -     0   0  218     -2,-0.1     0, 0.0     0, 0.0     0, 0.0   0.887  25.2-115.9  72.0 115.8   23.4  -48.5  -28.7               
  244  244 A D        -     0   0  141      0, 0.0     2,-0.1     0, 0.0    -2,-0.0   0.483   7.3-167.8  81.6 116.1   21.0  -48.8  -26.0               
  245  245 A D        -     0   0  152      2,-0.0     0, 0.0     0, 0.0     0, 0.0  -0.259  21.3-141.9 177.5 106.7   19.4  -50.7  -23.0               
  246  246 A Y        +     0   0  227     -2,-0.1     0, 0.0     0, 0.0     0, 0.0   0.660  21.9 155.8  85.1 127.0   16.5  -50.3  -21.0               
  247  247 A G        +     0   0   76      0, 0.0    -2,-0.0     0, 0.0     0, 0.0   0.597  19.9 125.7 107.2 124.7   14.4  -50.4  -17.7               
  248  248 A G        -     0   0   58      0, 0.0     0, 0.0     0, 0.0     0, 0.0   0.776  22.2-141.5 166.4 160.9   11.8  -49.3  -16.2               
  249  249 A Y        +     0   0  227      0, 0.0     0, 0.0     0, 0.0     0, 0.0   0.802  24.7  23.5  72.9 138.9    8.6  -48.7  -14.3               
  250  250 A N        -     0   0  121      0, 0.0     0, 0.0     0, 0.0     0, 0.0   0.749  26.6 -98.0-176.3 135.1    5.8  -47.2  -13.4               
  251  251 A D        -     0   0  123      0, 0.0     0, 0.0     0, 0.0     0, 0.0   0.729  13.2-167.4  33.6 138.3    2.5  -45.2  -13.3               
  252  252 A G        -     0   0   49      0, 0.0     0, 0.0     0, 0.0     0, 0.0   0.840  23.3-167.0 168.7-179.5    0.4  -42.9  -12.8               
  253  253 A Y        +     0   0  217      1,-0.1     2,-0.0     0, 0.0     0, 0.0   0.992  27.0 139.7  67.0 100.7   -2.6  -40.5  -12.3               
  254  254 A G        -     0   0   77      0, 0.0    -1,-0.1     0, 0.0     0, 0.0  -0.403  38.2-152.5-159.4  76.7   -2.9  -36.7  -12.0               
  255  255 A F        -     0   0  216      1,-0.1     0, 0.0     2,-0.0     0, 0.0  -0.261  17.5 -66.0 -38.3 134.8   -5.9  -35.2  -13.9               
  256  256 A G        +     0   0   63      1,-0.0    -1,-0.1     0, 0.0     0, 0.0   0.429  53.6   5.2 109.1  92.3   -6.7  -32.4  -15.3               
  257  257 A S        +     0   0  101      1,-0.1     2,-0.1     2,-0.0    -2,-0.0   0.945  23.8 145.9  65.3 101.5   -7.5  -28.7  -15.6               
  258  258 A D        +     0   0  164      0, 0.0     2,-1.3     0, 0.0    -1,-0.1  -0.573  18.1 171.5-144.4  90.6   -7.7  -25.6  -13.7               
  259  259 A R        +     0   0  229     -2,-0.1     2,-0.2     2,-0.0    -2,-0.0  -0.702  35.6 118.8 -80.1  79.3   -6.7  -22.8  -16.0               
  260  260 A F        -     0   0  205     -2,-1.3    -1,-0.0     2,-0.0     0, 0.0  -0.695  58.3 -54.4-154.0 111.2   -7.6  -19.7  -13.8               
  261  261 A G        +     0   0   68     -2,-0.2     2,-0.2     1,-0.1    -2,-0.0   0.844  48.1 135.2  66.1  90.2   -5.6  -16.9  -12.4               
  262  262 A R        -     0   0  246      2,-0.0     2,-0.2     0, 0.0    -1,-0.1  -0.594  50.2-130.8-150.2 111.1   -2.7  -16.0  -10.3               
  263  263 A D        -     0   0  156     -2,-0.2     2,-1.2     1,-0.1     0, 0.0  -0.262   7.2-149.2 -60.2 117.9   -0.7  -13.2  -12.0               
  264  264 A L        +     0   0  182     -2,-0.2     2,-0.1     1,-0.0    -1,-0.1  -0.774  51.9 127.6 -71.0  91.5    3.0  -13.3  -12.5               
  265  265 A N        +     0   0  124     -2,-1.2    -2,-0.1     1,-0.1    -1,-0.0  -0.547  33.7  72.3-155.9  97.0    3.7   -9.6  -12.2               
  266  266 A Y        +     0   0  218     -2,-0.1     2,-0.3     1,-0.1    -1,-0.1   0.127  59.9 105.5-178.3  70.8    6.3   -8.0   -9.9               
  267  267 A C        +     0   0   82      1,-0.1    -1,-0.1    -3,-0.1    -3,-0.0  -0.892  62.0  37.0-137.9 125.8    9.8   -8.6  -11.1               
  268  268 A F        +     0   0  132     -2,-0.3    -1,-0.1   -67,-0.0     2,-0.0   0.918  64.1  91.6  96.9  77.1   12.0   -5.9  -12.8               
  269  269 A S        +     0   0  120     -3,-0.1    -2,-0.0   -71,-0.1   -70,-0.0   0.042  63.2  31.0 169.2 126.0   12.5   -2.3  -12.2               
  270  270 A G        +     0   0   51     -2,-0.0     2,-0.2     0, 0.0     0, 0.0   0.760  24.6 173.6-165.5 135.8   14.6   -0.8  -10.3               
  271  271 A M        +     0   0  153      3,-0.1     2,-0.2     0, 0.0     0, 0.0  -0.191  17.7 150.9  51.0  67.0   17.5   -0.6   -8.7               
  272  272 A S  S    S-     0   0  108     -2,-0.2     0, 0.0     0, 0.0     0, 0.0  -0.678  83.7 -31.4-135.1 106.1   18.6    2.3   -6.8               
  273  273 A D        +     0   0  104     -2,-0.2     2,-1.5     1,-0.2     0, 0.0   0.831  58.8 171.0  67.1  57.4   21.0    0.9   -4.1               
  274  274 A H        +     0   0  167      2,-0.0     2,-0.6     0, 0.0    -1,-0.2  -0.573  11.7 177.6 -82.7  72.9   20.2   -2.6   -2.9               
  275  275 A R        -     0   0  180     -2,-1.5     0, 0.0     1,-0.1     0, 0.0  -0.756  57.9 -75.0 -57.5 118.7   23.3   -3.0   -0.9               
  276  276 A Y  S    S+     0   0  216     -2,-0.6     2,-0.2     2,-0.0    -1,-0.1   0.092  87.6 113.5 -13.5 111.7   22.6   -6.4    0.6               
  277  277 A G        +     0   0   54     -3,-0.1    85,-0.0    85,-0.0    84,-0.0  -0.622  37.8  48.2 169.3 138.7   20.0   -6.3    3.4               
  278  278 A D        +     0   0  135      1,-0.3     2,-0.8    -2,-0.2    -1,-0.0   0.910  33.7 166.5  88.2  59.9   16.4   -7.4    4.4               
  279  279 A G        -     0   0   33      1,-0.1    -1,-0.3     0, 0.0     0, 0.0  -0.936  63.7 -70.1 -77.8 107.8   15.3  -10.8    3.9               
  280  280 A G        +     0   0   59     -2,-0.8     2,-0.3     2,-0.0    -1,-0.1   0.305  65.1 148.5  26.1  85.2   12.1  -11.0    5.9               
  281  281 A S        -     0   0   35      2,-0.1     2,-0.9    39,-0.0    -1,-0.0  -0.998  44.5-136.6-129.6 144.6   11.9  -11.0    9.6               
  282  282 A S        +     0   0  115     -2,-0.3     2,-0.8     2,-0.1    -2,-0.0  -0.123  62.2 137.1 -73.6  36.1    9.0   -9.5   11.6               
  283  283 A F        -     0   0   31     -2,-0.9     2,-1.2    35,-0.1    -2,-0.1  -0.786  42.6-162.6-100.7 101.4   11.6   -8.0   13.9               
  284  284 A Q        -     0   0  173     -2,-0.8     2,-0.5     2,-0.0    -2,-0.1  -0.714  19.7-143.5 -76.5  96.7   11.1   -4.4   14.9               
  285  285 A S        -     0   0   37     -2,-1.2     3,-0.1     1,-0.2     5,-0.1  -0.520  12.2-165.6 -59.9 113.5   14.6   -3.4   16.1               
  286  286 A T  S    S+     0   0  108     -2,-0.5    -1,-0.2     1,-0.2    50,-0.0   0.730  88.5  40.9 -74.2 -23.1   14.0   -1.0   19.1               
  287  287 A T  S    S-     0   0   39     48,-0.1    -1,-0.2     2,-0.1    51,-0.1   0.481 101.5-126.4-102.1  -9.0   17.6    0.2   19.1               
  288  288 A G  S    S+     0   0   41     -3,-0.1    76,-1.0     1,-0.1     2,-0.4   0.622  83.7 106.6  65.5  12.7   18.1    0.5   15.3               
  289  289 A H  E     +K  363   0F  36     46,-0.4    46,-3.2    74,-0.2     2,-0.3  -0.744  44.1 154.9-124.2  79.2   21.2   -1.7   15.8               
  290  290 A C  E     -KL 362 334F  19     72,-2.3    72,-2.3    -2,-0.4     2,-0.4  -0.777  29.3-157.7-105.3 152.5   20.4   -5.2   14.4               
  291  291 A V  E     -KL 361 333F   0     42,-2.5    42,-2.6    -2,-0.3     2,-0.5  -0.986  14.1-147.0-125.9 117.3   22.7   -8.0   13.0               
  292  292 A H  E     -KL 360 332F   9     68,-2.5    68,-2.9    -2,-0.4     2,-0.5  -0.749  14.6-155.9 -85.9 126.6   21.1  -10.5   10.7               
  293  293 A M  E     +KL 359 331F   0     38,-3.5    38,-2.3    -2,-0.5     2,-0.3  -0.910  13.3 179.8-105.5 129.8   22.6  -14.0   11.1               
  294  294 A R  E     +KL 358 330F  70     64,-2.9    64,-2.8    -2,-0.5    36,-0.2  -0.914  61.8  44.3-120.1 152.7   22.5  -16.7    8.4               
  295  295 A G        +     0   0   16     34,-1.1    57,-0.2    -2,-0.3    35,-0.2   0.551  68.0 160.5  92.8  13.5   24.0  -20.2    8.6               
  296  296 A L        -     0   0    4     33,-2.0    -1,-0.2    -3,-0.2    60,-0.1  -0.385  48.2-103.4 -66.2 133.5   22.8  -21.1   12.1               
  297  297 A P    >   -     0   0    3      0, 0.0     3,-2.7     0, 0.0    32,-0.1  -0.307  27.4-118.1 -51.0 141.5   22.8  -24.9   12.9               
  298  298 A Y  T 3  S+     0   0  162      1,-0.3    29,-0.2    30,-0.1    -2,-0.1   0.522 118.2  47.5 -62.3  -5.7   19.3  -26.4   12.8               
  299  299 A R  T 3  S+     0   0  224      2,-0.1    -1,-0.3     0, 0.0     2,-0.3   0.226  82.9 126.2-112.5   3.8   19.9  -27.3   16.6               
  300  300 A A    <   -     0   0   11     -3,-2.7     2,-0.2    52,-0.1    29,-0.1  -0.539  42.9-160.9 -70.3 130.6   21.2  -23.8   17.6               
  301  301 A T    >>  -     0   0   73     -2,-0.3     4,-1.6     1,-0.1     3,-0.8  -0.654  36.0-102.5-101.2 164.9   19.3  -22.2   20.5               
  302  302 A E  H 3> S+     0   0  100      1,-0.2     4,-2.5    -2,-0.2     5,-0.2   0.896 124.3  59.3 -53.1 -37.1   19.2  -18.6   21.6               
  303  303 A N  H 3> S+     0   0  104      1,-0.2     4,-2.2     2,-0.2    -1,-0.2   0.840 101.8  51.9 -63.1 -34.3   21.7  -19.6   24.4               
  304  304 A D  H <> S+     0   0   51     -3,-0.8     4,-2.1     2,-0.2    -1,-0.2   0.873 109.1  51.1 -68.7 -34.6   24.2  -20.8   21.7               
  305  305 A I  H  X S+     0   0    0     -4,-1.6     4,-2.0     2,-0.2    -2,-0.2   0.931 109.6  49.6 -68.2 -43.6   23.8  -17.3   20.0               
  306  306 A Y  H  X S+     0   0   87     -4,-2.5     4,-1.5     1,-0.2    -2,-0.2   0.938 113.0  47.0 -58.3 -46.1   24.5  -15.6   23.4               
  307  307 A N  H  < S+     0   0  104     -4,-2.2    -2,-0.2     1,-0.2    -1,-0.2   0.875 109.8  54.1 -63.8 -37.6   27.6  -17.8   23.8               
  308  308 A F  H  < S+     0   0   29     -4,-2.1    -1,-0.2     1,-0.2    -2,-0.2   0.879 111.1  44.8 -65.2 -37.1   28.7  -17.0   20.2               
  309  309 A F  H >< S+     0   0    0     -4,-2.0     3,-2.6    -5,-0.1    -2,-0.2   0.743  91.7 161.7 -83.5 -15.6   28.5  -13.2   20.8               
  310  310 A S  T 3<  +     0   0   73     -4,-1.5     3,-0.1     1,-0.4    -3,-0.0  -0.066  64.4  28.4 -45.7 123.6   30.3  -13.4   24.3               
  311  311 A P  T 3  S+     0   0  114      0, 0.0    -1,-0.4     0, 0.0     2,-0.2  -0.955 112.2  83.1 -90.1   6.9   31.6  -10.9   25.6               
  312  312 A L  S <  S-     0   0   23     -3,-2.6    -3,-0.1    -6,-0.1    23,-0.0  -0.521  71.3-140.9 -74.2 142.0   28.9   -8.9   23.7               
  313  313 A N        -     0   0  135     -2,-0.2    23,-0.5    -3,-0.1     2,-0.2  -0.829  12.3-156.2-105.9  91.7   25.4   -8.6   25.3               
  314  314 A P        -     0   0    9      0, 0.0    21,-0.2     0, 0.0     3,-0.1  -0.500   6.8-149.6 -65.3 133.9   22.7   -8.9   22.6               
  315  315 A M  S    S+     0   0  115     19,-2.2     2,-0.3     1,-0.3    20,-0.2   0.853  77.9   6.7 -71.8 -39.0   19.5   -7.2   23.8               
  316  316 A R  E     -M  334   0F 123     18,-1.2    18,-3.1     2,-0.0     2,-0.4  -0.989  60.7-161.6-150.1 138.2   17.1   -9.4   21.9               
  317  317 A V  E     -M  333   0F  12     -2,-0.3     2,-0.4    16,-0.2    16,-0.2  -0.977   7.7-174.0-119.6 133.5   17.6  -12.6   19.7               
  318  318 A H  E     -M  332   0F  67     14,-2.8    14,-2.8    -2,-0.4     2,-0.5  -0.951   9.2-157.4-130.5 110.7   14.9  -13.7   17.2               
  319  319 A I  E     -M  331   0F  27     -2,-0.4     2,-0.4    12,-0.3    12,-0.3  -0.778  22.2-125.6 -86.5 127.1   15.3  -17.0   15.4               
  320  320 A E  E     -     0   0F  24     10,-2.2     8,-2.1    -2,-0.5     2,-0.5  -0.564  23.9-164.1 -74.8 126.2   13.4  -17.2   12.1               
  321  321 A I  E     -M  327   0F 110     -2,-0.4     6,-0.2     6,-0.2     4,-0.0  -0.961  17.1-128.7-113.6 122.8   11.1  -20.3   12.0               
  322  322 A G    >   -     0   0   11      4,-3.1     3,-2.4    -2,-0.5     4,-0.0  -0.135  31.7 -98.5 -62.4 164.2    9.7  -21.3    8.6               
  323  323 A P  T 3  S+     0   0  150      0, 0.0    -1,-0.1     0, 0.0    -2,-0.0   0.628 125.4  61.1 -63.4 -12.6    5.9  -21.9    8.0               
  324  324 A D  T 3  S-     0   0  105      2,-0.2     3,-0.1     0, 0.0    -2,-0.1   0.292 121.1-108.3 -89.4   3.2    6.7  -25.6    8.4               
  325  325 A G  S <  S+     0   0   57     -3,-2.4     2,-0.4     1,-0.3    -4,-0.0   0.545  79.3 131.9  74.5   8.1    7.9  -25.1   12.0               
  326  326 A R        -     0   0  183      1,-0.0    -4,-3.1     2,-0.0    -1,-0.3  -0.769  67.2-112.2 -88.9 137.2   11.6  -25.7   10.9               
  327  327 A V  E     - M   0 321F  40     -2,-0.4    -6,-0.2    -6,-0.2    -1,-0.0  -0.509  22.3-149.1 -61.4 124.4   14.3  -23.2   11.9               
  328  328 A T  E     -     0   0F  59     -8,-2.1   -33,-0.2    -2,-0.3    -1,-0.2   0.663  37.9-111.7 -73.0 -13.2   15.4  -21.6    8.6               
  329  329 A G  E    S+     0   0F   2     -9,-0.5   -33,-2.0     1,-0.4   -34,-1.1   0.599  86.4 112.8  81.4  16.4   19.0  -21.2    9.9               
  330  330 A E  E     +L  294   0F  43    -10,-0.4   -10,-2.2   -36,-0.2    -1,-0.4  -0.880  38.5 167.4-115.4 142.8   18.4  -17.4   10.0               
  331  331 A A  E     -LM 293 319F   0    -38,-2.3   -38,-3.5    -2,-0.3     2,-0.4  -0.950  26.6-135.7-153.2 147.5   18.2  -15.2   13.1               
  332  332 A D  E     -LM 292 318F   9    -14,-2.8   -14,-2.8    -2,-0.3     2,-0.5  -0.848  16.4-163.9-104.3 137.1   18.2  -11.4   14.0               
  333  333 A V  E     -LM 291 317F   0    -42,-2.6   -42,-2.5    -2,-0.4     2,-0.4  -0.975   5.9-153.0-124.5 119.5   20.2  -10.1   16.9               
  334  334 A E  E     -LM 290 316F   1    -18,-3.1   -19,-2.2    -2,-0.5   -18,-1.2  -0.793  10.0-161.8 -94.3 132.2   19.6   -6.7   18.4               
  335  335 A F        -     0   0    0    -46,-3.2   -46,-0.4    -2,-0.4   -48,-0.1  -0.785  24.3-131.2-110.1 153.2   22.4   -4.8   20.1               
  336  336 A A  S    S+     0   0   47    -23,-0.5     2,-0.3    -2,-0.3    -1,-0.1   0.821  91.3  25.6 -69.6 -32.0   22.2   -1.8   22.5               
  337  337 A T  S  > S-     0   0   55    -48,-0.1     4,-1.8     1,-0.1     5,-0.1  -0.923  72.5-123.5-133.3 153.8   24.8    0.2   20.5               
  338  338 A H  H  > S+     0   0   52     -2,-0.3     4,-2.4     2,-0.2     5,-0.2   0.856 114.6  60.3 -59.7 -34.8   26.2    0.5   17.0               
  339  339 A E  H  > S+     0   0  157      2,-0.2     4,-2.7     1,-0.2    -1,-0.2   0.937 105.0  46.2 -61.2 -45.8   29.7   -0.2   18.6               
  340  340 A D  H  > S+     0   0   48      2,-0.2     4,-2.1     1,-0.2    -1,-0.2   0.888 111.8  52.1 -63.5 -39.1   28.5   -3.6   19.9               
  341  341 A A  H  X S+     0   0    0     -4,-1.8     4,-1.2     2,-0.2    -2,-0.2   0.890 111.9  45.6 -66.0 -38.2   26.9   -4.4   16.5               
  342  342 A V  H  X S+     0   0   68     -4,-2.4     4,-0.7     2,-0.2    -2,-0.2   0.906 111.3  52.4 -70.2 -40.2   30.3   -3.5   14.7               
  343  343 A A  H >< S+     0   0   43     -4,-2.7     3,-0.7     1,-0.2    -2,-0.2   0.869 105.3  56.5 -62.1 -34.2   32.2   -5.6   17.3               
  344  344 A A  H >< S+     0   0    0     -4,-2.1     3,-1.9     1,-0.2    -1,-0.2   0.876  97.4  62.7 -63.8 -35.5   29.8   -8.5   16.5               
  345  345 A M  H >< S+     0   0   55     -4,-1.2     3,-2.0     1,-0.3    -1,-0.2   0.734  85.0  74.0 -65.1 -21.3   30.8   -8.2   12.8               
  346  346 A A  T << S+     0   0   91     -3,-0.7    -1,-0.3    -4,-0.7    -2,-0.2   0.680  93.7  56.2 -63.2 -15.9   34.4   -9.2   13.8               
  347  347 A K  T X  S+     0   0   58     -3,-1.9     3,-1.9    -4,-0.2    -1,-0.3   0.227  77.0 136.8 -97.5   9.6   32.9  -12.7   14.3               
  348  348 A D  T <  S+     0   0   59     -3,-2.0    10,-0.2     1,-0.3    -3,-0.0  -0.341  74.5  13.9 -57.3 136.1   31.6  -12.9   10.6               
  349  349 A K  T 3  S+     0   0  117      8,-1.8    -1,-0.3     1,-0.2     9,-0.2   0.552  89.6 149.6  65.1  15.0   32.3  -16.3    9.1               
  350  350 A A    <   -     0   0   35     -3,-1.9     7,-2.3     7,-0.4     2,-0.7  -0.477  52.8-109.9 -69.0 144.6   33.1  -17.9   12.5               
  351  351 A N  E     -N  356   0G 119      5,-0.2     2,-0.9    -2,-0.2     5,-0.3  -0.682  24.1-165.4 -81.2 115.6   32.2  -21.6   12.7               
  352  352 A M  E >  S-N  355   0G  15      3,-2.1     3,-1.5    -2,-0.7     2,-0.5  -0.872  71.6 -55.8 -94.1 100.7   29.3  -22.4   15.0               
  353  353 A Q  T 3  S-     0   0  122     -2,-0.9    -2,-0.0     1,-0.2     0, 0.0  -0.518 122.2 -14.4  62.5-113.2   29.9  -26.2   15.2               
  354  354 A H  T 3  S+     0   0  153     -2,-0.5     2,-0.4     2,-0.1    -1,-0.2   0.204 125.7  75.0-104.9   8.6   30.0  -27.7   11.7               
  355  355 A R  E <  S-N  352   0G  61     -3,-1.5    -3,-2.1    -5,-0.0     2,-0.3  -0.972  76.0-128.2-123.0 139.4   28.5  -24.6    9.9               
  356  356 A Y  E     -N  351   0G 147     -2,-0.4     2,-0.5    -5,-0.3    -5,-0.2  -0.696  26.2-140.8 -77.9 136.6   30.0  -21.2    9.1               
  357  357 A V        -     0   0    0     -7,-2.3    -8,-1.8    -2,-0.3     2,-0.5  -0.912   8.2-151.9-103.8 126.9   27.8  -18.3   10.3               
  358  358 A E  E     -K  294   0F  60    -64,-2.8   -64,-2.9    -2,-0.5     2,-0.4  -0.867   9.1-157.0 -98.5 129.8   27.4  -15.2    8.1               
  359  359 A L  E     -K  293   0F   5     -2,-0.5     2,-0.5   -66,-0.2   -66,-0.2  -0.927   4.5-164.5-110.8 132.9   26.7  -11.9    9.9               
  360  360 A F  E     -K  292   0F  62    -68,-2.9   -68,-2.5    -2,-0.4     2,-0.8  -0.973  18.9-133.9-118.9 118.3   25.0   -9.0    8.2               
  361  361 A L  E     +K  291   0F  64     -2,-0.5     2,-0.4   -70,-0.2   -70,-0.2  -0.657  26.0 174.5 -76.3 112.6   25.3   -5.6    9.9               
  362  362 A N  E     +K  290   0F  51    -72,-2.3   -72,-2.3    -2,-0.8     2,-0.3  -0.585  42.6 115.0-109.9  61.2   21.9   -3.8    9.9               
  363  363 A S  E     -K  289   0F  19     -2,-0.4     2,-0.5   -74,-0.3   -74,-0.2  -0.998  53.7-145.9-134.2 140.0   23.0   -0.8   12.0               
  364  364 A T        -     0   0  104    -76,-1.0     2,-1.7    -2,-0.3   -26,-0.1  -0.919   9.7-145.7-106.4 123.6   23.3    2.9   11.3               
  365  365 A A        +     0   0   78     -2,-0.5     2,-0.1   -27,-0.1   -76,-0.0  -0.593  67.6  89.9 -79.8  72.7   26.2    5.0   12.9               
  366  366 A G  S    S-     0   0   45     -2,-1.7    -2,-0.1     0, 0.0    -1,-0.0  -0.477  76.6 -65.0 177.9 110.1   24.1    8.2   13.2               
  367  367 A T        -     0   0  134      1,-0.2     2,-0.3    -2,-0.1    -2,-0.0   0.728  41.4-108.5  37.5 106.6   21.8   10.1   15.5               
  368  368 A S  S    S+     0   0  127      1,-0.1    -1,-0.2     2,-0.0     0, 0.0  -0.434  84.1  31.5 -41.6 114.5   18.3    9.4   16.8               
  369  369 A G  S    S+     0   0   71     -2,-0.3    -1,-0.1     0, 0.0    -2,-0.0   0.786  79.8   2.5 101.0 114.1   16.0   11.9   15.0               
  370  370 A G        -     0   0   68      0, 0.0    -3,-0.0     0, 0.0    -2,-0.0   0.968  58.3 -17.8  82.8 114.1   15.3   13.8   11.9               
  371  371 A A        +     0   0   86      0, 0.0     0, 0.0     0, 0.0     0, 0.0   0.716  47.1  70.7  74.0 148.6   16.1   14.8    8.4               
  372  372 A Y        -     0   0  205      2,-0.0     0, 0.0     0, 0.0     0, 0.0   0.926  46.9 -49.5  63.9 113.4   18.5   15.1    5.4               
  373  373 A D        -     0   0  136      1,-0.1     2,-0.3     0, 0.0     0, 0.0   0.855  10.7-152.4  98.8 109.1   20.4   13.8    2.8               
  374  374 A H        +     0   0  190      2,-0.0     2,-0.4     0, 0.0    -1,-0.1  -0.747  15.2 178.8-130.6  89.4   22.9   11.3    1.4               
  375  375 A S        -     0   0   90     -2,-0.3     2,-0.2     1,-0.1     0, 0.0  -0.747  42.1-107.6 -70.6 128.8   25.0   12.4   -1.6               
  376  376 A Y        -     0   0  144     -2,-0.4     2,-0.5     1,-0.0    -1,-0.1  -0.438  33.6-173.0 -62.2 124.1   27.4    9.5   -2.5               
  377  377 A V        -     0   0  121     -2,-0.2     2,-0.5     2,-0.0    -1,-0.0  -0.966  17.3-145.6-117.0 108.0   31.1   10.0   -1.6               
  378  378 A E        -     0   0  139     -2,-0.5     2,-0.6     1,-0.0    -2,-0.0  -0.629  12.7-168.5 -64.4 122.2   33.2    7.2   -3.0               
  379  379 A L        -     0   0  157     -2,-0.5     2,-0.4     2,-0.0    -2,-0.0  -0.923  11.9-149.6-112.7 104.3   36.2    6.3   -0.8               
  380  380 A F        -     0   0  171     -2,-0.6     2,-0.6     1,-0.1    -2,-0.0  -0.573   8.5-166.5 -55.2 117.8   38.5    4.0   -2.6               
  381  381 A L        +     0   0  169     -2,-0.4     2,-0.7     2,-0.0    -1,-0.1  -0.812  14.8 171.1-108.1  85.4   40.3    1.7   -0.0               
  382  382 A N        -     0   0  151     -2,-0.6     2,-0.3     2,-0.1    -2,-0.0  -0.890  34.4-126.5 -83.2 113.6   43.0    0.3   -2.2               
  383  383 A S        +     0   0  103     -2,-0.7    -2,-0.0     1,-0.0     2,-0.0  -0.526  52.7 129.2 -53.8 122.1   45.2   -1.6    0.3               
  384  384 A T        -     0   0  132     -2,-0.3    -2,-0.1     0, 0.0    -1,-0.0  -0.161  45.6-110.0-174.5 109.4   48.9   -0.8    0.4               
  385  385 A A        +     0   0   98     -2,-0.0    -2,-0.0     0, 0.0     0, 0.0   0.597  41.2  88.4  31.8 124.9   51.1    0.2    3.2               
  386  386 A G        -     0   0   73      0, 0.0     0, 0.0     0, 0.0     0, 0.0   0.921  35.7 -65.2 114.8 103.9   53.0    2.8    4.8               
  387  387 A A        -     0   0   93      0, 0.0     0, 0.0     0, 0.0     0, 0.0   0.959  33.5 -17.3  71.1 113.0   53.9    5.6    6.9               
  388  388 A S        -     0   0  118      0, 0.0     0, 0.0     0, 0.0     0, 0.0   0.893  30.6 -50.7  65.5 108.4   53.9    9.1    8.2               
  389  389 A G        +     0   0   83      0, 0.0     0, 0.0     0, 0.0     0, 0.0   0.993  24.2  75.6  98.3 118.6   53.5   12.5    8.4               
  390  390 A G        -     0   0   72      0, 0.0     0, 0.0     0, 0.0     0, 0.0   0.995  23.4-119.4  89.8  99.1   53.3   16.2    8.2               
  391  391 A A        +     0   0   84      0, 0.0     0, 0.0     0, 0.0     0, 0.0   0.802  36.9  72.6  44.4 148.8   52.2   19.4    7.1               
  392  392 A Y        +     0   0  225      0, 0.0     0, 0.0     0, 0.0     0, 0.0   0.939  31.9  31.3  74.5 125.7   53.2   22.7    5.4               
  393  393 A G        -     0   0   62      0, 0.0     0, 0.0     0, 0.0     0, 0.0   0.992  30.4 -18.5 104.4 113.7   54.1   25.0    2.9               
  394  394 A S        -     0   0   87      0, 0.0     0, 0.0     0, 0.0     0, 0.0   0.950  30.2 -81.7  68.4 108.0   54.6   27.0   -0.2               
  395  395 A Q        +     0   0  168      0, 0.0     0, 0.0     0, 0.0     0, 0.0   0.855  24.0 146.0  76.6 157.5   54.7   27.8   -3.6               
  396  396 A M        -     0   0  160      0, 0.0     0, 0.0     0, 0.0     0, 0.0   0.985  25.3 -86.1  85.2  90.1   56.2   27.8   -7.1               
  397  397 A M        +     0   0  198      2,-0.1     0, 0.0     0, 0.0     0, 0.0   0.952  40.3 109.5 109.2 129.7   55.6   27.7  -10.5               
  398  398 A G        +     0   0   77      1,-0.2     2,-0.6     0, 0.0     0, 0.0   0.786  34.2 125.2 129.3  42.2   55.0   27.1  -14.1               
  399  399 A G        +     0   0   80      2,-0.0     2,-0.3     0, 0.0    -1,-0.2  -0.964  31.6 155.3 -99.3 118.1   51.9   27.7  -16.3               
  400  400 A M        +     0   0  188     -2,-0.6     2,-0.1     2,-0.0     0, 0.0  -0.916  14.6 178.1-143.1 118.7   52.8   29.8  -19.3               
  401  401 A G        +     0   0   62     -2,-0.3    -2,-0.0     0, 0.0     2,-0.0  -0.281  16.8 138.6 -86.0-166.5   51.0   30.0  -22.7               
  402  402 A L        -     0   0  168     -2,-0.1    -2,-0.0     0, 0.0     0, 0.0   0.404  22.7-179.3  87.1 137.4   51.9   32.3  -25.7               
  403  403 A S        +     0   0   96     -2,-0.0     0, 0.0     0, 0.0     0, 0.0   0.618  22.7 131.9 177.4 152.5   52.1   32.2  -28.9               
  404  404 A N        +     0   0  135      0, 0.0     0, 0.0     0, 0.0     0, 0.0   0.879  21.4  70.1  87.6 133.3   52.5   32.5  -32.7               
  405  405 A Q        +     0   0  162      0, 0.0     0, 0.0     0, 0.0     0, 0.0   0.767  26.5  67.5  73.3 136.1   53.5   31.7  -36.3               
  406  406 A S        -     0   0  108      0, 0.0     0, 0.0     0, 0.0     0, 0.0   0.856  17.9-174.0-173.4 133.6   53.7   30.2  -39.3               
  407  407 A S        +     0   0  102      0, 0.0     0, 0.0     0, 0.0     0, 0.0   0.882   9.3 153.5  75.7 146.9   52.4   29.3  -42.5               
  408  408 A Y        -     0   0  232      0, 0.0     0, 0.0     0, 0.0     0, 0.0   0.653  28.9-103.1  85.3 125.3   52.7   27.3  -45.9               
  409  409 A G        -     0   0   74      1,-0.2     0, 0.0     0, 0.0     0, 0.0   0.668  11.7-129.7 157.6 136.0   50.8   26.0  -48.2               
  410  410 A G        -     0   0   75      2,-0.0    -1,-0.2     0, 0.0     2,-0.1  -0.017   8.3-166.3 -70.8-173.2   48.7   23.9  -50.7               
  411  411 A P        -     0   0  140      0, 0.0     2,-0.1     0, 0.0     0, 0.0  -0.251   6.0-156.3-153.9-170.5   47.9   23.1  -53.8               
  412  412 A A        +     0   0   90     -2,-0.1    -2,-0.0     0, 0.0     0, 0.0  -0.290  19.9 101.9 -81.7 167.2   45.3   21.2  -56.0               
  413  413 A S        +     0   0   93     -2,-0.1     0, 0.0     1,-0.0     0, 0.0   0.492  17.8  61.0 126.4 143.3   44.4   19.4  -59.1               
  414  414 A Q        -     0   0  155      0, 0.0    -1,-0.0     0, 0.0     0, 0.0   0.720  27.3-124.5  79.1 140.8   43.7   16.8  -61.8               
  415  415 A Q        +     0   0  147      0, 0.0     0, 0.0     0, 0.0     0, 0.0   0.826  18.8 127.1 178.3 163.0   42.1   14.3  -63.2               
  416  416 A L        +     0   0  156      0, 0.0     0, 0.0     0, 0.0     0, 0.0   0.697  21.3  32.2  74.8 142.0   40.5   11.1  -64.9               
  417  417 A S        -     0   0  110      0, 0.0     0, 0.0     0, 0.0     0, 0.0   0.750  27.4  -4.9-178.2 145.2   38.5    8.6  -65.4               
  418  418 A G        +     0   0   69      0, 0.0     0, 0.0     0, 0.0     0, 0.0   0.799  19.8 143.0  78.7 135.7   35.8    5.9  -65.8               
  419  419 A G        -     0   0   49      0, 0.0     0, 0.0     0, 0.0     0, 0.0   0.834  14.6-150.8 171.9 172.8   33.0    4.4  -65.5               
  420  420 A Y        +     0   0  225      0, 0.0     0, 0.0     0, 0.0     0, 0.0   0.921  25.5  77.1  57.0 129.4   29.7    2.4  -66.0               
  421  421 A G        -     0   0   77      0, 0.0     0, 0.0     0, 0.0     0, 0.0   0.862  27.8 -49.0-168.5 151.1   26.5    1.8  -65.4               
  422  422 A G        +     0   0   88      0, 0.0     0, 0.0     0, 0.0     0, 0.0   0.972  19.4  16.6  94.9 134.0   22.9    1.9  -65.4               
  423  423 A G        -     0   0   52      0, 0.0     0, 0.0     0, 0.0     0, 0.0   0.591   6.6-172.8 168.7 132.8   19.7    2.5  -65.3               
  424  424 A Y        +     0   0  233      1,-0.0     0, 0.0     2,-0.0     0, 0.0   0.848  11.6 158.3  43.4 140.8   16.0    3.6  -65.2               
  425  425 A G        +     0   0   80      1,-0.0     2,-0.4     0, 0.0    -1,-0.0   0.380  23.1 133.0 162.6  64.9   12.4    2.6  -64.6               
  426  426 A G        +     0   0   69      2,-0.0    -2,-0.0     1,-0.0    -1,-0.0  -0.897  28.8 108.0 -95.0 145.3    9.6    4.9  -63.8               
  427  427 A Q        -     0   0  189     -2,-0.4    -1,-0.0     0, 0.0     0, 0.0   0.246  36.0 -59.2 152.3 131.5    6.1    5.1  -65.3               
  428  428 A S        -     0   0  100     -2,-0.0    -2,-0.0     0, 0.0     0, 0.0   0.955  25.7  -5.9  68.8 123.1    2.4    4.6  -65.3               
  429  429 A S        +     0   0   99      0, 0.0     0, 0.0     0, 0.0     0, 0.0   0.950  18.2  84.0  97.3 131.7   -0.9    3.3  -65.3               
  430  430 A M        -     0   0  176      2,-0.0     0, 0.0     0, 0.0     0, 0.0   0.980  30.1 -86.2  92.5 109.4   -4.2    1.6  -65.2               
  431  431 A S        -     0   0  119      1,-0.1     2,-0.2     0, 0.0     0, 0.0   0.751   9.2-164.8  46.6 122.6   -7.2   -0.1  -63.7               
  432  432 A G        -     0   0   65      0, 0.0    -1,-0.1     0, 0.0    -2,-0.0  -0.735  34.8-106.9-152.9 105.0   -8.7   -3.3  -62.5               
  433  433 A Y        -     0   0  218     -2,-0.2     0, 0.0     1,-0.0     0, 0.0   0.595  26.8 -47.7  28.1 147.9  -12.3   -3.9  -61.8               
  434  434 A D        +     0   0  123      0, 0.0     2,-0.0     0, 0.0    -1,-0.0   0.744  15.9 161.2 168.6 132.3  -15.2   -4.4  -60.2               
  435  435 A Q        -     0   0  195      0, 0.0     2,-0.1     0, 0.0     0, 0.0  -0.032  16.3-173.6 174.5 123.8  -18.2   -5.3  -58.0               
  436  436 A V        +     0   0  124     -2,-0.0     2,-0.1     0, 0.0     0, 0.0  -0.423  16.0 151.0 -80.5 156.5  -21.6   -3.7  -57.2               
  437  437 A L        +     0   0  151     -2,-0.1     0, 0.0     0, 0.0     0, 0.0   0.153  30.3  25.3 139.1 126.8  -24.3   -4.7  -54.6               
  438  438 A Q        +     0   0  168      1,-0.1     2,-0.2    -2,-0.1     0, 0.0   0.711  24.5 166.8-165.3 136.4  -26.7   -3.6  -52.7               
  439  439 A E        -     0   0  182      2,-0.0     2,-0.1     0, 0.0    -1,-0.1  -0.635  14.7-179.3 -79.2 148.2  -29.3   -0.8  -52.2               
  440  440 A N        -     0   0  151     -2,-0.2     0, 0.0     0, 0.0     0, 0.0  -0.534  20.2-129.1-164.5  98.8  -32.3   -1.0  -49.7               
  441  441 A S        -     0   0  103     -2,-0.1    -2,-0.0     1,-0.1     0, 0.0   0.220  14.7 -80.0  65.7  93.6  -34.7    1.5  -49.2               
  442  442 A S        +     0   0   93      0, 0.0    -1,-0.1     0, 0.0     0, 0.0   0.594  46.7  65.9  35.6 138.3  -36.6    3.6  -46.9               
  443  443 A D        +     0   0  142      1,-0.0     0, 0.0     0, 0.0     0, 0.0   0.470  13.8 123.0  93.1 156.5  -39.5    3.9  -44.5               
  444  444 A Y        -     0   0  214      0, 0.0     2,-0.1     0, 0.0    -1,-0.0   0.803  29.8-164.7  90.6  91.6  -41.6    3.2  -41.3               
  445  445 A Q        -     0   0  171      1,-0.0     0, 0.0     0, 0.0     0, 0.0  -0.094  26.2 -27.1  68.6  99.5  -42.7    5.5  -39.2               
  446  446 A S        +     0   0   88     -2,-0.1    -1,-0.0     0, 0.0     0, 0.0   0.898  42.9 122.5  52.3 148.8  -44.2    5.7  -35.7               
  447  447 A N        -     0   0  131      0, 0.0     0, 0.0     0, 0.0     0, 0.0   0.722  28.5-118.3  93.7 105.8  -46.2    4.1  -32.8               
  448  448 A L              0   0  161      0, 0.0     0, 0.0     0, 0.0     0, 0.0   0.826 360.0 360.0  89.5 135.6  -46.4    3.1  -29.5               
  449  449 A A              0   0  177      0, 0.0     0, 0.0     0, 0.0     0, 0.0   0.715 360.0 360.0  79.0 360.0  -46.8    0.6  -26.7               
