==== Secondary Structure Definition by the program DSSP, CMBI version 2.0                          ==== DATE=2026-03-08        .
REFERENCE W. KABSCH AND C.SANDER, BIOPOLYMERS 22 (1983) 2577-2637                                                              .
HEADER                                            01-AUG-25                                                                    .
COMPND    MOL_ID: 1; MOLECULE: SPLICING REGULATOR RBM11; CHAIN: A                                                              .
SOURCE    MOL_ID: 1; ORGANISM_SCIENTIFIC: HOMO SAPIENS; ORGANISM_TAXID: 9606                                                   .
AUTHOR                                                                                                                         .
  281  1  0  0  0 TOTAL NUMBER OF RESIDUES, NUMBER OF CHAINS, NUMBER OF SS-BRIDGES(TOTAL,INTRACHAIN,INTERCHAIN)                .
 33140.8   ACCESSIBLE SURFACE OF PROTEIN (ANGSTROM**2)                                                                         .
  111 39.5   TOTAL NUMBER OF HYDROGEN BONDS OF TYPE O(I)-->H-N(J)  , SAME NUMBER PER 100 RESIDUES                              .
    0  0.0   TOTAL NUMBER OF HYDROGEN BONDS IN     PARALLEL BRIDGES, SAME NUMBER PER 100 RESIDUES                              .
   23  8.2   TOTAL NUMBER OF HYDROGEN BONDS IN ANTIPARALLEL BRIDGES, SAME NUMBER PER 100 RESIDUES                              .
    0  0.0   TOTAL NUMBER OF HYDROGEN BONDS OF TYPE O(I)-->H-N(I-5), SAME NUMBER PER 100 RESIDUES                              .
    1  0.4   TOTAL NUMBER OF HYDROGEN BONDS OF TYPE O(I)-->H-N(I-4), SAME NUMBER PER 100 RESIDUES                              .
    1  0.4   TOTAL NUMBER OF HYDROGEN BONDS OF TYPE O(I)-->H-N(I-3), SAME NUMBER PER 100 RESIDUES                              .
    0  0.0   TOTAL NUMBER OF HYDROGEN BONDS OF TYPE O(I)-->H-N(I-2), SAME NUMBER PER 100 RESIDUES                              .
    0  0.0   TOTAL NUMBER OF HYDROGEN BONDS OF TYPE O(I)-->H-N(I-1), SAME NUMBER PER 100 RESIDUES                              .
    0  0.0   TOTAL NUMBER OF HYDROGEN BONDS OF TYPE O(I)-->H-N(I+0), SAME NUMBER PER 100 RESIDUES                              .
    0  0.0   TOTAL NUMBER OF HYDROGEN BONDS OF TYPE O(I)-->H-N(I+1), SAME NUMBER PER 100 RESIDUES                              .
   32 11.4   TOTAL NUMBER OF HYDROGEN BONDS OF TYPE O(I)-->H-N(I+2), SAME NUMBER PER 100 RESIDUES                              .
   23  8.2   TOTAL NUMBER OF HYDROGEN BONDS OF TYPE O(I)-->H-N(I+3), SAME NUMBER PER 100 RESIDUES                              .
   32 11.4   TOTAL NUMBER OF HYDROGEN BONDS OF TYPE O(I)-->H-N(I+4), SAME NUMBER PER 100 RESIDUES                              .
    0  0.0   TOTAL NUMBER OF HYDROGEN BONDS OF TYPE O(I)-->H-N(I+5), SAME NUMBER PER 100 RESIDUES                              .
  1  2  3  4  5  6  7  8  9 10 11 12 13 14 15 16 17 18 19 20 21 22 23 24 25 26 27 28 29 30     *** HISTOGRAMS OF ***           .
  0  0  0  0  0  1  0  0  1  1  0  1  0  0  0  0  0  0  0  0  0  0  0  0  0  0  0  0  0  0    RESIDUES PER ALPHA HELIX         .
  0  0  0  0  0  0  0  0  0  0  0  0  0  0  0  0  0  0  0  0  0  0  0  0  0  0  0  0  0  0    PARALLEL BRIDGES PER LADDER      .
  0  1  0  1  1  1  0  0  0  0  0  0  0  0  0  0  0  0  0  0  0  0  0  0  0  0  0  0  0  0    ANTIPARALLEL BRIDGES PER LADDER  .
  1  0  1  0  0  0  0  0  0  0  0  0  0  0  0  0  0  0  0  0  0  0  0  0  0  0  0  0  0  0    LADDERS PER SHEET                .
  #  RESIDUE AA STRUCTURE BP1 BP2  ACC     N-H-->O    O-->H-N    N-H-->O    O-->H-N    TCO  KAPPA ALPHA  PHI   PSI    X-CA   Y-CA   Z-CA            CHAIN
    1    1 A M              0   0  242      0, 0.0     3,-0.1     0, 0.0     0, 0.0   0.000 360.0 360.0 360.0 115.4    3.0   -8.7   16.1               
    2    2 A F        -     0   0  118      1,-0.1     2,-0.1     2,-0.1     5,-0.0  -0.576 360.0 -95.5 -77.1 148.3   -0.7   -8.4   15.2               
    3    3 A P    >>  -     0   0   82      0, 0.0     4,-1.6     0, 0.0     3,-0.8  -0.404  36.8-116.7 -58.6 140.3   -2.8  -11.5   14.5               
    4    4 A A  H 3> S+     0   0   85      1,-0.3     4,-1.8     2,-0.2     5,-0.1   0.780 113.9  57.3 -54.6 -29.9   -2.8  -12.3   10.7               
    5    5 A Q  H 3> S+     0   0  102      2,-0.2     4,-2.2     1,-0.2    -1,-0.3   0.904 104.1  50.0 -67.9 -42.0   -6.6  -11.7   10.6               
    6    6 A E  H <> S+     0   0   77     -3,-0.8     4,-0.8     2,-0.2    -2,-0.2   0.805 109.0  53.2 -71.2 -29.5   -6.4   -8.1   12.0               
    7    7 A E  H >< S+     0   0   77     -4,-1.6     3,-0.7     2,-0.2     4,-0.4   0.931 108.5  50.1 -65.8 -43.2   -3.7   -7.3    9.4               
    8    8 A A  H >< S+     0   0    9     -4,-1.8     3,-1.4     1,-0.2    77,-0.4   0.924 108.4  52.1 -60.2 -42.4   -6.1   -8.6    6.7               
    9    9 A D  H 3< S+     0   0   32     -4,-2.2    -1,-0.2     1,-0.3    -2,-0.2   0.668 112.7  46.2 -68.7 -18.9   -9.0   -6.4    8.1               
   10   10 A R  T << S+     0   0   11     -4,-0.8    47,-3.0    -3,-0.7     2,-0.4   0.338  99.9  88.9-100.2   1.1   -6.6   -3.3    8.0               
   11   11 A T  E <   -A   56   0A   2     -3,-1.4    74,-1.5    -4,-0.4     2,-0.3  -0.884  58.6-157.0-108.9 133.5   -5.3   -4.0    4.4               
   12   12 A V  E     -AB  55  84A   0     43,-2.8    43,-2.0    -2,-0.4     2,-0.5  -0.797  16.7-131.4 -97.0 144.6   -6.8   -2.8    1.1               
   13   13 A F  E     -AB  54  83A  34     70,-2.9    70,-2.6    -2,-0.3     2,-0.5  -0.850  20.8-162.2 -86.4 130.6   -6.2   -4.6   -2.2               
   14   14 A V  E     +AB  53  82A   0     39,-2.7    39,-2.5    -2,-0.5    68,-0.2  -0.974  15.7 175.9-119.6 115.3   -5.1   -2.1   -5.0               
   15   15 A G  E     +AB  52  81A   4     66,-3.1    66,-2.3    -2,-0.5    37,-0.2  -0.633  49.6  44.5-114.9 173.7   -5.5   -3.3   -8.6               
   16   16 A N  S    S+     0   0   58     35,-0.9     2,-0.2    64,-0.2    36,-0.2   0.770  72.2 170.0  59.4  32.6   -5.0   -2.0  -12.1               
   17   17 A L        -     0   0    7     34,-2.0     2,-0.2    -3,-0.2    -1,-0.2  -0.501  32.6-125.0 -71.6 137.5   -1.7   -0.3  -11.2               
   18   18 A E    >   -     0   0   50     -2,-0.2     3,-2.3    60,-0.2    -1,-0.1  -0.569  23.7-114.4 -76.9 148.0    0.4    1.1  -14.0               
   19   19 A A  T 3  S+     0   0   73      1,-0.3    -1,-0.1    -2,-0.2    -2,-0.0   0.677 115.7  59.9 -60.2 -19.5    4.1   -0.1  -14.2               
   20   20 A R  T 3  S+     0   0  151     56,-0.1     2,-0.4     2,-0.1    -1,-0.3   0.580  80.2 105.3 -81.5 -15.4    5.3    3.4  -13.4               
   21   21 A V    <   -     0   0    4     -3,-2.3     2,-0.2    54,-0.1    -4,-0.0  -0.586  54.1-169.5 -71.9 123.5    3.4    3.5  -10.0               
   22   22 A R     >  -     0   0  160     -2,-0.4     4,-1.6     1,-0.0     3,-0.2  -0.625  37.6-102.6-107.0 168.4    5.9    3.1   -7.1               
   23   23 A E  H  > S+     0   0   68      1,-0.2     4,-2.4    -2,-0.2     5,-0.1   0.838 119.8  58.6 -61.5 -32.1    5.3    2.4   -3.4               
   24   24 A E  H  > S+     0   0   99      2,-0.2     4,-2.6     1,-0.2    -1,-0.2   0.914 104.4  49.8 -65.4 -41.5    6.0    6.1   -2.6               
   25   25 A I  H  > S+     0   0   38     -3,-0.2     4,-2.2     1,-0.2    -1,-0.2   0.896 112.9  46.8 -65.6 -41.6    3.1    7.3   -4.9               
   26   26 A L  H  X S+     0   0    1     -4,-1.6     4,-2.6     2,-0.2    -1,-0.2   0.891 110.6  53.7 -66.3 -38.6    0.7    4.8   -3.3               
   27   27 A Y  H  X S+     0   0  101     -4,-2.4     4,-1.6     2,-0.2    -2,-0.2   0.963 111.7  44.0 -59.5 -50.9    1.9    5.9    0.2               
   28   28 A E  H  X S+     0   0  134     -4,-2.6     4,-0.5     1,-0.2    -2,-0.2   0.902 116.7  46.8 -61.3 -43.4    1.2    9.6   -0.6               
   29   29 A L  H >< S+     0   0   34     -4,-2.2     3,-1.0     1,-0.2    -1,-0.2   0.926 114.2  45.1 -65.5 -47.9   -2.2    8.9   -2.2               
   30   30 A F  H >X S+     0   0    0     -4,-2.6     3,-1.7     1,-0.2     4,-0.8   0.712  94.3  77.7 -77.2 -16.0   -3.5    6.5    0.5               
   31   31 A L  H 3< S+     0   0   54     -4,-1.6     3,-0.5     1,-0.3    -1,-0.2   0.814  84.2  66.9 -58.4 -28.6   -2.3    8.9    3.3               
   32   32 A Q  T << S+     0   0  131     -3,-1.0    -1,-0.3    -4,-0.5    -2,-0.2   0.718 102.2  46.5 -63.4 -23.8   -5.5   11.0    2.5               
   33   33 A A  T <4 S-     0   0    5     -3,-1.7    -1,-0.2     1,-0.3    -2,-0.2   0.645 128.6 -58.8 -93.1 -20.1   -7.6    8.0    3.8               
   34   34 A G  S  < S-     0   0    1     -4,-0.8    -1,-0.3    -3,-0.5     2,-0.2  -0.865  72.1 -42.1 157.9 171.8   -5.6    7.5    7.0               
   35   35 A P        -     0   0   23      0, 0.0    23,-3.0     0, 0.0    24,-0.5  -0.418  57.7-138.7 -65.8 131.4   -2.3    6.7    8.7               
   36   36 A L  E     -C   57   0A  22     21,-0.3    21,-0.3    -2,-0.2     3,-0.1  -0.633  25.5-178.6 -94.7 144.9   -0.3    3.9    6.9               
   37   37 A T  E    S-     0   0A  86     19,-3.2     2,-0.3     1,-0.3    20,-0.2   0.719  74.3  -2.0-103.0 -41.4    1.6    1.0    8.5               
   38   38 A K  E     -C   56   0A 127     18,-1.7    18,-3.3     2,-0.0     2,-0.4  -0.972  50.5-164.1-156.0 140.7    2.9   -0.7    5.2               
   39   39 A V  E     +C   55   0A  18     -2,-0.3     2,-0.3    16,-0.2    16,-0.2  -0.959  17.3 176.2-120.9 137.6    2.7   -0.3    1.4               
   40   40 A T  E     -C   54   0A  48     14,-2.3    14,-2.8    -2,-0.4     2,-0.5  -0.897  18.5-158.3-146.8 121.0    3.8   -3.2   -0.8               
   41   41 A I  E     -C   53   0A  13     -2,-0.3    12,-0.2    12,-0.2     2,-0.2  -0.845  29.5-124.5 -92.8 125.0    3.7   -3.6   -4.6               
   42   42 A C  E     -     0   0A  31     10,-1.5     8,-3.2    -2,-0.5    10,-0.3  -0.518  28.6-160.3 -69.1 134.3    3.7   -7.2   -5.7               
   43   43 A K  E     -C   49   0A 134      6,-0.3     2,-0.1    -2,-0.2     5,-0.1  -0.801  12.8-121.9-112.8 151.9    6.6   -8.0   -8.2               
   44   44 A D    >   -     0   0   74      4,-2.9     3,-2.0    -2,-0.3    -1,-0.1  -0.310  39.9 -91.9 -78.4 175.2    7.0  -11.0  -10.6               
   45   45 A R  T 3  S+     0   0  241      1,-0.3    -1,-0.1     2,-0.1    -2,-0.0   0.810 129.5  56.5 -59.0 -28.6    9.9  -13.5  -10.6               
   46   46 A E  T 3  S-     0   0  132      2,-0.1    -1,-0.3     1,-0.0    -2,-0.0   0.280 120.7-110.6 -83.9   5.2   11.6  -11.1  -13.2               
   47   47 A G  S <  S+     0   0   46     -3,-2.0    -2,-0.1     1,-0.3    -1,-0.0   0.369  73.2 139.9  78.2  -2.8   11.4   -8.2  -10.6               
   48   48 A K        -     0   0  149      1,-0.1    -4,-2.9    -5,-0.1    -1,-0.3  -0.496  60.8-106.7 -68.6 136.1    8.8   -6.4  -12.8               
   49   49 A P  E     - C   0  43A  56      0, 0.0    -6,-0.3     0, 0.0     2,-0.1  -0.448  30.7-133.3 -64.6 131.5    5.9   -4.7  -10.8               
   50   50 A K  E     -     0   0A  79     -8,-3.2     2,-0.4     2,-0.3    -8,-0.1  -0.472  28.2-104.3 -72.3 159.4    2.6   -6.6  -11.1               
   51   51 A S  E    S+     0   0A  64     -2,-0.1   -34,-2.0   -35,-0.1   -35,-0.9   0.047  99.1  58.6 -74.9  25.2   -0.5   -4.5  -11.7               
   52   52 A F  E     +A   15   0A  58     -2,-0.4   -10,-1.5   -10,-0.3    -2,-0.3  -0.994  54.3 166.3-153.0 158.0   -1.5   -4.9   -8.0               
   53   53 A G  E     -AC  14  41A   0    -39,-2.5   -39,-2.7    -2,-0.3     2,-0.4  -0.899  29.1-109.5-155.8-178.8   -0.4   -4.2   -4.4               
   54   54 A F  E     -AC  13  40A  58    -14,-2.8   -14,-2.3    -2,-0.3     2,-0.5  -0.982  16.4-164.4-127.2 137.3   -1.4   -4.1   -0.8               
   55   55 A V  E     -AC  12  39A   0    -43,-2.0   -43,-2.8    -2,-0.4     2,-0.5  -0.988   9.5-158.9-124.9 117.0   -1.8   -1.0    1.5               
   56   56 A C  E     -AC  11  38A  11    -18,-3.3   -19,-3.2    -2,-0.5   -18,-1.7  -0.891   8.2-156.5-101.8 120.9   -2.0   -1.7    5.3               
   57   57 A F  E     - C   0  36A   0    -47,-3.0   -21,-0.3    -2,-0.5   -47,-0.1  -0.503  24.4-126.9 -87.8 159.1   -3.5    1.0    7.5               
   58   58 A K  S    S+     0   0  122    -23,-3.0   -22,-0.1    -2,-0.2    -1,-0.1   0.870  99.9  39.9 -67.6 -36.2   -3.0    1.6   11.2               
   59   59 A H  S >  S-     0   0   76    -24,-0.5     3,-0.6   -49,-0.1     4,-0.4  -0.906  74.0-138.8-120.2 141.4   -6.8    1.5   11.8               
   60   60 A P  T >> S+     0   0   49      0, 0.0     4,-0.9     0, 0.0     3,-0.8   0.752 101.5  66.9 -72.0 -22.7   -9.5   -0.8   10.1               
   61   61 A E  H 3> S+     0   0  120      1,-0.2     4,-1.8     2,-0.2     3,-0.2   0.866  91.3  63.0 -64.6 -32.5  -11.9    2.2    9.7               
   62   62 A S  H <> S+     0   0    6     -3,-0.6     4,-2.9     1,-0.2    -1,-0.2   0.769  94.0  63.2 -63.4 -25.9   -9.5    3.7    7.2               
   63   63 A V  H <> S+     0   0    0     -3,-0.8     4,-2.1    -4,-0.4    -1,-0.2   0.959 105.8  42.1 -64.9 -52.0  -10.0    0.6    4.9               
   64   64 A S  H  X S+     0   0   35     -4,-0.9     4,-2.0     2,-0.2    -2,-0.2   0.902 117.6  48.3 -60.9 -41.4  -13.7    1.3    4.3               
   65   65 A Y  H  X S+     0   0   73     -4,-1.8     4,-2.4     2,-0.2     5,-0.2   0.928 110.1  51.0 -67.2 -43.4  -13.0    5.1    3.9               
   66   66 A A  H  X S+     0   0    0     -4,-2.9     4,-2.7     2,-0.2     5,-0.4   0.877 109.9  50.4 -61.2 -41.0  -10.1    4.4    1.4               
   67   67 A I  H  X S+     0   0   29     -4,-2.1     4,-1.2     1,-0.2    -1,-0.2   0.936 114.2  44.1 -63.8 -46.3  -12.4    2.2   -0.7               
   68   68 A A  H  < S+     0   0   88     -4,-2.0    -2,-0.2    -5,-0.2    -1,-0.2   0.867 124.0  35.1 -65.9 -37.6  -15.2    4.8   -0.8               
   69   69 A L  H  < S+     0   0   76     -4,-2.4    -2,-0.2    -5,-0.1    -3,-0.2   0.860 125.5  31.9 -84.9 -43.8  -12.8    7.7   -1.5               
   70   70 A L  H >< S+     0   0    5     -4,-2.7     3,-1.7    -5,-0.2     2,-0.2   0.555  81.8 114.9-103.8 -12.4  -10.0    6.4   -3.7               
   71   71 A N  T 3< S+     0   0   84     -4,-1.2    10,-0.2    -5,-0.4   -57,-0.0  -0.453  87.2  15.4 -64.6 126.9  -11.7    3.7   -5.9               
   72   72 A G  T 3  S+     0   0   41      8,-2.5    -1,-0.2     1,-0.3     9,-0.1   0.282  86.7 146.0  89.5  -5.3  -11.7    4.7   -9.6               
   73   73 A I    <   -     0   0   62     -3,-1.7     7,-3.1     6,-0.2     2,-0.6  -0.334  50.7-119.4 -61.5 138.3   -9.0    7.5   -9.2               
   74   74 A R  E     -D   79   0B 180      5,-0.3     2,-0.5     3,-0.1     3,-0.1  -0.737  28.5-175.7 -87.7 118.7   -6.7    7.8  -12.3               
   75   75 A L  E >  S-D   78   0B  25      3,-2.7     3,-2.1    -2,-0.6   -57,-0.1  -0.950  81.5 -13.9-106.7 124.6   -3.0    7.2  -11.8               
   76   76 A Y  T 3  S-     0   0  111     -2,-0.5    -1,-0.2     1,-0.3   -56,-0.1   0.833 132.0 -53.5  50.6  36.3   -1.0    7.8  -15.1               
   77   77 A G  T 3  S+     0   0   51      1,-0.2    -1,-0.3    -3,-0.1    -3,-0.1   0.170 118.9 108.0  86.2 -12.1   -4.4    7.8  -17.0               
   78   78 A R  E <  S-D   75   0B  93     -3,-2.1    -3,-2.7   -62,-0.0     2,-0.4  -0.825  70.7-125.1-100.2 129.2   -5.5    4.3  -15.6               
   79   79 A P  E     -D   74   0B  55      0, 0.0    -5,-0.3     0, 0.0     2,-0.2  -0.577  26.6-133.8 -71.3 125.6   -8.3    4.1  -13.0               
   80   80 A I        -     0   0    3     -7,-3.1    -8,-2.5    -2,-0.4     2,-0.5  -0.517   8.5-138.3 -76.8 147.5   -7.2    2.2   -9.8               
   81   81 A N  E     -B   15   0A  65    -66,-2.3   -66,-3.1   -10,-0.2     2,-0.5  -0.949  18.5-168.7-108.5 117.5   -9.4   -0.5   -8.3               
   82   82 A V  E     +B   14   0A   2     -2,-0.5     2,-0.3   -68,-0.2   -68,-0.2  -0.940  18.6 154.3-113.1 122.0   -9.5   -0.4   -4.5               
   83   83 A Q  E     -B   13   0A  84    -70,-2.6   -70,-2.9    -2,-0.5     2,-0.1  -0.896  48.8 -78.9-137.7 165.6  -11.1   -3.4   -2.6               
   84   84 A Y  E     -B   12   0A  78     -2,-0.3   -72,-0.2   -72,-0.2     2,-0.1  -0.424  57.9-103.0 -59.4 138.7  -11.1   -5.3    0.7               
   85   85 A R    >   -     0   0   69    -74,-1.5     3,-2.1   -77,-0.4     6,-0.2  -0.458  42.7 -98.5 -63.1 138.1   -8.1   -7.7    1.0               
   86   86 A F  T 3  S+     0   0  156      1,-0.3    -1,-0.1    -2,-0.1     3,-0.1  -0.352 111.6  29.1 -56.2 131.9   -9.0  -11.3    0.4               
   87   87 A G  T 3  S+     0   0   47      1,-0.4    -1,-0.3    -3,-0.1     2,-0.2   0.341  87.1 131.4  87.2  -1.4   -9.5  -13.1    3.8               
   88   88 A S  S X  S-     0   0    5     -3,-2.1     3,-1.7   -80,-0.3     4,-0.4  -0.552  70.6-119.8 -68.8 147.7  -10.6   -9.9    5.6               
   89   89 A S  T 3  S+     0   0   71      1,-0.3     3,-0.4   -84,-0.2    -1,-0.1   0.772 116.5  54.0 -56.2 -26.7  -13.8  -10.3    7.7               
   90   90 A R  T >  S+     0   0   91      1,-0.2     3,-0.7     2,-0.1    -1,-0.3   0.525  89.9  75.8 -86.5 -10.6  -15.3   -7.6    5.4               
   91   91 A S  T <  S+     0   0   49     -3,-1.7    -1,-0.2    -6,-0.2    -2,-0.2   0.682  87.3  60.3 -77.3 -18.8  -14.5   -9.4    2.1               
   92   92 A S  T 3  S+     0   0  101     -3,-0.4    -1,-0.2    -4,-0.4    -2,-0.1   0.392  75.9 102.9 -93.9   0.3  -17.4  -12.0    2.5               
   93   93 A E  S <  S-     0   0  161     -3,-0.7     2,-0.8     1,-0.0    -3,-0.0  -0.750  80.5-121.5 -77.6 122.4  -20.3   -9.5    2.5               
   94   94 A P        -     0   0   92      0, 0.0     2,-1.7     0, 0.0    -2,-0.1  -0.600  18.0-134.1 -61.1 110.3  -21.9   -9.6   -0.9               
   95   95 A A        -     0   0   95     -2,-0.8     2,-0.7    -4,-0.2    -4,-0.0  -0.627  29.7-140.0 -57.9  88.4  -21.6   -6.0   -2.1               
   96   96 A N        -     0   0  123     -2,-1.7     2,-1.7     1,-0.1    -1,-0.0  -0.595   6.6-136.0 -58.5 108.6  -25.3   -6.1   -3.2               
   97   97 A Q        +     0   0  194     -2,-0.7    -1,-0.1     1,-0.1     3,-0.1  -0.680  59.8 140.8 -49.6  80.6  -25.5   -4.3   -6.4               
   98   98 A S        +     0   0   89     -2,-1.7     2,-0.3     1,-0.1    -1,-0.1  -0.236  33.3  79.6-152.5  54.9  -28.6   -2.7   -4.9               
   99   99 A F  S    S+     0   0  174      0, 0.0    -1,-0.1     0, 0.0     0, 0.0  -0.800  98.2  35.9-129.2 129.2  -28.9    0.9   -5.7               
  100  100 A E  S    S+     0   0  180     -2,-0.3     3,-0.0    -3,-0.1    -3,-0.0   0.760  92.6  82.8  90.6  41.9  -30.4    0.7   -9.3               
  101  101 A S  S    S+     0   0  115      1,-0.0     3,-0.1    -3,-0.0    -4,-0.0  -0.162  84.0  39.3-158.1  72.2  -32.8   -2.2   -9.4               
  102  102 A C        +     0   0  114      1,-0.0    -1,-0.0     3,-0.0    -2,-0.0   0.371  55.0 113.9 163.7  80.0  -36.3   -1.3   -8.1               
  103  103 A V        +     0   0  134     -3,-0.0     2,-0.9     0, 0.0    -1,-0.0  -0.629  28.8 149.3-125.2  75.8  -38.1    1.9   -8.6               
  104  104 A K        +     0   0  202     -3,-0.1     2,-0.2     0, 0.0     0, 0.0  -0.794  38.3 109.2 -85.6  77.7  -40.9    0.5  -10.6               
  105  105 A I        -     0   0  129     -2,-0.9    -3,-0.0     1,-0.2     0, 0.0  -0.686  62.8 -23.8-150.7 112.6  -43.3    3.2   -9.3               
  106  106 A N        +     0   0  148     -2,-0.2    -1,-0.2     0, 0.0     0, 0.0   0.880  54.0  13.9  50.0 143.4  -44.6    6.1  -11.5               
  107  107 A S        -     0   0   80      0, 0.0    -2,-0.0     0, 0.0     0, 0.0   0.805  31.1 -97.4-178.7 136.2  -44.8    8.3  -13.8               
  108  108 A H        +     0   0  167      1,-0.1     2,-0.1     0, 0.0     0, 0.0   0.524  18.2 168.0  31.7 105.9  -44.4   10.4  -16.9               
  109  109 A N        -     0   0  155      0, 0.0    -1,-0.1     0, 0.0     0, 0.0  -0.563  40.7-104.2-149.3 103.0  -42.6   13.5  -17.7               
  110  110 A Y        -     0   0  207      1,-0.1     2,-0.0    -2,-0.1     0, 0.0   0.514  13.4-122.9  27.9 111.8  -42.3   14.6  -21.3               
  111  111 A R        +     0   0  221      0, 0.0    -1,-0.1     0, 0.0     2,-0.1  -0.249  29.4 170.1 -28.7 141.4  -39.9   14.8  -24.1               
  112  112 A N        -     0   0  143     -2,-0.0     0, 0.0     0, 0.0     0, 0.0  -0.278  15.3-136.0-178.5 114.9  -39.0   17.9  -26.1               
  113  113 A E        +     0   0  151     -2,-0.1     0, 0.0     0, 0.0     0, 0.0   0.397  19.7  12.2  45.7 136.2  -36.5   18.8  -28.5               
  114  114 A E        +     0   0  131      0, 0.0     0, 0.0     0, 0.0     0, 0.0   0.882  28.1  28.9-173.4 164.5  -34.2   20.7  -29.9               
  115  115 A M        +     0   0  148      0, 0.0     0, 0.0     0, 0.0     0, 0.0   0.926  28.1  95.1  79.4 124.7  -31.4   23.2  -31.2               
  116  116 A L        -     0   0  156      0, 0.0     0, 0.0     0, 0.0     0, 0.0   0.806  35.8-119.6 125.9  94.3  -28.5   25.5  -31.0               
  117  117 A V        +     0   0  137      1,-0.1     0, 0.0     0, 0.0     0, 0.0   0.663  40.7  18.6  47.2 111.9  -24.9   25.9  -31.2               
  118  118 A G        +     0   0   69      1,-0.0     2,-0.1     0, 0.0    -1,-0.1   0.953  37.3 112.6  84.0  87.1  -21.7   26.8  -29.6               
  119  119 A R        -     0   0  242      2,-0.0     2,-0.4     0, 0.0    -1,-0.0  -0.428  35.2-145.0-168.7 123.4  -19.7   27.4  -26.6               
  120  120 A S        +     0   0  114     -2,-0.1     2,-0.2     2,-0.0     0, 0.0  -0.585  40.8 137.2 -58.8 116.2  -16.8   25.4  -25.1               
  121  121 A S        -     0   0  112     -2,-0.4    -2,-0.0     2,-0.0     0, 0.0  -0.722  52.5-118.1-158.9 124.4  -16.7   25.5  -21.3               
  122  122 A F        -     0   0  206     -2,-0.2     2,-0.8     1,-0.1    -2,-0.0  -0.337  27.9-119.4 -55.9 131.5  -15.9   22.3  -19.3               
  123  123 A P        -     0   0  107      0, 0.0     2,-0.8     0, 0.0    -1,-0.1  -0.671  15.2-142.7 -74.6 112.3  -18.7   21.1  -17.0               
  124  124 A M        -     0   0  153     -2,-0.8     2,-1.3     1,-0.1     0, 0.0  -0.697  26.6-134.4 -60.6 104.4  -17.6   21.1  -13.4               
  125  125 A Q        -     0   0  138     -2,-0.8     2,-0.8     2,-0.0    -1,-0.1  -0.664  21.6-168.2 -75.2  97.8  -19.4   17.9  -12.5               
  126  126 A Y        -     0   0  201     -2,-1.3    -2,-0.0     3,-0.0    -1,-0.0  -0.818  14.4-147.0 -73.1 109.7  -21.1   18.6   -9.2               
  127  127 A F        -     0   0  165     -2,-0.8     2,-0.2     1,-0.1    -2,-0.0  -0.738  27.1-110.2 -72.4 129.1  -22.3   15.1   -8.0               
  128  128 A P        -     0   0  104      0, 0.0     2,-1.1     0, 0.0    -1,-0.1  -0.441  25.3-120.6 -63.3 130.9  -25.5   15.6   -6.1               
  129  129 A I        -     0   0  150     -2,-0.2     2,-1.0     2,-0.0    -3,-0.0  -0.659  22.8-154.1 -69.8 101.1  -25.2   15.0   -2.3               
  130  130 A N        -     0   0  108     -2,-1.1     2,-1.5     1,-0.1    -1,-0.0  -0.776  21.5-128.2 -76.6 104.0  -27.7   12.2   -1.7               
  131  131 A N        +     0   0  155     -2,-1.0     2,-0.5     2,-0.1    -1,-0.1  -0.438  49.1 153.5 -57.4  87.3  -28.5   12.9    2.0               
  132  132 A T        -     0   0  113     -2,-1.5     2,-0.5     0, 0.0    -2,-0.1  -0.993  57.8-106.5-117.2 110.6  -27.9    9.4    3.4               
  133  133 A S        -     0   0  122     -2,-0.5    -2,-0.1     1,-0.0     3,-0.0  -0.237  37.7-168.5 -47.6  94.6  -26.9   10.1    7.0               
  134  134 A L        -     0   0  145     -2,-0.5    -1,-0.0     1,-0.1     2,-0.0  -0.718  40.7 -92.9 -75.5 135.3  -23.2    9.5    7.4               
  135  135 A P    >   -     0   0   73      0, 0.0     3,-1.9     0, 0.0     4,-0.3  -0.300  25.9-131.4 -52.7 127.7  -22.2    9.5   11.1               
  136  136 A Q  T >> S+     0   0  176      1,-0.3     4,-0.9     2,-0.2     3,-0.9   0.666  98.7  82.3 -53.9 -18.3  -21.1   13.0   12.2               
  137  137 A E  H 3> S+     0   0  154      1,-0.2     4,-1.5     2,-0.2    -1,-0.3   0.825  81.2  61.4 -58.1 -32.5  -18.0   11.1   13.8               
  138  138 A Y  H <> S+     0   0  117     -3,-1.9     4,-1.3     1,-0.2    -1,-0.2   0.798  99.3  54.9 -70.6 -25.9  -16.2   11.1   10.4               
  139  139 A F  H <> S+     0   0  167     -3,-0.9     4,-1.4    -4,-0.3    -1,-0.2   0.841 106.4  50.6 -76.9 -32.8  -16.1   14.9   10.2               
  140  140 A L  H  X S+     0   0  103     -4,-0.9     4,-2.3    -3,-0.3     5,-0.2   0.895 106.3  54.9 -71.7 -38.7  -14.4   15.3   13.6               
  141  141 A F  H  X S+     0   0   99     -4,-1.5     4,-2.6     1,-0.2     5,-0.2   0.927 108.7  47.6 -62.9 -42.4  -11.6   12.8   12.7               
  142  142 A Q  H  X S+     0   0   93     -4,-1.3     4,-1.6     1,-0.2    -1,-0.2   0.886 112.7  48.9 -67.6 -37.4  -10.7   14.7    9.5               
  143  143 A K  H  X S+     0   0  144     -4,-1.4     4,-0.6     2,-0.2    -1,-0.2   0.874 114.8  44.9 -71.0 -35.8  -10.6   18.1   11.4               
  144  144 A M  H >X S+     0   0  123     -4,-2.3     4,-0.6     2,-0.2     3,-0.6   0.895 110.8  52.9 -73.9 -37.9   -8.4   16.7   14.2               
  145  145 A Q  H >X S+     0   0   56     -4,-2.6     4,-0.9     1,-0.2     3,-0.8   0.867 102.2  58.6 -70.2 -33.5   -6.0   14.8   11.8               
  146  146 A W  H 3< S+     0   0  183     -4,-1.6    -1,-0.2     1,-0.2     4,-0.2   0.808 105.1  51.6 -62.0 -29.5   -5.2   18.0    9.8               
  147  147 A H  H << S+     0   0  141     -4,-0.6    -1,-0.2    -3,-0.6    -2,-0.2   0.623 106.1  53.4 -86.7 -12.8   -4.0   19.8   12.9               
  148  148 A V  H << S+     0   0  114     -3,-0.8    -1,-0.2    -4,-0.6    -2,-0.2   0.696 106.4  50.3 -94.8 -20.2   -1.5   17.0   14.0               
  149  149 A Y  S  < S+     0   0  164     -4,-0.9    -1,-0.1     1,-0.2    -2,-0.1   0.329 107.2  50.6-104.1   6.6    0.5   16.7   10.7               
  150  150 A N    >   +     0   0   74     -4,-0.2     3,-0.6    -3,-0.1    -1,-0.2  -0.454  47.3 147.2-145.3  68.2    1.4   20.4   10.1               
  151  151 A P  T 3   +     0   0  122      0, 0.0     3,-0.2     0, 0.0    -1,-0.1   0.317  68.8  69.4 -80.2  10.3    3.0   22.4   13.0               
  152  152 A V  T 3  S+     0   0  122      1,-0.1     3,-0.1     3,-0.0    -2,-0.0   0.377  78.6  70.1-115.9   5.1    5.1   24.5   10.6               
  153  153 A L  S <  S+     0   0  135     -3,-0.6     2,-0.4     1,-0.1    -1,-0.1   0.235  74.3  85.1-116.1  15.4    2.6   26.9    8.7               
  154  154 A Q        +     0   0  184     -3,-0.2    -1,-0.1     2,-0.1     0, 0.0  -0.708  38.3 147.0-124.0  82.2    1.4   29.4   11.5               
  155  155 A L        -     0   0  160     -2,-0.4     2,-0.9    -3,-0.1    -3,-0.0  -0.968  36.8-149.2-100.1 112.2    3.8   32.4   11.9               
  156  156 A P        -     0   0   93      0, 0.0     2,-1.1     0, 0.0    -2,-0.1  -0.764   5.7-153.3 -79.6 109.2    1.6   35.4   12.9               
  157  157 A Y        +     0   0  225     -2,-0.9     2,-0.3     2,-0.0    -2,-0.0  -0.788  35.0 148.0 -75.3 100.7    3.3   38.5   11.5               
  158  158 A Y        -     0   0  173     -2,-1.1     2,-0.5     2,-0.0     0, 0.0  -0.904  36.5-149.4-130.5 113.6    2.2   41.3   13.8               
  159  159 A E        -     0   0  170     -2,-0.3     2,-0.7     1,-0.0    -2,-0.0  -0.704   9.3-162.5 -76.1 116.0    4.8   44.0   14.2               
  160  160 A M        -     0   0  167     -2,-0.5     2,-0.4     0, 0.0    -2,-0.0  -0.884   2.2-161.5-107.3  94.6    4.5   45.5   17.7               
  161  161 A T        -     0   0  125     -2,-0.7    -2,-0.0     1,-0.1     0, 0.0  -0.709  26.4-121.6 -76.2 124.2    6.3   48.9   17.8               
  162  162 A A        -     0   0   90     -2,-0.4     2,-0.4     1,-0.1    -1,-0.1  -0.280  10.7-121.4 -71.3 152.5    6.9   49.8   21.5               
  163  163 A P        -     0   0  127      0, 0.0    -1,-0.1     0, 0.0     0, 0.0  -0.796  25.8-129.2 -91.4 136.1    5.8   52.8   23.6               
  164  164 A L        -     0   0  174     -2,-0.4     2,-0.3     1,-0.0     0, 0.0  -0.487  25.4-137.0 -71.3 148.1    8.5   55.0   25.3               
  165  165 A P        +     0   0   99      0, 0.0    -1,-0.0     0, 0.0     0, 0.0  -0.808  37.2  43.3-110.5 156.9    8.2   55.9   29.1               
  166  166 A N        +     0   0  156     -2,-0.3     2,-0.1     1,-0.1    -2,-0.0   0.963  18.3 137.8  92.6 111.1    8.6   58.8   31.5               
  167  167 A S        -     0   0  119      2,-0.0    -1,-0.1     0, 0.0     0, 0.0  -0.550  54.1 -70.1-157.2 122.0    8.3   62.3   32.6               
  168  168 A A        +     0   0   97     -2,-0.1     2,-0.3     1,-0.1    -2,-0.0   0.833  34.7 164.2  50.6 110.5    7.4   63.5   36.1               
  169  169 A S        -     0   0  130      0, 0.0     2,-0.1     0, 0.0    -1,-0.1  -0.913  39.0-133.3-145.9 136.5    4.7   63.9   38.6               
  170  170 A V        +     0   0  129     -2,-0.3     0, 0.0     2,-0.0     0, 0.0  -0.338  32.6  67.5 -89.1 157.4    5.7   64.7   42.1               
  171  171 A S        +     0   0  110     -2,-0.1     0, 0.0     0, 0.0     0, 0.0   0.810  28.6  55.8  72.3 139.8    5.4   63.9   45.8               
  172  172 A S        -     0   0  103      0, 0.0    -2,-0.0     0, 0.0     0, 0.0   0.805  34.3 -35.2-177.3 157.6    5.5   62.4   48.7               
  173  173 A S        -     0   0  118      0, 0.0     0, 0.0     0, 0.0     0, 0.0   0.916  26.6-149.4 101.9  95.0    6.1   60.6   52.0               
  174  174 A L        +     0   0  152      0, 0.0     2,-0.0     0, 0.0     0, 0.0   0.105  16.4 161.0 -26.0 149.7    8.4   57.9   53.5               
  175  175 A N        -     0   0  147      0, 0.0     0, 0.0     0, 0.0     0, 0.0   0.278  32.9  -5.8 142.8 133.6    8.4   55.3   56.1               
  176  176 A H        -     0   0  162      2,-0.0     0, 0.0    -2,-0.0     0, 0.0   0.727  44.1 -85.6-169.7 139.4   10.0   52.5   56.9               
  177  177 A V        -     0   0  115      1,-0.0     2,-0.1     0, 0.0     0, 0.0   0.932  18.7-149.4  53.3 145.0   12.5   49.5   56.7               
  178  178 A P        -     0   0  115      0, 0.0     2,-0.1     0, 0.0    -2,-0.0  -0.399   7.2-167.9-108.7 177.7   13.2   45.9   55.3               
  179  179 A D        +     0   0  134      1,-0.1     0, 0.0    -2,-0.1     0, 0.0  -0.349  24.6  31.0-177.8 152.9   15.0   42.7   55.9               
  180  180 A L        +     0   0  136     -2,-0.1    -1,-0.1     0, 0.0     0, 0.0   0.889  37.0 161.7  65.9 141.9   16.2   39.2   54.7               
  181  181 A E        +     0   0  167      0, 0.0    -2,-0.0     0, 0.0     0, 0.0   0.771  20.8 165.6-173.6 162.1   17.3   37.1   52.4               
  182  182 A A        +     0   0   84      2,-0.0     0, 0.0     0, 0.0     0, 0.0   0.997  30.6  38.2  78.1 102.4   18.6   34.5   50.0               
  183  183 A G        +     0   0   79      1,-0.1     2,-0.3     0, 0.0     0, 0.0   0.845   7.2 151.4 129.4 114.6   18.9   32.9   46.8               
  184  184 A P        -     0   0  136      0, 0.0     2,-0.3     0, 0.0    -1,-0.1  -0.975  25.2-160.5-121.3 148.1   19.2   32.3   43.0               
  185  185 A S        -     0   0  115     -2,-0.3     2,-0.0     2,-0.0     0, 0.0  -0.914  10.5-151.4-150.0 111.1   20.9   29.4   41.0               
  186  186 A S        +     0   0  100     -2,-0.3     2,-0.1     2,-0.0     0, 0.0   0.212  25.6 178.0  80.7 105.0   22.0   29.1   37.8               
  187  187 A Y        +     0   0  216     -2,-0.0     2,-0.4     2,-0.0    -2,-0.0  -0.402  14.7 159.8-164.3 131.5   22.9   27.1   34.8               
  188  188 A K        -     0   0  175     -2,-0.1     2,-0.4     2,-0.0    -2,-0.0  -0.977  18.5-161.4-118.3 134.1   24.2   28.4   31.4               
  189  189 A W        +     0   0  226     -2,-0.4     2,-0.4     2,-0.0    -2,-0.0  -0.995  12.5 172.5-122.9 129.6   26.0   26.2   28.9               
  190  190 A T        +     0   0  101     -2,-0.4     2,-0.2     2,-0.0    -2,-0.0  -0.995   3.6 170.8-125.5 129.8   28.2   27.5   26.1               
  191  191 A H        -     0   0  167     -2,-0.4    -2,-0.0     0, 0.0     0, 0.0  -0.740  26.1-109.3-159.0 103.0   30.4   25.3   23.8               
  192  192 A Q        -     0   0  176     -2,-0.2    -2,-0.0     1,-0.2     0, 0.0   0.624  14.2-122.0  83.8 113.4   32.2   26.1   20.8               
  193  193 A Q        -     0   0  178      0, 0.0     2,-0.2     0, 0.0    -1,-0.2  -0.172   9.8-157.2 -65.5 169.8   32.5   25.9   16.9               
  194  194 A P        -     0   0  126      0, 0.0     0, 0.0     0, 0.0     0, 0.0  -0.685  15.0-129.3-146.3 166.5   34.8   24.8   14.5               
  195  195 A S        +     0   0   98     -2,-0.2     2,-0.1     0, 0.0     0, 0.0  -0.061  22.9 169.2 -56.2 154.9   35.3   25.7   10.8               
  196  196 A D        -     0   0  159      0, 0.0     0, 0.0     0, 0.0     0, 0.0  -0.118  26.5 -14.1 154.1 142.3   35.7   23.8    7.5               
  197  197 A S        -     0   0  106      1,-0.1     2,-0.3    -2,-0.1     0, 0.0   0.740  14.2-166.0-167.1 138.1   35.8   24.0    4.2               
  198  198 A D        +     0   0  165      0, 0.0    -1,-0.1     0, 0.0     2,-0.1  -0.615  39.3 122.2 -66.8 132.8   35.4   25.7    0.7               
  199  199 A L        +     0   0  135     -2,-0.3     0, 0.0     1,-0.1     0, 0.0  -0.036  21.3  74.7 171.6 124.7   35.5   23.9   -2.6               
  200  200 A Y        +     0   0  225     -2,-0.1     2,-0.3     0, 0.0    -1,-0.1   0.189  32.6 179.8 169.7 125.0   33.9   23.0   -5.7               
  201  201 A Q        +     0   0  169      0, 0.0     2,-0.2     0, 0.0     0, 0.0  -0.829   2.9 172.9-106.2 134.9   33.1   25.0   -8.9               
  202  202 A M        -     0   0  179     -2,-0.3     2,-0.0     2,-0.0     0, 0.0  -0.600  20.5-139.5-162.9 100.2   31.4   24.1  -12.2               
  203  203 A T        +     0   0  120     -2,-0.2     0, 0.0     2,-0.0     0, 0.0   0.254  26.0  95.4  44.5 127.6   30.5   26.3  -14.9               
  204  204 A A        -     0   0   90     -2,-0.0    -2,-0.0     2,-0.0     0, 0.0   0.740  26.0 -63.8-165.4-151.3   28.4   27.2  -17.2               
  205  205 A P        -     0   0  117      0, 0.0    -2,-0.0     0, 0.0     0, 0.0   0.137   9.8-163.6-120.7 158.0   25.7   28.9  -19.2               
  206  206 A L        -     0   0  165      0, 0.0    -2,-0.0     0, 0.0     0, 0.0   0.726   2.0-165.4  21.3 169.8   22.5   30.4  -20.7               
  207  207 A P        -     0   0   92      0, 0.0     0, 0.0     0, 0.0     0, 0.0   0.577  19.5 -29.9-149.1-170.5   20.2   31.8  -22.6               
  208  208 A N        +     0   0  157      1,-0.1     2,-0.2     0, 0.0     0, 0.0   0.983  25.5 138.2  98.1 102.8   17.1   33.5  -24.1               
  209  209 A S        +     0   0  122      1,-0.0     2,-0.1     2,-0.0    -1,-0.1  -0.765  38.2 118.6-148.9 112.3   13.4   34.2  -23.9               
  210  210 A A        -     0   0   96     -2,-0.2    -1,-0.0     2,-0.0     0, 0.0  -0.400  41.8 -21.9 165.5 134.9   12.0   37.7  -24.6               
  211  211 A S        +     0   0  109     -2,-0.1     2,-0.2     2,-0.0    -2,-0.0   0.750  28.8 137.3-170.9 142.7   10.0   39.3  -26.8               
  212  212 A V        -     0   0  138      1,-0.1    -2,-0.0     2,-0.0     0, 0.0  -0.777  43.3 -50.2-153.3 122.7    7.9   40.4  -29.8               
  213  213 A S        +     0   0  111     -2,-0.2    -1,-0.1     0, 0.0    -2,-0.0   0.867  32.4 102.5  51.8 137.6    4.5   41.8  -30.3               
  214  214 A S        -     0   0  105      0, 0.0    -2,-0.0     0, 0.0     0, 0.0   0.864  22.6 -27.2 175.9 164.6    1.3   42.6  -30.4               
  215  215 A S        -     0   0  106      0, 0.0     0, 0.0     0, 0.0     0, 0.0   0.935  24.6-131.8  98.6  97.4   -2.3   43.8  -30.2               
  216  216 A L        -     0   0  157      0, 0.0     2,-0.2     0, 0.0     0, 0.0   0.248  11.7-178.5  11.9 127.5   -5.0   45.4  -28.3               
  217  217 A N        -     0   0  170      2,-0.0     2,-0.3     0, 0.0     0, 0.0  -0.696  20.5-154.3-148.1 128.8   -8.4   44.8  -27.4               
  218  218 A H        -     0   0  176     -2,-0.2     0, 0.0     0, 0.0     0, 0.0  -0.633  12.8-179.6 -82.0 135.3  -10.1   47.6  -25.3               
  219  219 A V        -     0   0  131     -2,-0.3     2,-0.1     0, 0.0    -2,-0.0  -0.984  26.9-118.9-136.6 138.1  -13.1   46.9  -22.9               
  220  220 A P        -     0   0  106      0, 0.0     2,-0.1     0, 0.0     0, 0.0  -0.421  22.3 -99.2 -87.1 152.5  -14.7   49.7  -20.9               
  221  221 A D        +     0   0  161     -2,-0.1     2,-0.3     1,-0.0     0, 0.0  -0.353  33.1 178.6 -52.1 131.0  -15.1   50.4  -17.1               
  222  222 A L        -     0   0  171     -2,-0.1    -1,-0.0     2,-0.0     0, 0.0  -0.822  20.1-139.9-142.0 110.9  -18.4   49.7  -15.3               
  223  223 A E        +     0   0  192     -2,-0.3     2,-0.0     0, 0.0     0, 0.0  -0.184  31.6 146.9 -38.0 135.7  -18.7   50.4  -11.6               
  224  224 A A        -     0   0  104      0, 0.0    -2,-0.0     0, 0.0     0, 0.0   0.149  35.1 -84.9 160.1 103.1  -20.4   48.3   -8.9               
  225  225 A G        -     0   0   70      1,-0.1     2,-0.7    -2,-0.0     0, 0.0   0.984  21.3 -86.8 129.7 138.1  -19.8   47.8   -5.6               
  226  226 A P        -     0   0  133      0, 0.0     2,-1.3     0, 0.0    -1,-0.1  -0.641  30.7-149.0 -85.3 113.4  -18.3   46.3   -2.4               
  227  227 A S        -     0   0   93     -2,-0.7     2,-0.7     2,-0.0     0, 0.0  -0.666  18.1-153.8 -76.4  96.3  -20.1   43.3   -0.9               
  228  228 A S        -     0   0  107     -2,-1.3     2,-1.2     1,-0.1    -1,-0.0  -0.648   4.1-154.4 -69.9 107.3  -19.5   43.7    2.8               
  229  229 A Y        -     0   0  197     -2,-0.7     2,-0.8     2,-0.0    -1,-0.1  -0.759  16.8-175.9 -83.1  93.0  -19.6   40.4    4.6               
  230  230 A K        -     0   0  169     -2,-1.2     2,-0.9     2,-0.0    -2,-0.0  -0.859  14.0-151.6 -89.8 104.9  -20.6   41.5    8.1               
  231  231 A W        -     0   0  240     -2,-0.8     2,-0.8     2,-0.0    -2,-0.0  -0.705   7.6-160.4 -73.9 105.2  -20.6   38.5   10.4               
  232  232 A T        -     0   0   91     -2,-0.9     2,-1.2     2,-0.0    -2,-0.0  -0.854  13.5-140.7 -86.0 108.1  -23.1   39.2   13.2               
  233  233 A H        -     0   0  175     -2,-0.8     2,-1.1     1,-0.0    -2,-0.0  -0.608  15.9-157.6 -61.7  94.0  -22.3   36.9   16.1               
  234  234 A Q        -     0   0  171     -2,-1.2    -1,-0.0     3,-0.0    -2,-0.0  -0.774  10.5-145.8 -79.4  98.7  -25.9   36.0   17.1               
  235  235 A Q        -     0   0  153     -2,-1.1     2,-0.3     1,-0.1    -2,-0.0  -0.558  25.0-108.4 -58.5 127.6  -25.4   34.9   20.8               
  236  236 A P        -     0   0  109      0, 0.0     2,-0.2     0, 0.0    -1,-0.1  -0.505  34.3-120.8 -62.3 123.8  -27.9   32.1   21.6               
  237  237 A S    >   -     0   0   82     -2,-0.3     3,-1.8     1,-0.1     4,-0.3  -0.505  24.3-112.2 -65.0 137.5  -30.5   33.6   24.0               
  238  238 A D  T 3  S+     0   0  149      1,-0.3     4,-0.2    -2,-0.2    -1,-0.1   0.410 105.8  78.7 -58.2   1.6  -30.6   31.6   27.3               
  239  239 A S  T >  S+     0   0   81      1,-0.2     3,-0.5     2,-0.1     4,-0.4   0.777  85.3  57.6 -80.0 -25.4  -34.2   30.3   26.5               
  240  240 A D  T <> S+     0   0  119     -3,-1.8     4,-0.7     1,-0.2     3,-0.3   0.675  93.3  65.9 -87.1 -13.2  -33.0   27.5   24.1               
  241  241 A L  T 34 S+     0   0  130     -4,-0.3     4,-0.5     1,-0.2    -1,-0.2   0.706  94.5  60.1 -80.1 -16.6  -30.7   25.7   26.6               
  242  242 A Y  T <4 S+     0   0  203     -3,-0.5     4,-0.2    -4,-0.2    -1,-0.2   0.748 100.8  51.0 -87.1 -22.1  -33.6   24.6   28.9               
  243  243 A Q  T >> S+     0   0  141     -4,-0.4     3,-0.8    -3,-0.3     4,-0.6   0.798  99.9  62.2 -87.6 -25.8  -35.6   22.5   26.3               
  244  244 A M  T 3< S+     0   0  154     -4,-0.7     3,-0.3     1,-0.2    -1,-0.2   0.809 100.8  53.8 -72.3 -25.7  -32.7   20.3   25.0               
  245  245 A N  T 34 S+     0   0  121     -4,-0.5     3,-0.3     1,-0.2    -1,-0.2   0.542  96.6  65.1 -89.8  -4.5  -32.1   18.7   28.5               
  246  246 A K  T X4 S+     0   0  160     -3,-0.8     3,-0.8    -4,-0.2    -1,-0.2   0.790  93.5  60.5 -86.8 -24.4  -35.8   17.5   29.1               
  247  247 A R  T 3< S+     0   0  236     -4,-0.6     3,-0.2    -3,-0.3    -1,-0.2   0.551  98.5  59.1 -78.7  -7.0  -35.7   15.0   26.1               
  248  248 A K  T 3  S+     0   0  185     -3,-0.3     3,-0.2    -4,-0.2    -1,-0.2   0.463  97.1  57.7-102.5  -2.0  -32.8   13.0   27.8               
  249  249 A R  S <  S+     0   0  224     -3,-0.8     3,-0.3     1,-0.1    -1,-0.1   0.305  88.6  73.1-111.2   9.0  -34.5   12.0   31.1               
  250  250 A Q  S    S+     0   0  183     -3,-0.2    -1,-0.1     1,-0.2     3,-0.1  -0.051  76.9  76.0-113.9  28.9  -37.6   10.1   29.8               
  251  251 A K  S    S+     0   0  203     -3,-0.2     2,-0.2     1,-0.2    -1,-0.2  -0.083  78.3  76.7-127.3  33.8  -36.0    6.8   28.5               
  252  252 A Q  S    S+     0   0  171     -3,-0.3    -1,-0.2     1,-0.2     0, 0.0  -0.751  79.3  57.1-141.6  87.0  -35.5    5.2   32.0               
  253  253 A T        +     0   0  142     -2,-0.2    -1,-0.2     1,-0.1     2,-0.1   0.310  58.3 118.0 158.5  83.2  -38.8    3.7   33.4               
  254  254 A S        -     0   0   97     -3,-0.1    -1,-0.1     1,-0.0     0, 0.0  -0.561  62.2 -20.1-157.9 101.1  -40.8    1.1   31.4               
  255  255 A D        -     0   0  159     -2,-0.1     2,-0.1     1,-0.0    -1,-0.0   0.994  34.3-159.1  92.2  95.8  -41.5   -2.3   32.5               
  256  256 A S        +     0   0  101      1,-0.1    -1,-0.0     0, 0.0     0, 0.0  -0.205  50.2  56.1 -49.3 159.3  -40.5   -5.1   34.8               
  257  257 A D        +     0   0  161     -2,-0.1    -1,-0.1     1,-0.1     2,-0.1   0.984  32.4 114.7  74.8  92.9  -41.4   -8.7   34.3               
  258  258 A S        +     0   0  120      0, 0.0     2,-0.5     0, 0.0    -1,-0.1  -0.411  25.6 175.2-157.0 115.0  -41.3  -11.7   32.2               
  259  259 A S        +     0   0  117     -2,-0.1     2,-0.1     2,-0.0     0, 0.0  -0.889  19.7 134.5 -93.4 124.8  -39.2  -14.7   33.2               
  260  260 A T        -     0   0  131     -2,-0.5     0, 0.0     2,-0.0     0, 0.0  -0.298  36.5-137.7-177.9 101.6  -39.3  -17.9   31.0               
  261  261 A D        +     0   0  128     -2,-0.1    -2,-0.0     2,-0.0     0, 0.0   0.413  24.2 162.2  55.7 112.8  -36.8  -20.0   29.9               
  262  262 A N        -     0   0  154      2,-0.0     2,-0.4     0, 0.0    -2,-0.0   0.107  20.2-153.1 175.6 107.1  -35.8  -21.8   26.7               
  263  263 A N        -     0   0  158      0, 0.0     2,-0.3     0, 0.0    -2,-0.0  -0.485  20.6-178.7 -50.1 115.2  -32.5  -23.2   25.6               
  264  264 A R        -     0   0  245     -2,-0.4    -2,-0.0     1,-0.0     0, 0.0  -0.820  26.5 -89.2-142.4 112.8  -32.1  -23.4   21.8               
  265  265 A G        -     0   0   71     -2,-0.3     2,-0.4     1,-0.2    -1,-0.0   0.654  12.0-108.4 115.9  97.7  -29.5  -24.6   20.4               
  266  266 A N        +     0   0  163      1,-0.1    -1,-0.2     2,-0.0     3,-0.1  -0.556  53.6 127.3 -61.1 117.8  -26.0  -24.5   18.9               
  267  267 A E        +     0   0  188     -2,-0.4     3,-0.1     1,-0.0    -1,-0.1  -0.223  17.9 111.3-173.1  89.9  -25.9  -24.8   15.1               
  268  268 A C        +     0   0  133      1,-0.1     2,-0.1     3,-0.0     3,-0.1  -0.449  58.3  88.8-143.2  70.4  -24.1  -22.4   12.7               
  269  269 A S        +     0   0  109      1,-0.1    -1,-0.1    -3,-0.1    -3,-0.0  -0.495  60.0  73.5-159.6  90.5  -21.2  -24.4   11.3               
  270  270 A Q        +     0   0  191      1,-0.1     2,-0.3    -2,-0.1    -1,-0.1   0.177  44.0 119.7 169.7  84.8  -21.8  -26.5    8.2               
  271  271 A K        +     0   0  197     -3,-0.1    -1,-0.1     1,-0.1    -3,-0.0  -0.896  67.6  12.4-141.1 128.7  -22.1  -25.2    4.7               
  272  272 A F        +     0   0  204     -2,-0.3     2,-0.3     1,-0.1    -1,-0.1   0.897  63.8 120.9  79.9  67.4  -19.8  -26.1    1.8               
  273  273 A R        +     0   0  241      1,-0.1    -1,-0.1    -3,-0.0     0, 0.0  -0.780  50.0  86.7-130.8 100.6  -17.3  -29.0    1.8               
  274  274 A K        +     0   0  203     -2,-0.3     2,-0.4     1,-0.0    -1,-0.1  -0.024  20.6 133.0 177.3 100.2  -18.0  -31.5   -1.0               
  275  275 A S        -     0   0  128     -3,-0.1     2,-0.2     0, 0.0    -1,-0.0  -0.935  54.5-126.9-125.4 113.8  -17.0  -31.7   -4.5               
  276  276 A K        -     0   0  194     -2,-0.4    -2,-0.0     1,-0.2     2,-0.0  -0.452  10.6-108.8 -59.9 127.7  -15.8  -35.3   -5.1               
  277  277 A K        +     0   0  206     -2,-0.2     2,-0.2     0, 0.0    -1,-0.2   0.036  32.7 168.4  52.3  99.8  -12.9  -36.8   -6.4               
  278  278 A K        +     0   0  206      1,-0.1     0, 0.0    -2,-0.0     0, 0.0  -0.763  37.4  42.9-164.1 148.0  -12.4  -38.7   -9.7               
  279  279 A K        +     0   0  188      1,-0.3     2,-0.4    -2,-0.2    -1,-0.1   0.937  33.1 136.3  82.2  89.2   -9.3  -40.0  -11.7               
  280  280 A R              0   0  252      0, 0.0    -1,-0.3     0, 0.0     0, 0.0  -0.912 360.0 360.0-111.4 128.3   -6.3  -41.8  -10.8               
  281  281 A Y              0   0  293     -2,-0.4     0, 0.0     0, 0.0     0, 0.0  -0.796 360.0 360.0 -91.7 360.0   -5.7  -44.5  -13.3               
