==== Secondary Structure Definition by the program DSSP, CMBI version 2.0                          ==== DATE=2026-03-08        .
REFERENCE W. KABSCH AND C.SANDER, BIOPOLYMERS 22 (1983) 2577-2637                                                              .
HEADER                                            01-AUG-25                                                                    .
COMPND    MOL_ID: 1; MOLECULE: SMALL NUCLEAR RIBONUCLEOPROTEIN-ASSOCIATED PROTEI                                               .
SOURCE    MOL_ID: 1; ORGANISM_SCIENTIFIC: HOMO SAPIENS; ORGANISM_TAXID: 9606                                                   .
AUTHOR                                                                                                                         .
  240  1  0  0  0 TOTAL NUMBER OF RESIDUES, NUMBER OF CHAINS, NUMBER OF SS-BRIDGES(TOTAL,INTRACHAIN,INTERCHAIN)                .
 25437.2   ACCESSIBLE SURFACE OF PROTEIN (ANGSTROM**2)                                                                         .
  108 45.0   TOTAL NUMBER OF HYDROGEN BONDS OF TYPE O(I)-->H-N(J)  , SAME NUMBER PER 100 RESIDUES                              .
    0  0.0   TOTAL NUMBER OF HYDROGEN BONDS IN     PARALLEL BRIDGES, SAME NUMBER PER 100 RESIDUES                              .
   36 15.0   TOTAL NUMBER OF HYDROGEN BONDS IN ANTIPARALLEL BRIDGES, SAME NUMBER PER 100 RESIDUES                              .
    0  0.0   TOTAL NUMBER OF HYDROGEN BONDS OF TYPE O(I)-->H-N(I-5), SAME NUMBER PER 100 RESIDUES                              .
    2  0.8   TOTAL NUMBER OF HYDROGEN BONDS OF TYPE O(I)-->H-N(I-4), SAME NUMBER PER 100 RESIDUES                              .
    0  0.0   TOTAL NUMBER OF HYDROGEN BONDS OF TYPE O(I)-->H-N(I-3), SAME NUMBER PER 100 RESIDUES                              .
    0  0.0   TOTAL NUMBER OF HYDROGEN BONDS OF TYPE O(I)-->H-N(I-2), SAME NUMBER PER 100 RESIDUES                              .
    0  0.0   TOTAL NUMBER OF HYDROGEN BONDS OF TYPE O(I)-->H-N(I-1), SAME NUMBER PER 100 RESIDUES                              .
    0  0.0   TOTAL NUMBER OF HYDROGEN BONDS OF TYPE O(I)-->H-N(I+0), SAME NUMBER PER 100 RESIDUES                              .
    0  0.0   TOTAL NUMBER OF HYDROGEN BONDS OF TYPE O(I)-->H-N(I+1), SAME NUMBER PER 100 RESIDUES                              .
   41 17.1   TOTAL NUMBER OF HYDROGEN BONDS OF TYPE O(I)-->H-N(I+2), SAME NUMBER PER 100 RESIDUES                              .
   20  8.3   TOTAL NUMBER OF HYDROGEN BONDS OF TYPE O(I)-->H-N(I+3), SAME NUMBER PER 100 RESIDUES                              .
    8  3.3   TOTAL NUMBER OF HYDROGEN BONDS OF TYPE O(I)-->H-N(I+4), SAME NUMBER PER 100 RESIDUES                              .
    0  0.0   TOTAL NUMBER OF HYDROGEN BONDS OF TYPE O(I)-->H-N(I+5), SAME NUMBER PER 100 RESIDUES                              .
  1  2  3  4  5  6  7  8  9 10 11 12 13 14 15 16 17 18 19 20 21 22 23 24 25 26 27 28 29 30     *** HISTOGRAMS OF ***           .
  0  0  0  1  0  0  0  1  0  0  0  0  0  0  0  0  0  0  0  0  0  0  0  0  0  0  0  0  0  0    RESIDUES PER ALPHA HELIX         .
  0  0  0  0  0  0  0  0  0  0  0  0  0  0  0  0  0  0  0  0  0  0  0  0  0  0  0  0  0  0    PARALLEL BRIDGES PER LADDER      .
  0  0  0  0  1  1  1  0  0  1  0  0  0  0  0  0  0  0  0  0  0  0  0  0  0  0  0  0  0  0    ANTIPARALLEL BRIDGES PER LADDER  .
  0  0  0  1  0  0  0  0  0  0  0  0  0  0  0  0  0  0  0  0  0  0  0  0  0  0  0  0  0  0    LADDERS PER SHEET                .
  #  RESIDUE AA STRUCTURE BP1 BP2  ACC     N-H-->O    O-->H-N    N-H-->O    O-->H-N    TCO  KAPPA ALPHA  PHI   PSI    X-CA   Y-CA   Z-CA            CHAIN
    1    1 A M              0   0  210      0, 0.0     2,-0.8     0, 0.0     3,-0.0   0.000 360.0 360.0 360.0 133.7   17.4    7.1   -9.1               
    2    2 A T    >>  -     0   0   99      1,-0.2     3,-1.8     2,-0.1     4,-1.3  -0.611 360.0-146.2 -68.8 105.0   18.7    4.2   -6.9               
    3    3 A V  H 3> S+     0   0  130     -2,-0.8     4,-0.9     1,-0.3    -1,-0.2   0.713  89.8  53.9 -55.4 -24.3   18.3    1.5   -9.6               
    4    4 A G  H 3> S+     0   0   52      2,-0.2     4,-0.6     1,-0.1    -1,-0.3   0.689 105.9  48.8 -85.5 -21.2   17.5   -1.3   -7.0               
    5    5 A K  H <> S+     0   0  158     -3,-1.8     4,-1.3     2,-0.1    -2,-0.2   0.867 107.4  54.1 -85.6 -37.3   14.5    0.5   -5.2               
    6    6 A S  H  X S+     0   0   32     -4,-1.3     4,-2.5     1,-0.2     5,-0.2   0.905 102.0  58.6 -62.6 -42.0   12.6    1.5   -8.3               
    7    7 A S  H  X S+     0   0   55     -4,-0.9     4,-1.2     1,-0.2    -1,-0.2   0.872 104.3  50.3 -60.3 -40.4   12.5   -2.1   -9.7               
    8    8 A K  H  < S+     0   0  144     -4,-0.6     4,-0.3     1,-0.2    -1,-0.2   0.899 112.7  46.5 -64.4 -41.3   10.7   -3.5   -6.7               
    9    9 A M  H >< S+     0   0   33     -4,-1.3     3,-1.6     1,-0.2     4,-0.4   0.900 105.3  59.6 -70.2 -38.4    8.0   -0.8   -6.8               
   10   10 A L  H >< S+     0   0   97     -4,-2.5     3,-1.1     1,-0.3    -1,-0.2   0.828  96.9  62.3 -57.9 -33.3    7.5   -1.2  -10.6               
   11   11 A Q  T 3< S+     0   0  135     -4,-1.2    -1,-0.3     1,-0.2    -2,-0.2   0.677 102.7  50.6 -65.0 -20.6    6.5   -4.9  -10.1               
   12   12 A H  T X  S+     0   0   59     -3,-1.6     3,-1.5    -4,-0.3    19,-0.3   0.434  79.4 125.2-100.2  -4.6    3.5   -3.8   -8.0               
   13   13 A I  T <  S+     0   0   46     -3,-1.1    19,-0.2    -4,-0.4     3,-0.1  -0.312  79.4  14.3 -58.3 141.1    2.1   -1.2  -10.6               
   14   14 A D  T 3  S+     0   0   48     17,-3.1    -1,-0.2     1,-0.3    18,-0.1   0.134  99.9 122.0  69.0  -8.2   -1.6   -1.9  -11.5               
   15   15 A Y  S <  S-     0   0   91     -3,-1.5    16,-2.8    16,-0.2     2,-0.7  -0.370  75.7-106.1 -70.6 154.4   -2.0   -4.3   -8.4               
   16   16 A R  E     -AB  30  84A  90     68,-1.9    67,-3.0    14,-0.2    68,-1.8  -0.752  49.0-162.5 -78.2 115.0   -4.6   -3.6   -5.8               
   17   17 A M  E     -AB  29  82A   4     12,-3.0    12,-2.0    -2,-0.7     2,-0.6  -0.863  21.2-144.5-110.2 138.4   -2.5   -2.4   -2.9               
   18   18 A R  E     -AB  28  81A  74     63,-3.1    63,-2.3    -2,-0.4     2,-0.5  -0.916  22.7-167.6 -95.0 117.8   -3.2   -2.1    0.8               
   19   19 A C  E     -AB  27  80A   0      8,-3.3     8,-2.9    -2,-0.6     2,-0.5  -0.925   7.7-152.7-110.0 126.0   -1.4    1.0    2.2               
   20   20 A I  E     -AB  26  79A  57     59,-2.6    58,-3.0    -2,-0.5    59,-1.2  -0.884  13.3-150.9-100.9 127.7   -1.1    1.6    6.0               
   21   21 A L  E >   - B   0  77A  16      4,-2.8     3,-1.9    -2,-0.5    56,-0.2  -0.556  27.1-109.0 -93.7 161.3   -0.8    5.2    7.2               
   22   22 A Q  T 3  S+     0   0  134     54,-2.1    55,-0.1     1,-0.3    -1,-0.1   0.794 118.9  56.0 -58.3 -31.6    1.0    6.6   10.3               
   23   23 A D  T 3  S-     0   0   95     53,-0.2    -1,-0.3     2,-0.1    53,-0.0   0.338 124.0-102.5 -85.9   6.8   -2.4    7.4   11.9               
   24   24 A G  S <  S+     0   0   40     -3,-1.9    26,-0.4     1,-0.3    -2,-0.1   0.457  76.2 139.3  84.9   3.9   -3.5    3.7   11.5               
   25   25 A R        -     0   0   82     24,-0.1    -4,-2.8    -5,-0.0     2,-0.5  -0.460  43.2-143.0 -70.9 152.8   -5.8    4.2    8.5               
   26   26 A I  E     -AC  20  48A  14     22,-2.4    22,-3.1    -6,-0.2     2,-0.5  -0.981  10.3-164.1-122.5 123.7   -5.8    1.7    5.7               
   27   27 A F  E     -AC  19  47A  17     -8,-2.9    -8,-3.3    -2,-0.5     2,-0.5  -0.921   4.0-170.6-106.1 129.0   -6.1    2.7    2.1               
   28   28 A I  E     +AC  18  46A   7     18,-2.8    18,-2.7    -2,-0.5     2,-0.3  -0.978  29.8 121.9-122.5 117.7   -7.0   -0.0   -0.5               
   29   29 A G  E     -A   17   0A   0    -12,-2.0   -12,-3.0    -2,-0.5     2,-0.6  -0.964  66.2 -72.6-162.3 171.4   -6.8    1.0   -4.2               
   30   30 A T  E     -AC  16  43A   6     13,-2.8    13,-2.6    -2,-0.3     2,-0.7  -0.675  48.4-133.3 -77.4 116.9   -5.2    0.2   -7.6               
   31   31 A F  E     + C   0  42A   0    -16,-2.8   -17,-3.1    -2,-0.6   -16,-0.2  -0.614  38.3 160.4 -79.8 111.7   -1.6    1.4   -7.5               
   32   32 A K  E     +     0   0A  64      9,-2.7     2,-0.3    -2,-0.7    -1,-0.2   0.786  56.2   3.5-104.0 -35.7   -0.8    3.4  -10.6               
   33   33 A A  E     - C   0  41A  42      8,-0.9     8,-2.5   -20,-0.0    -1,-0.3  -0.995  51.4-167.0-153.2 154.3    2.2    5.6  -10.0               
   34   34 A F  E     - C   0  40A  55     -2,-0.3     2,-0.2     6,-0.2     6,-0.2  -0.947   8.6-150.7-137.1 162.9    5.0    6.4   -7.5               
   35   35 A D    >   -     0   0   77      4,-1.1     3,-2.3    -2,-0.3    -2,-0.0  -0.758  40.7 -92.7-121.6 171.0    7.6    9.1   -6.9               
   36   36 A K  T 3  S+     0   0  187      1,-0.3    -1,-0.0    -2,-0.2   -30,-0.0   0.755 127.7  52.5 -49.9 -32.0   11.1    9.3   -5.3               
   37   37 A H  T 3  S-     0   0  126      2,-0.1    -1,-0.3     0, 0.0     3,-0.1   0.298 120.9-108.2 -88.3   5.0    9.3   10.4   -2.1               
   38   38 A M    <   +     0   0   62     -3,-2.3     2,-0.4     1,-0.3    -2,-0.1   0.714  61.3 161.8  61.8  25.6    6.9    7.4   -2.1               
   39   39 A N        -     0   0   41     34,-0.2    -4,-1.1    35,-0.1     2,-0.4  -0.660  26.5-153.7 -65.3 128.2    4.0    9.7   -3.1               
   40   40 A L  E     -CD  34  72A   0     32,-2.3    32,-2.7    -2,-0.4     2,-0.6  -0.884  18.8-146.8-114.0 143.6    1.4    7.2   -4.4               
   41   41 A I  E     -CD  33  71A  50     -8,-2.5    -9,-2.7    -2,-0.4    -8,-0.9  -0.949  21.8-174.7-103.1 120.4   -1.4    7.4   -6.9               
   42   42 A L  E     -CD  31  70A   0     28,-2.8    28,-2.8    -2,-0.6     3,-0.4  -0.978   8.1-157.9-116.0 120.8   -4.3    5.0   -6.0               
   43   43 A C  E    S+C   30   0A  34    -13,-2.6   -13,-2.8    -2,-0.5    26,-0.2  -0.703  77.5  10.8 -90.2 151.9   -7.4    4.6   -8.3               
   44   44 A D  E    S-     0   0A 121     -2,-0.3     2,-0.3   -15,-0.2    -1,-0.2   0.869  92.3-175.0  48.9  42.9  -10.7    3.3   -6.9               
   45   45 A C  E     - D   0  68A   0     23,-3.0    22,-2.7    -3,-0.4    23,-1.9  -0.552  17.9-165.1 -78.7 133.8   -9.4    3.9   -3.4               
   46   46 A D  E     -CD  28  66A  13    -18,-2.7   -18,-2.8    -2,-0.3     2,-0.4  -0.927  11.7-143.1-110.8 137.1  -11.3    2.9   -0.2               
   47   47 A E  E     -CD  27  65A   7     18,-3.2    18,-2.8    -2,-0.4     2,-0.5  -0.881  12.4-163.8 -97.2 132.6  -10.4    4.1    3.3               
   48   48 A F  E     -CD  26  64A  41    -22,-3.1   -22,-2.4    -2,-0.4     2,-0.5  -0.975   3.4-168.6-117.0 125.9  -10.7    1.7    6.2               
   49   49 A R  E     - D   0  63A 114     14,-2.4    14,-2.6    -2,-0.5     2,-0.6  -0.965  19.6-133.8-115.5 125.8  -10.7    3.1    9.8               
   50   50 A K  E     - D   0  62A 107     -2,-0.5     2,-0.7   -26,-0.4    12,-0.2  -0.681  19.8-154.5 -74.9 115.3  -10.5    0.8   12.9               
   51   51 A I  E     - D   0  61A  73     10,-2.8    10,-1.1    -2,-0.6     3,-0.0  -0.853  14.0-132.9 -92.6 115.2  -13.1    1.9   15.4               
   52   52 A K        -     0   0  187     -2,-0.7     2,-0.2     8,-0.1     8,-0.1  -0.521  30.6-115.1 -61.2 123.6  -12.1    1.0   18.9               
   53   53 A P        -     0   0   57      0, 0.0    -1,-0.1     0, 0.0     7,-0.1  -0.431  11.0-142.1 -64.7 134.0  -15.2   -0.6   20.5               
   54   54 A K  S    S+     0   0  223     -2,-0.2     2,-0.4     1,-0.1    -2,-0.1   0.678  93.4  45.6 -64.1 -19.1  -16.6    1.5   23.4               
   55   55 A N  S >  S-     0   0  109      4,-0.1     3,-2.4     3,-0.0    -1,-0.1  -0.997  83.2-133.9-133.4 128.0  -17.4   -1.9   25.1               
   56   56 A A  T 3  S+     0   0  104     -2,-0.4    -1,-0.0     1,-0.3    -2,-0.0   0.576 102.9  61.9 -62.1 -12.9  -14.9   -4.8   25.2               
   57   57 A K  T 3  S+     0   0  193      2,-0.1    -1,-0.3     0, 0.0    -3,-0.0   0.479  84.9  91.4 -87.9  -9.1  -17.7   -7.3   24.2               
   58   58 A Q  S <  S-     0   0  123     -3,-2.4     3,-0.1     1,-0.1    -3,-0.0  -0.778  83.7-112.9 -90.2 135.2  -18.3   -5.6   20.8               
   59   59 A P        -     0   0  101      0, 0.0     2,-0.2     0, 0.0    -4,-0.1  -0.243  43.3 -87.4 -60.1 150.5  -16.3   -6.9   17.8               
   60   60 A E        -     0   0  114     -7,-0.1     2,-0.5    -8,-0.1    -8,-0.1  -0.455  49.7-148.3 -57.4 121.7  -13.7   -4.6   16.2               
   61   61 A R  E     -D   51   0A 187    -10,-1.1   -10,-2.8    -2,-0.2     2,-0.5  -0.895   6.7-154.1-101.9 127.6  -15.6   -2.5   13.6               
   62   62 A E  E     -D   50   0A  94     -2,-0.5     2,-0.6   -12,-0.2   -12,-0.2  -0.847   9.3-147.9 -94.1 128.4  -14.0   -1.3   10.4               
   63   63 A E  E     -D   49   0A  89    -14,-2.6   -14,-2.4    -2,-0.5     2,-0.5  -0.909  12.5-151.9 -94.6 123.0  -15.6    1.9    8.9               
   64   64 A K  E     -D   48   0A 117     -2,-0.6     2,-0.4   -16,-0.2   -16,-0.2  -0.857  14.3-178.3 -96.5 130.4  -15.4    1.9    5.1               
   65   65 A R  E     -D   47   0A 158    -18,-2.8   -18,-3.2    -2,-0.5     2,-0.4  -0.996  22.3-135.1-126.1 127.9  -15.3    5.3    3.2               
   66   66 A V  E     +D   46   0A 108     -2,-0.4   -20,-0.2   -20,-0.2   -21,-0.1  -0.676  30.6 164.7 -80.1 129.9  -15.1    5.5   -0.6               
   67   67 A L  E     -     0   0A  62    -22,-2.7     2,-0.5    -2,-0.4   -21,-0.2   0.740  20.0-162.6-110.5 -43.8  -12.5    8.1   -1.9               
   68   68 A G  E     +D   45   0A  22    -23,-1.9   -23,-3.0   -25,-0.1     2,-0.5  -0.844  66.6  23.1  91.3-122.4  -12.0    7.3   -5.6               
   69   69 A L  E    S-     0   0A 131     -2,-0.5     2,-0.4   -26,-0.2   -26,-0.2  -0.718  77.2-178.0 -82.6 125.6   -8.8    8.8   -7.1               
   70   70 A V  E     -D   42   0A  20    -28,-2.8   -28,-2.8    -2,-0.5     2,-0.7  -0.983  27.4-159.5-130.1 131.0   -6.2    9.5   -4.3               
   71   71 A L  E     -D   41   0A 123     -2,-0.4     2,-0.5   -30,-0.2   -30,-0.2  -0.941  24.1-161.1 -98.1 109.4   -2.7   11.1   -4.3               
   72   72 A L  E     -D   40   0A  11    -32,-2.7   -32,-2.3    -2,-0.7     2,-0.4  -0.817  15.8-128.3 -92.3 128.2   -1.2    9.8   -1.0               
   73   73 A R    >   -     0   0  144     -2,-0.5     3,-1.6   -34,-0.2     4,-0.3  -0.638  14.7-136.6 -76.4 128.6    1.9   11.7    0.4               
   74   74 A G  G >  S+     0   0   11     -2,-0.4     3,-1.1     1,-0.3    -1,-0.1   0.689  96.7  70.6 -66.9 -20.1    4.7    9.3    1.1               
   75   75 A E  G 3  S+     0   0  106      1,-0.2    -1,-0.3   -53,-0.0   -37,-0.1   0.803 100.9  48.1 -62.9 -28.2    5.7   10.8    4.5               
   76   76 A N  G <  S+     0   0   62     -3,-1.6   -54,-2.1   -55,-0.1     2,-0.4   0.475  91.0 103.5 -89.3  -7.0    2.4    9.4    5.9               
   77   77 A L  E <   +B   21   0A  27     -3,-1.1   -56,-0.2    -4,-0.3     3,-0.1  -0.686  36.6 169.2 -85.2 127.1    3.0    5.9    4.4               
   78   78 A V  E     -     0   0A  92    -58,-3.0     2,-0.3    -2,-0.4   -57,-0.2   0.843  64.6 -15.4 -97.5 -51.3    4.2    3.1    6.8               
   79   79 A S  E     -B   20   0A  48    -59,-1.2   -59,-2.6     2,-0.0    -1,-0.4  -0.981  50.3-147.6-154.3 161.1    3.8   -0.0    4.6               
   80   80 A M  E     +B   19   0A  40     -2,-0.3     2,-0.3   -61,-0.2   -61,-0.2  -0.998  16.0 177.5-132.6 138.6    2.3   -1.5    1.4               
   81   81 A T  E     -B   18   0A  72    -63,-2.3   -63,-3.1    -2,-0.3     2,-0.4  -0.970  37.3-102.0-135.7 152.4    1.1   -5.0    0.7               
   82   82 A V  E     +B   17   0A  73     -2,-0.3   -65,-0.2   -65,-0.2    -2,-0.0  -0.632  37.4 171.5 -71.4 124.6   -0.6   -6.7   -2.3               
   83   83 A E  E     -     0   0A  82    -67,-3.0   -66,-0.2    -2,-0.4    -1,-0.2   0.768  63.1  -8.9 -99.2 -39.1   -4.3   -7.1   -1.7               
   84   84 A G  E    S-B   16   0A  11    -68,-1.8   -68,-1.9     3,-0.0    -1,-0.4  -0.968  75.7 -85.7-157.7 163.1   -5.4   -8.3   -5.1               
   85   85 A P        -     0   0  104      0, 0.0   -69,-0.1     0, 0.0     3,-0.1  -0.225  63.2 -74.8 -66.5 164.2   -4.4   -8.8   -8.8               
   86   86 A P        -     0   0   46      0, 0.0   -71,-0.2     0, 0.0     4,-0.1  -0.357  52.7-107.0 -57.6 133.4   -4.5   -6.0  -11.4               
   87   87 A P        -     0   0   50      0, 0.0     3,-0.1     0, 0.0    -3,-0.0  -0.400  22.5-128.5 -56.5 137.6   -8.0   -5.2  -12.6               
   88   88 A K  S    S+     0   0  203      1,-0.2     2,-1.4     2,-0.1     3,-0.2   0.752 102.5  75.0 -62.5 -22.5   -8.5   -6.5  -16.2               
   89   89 A D        +     0   0  148      1,-0.2    -1,-0.2     4,-0.0     4,-0.0  -0.430  54.7 145.5 -88.2  56.4   -9.7   -3.0  -17.2               
   90   90 A T        +     0   0   62     -2,-1.4     2,-0.8    -4,-0.1    -1,-0.2   0.506  36.5 108.4 -79.2  -0.1   -6.1   -1.5  -17.1               
   91   91 A G  S    S-     0   0   58     -3,-0.2     3,-0.3     1,-0.1    -3,-0.0  -0.762  87.3 -77.6 -82.9 109.8   -7.0    0.9  -20.0               
   92   92 A I        -     0   0  130     -2,-0.8     2,-1.3     1,-0.2    -1,-0.1   0.515  45.1-103.4  23.3 107.4   -7.3    4.5  -19.0               
   93   93 A A        -     0   0  104     -3,-0.1     2,-1.6     1,-0.1    -1,-0.2  -0.453  40.3-150.8 -50.9  89.3  -10.5    5.7  -17.3               
   94   94 A R        -     0   0  208     -2,-1.3    -1,-0.1    -3,-0.3    -3,-0.0  -0.738   5.9-143.9 -67.2  93.2  -11.9    7.4  -20.4               
   95   95 A V        -     0   0  119     -2,-1.6     2,-0.6     1,-0.1    -3,-0.0  -0.568  45.3 -96.6 -35.4 116.8  -13.9   10.1  -18.8               
   96   96 A P        -     0   0  114      0, 0.0     2,-0.7     0, 0.0    -1,-0.1  -0.531  38.2-133.0 -53.2 106.9  -16.5    9.6  -21.5               
   97   97 A L    >   -     0   0  129     -2,-0.6     3,-2.9     1,-0.1     2,-0.5  -0.682  24.9-119.0 -60.0 109.7  -15.3   12.4  -23.8               
   98   98 A A  T 3  S+     0   0  104     -2,-0.7    -1,-0.1     1,-0.3    -3,-0.0  -0.544 106.6  30.6 -53.2 106.3  -18.7   13.9  -24.3               
   99   99 A G  T 3  S+     0   0   47     -2,-0.5    -1,-0.3     2,-0.3    -2,-0.0   0.273  85.7 101.7 115.1  -6.9  -18.6   13.4  -28.1               
  100  100 A A  S <  S+     0   0   78     -3,-2.9     2,-0.7     1,-0.1    -2,-0.1   0.794  78.1  63.2 -80.4 -26.7  -16.4   10.2  -28.5               
  101  101 A A  S    S-     0   0   85     -4,-0.5     2,-2.0     1,-0.0    -2,-0.3  -0.905 101.6-125.1 -85.6 114.0  -19.6    8.1  -29.0               
  102  102 A G        +     0   0   73     -2,-0.7    -2,-0.1     3,-0.0     3,-0.1  -0.480  41.3 176.8 -61.8  79.9  -20.9    9.7  -32.3               
  103  103 A G    >   -     0   0   37     -2,-2.0     3,-1.4     1,-0.1     2,-0.1  -0.575  48.3 -80.1 -74.9 150.7  -24.4   10.6  -31.0               
  104  104 A P  T 3  S+     0   0  147      0, 0.0    -1,-0.1     0, 0.0    -2,-0.0  -0.399 120.7  46.7 -49.6 119.7  -26.7   12.4  -33.4               
  105  105 A G  T 3   +     0   0   83      1,-0.3     2,-0.6    -2,-0.1    -3,-0.0   0.335  66.9 143.7 119.8  -1.6  -25.5   16.1  -33.1               
  106  106 A V    <   -     0   0   87     -3,-1.4     2,-0.5     1,-0.1    -1,-0.3  -0.571  49.5-130.8 -70.0 115.3  -21.6   15.8  -33.4               
  107  107 A G        -     0   0   72     -2,-0.6     2,-0.5     1,-0.0    -1,-0.1  -0.540  15.2-143.7 -65.9 113.3  -20.4   18.9  -35.4               
  108  108 A R        -     0   0  245     -2,-0.5     2,-0.1     1,-0.0    -1,-0.0  -0.726  22.3-119.2 -75.0 121.0  -18.1   17.8  -38.2               
  109  109 A A        -     0   0   94     -2,-0.5     2,-1.5     1,-0.1    -1,-0.0  -0.462  32.0-110.0 -57.0 129.1  -15.3   20.3  -38.6               
  110  110 A A        -     0   0  109     -2,-0.1     2,-0.5     1,-0.0    -1,-0.1  -0.533  36.6-151.8 -67.3  88.7  -15.6   21.7  -42.2               
  111  111 A G        -     0   0   71     -2,-1.5     2,-0.2     1,-0.1     3,-0.2  -0.596  17.9-118.9 -65.4 115.9  -12.4   20.1  -43.7               
  112  112 A R  S    S+     0   0  255     -2,-0.5    -1,-0.1     1,-0.2    -2,-0.0  -0.432  72.2   4.5 -52.5 121.2  -11.1   22.3  -46.5               
  113  113 A G        +     0   0   70     -2,-0.2    -1,-0.2     1,-0.2    -2,-0.0   0.987  39.6 173.6  75.9  86.1  -11.0   20.7  -49.9               
  114  114 A V        -     0   0  135     -3,-0.2     2,-0.6     3,-0.0    -1,-0.2  -0.986  39.8-130.0 -95.8 122.7  -12.1   17.3  -51.3               
  115  115 A P    >   -     0   0  110      0, 0.0     3,-0.5     0, 0.0     2,-0.5  -0.653  15.9-136.4 -66.6 115.6  -11.5   17.6  -55.0               
  116  116 A A  T 3  S+     0   0  106     -2,-0.6    -3,-0.0     1,-0.2     0, 0.0  -0.669  74.7  83.9 -61.8 120.0  -14.7   16.4  -56.7               
  117  117 A G  T 3   +     0   0   74     -2,-0.5    -1,-0.2     1,-0.3    -3,-0.0   0.363  45.6 108.9 164.4 -12.6  -13.5   14.2  -59.5               
  118  118 A V    <   -     0   0  126     -3,-0.5     2,-0.6     1,-0.0    -1,-0.3  -0.766  59.7-136.3 -86.5 120.7  -12.6   10.5  -58.7               
  119  119 A P        -     0   0  119      0, 0.0    -1,-0.0     0, 0.0     0, 0.0  -0.639  18.6-146.9 -69.2 115.3  -15.2    8.0  -60.1               
  120  120 A I        -     0   0  147     -2,-0.6     2,-0.2     1,-0.0     3,-0.0  -0.787  22.9-113.5 -79.8 126.6  -15.8    5.5  -57.2               
  121  121 A P        -     0   0  116      0, 0.0     2,-0.5     0, 0.0    -1,-0.0  -0.451  34.2-113.8 -57.1 123.7  -16.4    2.0  -58.7               
  122  122 A Q        -     0   0  198     -2,-0.2     3,-0.1     1,-0.0     0, 0.0  -0.515  26.1-140.4 -58.9 114.9  -20.0    1.1  -57.9               
  123  123 A A        -     0   0   85     -2,-0.5     3,-0.1     1,-0.1    -1,-0.0  -0.579  41.0 -82.8 -67.1 145.3  -20.0   -1.8  -55.4               
  124  124 A P    >   -     0   0  122      0, 0.0     2,-0.7     0, 0.0     3,-0.7  -0.228  41.6-110.2 -55.7 134.5  -22.8   -4.3  -56.3               
  125  125 A A  T 3  S+     0   0  114      1,-0.2    -3,-0.0     2,-0.1     0, 0.0  -0.547  90.7  89.3 -61.0 106.6  -26.3   -3.5  -55.1               
  126  126 A G  T 3   +     0   0   62     -2,-0.7    -1,-0.2    -3,-0.1    -3,-0.0   0.342  66.8  64.1 179.9 -20.8  -26.7   -6.3  -52.4               
  127  127 A L    <   +     0   0  176     -3,-0.7     2,-0.3     2,-0.0    -2,-0.1   0.063  63.7 144.5-104.6  21.9  -25.4   -5.2  -48.9               
  128  128 A A        -     0   0   91      1,-0.1     3,-0.2     3,-0.0    -3,-0.0  -0.491  52.6-121.5 -56.6 117.5  -28.1   -2.5  -48.6               
  129  129 A G        -     0   0   50     -2,-0.3     3,-0.2     1,-0.2    -1,-0.1   0.060  62.2 -29.2 -55.3 175.1  -28.9   -2.5  -44.9               
  130  130 A P  S    S-     0   0  136      0, 0.0     2,-0.2     0, 0.0    -1,-0.2   0.039  76.8-108.6 -45.1 121.1  -32.5   -3.2  -43.6               
  131  131 A V    >   -     0   0  104     -3,-0.2     3,-1.7     1,-0.1     2,-0.5  -0.325  31.8-120.6 -54.3 114.3  -35.0   -1.9  -46.2               
  132  132 A R  T 3  S+     0   0  251      1,-0.2    -1,-0.1    -2,-0.2     3,-0.1  -0.501  97.7  27.7 -58.0 111.1  -36.6    1.2  -44.8               
  133  133 A G  T 3  S+     0   0   79     -2,-0.5     2,-0.6     1,-0.2    -1,-0.2   0.277  87.9 107.5 117.4  -4.5  -40.4    0.3  -44.7               
  134  134 A V  S <  S-     0   0  122     -3,-1.7    -1,-0.2     1,-0.1    -3,-0.0  -0.907  90.0  -0.0-104.6 116.7  -40.5   -3.5  -44.3               
  135  135 A G  S    S+     0   0   82     -2,-0.6    -1,-0.1     1,-0.3     3,-0.1   0.445  89.2 131.1  95.2   4.7  -41.7   -4.8  -40.8               
  136  136 A G        -     0   0   56      1,-0.1    -1,-0.3    -3,-0.1     3,-0.1  -0.594  67.1 -89.7 -83.5 151.2  -42.2   -1.5  -38.8               
  137  137 A P        -     0   0   85      0, 0.0    -1,-0.1     0, 0.0     5,-0.1  -0.224  54.9 -94.2 -53.1 143.1  -45.4   -0.8  -36.7               
  138  138 A S    >>  -     0   0   69      1,-0.1     3,-2.4     3,-0.1     4,-0.8  -0.269  32.8-110.1 -60.6 148.5  -48.2    0.9  -38.8               
  139  139 A Q  H >> S+     0   0  156      1,-0.3     3,-0.7     2,-0.2     4,-0.7   0.812 117.8  64.7 -48.7 -34.5  -48.4    4.7  -38.6               
  140  140 A Q  H 34 S+     0   0  167      1,-0.2    -1,-0.3     2,-0.2     3,-0.1   0.731 100.0  51.3 -64.5 -24.2  -51.7    4.4  -36.6               
  141  141 A V  H <4 S+     0   0  107     -3,-2.4    -1,-0.2     1,-0.2    -2,-0.2   0.685 107.3  54.1 -84.7 -20.4  -49.7    2.7  -33.7               
  142  142 A M  H << S+     0   0  118     -4,-0.8    -2,-0.2    -3,-0.7    -1,-0.2   0.541  85.6  97.0 -90.6  -8.4  -47.1    5.6  -33.7               
  143  143 A T  S  < S-     0   0   84     -4,-0.7     2,-0.5    -3,-0.1    -1,-0.0  -0.746  71.8-137.3 -85.7 114.7  -49.8    8.4  -33.3               
  144  144 A P        -     0   0  124      0, 0.0     2,-0.6     0, 0.0    -2,-0.1  -0.561  16.4-136.2 -66.4 118.1  -50.2    9.6  -29.6               
  145  145 A Q        -     0   0  191     -2,-0.5     2,-0.3     1,-0.1    -2,-0.0  -0.707  26.1-123.5 -73.6 115.9  -53.9   10.0  -28.9               
  146  146 A G        -     0   0   81     -2,-0.6     2,-0.5     1,-0.0    -1,-0.1  -0.481  27.0-167.0 -65.4 124.0  -54.2   13.3  -27.0               
  147  147 A R        -     0   0  250     -2,-0.3    -1,-0.0     1,-0.1    -2,-0.0  -0.979  39.0 -42.3-112.7 115.7  -55.9   13.1  -23.6               
  148  148 A G        -     0   0   63     -2,-0.5    -1,-0.1     1,-0.1     0, 0.0   0.839  50.4 -96.0  61.5  95.3  -57.0   16.2  -21.8               
  149  149 A T        +     0   0  142      1,-0.0     2,-0.3     0, 0.0    -1,-0.1   0.227  24.3 174.4  14.8 114.9  -56.1   19.6  -20.8               
  150  150 A V        -     0   0  151      0, 0.0     2,-0.1     0, 0.0    -1,-0.0  -0.878  24.7-158.7-142.8 132.2  -54.6   21.0  -17.7               
  151  151 A A        +     0   0  102     -2,-0.3     0, 0.0     2,-0.0     0, 0.0  -0.346  30.3  83.6 -89.0 172.3  -53.7   24.7  -17.8               
  152  152 A A        -     0   0   98     -2,-0.1    -1,-0.0     2,-0.0     0, 0.0   0.946  48.4-116.4  91.1 100.3  -51.5   27.4  -16.1               
  153  153 A A        -     0   0   99      1,-0.1     2,-0.5     0, 0.0    -2,-0.0   0.219  11.5-145.0   1.9 129.3  -48.1   28.9  -16.1               
  154  154 A A        -     0   0  107      0, 0.0     2,-0.1     0, 0.0    -1,-0.1  -0.985  24.5-150.4-121.2 117.1  -45.4   28.9  -13.4               
  155  155 A V        -     0   0  138     -2,-0.5     0, 0.0     1,-0.2     0, 0.0  -0.348  22.4 -88.1 -75.9 156.5  -43.5   32.2  -13.5               
  156  156 A A        +     0   0   86     -2,-0.1    -1,-0.2     1,-0.0     0, 0.0  -0.081  64.0  26.8 -56.2 160.2  -39.8   32.8  -12.4               
  157  157 A A        +     0   0   93      1,-0.1     2,-0.1     2,-0.0    -2,-0.1   0.983  28.1 140.6  71.0 113.7  -37.9   33.6   -9.3               
  158  158 A T        +     0   0  148      1,-0.0     2,-0.1     3,-0.0    -1,-0.1  -0.492  20.0 135.8-164.2 120.9  -37.6   33.5   -5.6               
  159  159 A A        +     0   0   97      1,-0.1    -1,-0.0    -2,-0.1    -2,-0.0  -0.544  48.4  73.1-149.8  87.8  -34.5   32.8   -3.5               
  160  160 A S        +     0   0  117     -2,-0.1     2,-0.2     1,-0.1    -1,-0.1  -0.037  35.7 122.4 175.4 101.2  -33.9   35.1   -0.5               
  161  161 A I        -     0   0  174     -3,-0.1     2,-0.3     2,-0.0    -1,-0.1  -0.774  25.1-175.5-145.0 118.5  -35.5   35.4    2.9               
  162  162 A A        +     0   0  101     -2,-0.2     2,-0.0     0, 0.0    -2,-0.0  -0.753  19.7 157.5 -81.8 145.9  -33.5   35.1    6.1               
  163  163 A G        -     0   0   74     -2,-0.3    -2,-0.0     1,-0.0     0, 0.0  -0.099  31.3 -77.4 170.6  96.1  -35.6   35.2    9.4               
  164  164 A A        -     0   0   98      1,-0.1     2,-0.3    -2,-0.0    -1,-0.0   0.925  26.9-108.4  65.4 138.5  -35.3   34.1   13.0               
  165  165 A P        -     0   0  124      0, 0.0     2,-0.3     0, 0.0    -1,-0.1  -0.740  28.4-171.9 -96.6 147.0  -35.6   31.2   15.5               
  166  166 A T        -     0   0  116     -2,-0.3     0, 0.0     1,-0.1     0, 0.0  -0.876  29.1 -60.9-149.7 119.3  -38.4   30.6   18.1               
  167  167 A Q        -     0   0  180     -2,-0.3    -1,-0.1     1,-0.1     0, 0.0   0.876  24.2-134.7  51.4 121.0  -38.9   28.2   21.0               
  168  168 A Y        -     0   0  224      2,-0.0    -1,-0.1     0, 0.0     0, 0.0  -0.683  10.7-156.5 -75.5 150.2  -39.2   24.6   22.1               
  169  169 A P        -     0   0  110      0, 0.0     2,-0.7     0, 0.0     0, 0.0  -0.994  25.3-125.4-112.4 139.1  -41.8   23.3   24.4               
  170  170 A P        -     0   0  128      0, 0.0     2,-0.4     0, 0.0    -2,-0.0  -0.708  22.4-139.4 -82.5 112.9  -40.7   20.0   26.1               
  171  171 A G        -     0   0   84     -2,-0.7     2,-0.3     1,-0.0     0, 0.0  -0.621  17.2-143.2 -74.9 122.2  -43.4   17.3   25.5               
  172  172 A R        +     0   0  252     -2,-0.4    -1,-0.0     1,-0.1     0, 0.0  -0.703  39.4  37.4 -83.6 133.7  -44.1   15.1   28.6               
  173  173 A G        +     0   0   66     -2,-0.3    -1,-0.1     1,-0.1    -2,-0.0   0.900  40.4  83.1  95.2 110.7  -44.8   11.4   28.7               
  174  174 A T        -     0   0  139      2,-0.0    -1,-0.1     0, 0.0     0, 0.0   0.123  26.8-153.9 178.8 137.3  -44.8    8.0   27.9               
  175  175 A P        -     0   0  116      0, 0.0     0, 0.0     0, 0.0     0, 0.0  -0.615  42.9-100.4 -77.6 149.5  -42.7    4.8   28.8               
  176  176 A P        -     0   0  116      0, 0.0    -2,-0.0     0, 0.0     0, 0.0  -0.369  39.7-106.2 -69.7 149.1  -42.8    2.0   26.2               
  177  177 A P        -     0   0  106      0, 0.0     2,-1.0     0, 0.0     0, 0.0  -0.425  25.4-119.4 -71.3 148.7  -45.0   -1.1   26.9               
  178  178 A P        +     0   0  132      0, 0.0     2,-0.3     0, 0.0     0, 0.0  -0.783  47.5 169.8 -88.6 100.4  -43.5   -4.4   28.0               
  179  179 A V        -     0   0  135     -2,-1.0     0, 0.0     1,-0.2     0, 0.0  -0.960  19.6 -35.9-144.1 132.5  -44.5   -6.9   25.2               
  180  180 A G        -     0   0   68     -2,-0.3     2,-0.2     1,-0.1    -1,-0.2   0.848  26.0-109.1 170.3 148.8  -43.6   -9.9   24.6               
  181  181 A R        -     0   0  250      1,-0.1    -1,-0.1     0, 0.0     0, 0.0  -0.420  67.8 -26.5 -60.1 128.4  -41.7  -13.2   24.1               
  182  182 A A        +     0   0   81     -2,-0.2    -1,-0.1     1,-0.1    -2,-0.1   0.935  42.9 142.1  59.8 113.3  -40.9  -14.6   20.7               
  183  183 A T        -     0   0  137      2,-0.0    -1,-0.1     3,-0.0     0, 0.0  -0.510  28.1-157.1-155.5 117.0  -41.6  -14.9   17.1               
  184  184 A P        -     0   0  111      0, 0.0     3,-0.0     0, 0.0     0, 0.0  -0.520  43.0 -86.8 -70.2 149.9  -38.6  -15.1   14.7               
  185  185 A P        -     0   0  119      0, 0.0     2,-0.7     0, 0.0    -2,-0.0  -0.345  39.6-114.6 -60.9 132.7  -39.5  -14.0   11.1               
  186  186 A P        +     0   0  136      0, 0.0    -3,-0.0     0, 0.0     0, 0.0  -0.588  65.0 134.5 -66.9 110.3  -40.9  -16.9    8.8               
  187  187 A G        -     0   0   59     -2,-0.7     0, 0.0    -3,-0.0     0, 0.0  -0.054  48.9 -89.3-178.7  56.6  -38.1  -17.1    6.2               
  188  188 A I        +     0   0  167      2,-0.1     0, 0.0     1,-0.0     0, 0.0   0.689  66.2  52.9  51.2 104.8  -36.7  -20.3    5.1               
  189  189 A M        +     0   0  164      1,-0.0    -1,-0.0     2,-0.0     0, 0.0   0.560  21.3 163.8-166.2 112.5  -34.6  -22.7    5.5               
  190  190 A A        -     0   0   92      1,-0.1    -2,-0.1     3,-0.0    -1,-0.0  -0.716  52.4-109.4 -73.2 135.0  -33.6  -24.9    8.4               
  191  191 A P        -     0   0  103      0, 0.0     3,-0.1     0, 0.0    -1,-0.1  -0.408  44.9 -89.6 -64.2 145.3  -31.7  -28.0    7.0               
  192  192 A P    >   -     0   0   83      0, 0.0     3,-1.6     0, 0.0     2,-0.5  -0.278  42.1-104.3 -56.4 136.2  -33.7  -31.3    7.3               
  193  193 A P  T 3  S+     0   0  142      0, 0.0     3,-0.1     0, 0.0    -3,-0.0  -0.494 108.7  51.6 -57.9 110.6  -33.2  -33.3   10.5               
  194  194 A G  T 3  S+     0   0   78     -2,-0.5     2,-1.2     1,-0.1     0, 0.0   0.136  71.9 108.3 140.3 -17.2  -31.0  -36.1    9.3               
  195  195 A M    <   -     0   0  158     -3,-1.6    -1,-0.1     3,-0.0     0, 0.0  -0.718  49.8-164.1 -89.5  93.9  -28.0  -34.4    7.5               
  196  196 A R        -     0   0  233     -2,-1.2     3,-0.1    -3,-0.1     0, 0.0  -0.657  27.1-118.9 -61.2 125.4  -25.0  -34.9    9.7               
  197  197 A P        -     0   0  111      0, 0.0     3,-0.1     0, 0.0     2,-0.0  -0.448  47.3 -83.6 -60.0 144.3  -22.3  -32.4    8.5               
  198  198 A P        -     0   0  127      0, 0.0    -3,-0.0     0, 0.0     0, 0.0  -0.350  55.8 -96.1 -58.3 128.6  -19.2  -34.5    7.3               
  199  199 A M        -     0   0  181      1,-0.1    -3,-0.0    -3,-0.1     0, 0.0  -0.205  42.3-114.5 -41.9 121.3  -17.0  -35.3   10.3               
  200  200 A G        -     0   0   52      1,-0.1    -1,-0.1    -3,-0.1     3,-0.1  -0.253  45.3 -83.0 -55.9 152.2  -14.2  -32.8   10.7               
  201  201 A P        -     0   0  125      0, 0.0    -1,-0.1     0, 0.0     3,-0.1  -0.331  60.2 -94.8 -62.1 144.3  -10.7  -34.3   10.1               
  202  202 A P        -     0   0  120      0, 0.0     2,-0.2     0, 0.0    -3,-0.0  -0.260  43.5 -85.8 -66.1 146.9   -9.3  -35.9   13.2               
  203  203 A I        -     0   0  164     -3,-0.1     2,-0.5     1,-0.1    -3,-0.0  -0.334  48.5-171.0 -41.0 106.7   -7.1  -34.3   15.8               
  204  204 A G        -     0   0   66     -2,-0.2    -1,-0.1    -3,-0.1     0, 0.0  -0.866   2.3-172.6-116.8  90.0   -3.6  -34.8   14.3               
  205  205 A L        -     0   0  152     -2,-0.5    -2,-0.0     0, 0.0     0, 0.0  -0.625   9.6-167.8 -59.7 138.0   -0.9  -33.9   16.8               
  206  206 A P        -     0   0  116      0, 0.0     2,-0.2     0, 0.0    -2,-0.0  -0.993  23.2-136.5-110.4 137.7    2.7  -33.8   15.8               
  207  207 A P        +     0   0  114      0, 0.0     0, 0.0     0, 0.0     0, 0.0  -0.530  45.3  55.1 -79.3 160.1    5.0  -33.5   18.8               
  208  208 A A        +     0   0   96     -2,-0.2     0, 0.0     0, 0.0     0, 0.0   0.945  44.5  64.4  79.9 112.8    8.1  -31.3   19.2               
  209  209 A R        -     0   0  251      2,-0.0     0, 0.0     0, 0.0     0, 0.0   0.769  59.0  -6.7 151.5 111.5    9.8  -28.3   19.2               
  210  210 A G        +     0   0   74      1,-0.1     0, 0.0     0, 0.0     0, 0.0   0.922  34.3 169.7 109.6  78.1   10.5  -24.9   20.6               
  211  211 A T        -     0   0  130      0, 0.0     2,-0.4     0, 0.0    -1,-0.1  -0.858  12.5-166.2 -86.0 141.2    8.7  -22.7   23.2               
  212  212 A P        -     0   0  122      0, 0.0     0, 0.0     0, 0.0     0, 0.0  -0.887  30.2-130.4-118.5 102.8   10.0  -19.5   24.7               
  213  213 A I        +     0   0  167     -2,-0.4     0, 0.0     1,-0.1     0, 0.0   0.299  51.9 103.7  23.0 124.2    8.0  -18.7   27.6               
  214  214 A G        +     0   0   71      1,-0.2    -1,-0.1     0, 0.0     0, 0.0   0.696  34.8  94.4 146.0  29.8    6.3  -15.5   28.7               
  215  215 A M        -     0   0  185      0, 0.0    -1,-0.2     0, 0.0    -2,-0.0  -0.950  52.9-146.5-121.3 114.0    2.7  -14.4   28.7               
  216  216 A P        -     0   0   79      0, 0.0     3,-0.1     0, 0.0     4,-0.0  -0.447  31.1 -96.5 -69.9 147.1    0.8  -14.9   32.0               
  217  217 A P    >   -     0   0   95      0, 0.0     3,-1.6     0, 0.0     2,-0.3  -0.252  54.0 -80.9 -57.4 149.4   -3.0  -15.7   31.7               
  218  218 A P  T 3  S+     0   0  144      0, 0.0     3,-0.1     0, 0.0     0, 0.0  -0.362 119.0  48.6 -55.9 110.9   -5.5  -12.8   32.1               
  219  219 A G  T 3  S+     0   0   82     -2,-0.3     2,-0.6     1,-0.2     0, 0.0   0.156  80.0 101.2 139.2 -15.4   -5.7  -12.4   36.0               
  220  220 A M    <   -     0   0  144     -3,-1.6    -1,-0.2    -4,-0.0     0, 0.0  -0.868  64.1-138.9-102.6 117.2   -2.0  -12.4   37.2               
  221  221 A R        -     0   0  240     -2,-0.6     0, 0.0    -3,-0.1     0, 0.0  -0.538  28.1-111.4 -67.6 131.1   -0.6   -8.9   38.1               
  222  222 A P        -     0   0  106      0, 0.0    -1,-0.1     0, 0.0     0, 0.0  -0.385  39.1-101.5 -64.1 143.8    3.1   -8.5   36.8               
  223  223 A P        -     0   0  113      0, 0.0     3,-0.1     0, 0.0     4,-0.0  -0.300  48.7 -85.7 -64.5 152.3    5.6   -8.4   39.7               
  224  224 A P    >   -     0   0  104      0, 0.0     3,-0.9     0, 0.0     2,-0.4  -0.260  49.0 -97.4 -58.0 143.9    7.0   -4.8   40.6               
  225  225 A P  T 3  S+     0   0  142      0, 0.0     3,-0.1     0, 0.0     0, 0.0  -0.486 103.4  60.6 -61.2 114.3   10.0   -3.6   38.6               
  226  226 A G  T 3   +     0   0   77     -2,-0.4     2,-0.8    -3,-0.1     0, 0.0   0.270  67.3  95.5 153.0 -13.9   13.1   -4.3   40.8               
  227  227 A I    <   -     0   0  159     -3,-0.9     2,-0.9    -4,-0.0    -1,-0.1  -0.799  51.5-163.5-108.8  91.2   13.5   -8.1   41.5               
  228  228 A R        -     0   0  247     -2,-0.8     0, 0.0    -3,-0.1     0, 0.0  -0.669  21.6-138.4 -67.4 101.7   16.0   -9.6   39.0               
  229  229 A G        -     0   0   47     -2,-0.9    -1,-0.0     1,-0.1     0, 0.0  -0.236  34.2 -81.0 -56.3 154.4   15.3  -13.3   39.4               
  230  230 A P        -     0   0  124      0, 0.0    -1,-0.1     0, 0.0     0, 0.0  -0.287  55.9 -96.3 -60.6 144.8   18.4  -15.6   39.4               
  231  231 A P        -     0   0  101      0, 0.0     3,-0.1     0, 0.0    -3,-0.0  -0.337  48.5 -95.2 -60.7 145.0   19.7  -16.4   35.9               
  232  232 A P    >   -     0   0   85      0, 0.0     3,-1.6     0, 0.0     2,-0.1  -0.290  52.6 -85.3 -59.4 145.8   18.5  -19.8   34.5               
  233  233 A P  T 3  S+     0   0  141      0, 0.0     3,-0.1     0, 0.0     0, 0.0  -0.343 114.9  38.6 -55.6 119.1   20.9  -22.8   35.0               
  234  234 A G  T 3  S+     0   0   81     -2,-0.1     2,-1.0     1,-0.1     0, 0.0   0.207  78.0 112.2 122.6  -9.8   23.5  -22.8   32.2               
  235  235 A M    <   -     0   0  147     -3,-1.6    -1,-0.1     0, 0.0     0, 0.0  -0.767  42.4-172.2 -95.0  96.9   24.3  -19.1   31.6               
  236  236 A R        -     0   0  229     -2,-1.0     3,-0.1    -3,-0.1     0, 0.0  -0.753  26.9-123.8 -72.7 129.6   27.9  -18.4   32.6               
  237  237 A P        -     0   0  109      0, 0.0     2,-0.1     0, 0.0    -1,-0.0  -0.453  33.1 -97.4 -68.1 149.6   28.6  -14.6   32.5               
  238  238 A P        -     0   0  126      0, 0.0     0, 0.0     0, 0.0     0, 0.0  -0.434  41.1-113.2 -65.4 140.1   31.6  -13.5   30.2               
  239  239 A R              0   0  223      1,-0.1    -3,-0.0    -2,-0.1     0, 0.0  -0.465 360.0 360.0 -71.5 152.0   34.8  -12.9   32.2               
  240  240 A P              0   0  201      0, 0.0    -1,-0.1     0, 0.0     0, 0.0  -0.131 360.0 360.0 -59.7 360.0   36.2   -9.3   32.3               
