==== Secondary Structure Definition by the program DSSP, CMBI version 2.0                          ==== DATE=2026-03-08        .
REFERENCE W. KABSCH AND C.SANDER, BIOPOLYMERS 22 (1983) 2577-2637                                                              .
HEADER                                            01-AUG-25                                                                    .
COMPND    MOL_ID: 1; MOLECULE: PROLINE-RICH PROTEIN 3; CHAIN: A                                                                .
SOURCE    MOL_ID: 1; ORGANISM_SCIENTIFIC: HOMO SAPIENS; ORGANISM_TAXID: 9606                                                   .
AUTHOR                                                                                                                         .
  188  1  0  0  0 TOTAL NUMBER OF RESIDUES, NUMBER OF CHAINS, NUMBER OF SS-BRIDGES(TOTAL,INTRACHAIN,INTERCHAIN)                .
 24896.0   ACCESSIBLE SURFACE OF PROTEIN (ANGSTROM**2)                                                                         .
   47 25.0   TOTAL NUMBER OF HYDROGEN BONDS OF TYPE O(I)-->H-N(J)  , SAME NUMBER PER 100 RESIDUES                              .
    2  1.1   TOTAL NUMBER OF HYDROGEN BONDS IN     PARALLEL BRIDGES, SAME NUMBER PER 100 RESIDUES                              .
    0  0.0   TOTAL NUMBER OF HYDROGEN BONDS IN ANTIPARALLEL BRIDGES, SAME NUMBER PER 100 RESIDUES                              .
    0  0.0   TOTAL NUMBER OF HYDROGEN BONDS OF TYPE O(I)-->H-N(I-5), SAME NUMBER PER 100 RESIDUES                              .
    0  0.0   TOTAL NUMBER OF HYDROGEN BONDS OF TYPE O(I)-->H-N(I-4), SAME NUMBER PER 100 RESIDUES                              .
    0  0.0   TOTAL NUMBER OF HYDROGEN BONDS OF TYPE O(I)-->H-N(I-3), SAME NUMBER PER 100 RESIDUES                              .
    0  0.0   TOTAL NUMBER OF HYDROGEN BONDS OF TYPE O(I)-->H-N(I-2), SAME NUMBER PER 100 RESIDUES                              .
    0  0.0   TOTAL NUMBER OF HYDROGEN BONDS OF TYPE O(I)-->H-N(I-1), SAME NUMBER PER 100 RESIDUES                              .
    0  0.0   TOTAL NUMBER OF HYDROGEN BONDS OF TYPE O(I)-->H-N(I+0), SAME NUMBER PER 100 RESIDUES                              .
    0  0.0   TOTAL NUMBER OF HYDROGEN BONDS OF TYPE O(I)-->H-N(I+1), SAME NUMBER PER 100 RESIDUES                              .
   27 14.4   TOTAL NUMBER OF HYDROGEN BONDS OF TYPE O(I)-->H-N(I+2), SAME NUMBER PER 100 RESIDUES                              .
   12  6.4   TOTAL NUMBER OF HYDROGEN BONDS OF TYPE O(I)-->H-N(I+3), SAME NUMBER PER 100 RESIDUES                              .
    5  2.7   TOTAL NUMBER OF HYDROGEN BONDS OF TYPE O(I)-->H-N(I+4), SAME NUMBER PER 100 RESIDUES                              .
    0  0.0   TOTAL NUMBER OF HYDROGEN BONDS OF TYPE O(I)-->H-N(I+5), SAME NUMBER PER 100 RESIDUES                              .
  1  2  3  4  5  6  7  8  9 10 11 12 13 14 15 16 17 18 19 20 21 22 23 24 25 26 27 28 29 30     *** HISTOGRAMS OF ***           .
  0  0  0  0  0  1  0  0  0  0  0  0  0  0  0  0  0  0  0  0  0  0  0  0  0  0  0  0  0  0    RESIDUES PER ALPHA HELIX         .
  1  0  0  0  0  0  0  0  0  0  0  0  0  0  0  0  0  0  0  0  0  0  0  0  0  0  0  0  0  0    PARALLEL BRIDGES PER LADDER      .
  0  0  0  0  0  0  0  0  0  0  0  0  0  0  0  0  0  0  0  0  0  0  0  0  0  0  0  0  0  0    ANTIPARALLEL BRIDGES PER LADDER  .
  0  0  0  0  0  0  0  0  0  0  0  0  0  0  0  0  0  0  0  0  0  0  0  0  0  0  0  0  0  0    LADDERS PER SHEET                .
  #  RESIDUE AA STRUCTURE BP1 BP2  ACC     N-H-->O    O-->H-N    N-H-->O    O-->H-N    TCO  KAPPA ALPHA  PHI   PSI    X-CA   Y-CA   Z-CA            CHAIN
    1    1 A M              0   0  232      0, 0.0     2,-0.1     0, 0.0     0, 0.0   0.000 360.0 360.0 360.0 151.3  -69.7   -2.4  -24.0               
    2    2 A P        -     0   0  104      0, 0.0     0, 0.0     0, 0.0     0, 0.0  -0.339 360.0 -48.9-110.0 152.7  -67.1   -4.3  -22.2               
    3    3 A K        -     0   0  206     -2,-0.1     2,-0.1     1,-0.0     0, 0.0   0.987  24.7-126.0  69.7 114.5  -64.8   -5.3  -19.4               
    4    4 A R        -     0   0  248      2,-0.0     2,-0.4     0, 0.0    -1,-0.0  -0.362  19.4-155.8 -53.0 150.9  -62.2   -4.3  -16.8               
    5    5 A K        +     0   0  197     -2,-0.1     2,-0.4     2,-0.0     0, 0.0  -0.967  14.4 179.9-131.9 122.1  -58.9   -6.1  -16.6               
    6    6 A K        -     0   0  189     -2,-0.4     2,-0.6     0, 0.0    -2,-0.0  -0.994  14.2-151.3-122.9 121.1  -57.2   -6.0  -13.2               
    7    7 A Q        -     0   0  170     -2,-0.4    -2,-0.0     1,-0.1     0, 0.0  -0.975  23.4-127.2-119.7  83.1  -53.8   -7.7  -12.7               
    8    8 A N        -     0   0  111     -2,-0.6     2,-0.4     1,-0.2    -1,-0.1   0.587  19.6 -85.3  70.4 119.2  -53.2   -8.8   -9.5               
    9    9 A H        +     0   0  165      2,-0.0     2,-0.4     1,-0.0    -1,-0.2  -0.704  28.1 179.7 -88.1 130.7  -50.4   -8.5   -6.9               
   10   10 A H        +     0   0  176     -2,-0.4    -1,-0.0     2,-0.0     0, 0.0  -0.899  14.5 163.0-122.9  98.3  -47.3  -10.6   -6.6               
   11   11 A Q        -     0   0  181     -2,-0.4    -2,-0.0     0, 0.0     0, 0.0  -0.964  39.9-121.5-102.8 130.1  -45.2   -9.4   -3.6               
   12   12 A P        -     0   0  109      0, 0.0     2,-0.1     0, 0.0     3,-0.0  -0.464  35.3-100.4 -68.2 147.5  -42.6  -12.0   -2.6               
   13   13 A P        -     0   0  116      0, 0.0     2,-0.5     0, 0.0     0, 0.0  -0.398  34.5-105.9 -70.3 144.8  -42.9  -13.2    1.1               
   14   14 A T        -     0   0  136     -2,-0.1     2,-0.2     1,-0.0     0, 0.0  -0.575  33.5-133.7 -66.0 113.6  -40.7  -11.8    3.8               
   15   15 A Q        -     0   0  188     -2,-0.5     2,-0.2     1,-0.1    -1,-0.0  -0.571  27.2-123.1 -71.8 135.6  -38.0  -14.4    4.7               
   16   16 A Q        -     0   0  186     -2,-0.2    -1,-0.1     1,-0.1     0, 0.0  -0.470  15.2-111.6 -86.1 149.3  -37.8  -14.7    8.5               
   17   17 A Q        -     0   0  185     -2,-0.2    -1,-0.1     1,-0.1     0, 0.0  -0.545  35.6-109.6 -69.8 143.0  -34.7  -14.3   10.8               
   18   18 A P        -     0   0  121      0, 0.0     2,-0.1     0, 0.0    -1,-0.1  -0.537  39.3-116.1 -63.8 138.1  -33.4  -17.5   12.5               
   19   19 A P        -     0   0  121      0, 0.0     0, 0.0     0, 0.0     0, 0.0  -0.461  24.1-111.8 -73.5 150.9  -34.1  -17.3   16.3               
   20   20 A L        -     0   0  159     -2,-0.1     2,-0.8     1,-0.0     0, 0.0  -0.617  29.9-119.3 -73.8 139.3  -31.2  -17.1   18.9               
   21   21 A P        -     0   0  127      0, 0.0     2,-0.7     0, 0.0    -1,-0.0  -0.760  28.8-168.2 -82.6 110.9  -30.9  -20.3   21.1               
   22   22 A E        +     0   0  183     -2,-0.8     2,-0.3     0, 0.0    -2,-0.0  -0.910  18.7 158.5 -97.2 110.2  -31.3  -19.2   24.8               
   23   23 A R        -     0   0  203     -2,-0.7     0, 0.0     1,-0.2     0, 0.0  -0.836  24.5-123.0-148.8 111.1  -30.3  -22.0   27.3               
   24   24 A E        -     0   0  156     -2,-0.3    -1,-0.2     1,-0.0     2,-0.1   1.000  19.9 -58.5  85.9 162.4  -29.4  -22.0   30.6               
   25   25 A E        +     0   0  179      0, 0.0    -1,-0.0     0, 0.0     0, 0.0  -0.245  44.8  54.8-110.1 177.8  -27.0  -22.6   33.5               
   26   26 A T        +     0   0  130     -2,-0.1     2,-0.0     1,-0.0     0, 0.0   0.859  30.9 110.1  85.4 130.2  -24.9  -24.8   35.8               
   27   27 A G        -     0   0   64      0, 0.0    -1,-0.0     0, 0.0     0, 0.0   0.254  38.0 -43.8 135.8 125.3  -22.2  -27.3   36.4               
   28   28 A D        -     0   0  153      2,-0.0     2,-0.0     1,-0.0     0, 0.0   0.690  23.0-131.5  18.7 123.9  -18.7  -28.4   37.6               
   29   29 A E        +     0   0  165      0, 0.0    -1,-0.0     0, 0.0     0, 0.0   0.538  40.6  57.1  77.2 125.8  -15.3  -28.0   38.0               
   30   30 A E        +     0   0  180      1,-0.0     2,-0.1     2,-0.0    -2,-0.0   0.894  42.0  67.1  52.2 108.2  -11.9  -29.7   37.7               
   31   31 A D        +     0   0  173      2,-0.0    -1,-0.0     0, 0.0     0, 0.0  -0.473  37.4  77.3 177.1 173.6   -9.4  -31.5   35.7               
   32   32 A G        -     0   0   54     -2,-0.1    -2,-0.0     2,-0.0     0, 0.0   0.127  52.3-125.9 137.7 -11.2   -6.8  -31.9   32.9               
   33   33 A S        -     0   0  121      0, 0.0     2,-0.0     0, 0.0    -2,-0.0   0.172  29.0 -91.2  65.0 171.2   -3.2  -30.5   33.1               
   34   34 A P        +     0   0  114      0, 0.0    -2,-0.0     0, 0.0     0, 0.0  -0.038  43.2 135.5-112.4-157.4   -1.1  -28.3   30.8               
   35   35 A I        +     0   0  175      1,-0.2     0, 0.0    -2,-0.0     0, 0.0   0.782  32.7 129.1 101.6  82.8    1.4  -27.6   27.8               
   36   36 A G        -     0   0   63      3,-0.0    -1,-0.2     0, 0.0     3,-0.1  -0.975  59.7-102.3-138.4 148.9    0.8  -24.8   25.3               
   37   37 A P        -     0   0  117      0, 0.0     2,-0.5     0, 0.0    -2,-0.0  -0.366  54.3 -83.7 -64.7 151.8    3.3  -22.1   24.2               
   38   38 A P        -     0   0  114      0, 0.0     2,-0.8     0, 0.0     0, 0.0  -0.409  43.0-127.6 -64.4 113.3    2.7  -18.6   25.8               
   39   39 A S    >   -     0   0  107     -2,-0.5     2,-1.4     1,-0.1     3,-0.8  -0.481  13.2-157.0 -62.0 104.7    0.0  -16.8   23.7               
   40   40 A L  T 3  S+     0   0  171     -2,-0.8    -1,-0.1     1,-0.2     0, 0.0  -0.095  76.7  88.1 -71.8  35.1    1.7  -13.4   22.9               
   41   41 A L  T 3   +     0   0  164     -2,-1.4    -1,-0.2     2,-0.1    -2,-0.1   0.192  51.2 113.5-129.8   8.6   -1.9  -12.1   22.4               
   42   42 A G  S <  S-     0   0   58     -3,-0.8     0, 0.0     1,-0.1     0, 0.0  -0.692  74.7-109.4 -76.0 138.2   -2.9  -11.0   25.9               
   43   43 A P        -     0   0  122      0, 0.0    -2,-0.1     0, 0.0     3,-0.1  -0.433  43.4 -98.0 -63.3 143.1   -3.5   -7.2   26.3               
   44   44 A P        -     0   0  113      0, 0.0     2,-0.3     0, 0.0     0, 0.0  -0.396  42.2-102.0 -65.6 139.0   -0.7   -5.5   28.3               
   45   45 A P        -     0   0  128      0, 0.0     2,-0.7     0, 0.0    -3,-0.0  -0.424  35.8-122.3 -63.7 121.9   -1.6   -4.9   32.0               
   46   46 A M        -     0   0  173     -2,-0.3     2,-0.9     1,-0.1     0, 0.0  -0.539  21.7-137.2 -68.6 108.7   -2.4   -1.2   32.5               
   47   47 A A        -     0   0  100     -2,-0.7     2,-1.7     1,-0.1    -1,-0.1  -0.581  12.6-139.3 -71.1 105.1   -0.1    0.1   35.2               
   48   48 A N        -     0   0  160     -2,-0.9     2,-0.4     2,-0.0    -1,-0.1  -0.480  25.0-176.2 -68.6  85.1   -2.2    2.3   37.4               
   49   49 A G        -     0   0   73     -2,-1.7    -2,-0.0     1,-0.0    -3,-0.0  -0.720  25.5-120.0 -78.0 130.4    0.2    5.3   38.1               
   50   50 A K        -     0   0  202     -2,-0.4     2,-0.2     1,-0.1    -1,-0.0  -0.390  18.9-117.5 -71.1 150.8   -1.4    7.8   40.6               
   51   51 A P        +     0   0  134      0, 0.0     2,-0.1     0, 0.0    -1,-0.1  -0.625  45.6 150.8 -81.7 146.9   -2.1   11.5   39.9               
   52   52 A G        +     0   0   78     -2,-0.2    -2,-0.0     1,-0.0     0, 0.0  -0.417  26.0   2.2 142.3 146.2   -0.3   14.3   41.8               
   53   53 A D        -     0   0  121     -2,-0.1     2,-0.7     1,-0.0    -1,-0.0   0.743  32.0-153.2-138.9 144.2    0.9   17.3   42.2               
   54   54 A P        +     0   0  111      0, 0.0     2,-0.3     0, 0.0    -1,-0.0  -0.624  37.5 136.4 -85.5 114.3    1.2   20.5   40.1               
   55   55 A K        -     0   0  169     -2,-0.7     0, 0.0     1,-0.1     0, 0.0  -0.956  36.6 -14.6-151.5 144.3    4.2   23.0   40.9               
   56   56 A S        +     0   0  117     -2,-0.3    -1,-0.1     2,-0.0     0, 0.0   0.850  55.3 104.9  60.8  88.8    6.9   25.2   39.6               
   57   57 A A        +     0   0   86      2,-0.0     2,-1.6     0, 0.0    -2,-0.0  -0.051  18.8 165.1-168.8  81.4    8.8   26.0   36.4               
   58   58 A L        +     0   0  179      2,-0.0     2,-0.4     0, 0.0    -2,-0.0  -0.548  30.1 148.9 -81.5  75.7    7.9   29.2   34.5               
   59   59 A H        -     0   0  181     -2,-1.6     2,-0.2     2,-0.0    -2,-0.0  -0.928  39.8-122.3-119.3 139.3   11.0   29.3   32.3               
   60   60 A R        +     0   0  257     -2,-0.4    -2,-0.0     2,-0.0     0, 0.0  -0.489  46.3 101.5 -79.0 143.7   11.1   30.8   28.7               
   61   61 A G        -     0   0   70     -2,-0.2    -2,-0.0     0, 0.0    -1,-0.0   0.320  28.7-163.9 145.2 107.9   12.1   29.3   25.3               
   62   62 A P        +     0   0  124      0, 0.0     2,-0.0     0, 0.0    -2,-0.0  -0.710  37.8 104.4 -75.6 154.8   11.1   27.9   21.9               
   63   63 A P        +     0   0  126      0, 0.0     0, 0.0     0, 0.0     0, 0.0   0.170  16.8 148.7-133.9 162.8   12.4   26.3   19.6               
   64   64 A G        +     0   0   74     -2,-0.0     2,-1.7     2,-0.0     0, 0.0   0.028  18.8 147.1-130.3  24.3   11.7   22.5   18.9               
   65   65 A S        -     0   0  115      1,-0.1     2,-1.7     0, 0.0     0, 0.0  -0.478  25.4-170.4 -74.1  83.7   11.9   22.0   15.0               
   66   66 A R        -     0   0  251     -2,-1.7    -1,-0.1     3,-0.0     3,-0.1  -0.584  12.9-177.5 -72.2  83.6   13.3   18.4   14.7               
   67   67 A G        -     0   0   53     -2,-1.7     2,-0.1     1,-0.1     3,-0.0  -0.314  41.7 -72.7 -67.5 165.3   14.0   18.4   10.9               
   68   68 A P        -     0   0  124      0, 0.0     2,-0.8     0, 0.0    -1,-0.1  -0.405  53.9-107.2 -63.5 137.3   15.3   15.2    9.3               
   69   69 A L        -     0   0  173     -2,-0.1    -3,-0.0    -3,-0.1     0, 0.0  -0.559  29.0-160.8 -69.6 107.2   19.0   14.4   10.1               
   70   70 A I        -     0   0  144     -2,-0.8     3,-0.1     1,-0.0    -3,-0.0  -0.805  25.7-124.9 -76.7 120.3   21.2   15.1    7.1               
   71   71 A P        -     0   0   99      0, 0.0     2,-0.1     0, 0.0     4,-0.0  -0.413  38.1 -86.3 -65.5 148.0   24.4   13.1    7.8               
   72   72 A P    >   -     0   0   91      0, 0.0     3,-1.3     0, 0.0     4,-0.1  -0.341  30.9-130.0 -60.9 132.7   27.6   15.2    7.6               
   73   73 A L  G >  S+     0   0  140      1,-0.3     3,-0.6     2,-0.1    -3,-0.0   0.336  93.3  89.0 -66.3   8.3   28.9   15.5    4.0               
   74   74 A L  G 3  S+     0   0  158      1,-0.2    -1,-0.3     3,-0.0     0, 0.0   0.483  74.9  65.7 -85.4  -6.7   32.5   14.5    5.3               
   75   75 A S  G <  S+     0   0  105     -3,-1.3    -1,-0.2     2,-0.1    -2,-0.1   0.326  80.4  93.2 -98.8   4.6   31.8   10.7    4.9               
   76   76 A L  S <  S-     0   0  127     -3,-0.6     0, 0.0    -4,-0.1     0, 0.0  -0.858  80.3-119.1 -96.4 132.6   31.6   10.8    1.0               
   77   77 A P        -     0   0  111      0, 0.0    -2,-0.1     0, 0.0    -1,-0.0  -0.409  40.5 -96.6 -64.2 144.6   34.8   10.1   -1.0               
   78   78 A P        -     0   0   99      0, 0.0     3,-0.1     0, 0.0     0, 0.0  -0.361  45.7 -99.7 -61.2 139.9   35.8   13.0   -3.3               
   79   79 A P        -     0   0  102      0, 0.0     2,-0.1     0, 0.0    -3,-0.0  -0.367  54.3 -86.6 -60.1 139.7   34.6   12.7   -6.9               
   80   80 A P        -     0   0  127      0, 0.0     2,-2.1     0, 0.0     0, 0.0  -0.266  38.6-125.5 -59.1 121.6   37.5   11.4   -9.1               
   81   81 A W        -     0   0  229     -3,-0.1     2,-1.2     1,-0.1     0, 0.0  -0.438  24.6-160.7 -71.0  77.9   39.6   14.4  -10.3               
   82   82 A G        -     0   0   74     -2,-2.1     2,-2.4     1,-0.1    -1,-0.1  -0.495   7.1-151.3 -61.9  93.5   39.4   13.6  -14.1               
   83   83 A R        +     0   0  243     -2,-1.2    -1,-0.1     2,-0.1    -2,-0.1  -0.374  28.0 170.4 -73.0  63.5   42.4   15.7  -15.2               
   84   84 A G        -     0   0   56     -2,-2.4     2,-1.5     1,-0.1    -2,-0.0  -0.686  32.8-135.7 -80.3 124.5   41.0   16.5  -18.7               
   85   85 A P        +     0   0  128      0, 0.0     2,-0.3     0, 0.0    -1,-0.1  -0.585  32.3 173.2 -85.0  84.5   43.0   19.1  -20.8               
   86   86 A I        -     0   0  166     -2,-1.5     3,-0.1     1,-0.1    -2,-0.0  -0.750  31.7-110.9 -94.4 137.9   40.2   21.3  -22.3               
   87   87 A R        -     0   0  235     -2,-0.3    -1,-0.1     1,-0.2     2,-0.1  -0.214  34.4 -79.8 -77.2 158.6   41.5   24.4  -24.1               
   88   88 A R        +     0   0  260      2,-0.0     2,-0.3    -2,-0.0    -1,-0.2  -0.313  51.2 165.9 -50.9 125.5   41.3   28.2  -23.4               
   89   89 A G        -     0   0   72     -3,-0.1     2,-0.4    -2,-0.1    -3,-0.0  -0.971  28.1-131.7-144.4 130.2   37.9   29.7  -24.3               
   90   90 A L        -     0   0  180     -2,-0.3    -2,-0.0     2,-0.0     0, 0.0  -0.719  24.3-171.7 -90.1 129.6   36.8   33.2  -23.1               
   91   91 A G        -     0   0   64     -2,-0.4     2,-0.0     0, 0.0    -2,-0.0  -0.496  14.7-175.9 -73.8 168.2   33.5   34.2  -21.5               
   92   92 A P        -     0   0  121      0, 0.0    -2,-0.0     0, 0.0     0, 0.0  -0.216  28.8 -87.3-147.7 149.9   31.8   36.7  -20.5               
   93   93 A R        -     0   0  233     -2,-0.0     0, 0.0     2,-0.0     0, 0.0   0.881  35.7 -29.9  54.8 121.5   28.5   37.0  -18.7               
   94   94 A S        -     0   0  113      1,-0.1     0, 0.0     2,-0.0     0, 0.0   0.950   7.5-176.8  66.4 123.7   24.8   37.3  -18.4               
   95   95 A S        -     0   0  102      0, 0.0     2,-0.3     0, 0.0    -1,-0.1  -0.764  25.0-159.8-146.5 131.9   21.3   38.1  -19.2               
   96   96 A P        +     0   0  110      0, 0.0     2,-0.7     0, 0.0    -2,-0.0  -0.109  49.6 114.9 -98.6  36.4   19.0   37.1  -16.2               
   97   97 A Y        -     0   0  204     -2,-0.3     2,-0.6     2,-0.0     0, 0.0  -0.802  44.6-164.7-115.4  93.9   15.5   36.9  -18.0               
   98   98 A G        -     0   0   84     -2,-0.7     2,-0.8     1,-0.0     0, 0.0  -0.654   6.5-155.2 -75.4 115.3   13.9   33.4  -18.0               
   99   99 A R        -     0   0  247     -2,-0.6     2,-0.5     0, 0.0    -2,-0.0  -0.832  22.0-150.7 -85.8 108.9   11.0   33.0  -20.5               
  100  100 A G        -     0   0   59     -2,-0.8    -2,-0.0     1,-0.1     0, 0.0  -0.778  18.5 -76.7 -86.7 128.1    8.8   30.2  -19.1               
  101  101 A W        +     0   0  212     -2,-0.5    -1,-0.1     2,-0.0     0, 0.0   0.758  60.8  98.5  59.8 175.6    6.6   27.8  -20.9               
  102  102 A W        +     0   0  212      1,-0.1    -1,-0.0     0, 0.0     0, 0.0  -0.031  31.1 135.7  61.8-177.1    3.2   27.0  -22.7               
  103  103 A G        -     0   0   66      2,-0.0     3,-0.1     0, 0.0    -1,-0.1   0.964  35.6-153.0  81.2  67.2    2.8   27.0  -26.5               
  104  104 A V        -     0   0  137      1,-0.2     0, 0.0     0, 0.0     0, 0.0   0.412  44.4 -23.8  56.9 124.1    1.0   24.4  -27.9               
  105  105 A N        +     0   0  169     -2,-0.0     2,-0.3     1,-0.0    -1,-0.2   0.056  55.7 150.1 -37.8 122.3    1.2   22.9  -31.4               
  106  106 A A        -     0   0   98     -3,-0.1    -1,-0.0     0, 0.0     0, 0.0  -0.936  46.4-109.2-143.5 139.5    2.6   24.7  -34.4               
  107  107 A E        -     0   0  144     -2,-0.3     0, 0.0     1,-0.1     0, 0.0  -0.247  21.4-122.1 -58.0 142.0    4.3   22.7  -37.3               
  108  108 A P        -     0   0  111      0, 0.0    -1,-0.1     0, 0.0     2,-0.0  -0.807  35.0-125.6 -80.4 113.9    8.1   22.9  -38.0               
  109  109 A P        -     0   0  111      0, 0.0     0, 0.0     0, 0.0     0, 0.0  -0.334  36.2 -92.1 -65.8 140.3    8.4   24.2  -41.6               
  110  110 A F        -     0   0  186      1,-0.1     2,-0.5    -2,-0.0     0, 0.0  -0.178  31.2-118.9 -59.5 134.8   10.5   21.9  -43.9               
  111  111 A P        -     0   0  129      0, 0.0    -1,-0.1     0, 0.0     0, 0.0  -0.580  31.9-136.7 -68.9 121.1   14.3   22.4  -44.4               
  112  112 A G        -     0   0   65     -2,-0.5     2,-0.5     1,-0.1     0, 0.0  -0.403  27.9 -91.4 -76.2 156.5   15.0   23.0  -48.1               
  113  113 A P        -     0   0  121      0, 0.0     2,-0.5     0, 0.0    -1,-0.1  -0.560  34.2-160.1 -79.3 121.4   17.9   21.3  -50.0               
  114  114 A G        -     0   0   80     -2,-0.5     2,-0.3     2,-0.0     0, 0.0  -0.856  14.7-137.7 -94.7 125.9   21.3   23.2  -50.1               
  115  115 A H        +     0   0  191     -2,-0.5     0, 0.0     1,-0.0     0, 0.0  -0.633  31.0 163.1 -82.5 139.2   23.7   22.1  -52.9               
  116  116 A G        -     0   0   79     -2,-0.3    -2,-0.0     0, 0.0    -1,-0.0  -0.236  34.2-100.0-172.4  77.0   27.5   21.7  -52.0               
  117  117 A G        -     0   0   71      1,-0.1     2,-0.3     0, 0.0    -2,-0.0   0.824  24.4-120.3  50.0 116.1   30.4   19.9  -53.7               
  118  118 A P        -     0   0  132      0, 0.0     2,-0.4     0, 0.0    -1,-0.1  -0.629  20.2-160.1 -87.4 146.0   32.2   16.5  -53.1               
  119  119 A T        -     0   0  142     -2,-0.3     2,-0.2     2,-0.0     0, 0.0  -0.980  23.4-110.8-126.1 135.8   36.0   16.1  -52.3               
  120  120 A R        +     0   0  259     -2,-0.4     2,-0.4     2,-0.0     0, 0.0  -0.405  28.8 178.1 -61.1 130.5   38.1   12.9  -52.8               
  121  121 A G        -     0   0   74     -2,-0.2     2,-0.2     0, 0.0    -2,-0.0  -0.994  33.3-121.7-124.3 132.8   39.5   10.9  -49.8               
  122  122 A S        -     0   0  103     -2,-0.4     2,-0.0     1,-0.1    -2,-0.0  -0.490  21.5-102.3 -88.8 149.6   41.4    7.8  -51.0               
  123  123 A F        -     0   0  196     -2,-0.2     2,-0.5     1,-0.0    -1,-0.1  -0.253  19.3-164.3 -58.8 139.3   40.8    4.1  -50.2               
  124  124 A H        -     0   0  181      2,-0.1     2,-0.8    -2,-0.0    -1,-0.0  -0.997  21.5-141.1-112.2 120.5   42.8    2.0  -47.8               
  125  125 A K        +     0   0  204     -2,-0.5     2,-0.4     2,-0.0    -2,-0.0  -0.779  24.7 175.0 -73.7 113.1   42.0   -1.7  -48.5               
  126  126 A E        -     0   0  187     -2,-0.8     2,-0.4     0, 0.0    -2,-0.1  -0.980  25.7-144.5-112.4 134.3   41.7   -3.6  -45.3               
  127  127 A Q        +     0   0  129     -2,-0.4    -2,-0.0     1,-0.1     0, 0.0  -0.875  34.4  29.3-119.6 136.1   40.7   -7.1  -46.2               
  128  128 A R        +     0   0  210     -2,-0.4    -1,-0.1     0, 0.0     0, 0.0   0.781  60.9  59.1  71.1 119.8   38.5  -10.0  -44.8               
  129  129 A N    >   +     0   0  116      0, 0.0     3,-0.5     0, 0.0    -2,-0.0   0.535  18.0 147.1-166.8 117.2   36.0  -10.9  -43.0               
  130  130 A P  G >   +     0   0  124      0, 0.0     3,-0.6     0, 0.0     0, 0.0   0.348  64.2  92.9 -82.1   7.2   32.1  -10.2  -43.3               
  131  131 A R  G 3  S+     0   0  214      1,-0.2     3,-0.0     3,-0.0     0, 0.0   0.376  72.6  60.6 -92.6   5.2   31.1  -13.7  -41.9               
  132  132 A R  G X   +     0   0  224     -3,-0.5     2,-2.2     1,-0.1     3,-0.7   0.411  63.7 106.6-114.4   7.7   30.7  -13.0  -38.1               
  133  133 A L  T <   +     0   0  162     -3,-0.6    -1,-0.1     1,-0.2    -2,-0.0  -0.401  58.5  91.8 -76.7  61.8   27.9  -10.4  -38.1               
  134  134 A K  T 3   +     0   0  189     -2,-2.2    -1,-0.2    -3,-0.0     3,-0.2   0.324  68.4  65.8-131.2  -0.6   25.5  -13.1  -36.8               
  135  135 A S  S <  S+     0   0  109     -3,-0.7     3,-0.3     1,-0.1    -2,-0.1   0.358  82.7  69.7-114.2   3.7   25.8  -12.7  -32.9               
  136  136 A W  S    S+     0   0  222      1,-0.1    -1,-0.1     2,-0.1    -3,-0.0   0.104  82.0  79.1-104.3  18.6   24.3   -9.1  -32.2               
  137  137 A S  S    S+     0   0   91     -3,-0.2     3,-0.2     1,-0.1    -1,-0.1   0.423  79.1  60.9-112.1  -0.2   20.7  -10.1  -33.1               
  138  138 A L  S >  S+     0   0  143     -3,-0.3     3,-1.0     1,-0.1    -1,-0.1   0.622  81.4  77.8-103.3 -14.9   19.4  -11.9  -29.9               
  139  139 A I  T 3  S+     0   0  156      1,-0.2     3,-0.2     2,-0.1    -1,-0.1   0.414  85.3  64.9 -81.7   4.2   19.6   -9.2  -27.2               
  140  140 A K  T 3  S+     0   0  185     -3,-0.2    -1,-0.2     1,-0.2     3,-0.2   0.430  81.6  78.6-103.3   0.6   16.4   -7.3  -28.3               
  141  141 A N    <   +     0   0  132     -3,-1.0    -1,-0.2     1,-0.2    -2,-0.1  -0.355  66.7  86.6-114.9  46.7   13.8  -10.1  -27.6               
  142  142 A T        +     0   0  125     -3,-0.2    -1,-0.2    -2,-0.2    -3,-0.0  -0.231  35.0 135.7-145.3  53.2   13.2   -9.9  -23.7               
  143  143 A C        -     0   0  113     -3,-0.2    -3,-0.0     3,-0.0     0, 0.0  -0.911  59.7-128.8 -71.5 118.5   10.6   -7.3  -23.0               
  144  144 A P        -     0   0   88      0, 0.0     2,-1.0     0, 0.0    -2,-0.1  -0.610  26.4-110.6 -62.0 132.8    8.6   -9.4  -20.4               
  145  145 A P        -     0   0  107      0, 0.0     2,-1.5     0, 0.0     3,-0.2  -0.627  24.8-152.4 -67.5 104.4    5.0   -9.2  -21.7               
  146  146 A K  S    S+     0   0  181     -2,-1.0    -3,-0.0     1,-0.3     0, 0.0  -0.231  73.2 102.0 -76.5  45.7    3.4   -7.0  -18.9               
  147  147 A D        +     0   0  153     -2,-1.5    -1,-0.3     2,-0.1     3,-0.0  -0.285  39.8 142.8-117.3  32.8    0.1   -8.7  -19.6               
  148  148 A D        -     0   0  118     -3,-0.2     2,-0.0     1,-0.1    -2,-0.0  -0.680  69.5-106.0 -49.2 120.1    0.6  -10.8  -16.5               
  149  149 A P        -     0   0  111      0, 0.0     2,-1.1     0, 0.0    -2,-0.1  -0.454  46.9 -93.0 -52.8 132.7   -3.1  -10.8  -15.5               
  150  150 A Q        -     0   0  152      1,-0.1     2,-2.2    -2,-0.0    -3,-0.0  -0.406  35.0-162.7 -59.9  98.4   -3.1   -8.4  -12.5               
  151  151 A V        -     0   0  129     -2,-1.1     2,-0.3     3,-0.0    -1,-0.1  -0.686  26.1-145.0 -69.6  73.4   -2.6  -10.8   -9.5               
  152  152 A M        -     0   0   77     -2,-2.2     3,-0.1     1,-0.1    -2,-0.0  -0.432  22.5-113.8 -51.7 108.1   -4.0   -7.7   -7.6               
  153  153 A E        -     0   0  136     -2,-0.3     2,-0.4     1,-0.2    -1,-0.1  -0.305  35.0 -98.4 -58.5 132.9   -1.8   -8.3   -4.5               
  154  154 A D        -     0   0  102      1,-0.2     3,-0.3    -3,-0.1    -1,-0.2  -0.349  41.6-175.5 -61.9 111.6   -4.1   -9.1   -1.6               
  155  155 A K    >   +     0   0   23     -2,-0.4     3,-1.7    29,-0.2    24,-0.3   0.511  60.9  96.2 -87.3  -5.7   -4.4   -5.7    0.1               
  156  156 A S  T 3  S+     0   0   59      1,-0.3    -1,-0.2    28,-0.1    23,-0.1   0.898  86.6  48.7 -49.6 -47.9   -6.6   -7.2    3.0               
  157  157 A D  T 3  S+     0   0  116     -3,-0.3    -1,-0.3     2,-0.1    -2,-0.1   0.588  98.4  88.1 -60.5 -24.4   -3.3   -7.5    5.1               
  158  158 A R  S <  S-     0   0  111     -3,-1.7    21,-0.3     1,-0.1     3,-0.1  -0.670  91.9 -96.1 -88.2 143.9   -2.3   -3.9    4.2               
  159  159 A P        -     0   0   90      0, 0.0    20,-1.2     0, 0.0    -1,-0.1  -0.211  51.3 -89.0 -60.5 146.0   -3.6   -0.9    6.4               
  160  160 A V  B     -a  179   0A  67     18,-0.2     2,-0.4     1,-0.1    20,-0.2  -0.239  46.1-103.0 -57.2 134.0   -6.7    0.9    5.2               
  161  161 A C     >  -     0   0    1     18,-2.9     4,-2.8     1,-0.2     5,-0.3  -0.413  22.6-147.9 -61.2 115.1   -6.1    3.8    2.8               
  162  162 A R  H  > S+     0   0  222     -2,-0.4     4,-0.9     1,-0.2    -1,-0.2   0.741  98.7  52.5 -56.9 -27.0   -6.5    7.1    4.9               
  163  163 A H  H  > S+     0   0  125      2,-0.2     4,-2.0     3,-0.1     6,-0.6   0.941 112.7  42.2 -74.6 -47.5   -7.8    8.8    1.7               
  164  164 A F  H  > S+     0   0   35      1,-0.2     4,-2.8     2,-0.2     3,-0.3   0.969 115.6  49.2 -63.3 -50.6  -10.5    6.1    1.0               
  165  165 A A  H  < S+     0   0   73     -4,-2.8    -1,-0.2     1,-0.2    -2,-0.2   0.752 120.0  37.7 -61.3 -28.2  -11.6    5.9    4.7               
  166  166 A K  H  < S+     0   0  194     -4,-0.9    -1,-0.2    -5,-0.3    -2,-0.2   0.710 133.5  20.1 -94.5 -26.6  -11.9    9.7    5.1               
  167  167 A K  H  < S-     0   0  166     -4,-2.0    -3,-0.2    -3,-0.3    -2,-0.2   0.495  93.5-119.2-118.9 -14.6  -13.4   10.7    1.6               
  168  168 A G  S  < S+     0   0   53     -4,-2.8     2,-0.3    -5,-0.3    -4,-0.2   0.447  93.1  67.4  74.4   2.3  -14.9    7.5    0.2               
  169  169 A H        -     0   0   80     -6,-0.6     2,-0.4    -5,-0.2    -2,-0.1  -0.982  62.6-158.3-153.9 142.9  -12.4    7.8   -2.8               
  170  170 A C    >   -     0   0    2     -2,-0.3     3,-1.8    -3,-0.1     6,-0.1  -0.984  24.1-131.8-123.0 132.8   -8.7    7.6   -3.3               
  171  171 A R  T 3  S+     0   0  213     -2,-0.4    -1,-0.1     1,-0.3     4,-0.1   0.612 108.5  47.9 -56.1 -20.7   -6.8    9.2   -6.3               
  172  172 A Y  T >  S+     0   0  140      1,-0.2     3,-1.9     2,-0.1     4,-0.3   0.521  79.5 175.8-100.7 -11.4   -4.9    5.9   -7.0               
  173  173 A E  G X  S+     0   0  108     -3,-1.8     3,-1.5     1,-0.3    -1,-0.2  -0.104  76.3   2.0  42.7-117.0   -8.0    3.5   -6.8               
  174  174 A D  G 3  S+     0   0   78      1,-0.3    -1,-0.3     3,-0.1    -2,-0.1   0.772 130.5  63.3 -73.2 -21.8   -6.7   -0.1   -7.7               
  175  175 A L  G <  S+     0   0  143     -3,-1.9     2,-0.3    -4,-0.1    -1,-0.3   0.374  79.8 117.5 -78.0   2.0   -3.1    1.2   -8.0               
  176  176 A C    <   -     0   0    8     -3,-1.5     4,-0.1    -4,-0.3   -15,-0.0  -0.576  62.1-148.2 -72.2 137.3   -3.2    2.1   -4.3               
  177  177 A A  S    S+     0   0   76     -2,-0.3     2,-0.3     2,-0.1    -1,-0.1   0.250  79.0  73.9 -81.7   7.9   -0.7    0.3   -2.0               
  178  178 A F  S    S-     0   0  100    -20,-0.1   -18,-0.2   -17,-0.0    -2,-0.1  -0.916  93.4 -89.6-126.4 152.4   -3.4    0.4    0.8               
  179  179 A Y  B     -a  160   0A  45    -20,-1.2   -18,-2.9    -2,-0.3   -15,-0.1  -0.314  28.0-161.9 -67.1 139.1   -6.6   -1.4    1.4               
  180  180 A H    >>  -     0   0    4    -20,-0.2     4,-2.5    -4,-0.1     3,-1.5  -0.881  15.7-146.5-119.3  93.3  -10.0   -0.1    0.1               
  181  181 A P  T 34 S+     0   0   52      0, 0.0   -25,-0.0     0, 0.0    -2,-0.0  -0.379  81.5  19.4 -62.3 135.4  -12.9   -1.7    2.0               
  182  182 A G  T 34 S+     0   0   62      4,-0.2     6,-0.0     1,-0.1     0, 0.0   0.317 126.9  50.4  82.5  -4.3  -16.0   -2.2   -0.2               
  183  183 A V  T <4 S+     0   0   85     -3,-1.5    -1,-0.1     3,-0.1    -9,-0.0   0.581 124.8  23.8-116.6 -35.3  -14.2   -2.0   -3.6               
  184  184 A N  S  < S+     0   0   36     -4,-2.5   -29,-0.2     2,-0.1   -28,-0.1  -0.123 123.6  51.2-118.0  29.6  -11.3   -4.5   -3.0               
  185  185 A G  S    S-     0   0   26     -5,-0.1     0, 0.0    -6,-0.1     0, 0.0  -0.968  93.7 -65.0-158.4 168.5  -13.1   -6.6   -0.2               
  186  186 A P        -     0   0  108      0, 0.0    -4,-0.2     0, 0.0     2,-0.1  -0.146  51.2-107.0 -59.3 149.1  -16.3   -8.5    0.6               
  187  187 A P              0   0  123      0, 0.0    -4,-0.0     0, 0.0    -5,-0.0  -0.421 360.0 360.0 -63.3 150.2  -19.7   -6.9    0.9               
  188  188 A L              0   0  248     -2,-0.1     0, 0.0    -6,-0.0     0, 0.0  -0.633 360.0 360.0 -79.7 360.0  -21.2   -6.6    4.5               
