==== Secondary Structure Definition by the program DSSP, CMBI version 2.0                          ==== DATE=2026-03-08        .
REFERENCE W. KABSCH AND C.SANDER, BIOPOLYMERS 22 (1983) 2577-2637                                                              .
HEADER                                            01-AUG-25                                                                    .
COMPND    MOL_ID: 1; MOLECULE: SERINE/ARGININE-RICH SPLICING FACTOR 3; CHAIN: A                                                .
SOURCE    MOL_ID: 1; ORGANISM_SCIENTIFIC: HOMO SAPIENS; ORGANISM_TAXID: 9606                                                   .
AUTHOR                                                                                                                         .
  164  1  0  0  0 TOTAL NUMBER OF RESIDUES, NUMBER OF CHAINS, NUMBER OF SS-BRIDGES(TOTAL,INTRACHAIN,INTERCHAIN)                .
 19108.8   ACCESSIBLE SURFACE OF PROTEIN (ANGSTROM**2)                                                                         .
   77 47.0   TOTAL NUMBER OF HYDROGEN BONDS OF TYPE O(I)-->H-N(J)  , SAME NUMBER PER 100 RESIDUES                              .
    0  0.0   TOTAL NUMBER OF HYDROGEN BONDS IN     PARALLEL BRIDGES, SAME NUMBER PER 100 RESIDUES                              .
   21 12.8   TOTAL NUMBER OF HYDROGEN BONDS IN ANTIPARALLEL BRIDGES, SAME NUMBER PER 100 RESIDUES                              .
    0  0.0   TOTAL NUMBER OF HYDROGEN BONDS OF TYPE O(I)-->H-N(I-5), SAME NUMBER PER 100 RESIDUES                              .
    0  0.0   TOTAL NUMBER OF HYDROGEN BONDS OF TYPE O(I)-->H-N(I-4), SAME NUMBER PER 100 RESIDUES                              .
    1  0.6   TOTAL NUMBER OF HYDROGEN BONDS OF TYPE O(I)-->H-N(I-3), SAME NUMBER PER 100 RESIDUES                              .
    0  0.0   TOTAL NUMBER OF HYDROGEN BONDS OF TYPE O(I)-->H-N(I-2), SAME NUMBER PER 100 RESIDUES                              .
    0  0.0   TOTAL NUMBER OF HYDROGEN BONDS OF TYPE O(I)-->H-N(I-1), SAME NUMBER PER 100 RESIDUES                              .
    0  0.0   TOTAL NUMBER OF HYDROGEN BONDS OF TYPE O(I)-->H-N(I+0), SAME NUMBER PER 100 RESIDUES                              .
    0  0.0   TOTAL NUMBER OF HYDROGEN BONDS OF TYPE O(I)-->H-N(I+1), SAME NUMBER PER 100 RESIDUES                              .
   25 15.2   TOTAL NUMBER OF HYDROGEN BONDS OF TYPE O(I)-->H-N(I+2), SAME NUMBER PER 100 RESIDUES                              .
   11  6.7   TOTAL NUMBER OF HYDROGEN BONDS OF TYPE O(I)-->H-N(I+3), SAME NUMBER PER 100 RESIDUES                              .
   18 11.0   TOTAL NUMBER OF HYDROGEN BONDS OF TYPE O(I)-->H-N(I+4), SAME NUMBER PER 100 RESIDUES                              .
    1  0.6   TOTAL NUMBER OF HYDROGEN BONDS OF TYPE O(I)-->H-N(I+5), SAME NUMBER PER 100 RESIDUES                              .
  1  2  3  4  5  6  7  8  9 10 11 12 13 14 15 16 17 18 19 20 21 22 23 24 25 26 27 28 29 30     *** HISTOGRAMS OF ***           .
  0  0  0  0  0  0  0  1  0  0  1  0  0  0  0  0  0  0  0  0  0  0  0  0  0  0  0  0  0  0    RESIDUES PER ALPHA HELIX         .
  0  0  0  0  0  0  0  0  0  0  0  0  0  0  0  0  0  0  0  0  0  0  0  0  0  0  0  0  0  0    PARALLEL BRIDGES PER LADDER      .
  0  1  0  2  0  1  0  0  0  0  0  0  0  0  0  0  0  0  0  0  0  0  0  0  0  0  0  0  0  0    ANTIPARALLEL BRIDGES PER LADDER  .
  1  0  1  0  0  0  0  0  0  0  0  0  0  0  0  0  0  0  0  0  0  0  0  0  0  0  0  0  0  0    LADDERS PER SHEET                .
  #  RESIDUE AA STRUCTURE BP1 BP2  ACC     N-H-->O    O-->H-N    N-H-->O    O-->H-N    TCO  KAPPA ALPHA  PHI   PSI    X-CA   Y-CA   Z-CA            CHAIN
    1    1 A M              0   0  231      0, 0.0     2,-0.8     0, 0.0     0, 0.0   0.000 360.0 360.0 360.0 125.9  -22.9    4.8   16.9               
    2    2 A H        -     0   0  188      1,-0.1     2,-1.4     2,-0.0     0, 0.0  -0.614 360.0-149.7 -77.9 105.3  -21.1    4.8   13.5               
    3    3 A R        -     0   0  208     -2,-0.8    -1,-0.1     1,-0.1     0, 0.0  -0.732  43.7 -93.3 -77.3  87.9  -18.9    7.8   13.2               
    4    4 A D        -     0   0  152     -2,-1.4     2,-2.1     1,-0.2    -1,-0.1   0.402  45.9-154.9  29.8  58.5  -18.9    8.6    9.5               
    5    5 A S        +     0   0   83      1,-0.2    -1,-0.2     2,-0.0    -2,-0.0  -0.299  53.9 119.4 -86.0  66.8  -15.7    6.6    8.7               
    6    6 A C        +     0   0  108     -2,-2.1     2,-0.4     3,-0.1    -1,-0.2  -0.533  33.8 129.9-109.4  59.0  -14.5    8.3    5.5               
    7    7 A P  S    S-     0   0   54      0, 0.0     2,-1.0     0, 0.0    -1,-0.1  -0.603  84.2 -75.4-123.6  77.4  -11.0    9.4    6.9               
    8    8 A L  S >  S+     0   0   99     -2,-0.4     3,-1.5     1,-0.1    73,-0.3   0.025 104.7 102.7  73.9 -23.2   -8.1    8.4    4.6               
    9    9 A D  T 3  S+     0   0   46     -2,-1.0    -1,-0.1     1,-0.3    72,-0.1   0.810  75.7  59.9 -59.9 -33.6   -8.0    4.6    5.4               
   10   10 A C  T 3  S+     0   0   13     44,-0.1    43,-2.8    43,-0.1     2,-0.7   0.508  86.2  95.0 -74.0  -6.6   -9.8    3.6    2.1               
   11   11 A K  E <   -A   52   0A  81     -3,-1.5    70,-3.1    41,-0.2     2,-0.3  -0.805  57.0-167.2 -97.8 113.5   -7.0    5.2   -0.0               
   12   12 A V  E     -AB  51  80A   0     39,-3.2    39,-2.2    -2,-0.7     2,-0.4  -0.719   8.8-148.6 -92.8 139.2   -4.3    2.9   -1.3               
   13   13 A Y  E     -AB  50  79A  62     66,-3.3    66,-2.6    -2,-0.3     2,-0.4  -0.905  10.0-163.6-101.9 138.5   -1.0    4.1   -2.8               
   14   14 A V  E     +AB  49  78A   0     35,-3.0    35,-2.7    -2,-0.4    64,-0.2  -0.990  13.9 171.1-126.8 118.0    0.7    2.0   -5.6               
   15   15 A G  E     + B   0  77A   2     62,-3.1    62,-2.6    -2,-0.4    33,-0.2  -0.703  52.6  47.5-117.5 175.7    4.4    2.6   -6.5               
   16   16 A N        +     0   0   96     31,-0.3     2,-0.4     1,-0.3    32,-0.2   0.713  65.0 153.1  56.0  26.5    6.9    0.8   -8.7               
   17   17 A L        -     0   0   13     30,-2.1    -1,-0.3    -3,-0.2     4,-0.1  -0.693  43.4-128.9 -66.4 130.1    4.4    0.5  -11.6               
   18   18 A G    >   -     0   0   25     -2,-0.4     3,-2.1    53,-0.3    29,-0.2  -0.069  38.1 -77.8 -66.6-175.4    6.7    0.3  -14.7               
   19   19 A N  T 3  S+     0   0  165      1,-0.3    -1,-0.1    27,-0.1    28,-0.1   0.731 135.3  62.8 -55.4 -19.1    6.3    2.5  -17.8               
   20   20 A N  T 3   +     0   0  114     52,-0.1     2,-1.6     2,-0.1    -1,-0.3   0.135  67.9 142.5 -89.7  13.5    3.4   -0.0  -18.5               
   21   21 A G    <   -     0   0   20     -3,-2.1     2,-0.3    -4,-0.1    26,-0.1  -0.376  34.7-168.7 -63.5  83.4    1.4    1.0  -15.3               
   22   22 A N    >>  -     0   0   80     -2,-1.6     4,-1.9     1,-0.1     3,-0.8  -0.572  31.1-141.5 -85.0 136.0   -2.1    0.7  -16.8               
   23   23 A K  H 3> S+     0   0  103     -2,-0.3     4,-2.9     1,-0.2     5,-0.2   0.904 106.0  57.7 -50.6 -44.2   -5.3    2.0  -15.0               
   24   24 A T  H 3> S+     0   0   84      2,-0.2     4,-1.6     1,-0.2    -1,-0.2   0.763 104.6  49.2 -63.5 -31.4   -7.1   -1.1  -16.4               
   25   25 A E  H <> S+     0   0   56     -3,-0.8     4,-2.7     2,-0.2    -1,-0.2   0.920 113.6  45.8 -75.0 -42.6   -4.6   -3.5  -14.7               
   26   26 A L  H  X>S+     0   0    1     -4,-1.9     4,-3.0     2,-0.2     5,-0.6   0.930 111.7  52.6 -61.0 -46.1   -5.1   -1.7  -11.3               
   27   27 A E  H  X5S+     0   0   89     -4,-2.9     4,-1.4     1,-0.2    -2,-0.2   0.901 115.8  40.5 -60.4 -40.2   -8.9   -1.6  -11.8               
   28   28 A R  H  <5S+     0   0  197     -4,-1.6     4,-0.4    -5,-0.2    -1,-0.2   0.874 119.0  45.6 -72.5 -41.8   -8.8   -5.5  -12.4               
   29   29 A A  H  <5S+     0   0   21     -4,-2.7     3,-0.5     2,-0.2     4,-0.2   0.934 122.5  33.5 -72.3 -47.4   -6.3   -6.2   -9.6               
   30   30 A F  H >X5S+     0   0    0     -4,-3.0     3,-1.9     1,-0.2     4,-0.8   0.867 110.1  65.2 -78.4 -34.2   -7.8   -4.1   -6.9               
   31   31 A G  T 3<<S+     0   0   39     -4,-1.4    -1,-0.2    -5,-0.6    -2,-0.2   0.596  89.4  69.2 -67.1 -10.6  -11.4   -4.6   -8.0               
   32   32 A Y  T 34 S+     0   0  195     -3,-0.5    -1,-0.3    -4,-0.4    -2,-0.2   0.740 102.5  44.6 -70.1 -26.1  -11.0   -8.3   -7.1               
   33   33 A Y  T <4 S-     0   0   51     -3,-1.9    -2,-0.2     1,-0.3    -1,-0.1   0.722 128.0 -39.4 -94.0 -26.0  -10.8   -7.3   -3.3               
   34   34 A G  S  < S-     0   0   14     -4,-0.8    -1,-0.3    24,-0.1     2,-0.2  -0.954  79.8 -48.0 174.6 170.4  -13.8   -4.8   -3.2               
   35   35 A P        -     0   0   68      0, 0.0    19,-2.2     0, 0.0     2,-0.6  -0.390  51.1-138.0 -62.8 128.8  -15.7   -2.0   -4.9               
   36   36 A L  E     -C   53   0A  46     17,-0.2    17,-0.3    -2,-0.2     3,-0.1  -0.807  17.6-173.0 -93.2 120.6  -13.4    0.8   -6.2               
   37   37 A R  E    S-     0   0A 164     15,-1.9     2,-0.3    -2,-0.6    16,-0.2   0.800  73.7  -6.9 -78.7 -35.0  -14.6    4.4   -5.6               
   38   38 A S  E     -C   52   0A  59     14,-1.9    14,-3.0     2,-0.0     2,-0.4  -0.955  51.5-158.7-161.0 147.8  -11.8    5.9   -7.8               
   39   39 A V  E     +C   51   0A  19     -2,-0.3     2,-0.5    12,-0.2    12,-0.2  -0.946  17.2 178.7-131.0 112.3   -8.5    5.0   -9.7               
   40   40 A W  E     -C   50   0A 153     10,-2.8    10,-2.9    -2,-0.4     2,-0.6  -0.957  12.9-157.1-117.9 119.1   -6.0    7.8  -10.4               
   41   41 A V  E     -C   49   0A  40     -2,-0.5     2,-0.6     8,-0.2     8,-0.3  -0.859  11.2-144.6 -99.1 120.2   -2.7    7.1  -12.2               
   42   42 A A  E     -C   48   0A  10      6,-1.8     6,-1.2    -2,-0.6     5,-0.4  -0.725  17.4-178.7 -85.4 119.6    0.1    9.6  -11.5               
   43   43 A R        +     0   0  223     -2,-0.6    -1,-0.1     1,-0.2     6,-0.1   0.523  62.2  80.9 -92.4 -10.0    2.3   10.2  -14.6               
   44   44 A N  S    S+     0   0  151      1,-0.4    -1,-0.2     2,-0.1     3,-0.0  -0.898 102.8  22.8-143.7 109.7    4.6   12.7  -12.9               
   45   45 A P  S    S-     0   0   79      0, 0.0     3,-0.5     0, 0.0    -1,-0.4   0.655 115.1-122.6 -60.2 157.5    6.7   11.3  -11.2               
   46   46 A P  S    S+     0   0   93      0, 0.0   -30,-0.2     0, 0.0    -3,-0.2  -0.456  83.9  38.2 -72.9 148.5    6.2    8.1  -13.4               
   47   47 A G  S    S+     0   0   16     -5,-0.4   -30,-2.1     1,-0.3     2,-0.3   0.657  87.2 109.5  92.8  21.3    5.2    4.7  -12.0               
   48   48 A F  E     + C   0  42A  48     -6,-1.2    -6,-1.8    -3,-0.5     2,-0.3  -0.934  33.4 167.5-128.0 149.7    2.7    5.7   -9.3               
   49   49 A A  E     -AC  14  41A   0    -35,-2.7   -35,-3.0    -2,-0.3     2,-0.4  -0.963  21.8-140.5-148.7 166.4   -1.1    5.4   -8.8               
   50   50 A F  E     -AC  13  40A  50    -10,-2.9   -10,-2.8    -2,-0.3     2,-0.5  -1.000  10.3-164.3-132.6 134.1   -3.8    5.8   -6.1               
   51   51 A V  E     -AC  12  39A   0    -39,-2.2   -39,-3.2    -2,-0.4     2,-0.6  -0.977   5.4-158.4-117.5 122.2   -6.8    3.5   -5.6               
   52   52 A E  E     -AC  11  38A  59    -14,-3.0   -14,-1.9    -2,-0.5   -15,-1.9  -0.936  12.0-162.1-100.2 118.4   -9.7    4.7   -3.4               
   53   53 A F  E     - C   0  36A   0    -43,-2.8   -17,-0.2    -2,-0.6   -43,-0.1  -0.509  24.5-131.7 -82.6 162.7  -11.9    1.8   -2.1               
   54   54 A E  S    S+     0   0  137    -19,-2.2    -1,-0.1    -2,-0.2   -44,-0.1   0.930  97.2  46.4 -70.7 -50.2  -15.4    2.2   -0.8               
   55   55 A D  S  > S-     0   0   43    -20,-0.4     4,-1.7     1,-0.1    -1,-0.2  -0.746  70.5-148.2-101.6 132.3  -14.5    0.1    2.3               
   56   56 A P  H  > S+     0   0   44      0, 0.0     4,-0.9     0, 0.0    -1,-0.1   0.626  99.4  60.1 -73.2 -12.5  -11.3    0.6    4.4               
   57   57 A R  H >> S+     0   0  167      2,-0.2     4,-2.2     3,-0.1     3,-0.6   0.962 105.0  46.0 -72.3 -54.0  -11.2   -3.2    5.1               
   58   58 A D  H 3> S+     0   0   37      1,-0.3     4,-2.8     2,-0.2     5,-0.2   0.872 110.6  55.5 -57.4 -40.9  -11.0   -4.2    1.4               
   59   59 A A  H 3X S+     0   0    0     -4,-1.7     4,-2.0     1,-0.2    -1,-0.3   0.871 109.2  46.7 -57.6 -41.4   -8.3   -1.5    1.0               
   60   60 A A  H <X S+     0   0   40     -4,-0.9     4,-2.2    -3,-0.6    -2,-0.2   0.892 114.9  44.3 -74.6 -39.5   -6.2   -3.1    3.9               
   61   61 A D  H  X S+     0   0   75     -4,-2.2     4,-1.5     2,-0.2     5,-0.2   0.899 112.8  52.6 -72.6 -36.4   -6.5   -6.7    2.5               
   62   62 A A  H  X S+     0   0    0     -4,-2.8     4,-1.9    -5,-0.2     3,-0.3   0.934 111.8  46.8 -59.7 -45.7   -5.8   -5.5   -1.0               
   63   63 A V  H  X S+     0   0   20     -4,-2.0     4,-2.0    -5,-0.2    -2,-0.2   0.941 111.7  51.2 -58.5 -47.7   -2.6   -3.8    0.3               
   64   64 A R  H  < S+     0   0  165     -4,-2.2    -1,-0.2     1,-0.2    -2,-0.2   0.727 119.7  34.3 -63.5 -28.2   -1.6   -7.0    2.3               
   65   65 A E  H  < S+     0   0   81     -4,-1.5    -1,-0.2    -3,-0.3    -2,-0.2   0.567 121.3  45.0-106.8 -17.0   -2.0   -9.3   -0.8               
   66   66 A L  H >< S+     0   0    2     -4,-1.9     3,-1.5    -5,-0.2    10,-0.2   0.641  83.6 105.7-102.6 -19.3   -0.8   -6.9   -3.6               
   67   67 A D  T 3< S+     0   0   85     -4,-2.0    10,-0.2    -5,-0.3     3,-0.1  -0.402  97.5   5.6 -62.7 132.9    2.3   -5.4   -1.9               
   68   68 A G  T 3  S+     0   0   41      8,-1.8    -1,-0.3     1,-0.2     9,-0.1   0.334  98.6 138.8  70.9  -5.5    5.5   -7.0   -3.5               
   69   69 A R    <   -     0   0  105     -3,-1.5     7,-2.3     6,-0.1     2,-0.8  -0.334  58.7-115.9 -67.0 146.3    3.3   -8.8   -6.1               
   70   70 A T  E     -D   75   0B  84      5,-0.2     2,-0.5    -3,-0.1     5,-0.3  -0.785  34.3-179.3 -91.4 109.5    4.6   -8.8   -9.7               
   71   71 A L  E >  S-D   74   0B  36      3,-2.3     3,-2.3    -2,-0.8   -53,-0.3  -0.929  73.4 -17.2-107.1 127.4    2.4   -6.8  -12.1               
   72   72 A C  T 3  S-     0   0   87     -2,-0.5    -1,-0.2     1,-0.3   -52,-0.1   0.783 129.5 -51.5  44.9  40.0    3.6   -6.7  -15.8               
   73   73 A G  T 3  S+     0   0   71      1,-0.2     2,-0.4    -3,-0.1    -1,-0.3   0.211 120.0 101.9  86.4  -9.5    7.1   -7.8  -14.8               
   74   74 A C  E <  S-D   71   0B  49     -3,-2.3    -3,-2.3   -56,-0.0     2,-0.9  -0.830  74.4-123.8-103.7 139.6    7.6   -5.1  -12.1               
   75   75 A R  E     -D   70   0B 189     -2,-0.4    -5,-0.2    -5,-0.3     2,-0.2  -0.741  32.9-147.0 -75.7 108.2    7.3   -5.7   -8.3               
   76   76 A V        -     0   0    2     -7,-2.3    -8,-1.8    -2,-0.9     2,-0.5  -0.474   1.3-141.3 -74.1 146.8    4.6   -3.1   -7.3               
   77   77 A R  E     -B   15   0A 131    -62,-2.6   -62,-3.1   -10,-0.2     2,-0.5  -0.973  19.7-167.7-107.3 122.8    4.8   -1.5   -3.8               
   78   78 A V  E     +B   14   0A   2     -2,-0.5     2,-0.3   -64,-0.2   -64,-0.2  -0.958  12.0 167.5-120.9 122.6    1.4   -1.1   -2.2               
   79   79 A E  E     -B   13   0A  66    -66,-2.6   -66,-3.3    -2,-0.5     2,-0.3  -0.988  41.2-109.4-133.9 144.8    0.8    1.0    0.9               
   80   80 A L  E     -B   12   0A  64     -2,-0.3     2,-0.7   -68,-0.2   -68,-0.2  -0.566  50.0-106.2 -63.0 129.6   -2.2    2.4    2.8               
   81   81 A S        -     0   0   27    -70,-3.1     2,-2.7    -2,-0.3   -70,-0.2  -0.498  31.3-135.8 -65.4 108.6   -2.1    6.2    2.2               
   82   82 A N        +     0   0  148     -2,-0.7     2,-1.1     2,-0.1    -1,-0.1  -0.240  35.7 169.5 -75.4  58.0   -0.8    7.5    5.6               
   83   83 A G        -     0   0   25     -2,-2.7     2,-0.6   -75,-0.2   -74,-0.1  -0.635  67.2 -60.7 -69.1  97.3   -3.2   10.4    6.0               
   84   84 A E  S >  S+     0   0  176     -2,-1.1     3,-0.5     1,-0.2    -1,-0.2   0.317  85.2 136.4  49.1  11.3   -2.7   11.6    9.6               
   85   85 A K  G >>  +     0   0  114     -2,-0.6     3,-1.1     1,-0.2     4,-0.7   0.427  41.2 107.1 -72.1  16.0   -3.8    8.4   11.6               
   86   86 A R  G 34  +     0   0  204      1,-0.2    -1,-0.2    -4,-0.1    -2,-0.1   0.345  69.0  68.4 -64.6   5.5   -0.6    9.1   13.8               
   87   87 A S  G <4 S+     0   0  101     -3,-0.5    -1,-0.2     2,-0.0    -2,-0.1   0.406  99.5  31.1-116.7  -5.4   -3.2   10.2   16.5               
   88   88 A R  T <4 S+     0   0  199     -3,-1.1    -2,-0.1     3,-0.0    -3,-0.1   0.750 115.4  35.7-129.0 -37.9   -5.2    7.1   17.8               
   89   89 A N  S  < S+     0   0  163     -4,-0.7     2,-0.8     2,-0.1    -3,-0.1   0.474  92.9  85.5-112.7  -0.8   -3.4    3.7   17.7               
   90   90 A R  S    S-     0   0  187     -5,-0.3     0, 0.0     3,-0.0     0, 0.0  -0.902  83.9-133.8 -80.1 117.2    0.1    4.8   18.7               
   91   91 A G        -     0   0   55     -2,-0.8    -2,-0.1     1,-0.2    -3,-0.0  -0.130  51.5 -51.8 -55.1 166.2   -0.2    4.8   22.5               
   92   92 A P  S    S-     0   0  124      0, 0.0    -1,-0.2     0, 0.0     3,-0.1  -0.174  78.1 -89.5 -49.4 134.0    1.3    7.9   24.3               
   93   93 A P        -     0   0  115      0, 0.0    -3,-0.0     0, 0.0     0, 0.0  -0.204  58.2 -88.9 -53.1 134.1    4.9    8.4   23.0               
   94   94 A P        -     0   0  101      0, 0.0     2,-2.4     0, 0.0     0, 0.0  -0.175  45.3-113.1 -56.5 135.0    7.2    6.4   25.3               
   95   95 A S        +     0   0   75      1,-0.2     2,-1.3    -3,-0.1     0, 0.0  -0.247  60.6 146.9 -83.0  60.7    8.1    8.8   28.2               
   96   96 A W  S    S+     0   0  246     -2,-2.4    -1,-0.2     1,-0.2     3,-0.1  -0.174  83.0  37.3 -73.2  38.6   11.9    9.3   27.6               
   97   97 A G  S    S+     0   0   68     -2,-1.3     2,-0.9     1,-0.4    -1,-0.2   0.367  90.1  83.3-168.5 -40.2   11.2   12.8   29.0               
   98   98 A R  S    S-     0   0  217      3,-0.0    -1,-0.4     0, 0.0     3,-0.1  -0.756  73.9-140.5 -74.6 112.2    8.6   12.9   31.8               
   99   99 A R        -     0   0  225     -2,-0.9     3,-0.1     1,-0.2    -3,-0.0  -0.379  47.1 -70.6 -52.7 149.9   10.6   12.0   34.9               
  100  100 A P        -     0   0  118      0, 0.0     2,-0.4     0, 0.0    -1,-0.2  -0.258  55.5-115.1 -48.0 124.2    8.6    9.7   37.2               
  101  101 A R        -     0   0  231     -3,-0.1     2,-2.0     1,-0.1     3,-0.1  -0.603  29.9-116.1 -63.7 121.0    5.8   11.8   38.7               
  102  102 A D    >   +     0   0  104     -2,-0.4     3,-1.9     1,-0.2    -1,-0.1  -0.400  38.4 179.1 -63.5  80.1    6.6   11.8   42.5               
  103  103 A D  G >>  +     0   0  107     -2,-2.0     3,-2.3     1,-0.3     4,-0.6   0.646  64.0  92.8 -67.4  -7.6    3.4    9.9   43.5               
  104  104 A Y  G 34 S+     0   0  191      1,-0.3    -1,-0.3     2,-0.2     3,-0.2   0.678  73.2  70.5 -52.5 -18.9    4.7   10.3   47.1               
  105  105 A R  G <4 S+     0   0  236     -3,-1.9    -1,-0.3     1,-0.2    -2,-0.2   0.597  99.6  43.9 -80.0 -11.7    2.5   13.5   47.1               
  106  106 A R  T <4 S+     0   0  226     -3,-2.3     2,-0.7     1,-0.1    -1,-0.2   0.547  98.5  80.3-100.2 -10.5   -0.8   11.4   47.2               
  107  107 A R  S  < S-     0   0  210     -4,-0.6    -1,-0.1    -3,-0.2    -4,-0.0  -0.654 102.3 -66.3-114.7  77.2    0.3    8.8   49.8               
  108  108 A S        -     0   0  103     -2,-0.7    -1,-0.2    -3,-0.1    -2,-0.1   0.896  47.5-102.5  60.7 125.3    0.0   10.2   53.4               
  109  109 A P        -     0   0  118      0, 0.0    -1,-0.1     0, 0.0    -4,-0.0  -0.516  45.5-107.1 -66.9 136.1    2.0   13.0   55.2               
  110  110 A P        -     0   0  108      0, 0.0     2,-0.7     0, 0.0    -2,-0.0  -0.416  46.3 -93.2 -64.3 139.2    4.7   11.6   57.5               
  111  111 A P        -     0   0  124      0, 0.0     2,-1.6     0, 0.0    -3,-0.0  -0.349  35.1-146.2 -66.8 104.2    3.5   12.0   61.2               
  112  112 A R        +     0   0  242     -2,-0.7     2,-0.2    -3,-0.0     0, 0.0  -0.550  44.6 137.1 -72.8  85.8    5.0   15.3   62.5               
  113  113 A R        +     0   0  234     -2,-1.6     2,-0.0     1,-0.2     0, 0.0  -0.816  30.9  31.3-155.3 143.0    5.8   14.6   66.2               
  114  114 A R        -     0   0  242     -2,-0.2    -1,-0.2     2,-0.0     0, 0.0   0.724  47.8-134.7-148.9 168.8    8.1   15.1   68.4               
  115  115 A S        -     0   0  114      1,-0.1     2,-0.1    -2,-0.0    -2,-0.0   0.016  38.4 -84.5 -78.3 172.3   10.9   17.6   69.4               
  116  116 A P        -     0   0  125      0, 0.0     2,-0.3     0, 0.0    -1,-0.1  -0.260  26.7-167.4 -90.0 160.5   14.6   17.0   70.5               
  117  117 A R        -     0   0  244      2,-0.1     0, 0.0    -2,-0.1     0, 0.0  -0.856  22.1-115.4-151.0 123.9   16.7   16.1   73.6               
  118  118 A R        +     0   0  232     -2,-0.3     2,-0.1     2,-0.0     0, 0.0   0.118  33.2 146.8 -19.2 132.8   20.5   16.1   74.3               
  119  119 A R        +     0   0  237      0, 0.0     2,-0.2     0, 0.0    -2,-0.1   0.095   9.3 176.8 160.8 129.4   23.4   13.8   75.1               
  120  120 A S        +     0   0  104     -2,-0.1     2,-0.2     0, 0.0    -2,-0.0  -0.592   4.0 167.2  84.5  76.2   26.7   13.6   74.6               
  121  121 A F        -     0   0  158     -2,-0.2     2,-0.1     2,-0.0     0, 0.0  -0.534  13.3-161.5-167.3 115.2   29.4   11.2   75.7               
  122  122 A S        +     0   0   93     -2,-0.2     2,-0.1     0, 0.0     0, 0.0   0.216   8.7 177.2  72.6 115.7   32.7   10.7   74.6               
  123  123 A R        +     0   0  213     -2,-0.1    -2,-0.0     2,-0.0     0, 0.0   0.002  17.8  97.3 138.6 141.9   35.5    8.1   74.7               
  124  124 A S        -     0   0   94     -2,-0.1     0, 0.0     0, 0.0     0, 0.0   0.633  29.9 -96.3-174.7 165.2   38.5    7.4   73.7               
  125  125 A R        +     0   0  232      0, 0.0    -2,-0.0     0, 0.0     0, 0.0   0.666  20.8 116.0  76.2 145.9   42.3    6.9   73.0               
  126  126 A S        -     0   0   98      0, 0.0     0, 0.0     0, 0.0     0, 0.0   0.713  29.9 -90.2-174.5 172.5   45.2    7.5   71.9               
  127  127 A R        +     0   0  232      0, 0.0     2,-0.1     0, 0.0     0, 0.0   0.755  32.8 147.9  85.9 111.5   49.0    8.3   71.0               
  128  128 A S        +     0   0  110      0, 0.0     2,-0.2     0, 0.0     0, 0.0   0.304  15.7 174.2  77.7 141.0   51.0   10.9   70.5               
  129  129 A L        +     0   0  167     -2,-0.1     0, 0.0     2,-0.0     0, 0.0   0.245  19.0 111.4 -97.6-150.2   53.8   12.6   70.6               
  130  130 A S        +     0   0  102     -2,-0.2     2,-0.1     0, 0.0     0, 0.0   0.879  13.2 170.6-145.2 176.7   55.4   15.6   69.7               
  131  131 A R        +     0   0  220      2,-0.0    -2,-0.0     0, 0.0     0, 0.0   0.067  16.6 123.5  69.3 121.5   57.1   18.7   70.0               
  132  132 A D        -     0   0   98     -2,-0.1     0, 0.0     0, 0.0     0, 0.0   0.668  24.3-158.1-137.8 139.9   58.8   21.3   69.0               
  133  133 A R        +     0   0  191      0, 0.0    -2,-0.0     0, 0.0     0, 0.0   0.580  18.8 125.0  58.7 139.1   58.5   25.0   69.0               
  134  134 A R        -     0   0  224      0, 0.0     2,-0.0     0, 0.0     0, 0.0   0.406  22.4 -80.0  78.3 156.2   59.7   28.3   67.3               
  135  135 A R        +     0   0  194      0, 0.0     0, 0.0     0, 0.0     0, 0.0   0.215  27.8  37.1-176.8 136.3   59.5   31.1   65.7               
  136  136 A E        +     0   0  116     -2,-0.0     0, 0.0     0, 0.0     0, 0.0   0.341  32.1   4.1  68.6 157.9   59.3   34.2   63.3               
  137  137 A R        -     0   0  200      0, 0.0     0, 0.0     0, 0.0     0, 0.0   0.479  32.5 -36.0-168.4 148.6   58.0   35.9   60.6               
  138  138 A S        -     0   0   92      0, 0.0     0, 0.0     0, 0.0     0, 0.0   0.962  41.2 -28.1  61.2 119.6   56.4   37.5   57.5               
  139  139 A L        +     0   0  169      0, 0.0     0, 0.0     0, 0.0     0, 0.0   0.676  37.1 107.2  84.2 154.7   54.9   37.2   54.1               
  140  140 A S        -     0   0  110      0, 0.0     0, 0.0     0, 0.0     0, 0.0   0.992  38.7-102.9  79.7  90.8   54.1   35.8   50.6               
  141  141 A R        +     0   0  221      2,-0.0     0, 0.0     0, 0.0     0, 0.0   0.862  36.3  69.5  54.7 128.1   51.5   34.1   48.6               
  142  142 A E        -     0   0  138      2,-0.0     0, 0.0     0, 0.0     0, 0.0   0.981  35.2-110.4  74.2 100.6   49.8   31.2   47.0               
  143  143 A R        -     0   0  236      1,-0.1     2,-0.2     0, 0.0    -2,-0.0   0.316  11.9-152.7  75.4  95.5   48.1   28.2   46.7               
  144  144 A N        -     0   0  170      2,-0.0     2,-0.4     0, 0.0    -1,-0.1  -0.722  28.5-114.2-124.4 170.0   48.7   24.5   45.5               
  145  145 A H        -     0   0  161     -2,-0.2     0, 0.0     1,-0.1     0, 0.0  -0.922  22.6 -93.6-140.2 117.0   46.1   22.1   44.2               
  146  146 A K        +     0   0  174     -2,-0.4    -1,-0.1     2,-0.0    -2,-0.0   0.161  20.5 155.0  62.3-166.6   44.1   18.7   44.6               
  147  147 A P        -     0   0  108      0, 0.0    -2,-0.0     0, 0.0     0, 0.0   0.781  10.2 -24.6-129.2-178.4   43.2   15.5   44.3               
  148  148 A S        +     0   0  100      0, 0.0    -2,-0.0     0, 0.0     0, 0.0   0.519  20.7  11.5  93.3 127.2   41.7   11.9   44.6               
  149  149 A R        +     0   0  237      0, 0.0     0, 0.0     0, 0.0     0, 0.0   0.828  16.3  50.2  77.4 138.7   40.4    8.8   45.7               
  150  150 A S        -     0   0  102      0, 0.0     0, 0.0     0, 0.0     0, 0.0   0.660  12.8-114.4-172.8 153.5   39.1    6.1   47.0               
  151  151 A F        +     0   0  160      1,-0.0     2,-0.0     0, 0.0     0, 0.0   0.905  14.0 141.8  56.2 127.6   37.1    3.2   48.7               
  152  152 A S        -     0   0   97      0, 0.0    -1,-0.0     0, 0.0     0, 0.0   0.102  25.0-107.5-171.7 162.8   36.3    0.7   50.9               
  153  153 A R        -     0   0  210      1,-0.1     0, 0.0    -2,-0.0     0, 0.0   0.251  19.8-160.7 -19.1 159.9   33.7   -1.2   53.0               
  154  154 A S        +     0   0   90      0, 0.0    -1,-0.1     0, 0.0     0, 0.0   0.703  10.4 168.8 174.0 165.4   32.3   -2.0   55.9               
  155  155 A R        +     0   0  233      0, 0.0     0, 0.0     0, 0.0     0, 0.0   0.568  12.1  73.9  68.9 150.2   30.4   -3.7   58.8               
  156  156 A S        -     0   0   84      0, 0.0     0, 0.0     0, 0.0     0, 0.0   0.670  17.8 -86.0-168.2 154.0   29.2   -4.5   61.8               
  157  157 A R        +     0   0  232      0, 0.0     0, 0.0     0, 0.0     0, 0.0   0.593  17.0  95.6  64.7 157.8   27.5   -4.8   65.3               
  158  158 A S        -     0   0   95      0, 0.0     0, 0.0     0, 0.0     0, 0.0   0.663  12.1-156.6-158.5 151.6   26.4   -4.9   68.3               
  159  159 A R        +     0   0  236      1,-0.0     2,-0.2     0, 0.0     0, 0.0   0.551   5.3 175.8  22.4 131.9   24.5   -3.9   71.5               
  160  160 A S        -     0   0  118      2,-0.0     2,-0.2     0, 0.0    -1,-0.0  -0.853  19.2-178.6-152.4 145.9   24.5   -4.0   75.2               
  161  161 A N        +     0   0  139     -2,-0.2     2,-0.1     2,-0.0     0, 0.0  -0.616   9.1 147.6 -97.5 168.1   21.9   -2.5   77.6               
  162  162 A E        -     0   0  152     -2,-0.2     2,-0.0     2,-0.1    -2,-0.0  -0.017  18.6-140.1 168.2 163.9   21.0   -1.9   81.0               
  163  163 A R              0   0  214     -2,-0.1    -2,-0.0     0, 0.0     0, 0.0  -0.245 360.0 360.0 -67.1 157.7   19.4    0.1   83.8               
  164  164 A K              0   0  280     -2,-0.0    -2,-0.1     0, 0.0     0, 0.0  -0.813 360.0 360.0-122.0 360.0   19.4    1.3   87.1               
