==== Secondary Structure Definition by the program DSSP, CMBI version 2.0                          ==== DATE=2026-03-08        .
REFERENCE W. KABSCH AND C.SANDER, BIOPOLYMERS 22 (1983) 2577-2637                                                              .
HEADER                                            01-AUG-25                                                                    .
COMPND    MOL_ID: 1; MOLECULE: RNA-BINDING PROTEIN 3; CHAIN: A                                                                 .
SOURCE    MOL_ID: 1; ORGANISM_SCIENTIFIC: HOMO SAPIENS; ORGANISM_TAXID: 9606                                                   .
AUTHOR                                                                                                                         .
  157  1  0  0  0 TOTAL NUMBER OF RESIDUES, NUMBER OF CHAINS, NUMBER OF SS-BRIDGES(TOTAL,INTRACHAIN,INTERCHAIN)                .
 16133.5   ACCESSIBLE SURFACE OF PROTEIN (ANGSTROM**2)                                                                         .
   64 40.8   TOTAL NUMBER OF HYDROGEN BONDS OF TYPE O(I)-->H-N(J)  , SAME NUMBER PER 100 RESIDUES                              .
    0  0.0   TOTAL NUMBER OF HYDROGEN BONDS IN     PARALLEL BRIDGES, SAME NUMBER PER 100 RESIDUES                              .
   23 14.6   TOTAL NUMBER OF HYDROGEN BONDS IN ANTIPARALLEL BRIDGES, SAME NUMBER PER 100 RESIDUES                              .
    1  0.6   TOTAL NUMBER OF HYDROGEN BONDS OF TYPE O(I)-->H-N(I-5), SAME NUMBER PER 100 RESIDUES                              .
    0  0.0   TOTAL NUMBER OF HYDROGEN BONDS OF TYPE O(I)-->H-N(I-4), SAME NUMBER PER 100 RESIDUES                              .
    1  0.6   TOTAL NUMBER OF HYDROGEN BONDS OF TYPE O(I)-->H-N(I-3), SAME NUMBER PER 100 RESIDUES                              .
    0  0.0   TOTAL NUMBER OF HYDROGEN BONDS OF TYPE O(I)-->H-N(I-2), SAME NUMBER PER 100 RESIDUES                              .
    0  0.0   TOTAL NUMBER OF HYDROGEN BONDS OF TYPE O(I)-->H-N(I-1), SAME NUMBER PER 100 RESIDUES                              .
    0  0.0   TOTAL NUMBER OF HYDROGEN BONDS OF TYPE O(I)-->H-N(I+0), SAME NUMBER PER 100 RESIDUES                              .
    0  0.0   TOTAL NUMBER OF HYDROGEN BONDS OF TYPE O(I)-->H-N(I+1), SAME NUMBER PER 100 RESIDUES                              .
   13  8.3   TOTAL NUMBER OF HYDROGEN BONDS OF TYPE O(I)-->H-N(I+2), SAME NUMBER PER 100 RESIDUES                              .
    7  4.5   TOTAL NUMBER OF HYDROGEN BONDS OF TYPE O(I)-->H-N(I+3), SAME NUMBER PER 100 RESIDUES                              .
   18 11.5   TOTAL NUMBER OF HYDROGEN BONDS OF TYPE O(I)-->H-N(I+4), SAME NUMBER PER 100 RESIDUES                              .
    0  0.0   TOTAL NUMBER OF HYDROGEN BONDS OF TYPE O(I)-->H-N(I+5), SAME NUMBER PER 100 RESIDUES                              .
  1  2  3  4  5  6  7  8  9 10 11 12 13 14 15 16 17 18 19 20 21 22 23 24 25 26 27 28 29 30     *** HISTOGRAMS OF ***           .
  0  0  0  0  0  0  0  0  1  0  1  0  0  0  0  0  0  0  0  0  0  0  0  0  0  0  0  0  0  0    RESIDUES PER ALPHA HELIX         .
  0  0  0  0  0  0  0  0  0  0  0  0  0  0  0  0  0  0  0  0  0  0  0  0  0  0  0  0  0  0    PARALLEL BRIDGES PER LADDER      .
  0  1  0  1  1  0  1  0  0  0  0  0  0  0  0  0  0  0  0  0  0  0  0  0  0  0  0  0  0  0    ANTIPARALLEL BRIDGES PER LADDER  .
  1  0  1  0  0  0  0  0  0  0  0  0  0  0  0  0  0  0  0  0  0  0  0  0  0  0  0  0  0  0    LADDERS PER SHEET                .
  #  RESIDUE AA STRUCTURE BP1 BP2  ACC     N-H-->O    O-->H-N    N-H-->O    O-->H-N    TCO  KAPPA ALPHA  PHI   PSI    X-CA   Y-CA   Z-CA            CHAIN
    1    1 A M              0   0  236      0, 0.0     2,-0.5     0, 0.0     0, 0.0   0.000 360.0 360.0 360.0  88.5   -4.5    6.2  -20.5               
    2    2 A S    >   -     0   0   68      1,-0.1     3,-1.6     0, 0.0     4,-0.3  -0.972 360.0-156.7-112.5 107.3   -3.9    3.8  -17.6               
    3    3 A S  T 3  S+     0   0  128     -2,-0.5    -1,-0.1     1,-0.3     3,-0.0   0.425  88.4  57.6 -66.7   3.0   -6.9    4.4  -15.2               
    4    4 A E  T >  S+     0   0  132      1,-0.1     3,-1.2     2,-0.1    -1,-0.3   0.474  77.7  86.8-110.1  -8.2   -4.8    3.0  -12.3               
    5    5 A E  T <  S+     0   0  103     -3,-1.6    -2,-0.1     1,-0.2    -1,-0.1   0.747  87.9  53.7 -71.8 -20.5   -1.7    5.3  -12.3               
    6    6 A G  T 3  S+     0   0   10     -4,-0.3    48,-2.9    48,-0.1     2,-0.5   0.474  86.4 101.5 -88.7  -5.7   -3.4    8.0  -10.1               
    7    7 A K  E <   -A   53   0A  74     -3,-1.2    75,-2.3    46,-0.2     2,-0.4  -0.732  49.5-170.4 -93.7 129.6   -4.3    5.6   -7.2               
    8    8 A L  E     -AB  52  81A   0     44,-3.4    44,-2.5    -2,-0.5     2,-0.5  -0.883  15.9-142.1-112.2 141.7   -2.3    5.4   -4.0               
    9    9 A F  E     -AB  51  80A  67     71,-3.2    71,-2.6    -2,-0.4     2,-0.5  -0.920  16.2-164.1 -95.7 128.8   -2.5    2.9   -1.1               
   10   10 A V  E     +AB  50  79A   0     40,-2.9    40,-2.8    -2,-0.5     2,-0.3  -0.976  15.6 169.3-116.6 119.0   -2.0    4.5    2.4               
   11   11 A G  E     +AB  49  78A   6     67,-3.1    67,-3.0    -2,-0.5    38,-0.2  -0.803  49.3  50.6-122.0 167.4   -1.3    2.1    5.3               
   12   12 A G  S    S+     0   0   24     36,-1.2    37,-0.2    -2,-0.3    60,-0.1   0.606  71.5 158.5  79.8  14.6   -0.1    2.5    8.9               
   13   13 A L        -     0   0    1     35,-1.9    -1,-0.2    -3,-0.2     2,-0.1  -0.285  44.7-109.1 -66.9 149.6   -2.8    5.1    9.7               
   14   14 A N    >   -     0   0   37     61,-0.1     3,-1.5     1,-0.1    34,-0.2  -0.420  27.3-114.1 -70.0 155.5   -3.9    5.8   13.3               
   15   15 A F  T 3  S+     0   0  103      1,-0.3    31,-0.5    -2,-0.1    -1,-0.1   0.770 120.7  50.8 -62.2 -22.9   -7.4    4.7   14.3               
   16   16 A N  T 3  S+     0   0  125     57,-0.1     2,-0.7    29,-0.1    -1,-0.3   0.385  82.6 107.8 -91.4  -6.6   -8.2    8.4   14.7               
   17   17 A T    <   -     0   0    2     -3,-1.5     2,-0.1    55,-0.1    31,-0.1  -0.712  56.1-165.1 -81.1 116.3   -6.9    9.4   11.2               
   18   18 A D     >  -     0   0   75     -2,-0.7     4,-1.9     1,-0.1     3,-0.4  -0.452  36.5-100.3 -96.7 168.5   -9.9   10.2    9.0               
   19   19 A E  H  > S+     0   0   78      1,-0.2     4,-2.8     2,-0.2     5,-0.1   0.871 122.2  57.4 -52.5 -38.9  -10.5   10.7    5.3               
   20   20 A Q  H  > S+     0   0  160      2,-0.2     4,-2.7     1,-0.2    -1,-0.2   0.874 104.1  49.8 -63.4 -41.2  -10.4   14.5    5.9               
   21   21 A A  H  > S+     0   0   35     -3,-0.4     4,-2.2     2,-0.2     5,-0.2   0.915 114.0  45.9 -67.4 -40.8   -6.9   14.4    7.4               
   22   22 A L  H  X S+     0   0    0     -4,-1.9     4,-2.7     2,-0.2     5,-0.3   0.929 112.7  50.8 -61.9 -47.4   -5.6   12.3    4.4               
   23   23 A E  H  X S+     0   0  102     -4,-2.8     4,-2.7     2,-0.2    -2,-0.2   0.948 111.5  47.6 -58.5 -46.8   -7.4   14.7    2.0               
   24   24 A D  H  X S+     0   0  112     -4,-2.7     4,-0.8     1,-0.2    -2,-0.2   0.935 116.4  42.5 -61.2 -47.2   -5.8   17.8    3.6               
   25   25 A H  H  < S+     0   0   68     -4,-2.2     3,-0.4     1,-0.2    -1,-0.2   0.903 121.0  41.0 -68.2 -40.9   -2.3   16.3    3.6               
   26   26 A F  H >X S+     0   0    0     -4,-2.7     3,-1.6    -5,-0.2     4,-0.7   0.799 103.2  67.7 -81.5 -25.3   -2.5   14.8    0.1               
   27   27 A S  H 3< S+     0   0   66     -4,-2.7     3,-0.2    -5,-0.3    -1,-0.2   0.734  88.3  69.0 -67.0 -22.1   -4.4   17.9   -1.4               
   28   28 A S  T 3< S+     0   0  102     -4,-0.8    -1,-0.3    -3,-0.4    -2,-0.2   0.739 100.8  47.1 -64.8 -23.5   -1.1   19.9   -0.9               
   29   29 A F  T <4 S-     0   0   57     -3,-1.6    -1,-0.2     1,-0.3    -2,-0.2   0.686 127.9 -54.7 -92.8 -22.3    0.5   17.7   -3.7               
   30   30 A G  S  < S-     0   0   12     -4,-0.7    -1,-0.3    -3,-0.2     2,-0.3  -0.916  76.6 -37.7 163.8 176.1   -2.4   18.0   -6.2               
   31   31 A P        -     0   0   68      0, 0.0    24,-2.3     0, 0.0    25,-0.5  -0.430  52.4-146.9 -65.7 121.2   -6.1   17.6   -7.0               
   32   32 A I  E     -C   54   0A  38     -2,-0.3    22,-0.3    22,-0.2     3,-0.1  -0.710  13.8-170.0 -86.4 135.1   -7.6   14.5   -5.4               
   33   33 A S  E    S-     0   0A  83     20,-3.0     2,-0.3    -2,-0.4    21,-0.2   0.772  71.4  -3.2 -89.5 -39.0  -10.4   12.7   -7.2               
   34   34 A E  E     -C   53   0A 107     19,-1.8    19,-3.3     2,-0.0     2,-0.4  -0.956  52.2-159.4-158.1 141.1  -11.4   10.3   -4.4               
   35   35 A V  E     +C   52   0A  20     -2,-0.3     2,-0.4    17,-0.2    17,-0.2  -0.989  14.2 179.8-121.3 132.4  -10.4    9.3   -0.8               
   36   36 A V  E     -C   51   0A  56     15,-3.0    15,-2.8    -2,-0.4     2,-0.5  -0.916   9.1-165.3-135.0 109.4  -11.5    6.0    0.7               
   37   37 A V  E     -C   50   0A  14     -2,-0.4     2,-1.1    13,-0.3    13,-0.3  -0.811  20.4-135.1 -93.2 127.4  -10.6    4.9    4.3               
   38   38 A V  E     -C   49   0A  38     11,-2.0     9,-2.3    -2,-0.5    11,-0.6  -0.683  30.4-179.5 -85.3 102.2  -11.1    1.2    4.9               
   39   39 A K  E     -C   46   0A  70     -2,-1.1     2,-0.5     7,-0.3     7,-0.3  -0.764  34.3-110.8 -98.9 142.7  -12.8    1.0    8.3               
   40   40 A D     >  -     0   0   55      5,-2.8     4,-1.4    -2,-0.3     5,-0.2  -0.657  23.3-152.0 -72.6 122.2  -13.8   -2.3   10.0               
   41   41 A R  T  4 S+     0   0  228     -2,-0.5    -1,-0.1     2,-0.2     5,-0.0   0.798  90.5  48.5 -69.4 -29.2  -17.6   -2.5   10.0               
   42   42 A E  T  4 S+     0   0  182      1,-0.2    -1,-0.2     3,-0.1    -2,-0.0   0.902 125.6  25.1 -79.8 -44.1  -17.9   -4.6   13.1               
   43   43 A T  T  4 S-     0   0   58      2,-0.2    -2,-0.2     1,-0.0    -1,-0.2   0.493  91.9-135.1 -96.3  -7.7  -15.6   -2.7   15.4               
   44   44 A Q     <  +     0   0  143     -4,-1.4     2,-0.4     1,-0.2    -3,-0.1   0.564  62.8 136.5  52.5  13.4  -15.9    0.8   13.7               
   45   45 A R        -     0   0  159     -5,-0.2    -5,-2.8    -6,-0.1    -1,-0.2  -0.731  65.0-111.2 -88.4 131.2  -12.1    0.9   14.1               
   46   46 A S  E     - C   0  39A   6    -31,-0.5    -7,-0.3    -2,-0.4     4,-0.1  -0.369  18.7-134.6 -53.9 131.4  -10.1    2.1   11.1               
   47   47 A R  E     -     0   0A 152     -9,-2.3   -35,-0.2     2,-0.3    -1,-0.2   0.463  46.6-107.8 -69.4   3.5   -8.1   -0.9    9.6               
   48   48 A G  E    S+     0   0A   7      1,-0.2   -35,-1.9   -10,-0.2   -36,-1.2   0.681  90.2  86.2  74.8  20.4   -5.2    1.6    9.5               
   49   49 A F  E     +AC  11  38A  44    -11,-0.6   -11,-2.0   -38,-0.2    -2,-0.3  -0.995  43.8 160.6-148.1 156.9   -5.3    1.8    5.7               
   50   50 A G  E     -AC  10  37A   0    -40,-2.8   -40,-2.9    -2,-0.3     2,-0.4  -0.881  30.2-113.7-155.1-179.9   -7.1    3.7    2.8               
   51   51 A F  E     -AC   9  36A  56    -15,-2.8   -15,-3.0    -2,-0.2     2,-0.4  -0.988  17.1-164.0-129.1 139.5   -6.9    4.6   -0.8               
   52   52 A I  E     -AC   8  35A   0    -44,-2.5   -44,-3.4    -2,-0.4     2,-0.6  -0.996   6.1-158.6-125.4 125.7   -6.4    8.0   -2.4               
   53   53 A T  E     -AC   7  34A  32    -19,-3.3   -20,-3.0    -2,-0.4   -19,-1.8  -0.937   9.5-159.2-106.1 118.5   -7.1    8.6   -6.1               
   54   54 A F  E     - C   0  32A   6    -48,-2.9   -22,-0.2    -2,-0.6   -48,-0.1  -0.702  23.0-132.7 -90.5 150.6   -5.4   11.6   -7.8               
   55   55 A T  S    S+     0   0   84    -24,-2.3   -23,-0.1    -2,-0.3    -1,-0.1   0.861  99.1  40.5 -66.7 -35.1   -6.6   13.3  -11.0               
   56   56 A N  S  > S-     0   0   68    -25,-0.5     4,-1.5   -50,-0.1     3,-0.2  -0.960  72.0-146.2-117.7 135.6   -3.0   13.2  -12.3               
   57   57 A P  H  > S+     0   0   52      0, 0.0     4,-2.1     0, 0.0     5,-0.1   0.742  99.0  64.0 -68.8 -22.6   -0.5   10.3  -11.8               
   58   58 A E  H  > S+     0   0  152      2,-0.2     4,-2.0     1,-0.2     5,-0.2   0.958 103.7  45.9 -65.4 -46.6    2.4   12.7  -11.5               
   59   59 A H  H  > S+     0   0   58     -3,-0.2     4,-3.0     1,-0.2     5,-0.2   0.906 110.9  54.4 -62.4 -39.9    0.9   14.2   -8.3               
   60   60 A A  H  X S+     0   0    0     -4,-1.5     4,-2.8     1,-0.2    -1,-0.2   0.922 108.5  48.2 -58.5 -45.1    0.3   10.7   -7.0               
   61   61 A S  H  X S+     0   0   38     -4,-2.1     4,-1.7     2,-0.2    -1,-0.2   0.873 114.7  45.1 -66.0 -38.5    4.0    9.8   -7.5               
   62   62 A V  H  X S+     0   0   85     -4,-2.0     4,-2.2     2,-0.2     5,-0.2   0.954 114.4  48.1 -68.7 -48.9    5.2   13.0   -5.8               
   63   63 A A  H  X S+     0   0    0     -4,-3.0     4,-2.9     1,-0.2     5,-0.3   0.911 110.7  52.6 -58.9 -43.8    2.8   12.6   -2.9               
   64   64 A M  H  X S+     0   0   27     -4,-2.8     4,-1.8    -5,-0.2    15,-0.3   0.927 111.9  44.9 -56.8 -48.5    3.8    8.9   -2.5               
   65   65 A R  H  < S+     0   0  203     -4,-1.7    -1,-0.2     1,-0.2    -2,-0.2   0.836 118.7  42.6 -68.0 -34.8    7.5    9.8   -2.3               
   66   66 A A  H  < S+     0   0   55     -4,-2.2    -2,-0.2     1,-0.1    -1,-0.2   0.880 122.3  36.7 -76.9 -41.3    7.0   12.7    0.2               
   67   67 A M  H >< S+     0   0   11     -4,-2.9     3,-1.9    -5,-0.2     2,-0.7   0.607  86.9 106.6 -92.3 -17.3    4.4   10.9    2.4               
   68   68 A N  T 3< S+     0   0   87     -4,-1.8    10,-0.2    -5,-0.3   -58,-0.0  -0.554  96.0   9.8 -68.9 112.8    5.9    7.4    2.4               
   69   69 A G  T 3  S+     0   0   40      8,-2.3    -1,-0.3    -2,-0.7     9,-0.1   0.400  94.2 141.6  93.9   3.2    7.5    6.9    5.9               
   70   70 A E    <   -     0   0   75     -3,-1.9     7,-2.9     7,-0.2     2,-0.8  -0.333  54.3-120.9 -67.7 154.3    6.0   10.1    7.4               
   71   71 A S  E     -D   76   0B  75      5,-0.2     2,-0.5     3,-0.0     3,-0.3  -0.841  32.1-179.8-101.7  99.5    4.8   10.0   11.0               
   72   72 A L  E >  S-D   75   0B  14      3,-1.9     3,-2.2    -2,-0.8   -55,-0.1  -0.843  75.4 -10.4 -95.1 129.5    1.1   10.9   11.3               
   73   73 A D  T 3  S-     0   0  105     -2,-0.5    -1,-0.2     1,-0.3     3,-0.1   0.804 130.7 -55.9  54.0  32.5   -0.3   10.9   14.9               
   74   74 A G  T 3  S+     0   0   80     -3,-0.3     2,-0.4     1,-0.2    -1,-0.3   0.590 120.1 105.7  75.6  11.5    2.9    9.2   16.2               
   75   75 A R  E <  S-D   72   0B 110     -3,-2.2    -3,-1.9   -61,-0.0     2,-0.5  -0.974  75.0-116.6-123.1 135.8    2.5    6.3   13.7               
   76   76 A Q  E     -D   71   0B 136     -2,-0.4    -5,-0.2    -5,-0.3     2,-0.2  -0.583  29.5-150.6 -70.8 121.3    4.5    5.7   10.5               
   77   77 A I        -     0   0    0     -7,-2.9    -8,-2.3    -2,-0.5     2,-0.4  -0.595   2.5-149.7 -87.3 149.2    2.4    5.9    7.4               
   78   78 A R  E     -B   11   0A 182    -67,-3.0   -67,-3.1    -2,-0.2     2,-0.5  -0.995   8.6-166.8-121.4 127.6    3.2    3.9    4.2               
   79   79 A V  E     +B   10   0A   2     -2,-0.4     2,-0.3   -15,-0.3   -69,-0.2  -0.973  17.6 159.6-119.6 125.8    2.2    5.2    0.8               
   80   80 A D  E     -B    9   0A  97    -71,-2.6   -71,-3.2    -2,-0.5     2,-0.5  -0.890  47.5 -82.4-136.8 165.8    2.4    2.8   -2.2               
   81   81 A H  E >   -B    8   0A  72     -2,-0.3     2,-1.9   -73,-0.2     3,-0.6  -0.598  34.7-139.4 -73.3 123.4    1.0    2.6   -5.8               
   82   82 A A  T 3  S+     0   0   18    -75,-2.3   -75,-0.2    -2,-0.5    -1,-0.1  -0.538  84.0  72.6 -80.8  78.6   -2.5    1.1   -5.7               
   83   83 A G  T 3   +     0   0   42     -2,-1.9    -1,-0.2   -78,-0.1   -79,-0.1   0.362  64.6  83.4-175.0  13.3   -2.1   -1.1   -8.8               
   84   84 A K    <   +     0   0  174     -3,-0.6     2,-0.4     1,-0.1    -2,-0.1   0.055  52.1 104.6-127.6  32.4    0.3   -4.2   -8.3               
   85   85 A S        +     0   0  121      2,-0.0     2,-0.9     0, 0.0    -1,-0.1  -0.574  46.6 168.1 -93.7  61.6   -2.0   -6.8   -6.8               
   86   86 A A        -     0   0   77     -2,-0.4    -2,-0.0     2,-0.1    -3,-0.0  -0.784  61.5 -81.9 -59.7 107.2   -2.1   -8.5  -10.1               
   87   87 A R  S    S+     0   0  251     -2,-0.9    -1,-0.1     2,-0.0    -2,-0.0   0.055 106.6  30.5  10.6  82.6   -3.7  -11.8   -9.1               
   88   88 A G  S    S+     0   0   57      2,-0.0    -2,-0.1    -3,-0.0     0, 0.0   0.536  88.3  44.4 106.2 121.6   -0.6  -13.7   -7.7               
   89   89 A T  S    S+     0   0  133      2,-0.1    -3,-0.1    -4,-0.1    -2,-0.0   0.984  71.1  69.4  87.3  76.6    2.7  -13.0   -6.0               
   90   90 A R        +     0   0  230      1,-0.1     2,-0.2    -5,-0.1    -6,-0.0   0.207  59.5  98.0 171.7  88.2    3.5  -10.6   -3.1               
   91   91 A G        -     0   0   79      1,-0.1    -1,-0.1     0, 0.0    -2,-0.1  -0.636  65.9 -17.8-168.2 113.5    2.2  -11.3    0.5               
   92   92 A G        -     0   0   63     -2,-0.2     2,-0.6     1,-0.1    -1,-0.1   0.987  43.6-122.5  81.5 103.7    3.6  -12.9    3.6               
   93   93 A G        +     0   0   80      2,-0.0     2,-0.3     0, 0.0    -1,-0.1  -0.618  38.3 163.0 -58.6 116.8    6.5  -15.1    4.7               
   94   94 A F        -     0   0  189     -2,-0.6     2,-0.5     0, 0.0     0, 0.0  -0.911  35.2-136.3-132.4 113.3    5.0  -18.1    6.4               
   95   95 A G        +     0   0   90     -2,-0.3    -2,-0.0     1,-0.1     0, 0.0  -0.586  53.3 132.1 -58.3 114.2    7.5  -20.9    6.8               
   96   96 A A        +     0   0   73     -2,-0.5    -1,-0.1     3,-0.0     0, 0.0   0.173  40.4  82.7-162.2  31.4    5.5  -24.1    5.8               
   97   97 A H        +     0   0  187      1,-0.0     2,-1.4     0, 0.0    -2,-0.1  -0.016  46.7 120.8-128.6  39.1    7.3  -26.3    3.3               
   98   98 A G        +     0   0   81      1,-0.1     2,-0.1     2,-0.0    -1,-0.0  -0.694  54.8  93.5 -73.4  70.8    9.4  -28.1    5.8               
   99   99 A R        -     0   0  215     -2,-1.4    -1,-0.1     2,-0.0    -3,-0.0  -0.487  59.1-168.8-159.4  99.7    7.8  -31.3    4.5               
  100  100 A G        +     0   0   54     -2,-0.1     2,-0.1     3,-0.0     3,-0.1  -0.166  19.9 145.3 -52.1 167.4    9.5  -33.2    1.7               
  101  101 A R        +     0   0  211      1,-0.2     3,-0.0     2,-0.0    -2,-0.0   0.077  38.9  47.5 167.3 134.9    8.3  -36.0   -0.3               
  102  102 A S        +     0   0  120     -2,-0.1    -1,-0.2     0, 0.0     2,-0.0   0.816  65.4  67.4  75.4 110.0    8.9  -36.9   -4.1               
  103  103 A Y  S    S-     0   0  215     -3,-0.1    -2,-0.0     0, 0.0    -3,-0.0   0.305  99.5 -15.4-133.8 147.2   11.4  -37.2   -6.1               
  104  104 A S        -     0   0  111      1,-0.1     2,-0.2    -3,-0.0     3,-0.1   0.985  56.8-144.2  69.5  73.3   14.0  -39.9   -5.7               
  105  105 A R        -     0   0  249      2,-0.1    -1,-0.1     1,-0.1     2,-0.1  -0.418  23.3-126.7 -39.1 114.2   14.1  -41.8   -2.4               
  106  106 A G        +     0   0   70     -2,-0.2    -1,-0.1     2,-0.0    -2,-0.0  -0.372  54.4 131.5 -57.6 158.1   17.7  -42.6   -1.6               
  107  107 A G        -     0   0   74     -2,-0.1     2,-0.2    -3,-0.1    -2,-0.1   0.599  36.2-158.3 106.8  81.4   18.2  -46.3   -0.9               
  108  108 A G        +     0   0   72      0, 0.0     2,-0.2     0, 0.0    -2,-0.0  -0.132  25.7 126.9  82.0  80.7   20.5  -47.8   -2.3               
  109  109 A D        +     0   0  122     -2,-0.2    -2,-0.0     0, 0.0     0, 0.0  -0.669  37.8  50.9 178.7 162.2   21.1  -51.4   -3.1               
  110  110 A Q        +     0   0  154     -2,-0.2     2,-0.3     1,-0.2     0, 0.0   0.909  34.1 179.5  77.4  64.3   21.9  -54.0   -5.8               
  111  111 A G        -     0   0   85      2,-0.0     2,-0.4     0, 0.0    -1,-0.2  -0.576   9.7-167.3 -53.8 136.0   24.7  -53.6   -8.1               
  112  112 A Y        +     0   0  223     -2,-0.3     0, 0.0     1,-0.0     0, 0.0  -0.969  37.3 122.8-128.7 114.1   24.8  -56.6  -10.4               
  113  113 A G        -     0   0   73     -2,-0.4    -1,-0.0     2,-0.0    -2,-0.0  -0.038  61.8 -75.9 172.5  72.9   28.2  -56.5  -12.2               
  114  114 A S        +     0   0  128      1,-0.0    -2,-0.0     0, 0.0     2,-0.0   0.897  52.1 138.3  62.8  99.3   30.9  -58.9  -12.3               
  115  115 A G        -     0   0   65      0, 0.0    -2,-0.0     0, 0.0    -1,-0.0  -0.042  31.4-130.5 163.4  85.5   33.6  -60.0   -9.9               
  116  116 A R        +     0   0  203     -2,-0.0     0, 0.0     0, 0.0     0, 0.0   0.619  36.0  57.4  75.3 109.3   35.1  -63.0   -8.9               
  117  117 A Y        -     0   0  170      0, 0.0     0, 0.0     0, 0.0     0, 0.0   0.894  47.6 -14.8  91.1 120.1   36.2  -65.4   -6.1               
  118  118 A Y        -     0   0  206      0, 0.0     0, 0.0     0, 0.0     0, 0.0   0.941  43.4 -56.8  54.7 111.1   35.6  -67.5   -2.9               
  119  119 A D        +     0   0  135      0, 0.0     2,-0.0     0, 0.0     0, 0.0   0.693  31.2 131.4  73.4  95.7   33.8  -68.6   -0.1               
  120  120 A S        -     0   0  107      0, 0.0     0, 0.0     0, 0.0     0, 0.0   0.104  30.5-170.4-171.7 136.3   32.1  -68.4    2.9               
  121  121 A R        +     0   0  232     -2,-0.0     0, 0.0     0, 0.0     0, 0.0   0.114  18.2 144.6 -51.9 178.6   28.8  -69.7    4.3               
  122  122 A P        +     0   0  129      0, 0.0     0, 0.0     0, 0.0     0, 0.0   0.453  31.3  43.3-146.4 169.0   26.3  -70.1    6.2               
  123  123 A G        -     0   0   79      0, 0.0     2,-0.0     0, 0.0     0, 0.0   0.625  39.4-173.5 109.6 115.6   22.6  -70.7    6.8               
  124  124 A G        +     0   0   50      0, 0.0     0, 0.0     0, 0.0     0, 0.0   0.684  18.5 108.3 140.7 137.5   20.0  -72.3    5.9               
  125  125 A Y        -     0   0  225     -2,-0.0     0, 0.0     0, 0.0     0, 0.0   0.910  25.5-136.1  55.0 124.4   16.5  -73.8    5.3               
  126  126 A G        +     0   0   55      0, 0.0     0, 0.0     0, 0.0     0, 0.0   0.914  23.8 129.3 137.3 150.3   13.9  -74.2    3.4               
  127  127 A Y        -     0   0  223      0, 0.0     0, 0.0     0, 0.0     0, 0.0   0.928  23.6-144.8  61.8 112.3   10.3  -74.5    1.9               
  128  128 A G        +     0   0   61      0, 0.0     0, 0.0     0, 0.0     0, 0.0   0.722  19.4 153.8  84.2 126.7    8.1  -73.6   -0.6               
  129  129 A Y        -     0   0  225      0, 0.0     0, 0.0     0, 0.0     0, 0.0   0.750  25.5  -1.5-171.5 148.3    5.4  -72.8   -2.4               
  130  130 A G        +     0   0   75      0, 0.0     0, 0.0     0, 0.0     0, 0.0   0.797  41.0  29.5  73.9 139.8    3.5  -71.2   -5.3               
  131  131 A R        -     0   0  224      0, 0.0     0, 0.0     0, 0.0     0, 0.0   0.630  24.1-159.4-161.3 131.7    2.7  -69.5   -8.0               
  132  132 A S        +     0   0  101      0, 0.0     0, 0.0     0, 0.0     0, 0.0   0.648  14.0 161.2  33.6 130.5    3.5  -68.1  -11.3               
  133  133 A R        -     0   0  218      2,-0.0     0, 0.0     0, 0.0     0, 0.0   0.371  45.6 -68.7 156.5 131.6    3.0  -65.7  -14.1               
  134  134 A D        +     0   0  139      2,-0.1     2,-0.2     0, 0.0     0, 0.0   0.615  39.3 151.8-161.8 129.2    5.0  -64.9  -16.6               
  135  135 A Y        +     0   0  238      1,-0.0     2,-0.1     0, 0.0    -2,-0.0  -0.693  55.8  87.5-137.3  84.3    8.2  -63.1  -18.1               
  136  136 A N        +     0   0  161     -2,-0.2    -2,-0.1     1,-0.1    -1,-0.0  -0.550  29.0 130.0-169.0 128.5    9.5  -64.7  -21.3               
  137  137 A G        -     0   0   68     -2,-0.1    -1,-0.1     2,-0.0     2,-0.0  -0.087  32.8-159.2 167.4  68.4    8.7  -64.2  -25.0               
  138  138 A R        +     0   0  223      0, 0.0     2,-0.1     0, 0.0    -2,-0.0  -0.023  14.2 168.8  51.8  97.0   11.3  -63.6  -27.3               
  139  139 A N        -     0   0  123     -2,-0.0    -2,-0.0     2,-0.0     0, 0.0  -0.311  17.6 -90.2 165.8 145.8   11.2  -62.1  -30.7               
  140  140 A Q        +     0   0  168     -2,-0.1     0, 0.0     0, 0.0     0, 0.0   0.675  28.4  73.2 179.9 142.6   13.2  -60.9  -33.2               
  141  141 A G        +     0   0   88      0, 0.0    -2,-0.0     0, 0.0     0, 0.0   0.484  23.6  47.6  87.1 143.4   15.4  -58.9  -35.7               
  142  142 A G        +     0   0   68      1,-0.1     2,-0.1     0, 0.0     0, 0.0   0.774   7.1 178.1-169.3 155.5   17.7  -57.3  -37.1               
  143  143 A Y        +     0   0  198      0, 0.0    -1,-0.1     0, 0.0     2,-0.0  -0.303  11.3 163.6 -67.7 155.3   21.3  -56.6  -38.3               
  144  144 A D        -     0   0  121     -2,-0.1     2,-0.0     0, 0.0     0, 0.0  -0.004  16.9-170.6 170.6  87.1   22.9  -53.8  -40.5               
  145  145 A R        +     0   0  209     -2,-0.0     0, 0.0     0, 0.0     0, 0.0   0.520  15.5 107.8  57.2 141.7   26.4  -53.2  -40.6               
  146  146 A Y        +     0   0  196     -2,-0.0     0, 0.0     0, 0.0     0, 0.0   0.798  22.7  45.6  66.9 139.1   28.9  -50.6  -42.0               
  147  147 A S        -     0   0  122      2,-0.0     0, 0.0     0, 0.0     0, 0.0   0.840  38.4 -23.3-171.9 155.3   31.2  -48.1  -42.0               
  148  148 A G        -     0   0   73      1,-0.0     2,-0.2     0, 0.0     0, 0.0   0.986  10.9-174.0  97.8  92.9   34.0  -45.8  -41.4               
  149  149 A G        +     0   0   67      0, 0.0     2,-0.2     0, 0.0    -1,-0.0  -0.512  21.3 167.5 -72.2 163.3   36.6  -44.5  -38.9               
  150  150 A N        -     0   0  158     -2,-0.2     2,-0.0     0, 0.0     0, 0.0  -0.660  18.4-123.6-176.6 157.3   38.8  -41.6  -39.7               
  151  151 A Y        +     0   0  203     -2,-0.2     0, 0.0     0, 0.0     0, 0.0  -0.130  28.9  40.9 -74.9 165.0   41.2  -39.3  -37.9               
  152  152 A R        +     0   0  213      2,-0.0     0, 0.0    -2,-0.0     0, 0.0   0.844  35.4  23.6  99.1 134.9   42.3  -35.9  -36.9               
  153  153 A D        +     0   0  105      1,-0.2     2,-0.3     0, 0.0     0, 0.0   0.989   4.5 169.2  70.4 109.1   42.8  -32.4  -35.8               
  154  154 A N        -     0   0  176      0, 0.0    -1,-0.2     0, 0.0     2,-0.1  -0.917  36.2-167.2-127.4 118.3   41.5  -29.4  -34.0               
  155  155 A Y        +     0   0  215     -2,-0.3     0, 0.0     1,-0.1     0, 0.0  -0.440  29.0  77.7 -79.6 162.6   44.4  -26.8  -33.8               
  156  156 A D              0   0  150     -2,-0.1    -1,-0.1     0, 0.0     0, 0.0   0.985 360.0 360.0  90.7  79.4   45.0  -23.6  -31.8               
  157  157 A N              0   0  230      0, 0.0     0, 0.0     0, 0.0     0, 0.0   0.491 360.0 360.0 160.4 360.0   45.9  -22.4  -28.5               
