==== Secondary Structure Definition by the program DSSP, CMBI version 2.0                          ==== DATE=2026-03-08        .
REFERENCE W. KABSCH AND C.SANDER, BIOPOLYMERS 22 (1983) 2577-2637                                                              .
HEADER                                            01-AUG-25                                                                    .
COMPND    MOL_ID: 1; MOLECULE: SERINE/ARGININE-RICH SPLICING FACTOR 2; CHAIN: A                                                .
SOURCE    MOL_ID: 1; ORGANISM_SCIENTIFIC: HOMO SAPIENS; ORGANISM_TAXID: 9606                                                   .
AUTHOR                                                                                                                         .
  221  1  0  0  0 TOTAL NUMBER OF RESIDUES, NUMBER OF CHAINS, NUMBER OF SS-BRIDGES(TOTAL,INTRACHAIN,INTERCHAIN)                .
 26996.1   ACCESSIBLE SURFACE OF PROTEIN (ANGSTROM**2)                                                                         .
   61 27.6   TOTAL NUMBER OF HYDROGEN BONDS OF TYPE O(I)-->H-N(J)  , SAME NUMBER PER 100 RESIDUES                              .
    0  0.0   TOTAL NUMBER OF HYDROGEN BONDS IN     PARALLEL BRIDGES, SAME NUMBER PER 100 RESIDUES                              .
   21  9.5   TOTAL NUMBER OF HYDROGEN BONDS IN ANTIPARALLEL BRIDGES, SAME NUMBER PER 100 RESIDUES                              .
    1  0.5   TOTAL NUMBER OF HYDROGEN BONDS OF TYPE O(I)-->H-N(I-5), SAME NUMBER PER 100 RESIDUES                              .
    0  0.0   TOTAL NUMBER OF HYDROGEN BONDS OF TYPE O(I)-->H-N(I-4), SAME NUMBER PER 100 RESIDUES                              .
    1  0.5   TOTAL NUMBER OF HYDROGEN BONDS OF TYPE O(I)-->H-N(I-3), SAME NUMBER PER 100 RESIDUES                              .
    0  0.0   TOTAL NUMBER OF HYDROGEN BONDS OF TYPE O(I)-->H-N(I-2), SAME NUMBER PER 100 RESIDUES                              .
    0  0.0   TOTAL NUMBER OF HYDROGEN BONDS OF TYPE O(I)-->H-N(I-1), SAME NUMBER PER 100 RESIDUES                              .
    0  0.0   TOTAL NUMBER OF HYDROGEN BONDS OF TYPE O(I)-->H-N(I+0), SAME NUMBER PER 100 RESIDUES                              .
    0  0.0   TOTAL NUMBER OF HYDROGEN BONDS OF TYPE O(I)-->H-N(I+1), SAME NUMBER PER 100 RESIDUES                              .
   13  5.9   TOTAL NUMBER OF HYDROGEN BONDS OF TYPE O(I)-->H-N(I+2), SAME NUMBER PER 100 RESIDUES                              .
   11  5.0   TOTAL NUMBER OF HYDROGEN BONDS OF TYPE O(I)-->H-N(I+3), SAME NUMBER PER 100 RESIDUES                              .
   15  6.8   TOTAL NUMBER OF HYDROGEN BONDS OF TYPE O(I)-->H-N(I+4), SAME NUMBER PER 100 RESIDUES                              .
    0  0.0   TOTAL NUMBER OF HYDROGEN BONDS OF TYPE O(I)-->H-N(I+5), SAME NUMBER PER 100 RESIDUES                              .
  1  2  3  4  5  6  7  8  9 10 11 12 13 14 15 16 17 18 19 20 21 22 23 24 25 26 27 28 29 30     *** HISTOGRAMS OF ***           .
  0  0  0  0  0  0  0  1  1  0  0  0  0  0  0  0  0  0  0  0  0  0  0  0  0  0  0  0  0  0    RESIDUES PER ALPHA HELIX         .
  0  0  0  0  0  0  0  0  0  0  0  0  0  0  0  0  0  0  0  0  0  0  0  0  0  0  0  0  0  0    PARALLEL BRIDGES PER LADDER      .
  1  1  0  3  0  0  0  0  0  0  0  0  0  0  0  0  0  0  0  0  0  0  0  0  0  0  0  0  0  0    ANTIPARALLEL BRIDGES PER LADDER  .
  1  0  1  0  0  0  0  0  0  0  0  0  0  0  0  0  0  0  0  0  0  0  0  0  0  0  0  0  0  0    LADDERS PER SHEET                .
  #  RESIDUE AA STRUCTURE BP1 BP2  ACC     N-H-->O    O-->H-N    N-H-->O    O-->H-N    TCO  KAPPA ALPHA  PHI   PSI    X-CA   Y-CA   Z-CA            CHAIN
    1    1 A M              0   0  216      0, 0.0     2,-0.8     0, 0.0     0, 0.0   0.000 360.0 360.0 360.0 143.1    7.5  -14.8   -5.1               
    2    2 A S        +     0   0  121      1,-0.0     2,-0.3     2,-0.0     3,-0.1  -0.822 360.0 140.3-108.1 100.1    4.0  -14.6   -3.5               
    3    3 A Y        +     0   0  228     -2,-0.8    -1,-0.0     1,-0.1     0, 0.0  -0.757  48.9 101.3-125.7  74.5    1.7  -11.7   -4.3               
    4    4 A G        +     0   0   71     -2,-0.3    -1,-0.1     2,-0.1    -2,-0.0   0.093  30.8 120.0-161.7  28.6   -1.5  -13.8   -4.5               
    5    5 A R        -     0   0  239     -3,-0.1     0, 0.0     3,-0.0     0, 0.0  -0.886  63.9-123.3 -82.6 134.5   -3.7  -13.5   -1.4               
    6    6 A P        -     0   0  110      0, 0.0    -2,-0.1     0, 0.0     3,-0.1  -0.476  42.6 -93.6 -59.5 149.1   -7.2  -12.1   -2.3               
    7    7 A P        -     0   0   70      0, 0.0     3,-0.3     0, 0.0    35,-0.1  -0.469  48.3 -97.7 -64.3 142.2   -7.8   -9.0   -0.1               
    8    8 A P  S    S-     0   0   57      0, 0.0     5,-0.1     0, 0.0    33,-0.0  -0.334  75.7 -48.6 -62.1 151.0   -9.7   -9.8    3.1               
    9    9 A D    >   -     0   0  147      1,-0.2     3,-0.8     2,-0.1     4,-0.3   0.189  66.9-171.0 -39.2  97.0  -13.4   -9.1    2.9               
   10   10 A V  T 3   +     0   0   53     -3,-0.3     3,-0.3     1,-0.2    -1,-0.2   0.524  65.2  73.2 -77.4 -13.0  -13.2   -5.6    1.4               
   11   11 A E  T 3  S+     0   0  200      1,-0.2    -1,-0.2    82,-0.0    -2,-0.1   0.733 100.6  41.9 -85.2 -24.3  -16.8   -4.4    1.6               
   12   12 A G  S <  S+     0   0   67     -3,-0.8     2,-0.7     2,-0.1    -1,-0.2   0.449  92.0 109.6 -92.2  -5.3  -17.0   -3.8    5.4               
   13   13 A M        -     0   0   18     -3,-0.3    50,-0.2    -4,-0.3    51,-0.1  -0.671  63.9-137.5 -90.6 115.8  -13.5   -2.2    5.6               
   14   14 A T        -     0   0   19     -2,-0.7    48,-2.7    48,-0.4     2,-0.4  -0.310  23.9-153.6 -60.8 137.3  -13.1    1.6    6.3               
   15   15 A S  E     -A   61   0A  13     46,-0.2    75,-2.8    75,-0.2     2,-0.3  -0.983   8.8-161.2-127.6 125.8  -10.4    3.1    4.1               
   16   16 A L  E     -AB  60  89A   0     44,-3.2    44,-2.2    -2,-0.4     2,-0.5  -0.818  10.7-144.7-100.3 143.8   -8.3    6.2    4.7               
   17   17 A K  E     -AB  59  88A  57     71,-3.2    71,-2.5    -2,-0.3     2,-0.5  -0.961  13.2-160.4-101.9 123.7   -6.4    8.1    2.1               
   18   18 A V  E     -AB  58  87A   0     40,-2.6    40,-2.7    -2,-0.5    69,-0.2  -0.927  16.9-179.2-104.3 126.7   -3.0    9.5    3.3               
   19   19 A D  E     + B   0  86A  54     67,-3.0    67,-1.7    -2,-0.5    38,-0.2  -0.652  51.9  45.0-123.1 175.0   -1.6   12.4    1.2               
   20   20 A N  S    S+     0   0   54     65,-0.2    37,-0.2    -2,-0.2    -1,-0.1   0.620  76.7 164.2  57.9  21.9    1.5   14.7    1.2               
   21   21 A L        -     0   0    5     35,-2.5    -1,-0.2    -3,-0.2     2,-0.1  -0.324  41.1-111.8 -65.7 143.1    3.8   11.6    1.8               
   22   22 A T    >   -     0   0   15     58,-0.2     3,-1.7    61,-0.1    -1,-0.1  -0.396  25.1-118.7 -62.4 147.6    7.5   11.7    1.2               
   23   23 A Y  T 3  S+     0   0  133      1,-0.3    31,-0.3    -2,-0.1    -1,-0.1   0.743 113.8  63.8 -60.5 -21.0    8.7    9.6   -1.8               
   24   24 A R  T 3  S+     0   0  200     57,-0.1    -1,-0.3     2,-0.1     2,-0.2   0.590  73.6 116.8 -78.5 -15.9   10.7    7.6    0.9               
   25   25 A T    <   -     0   0    8     -3,-1.7    -4,-0.0    55,-0.1    29,-0.0  -0.373  50.7-156.9 -65.8 126.4    7.6    6.3    2.8               
   26   26 A S    >>  -     0   0   48     -2,-0.2     4,-2.0     1,-0.1     3,-0.6  -0.698  27.1-119.0 -94.8 152.4    7.3    2.5    2.8               
   27   27 A P  H 3> S+     0   0   45      0, 0.0     4,-3.0     0, 0.0     5,-0.1   0.860 118.0  58.1 -60.9 -30.5    4.0    0.7    3.3               
   28   28 A D  H 3> S+     0   0  105      2,-0.2     4,-2.3     1,-0.2     5,-0.1   0.839 104.0  51.3 -63.7 -36.1    5.6   -1.0    6.4               
   29   29 A T  H <> S+     0   0   55     -3,-0.6     4,-2.0     2,-0.2    -1,-0.2   0.953 112.4  45.4 -66.1 -49.3    6.2    2.6    7.8               
   30   30 A L  H  X S+     0   0    2     -4,-2.0     4,-2.6     2,-0.2     5,-0.3   0.944 111.6  52.8 -58.6 -48.8    2.6    3.5    7.2               
   31   31 A R  H  X S+     0   0  126     -4,-3.0     4,-2.8     1,-0.2    -2,-0.2   0.937 110.9  46.3 -53.9 -51.4    1.4    0.2    8.7               
   32   32 A R  H  < S+     0   0  199     -4,-2.3     4,-0.4     1,-0.2    -1,-0.2   0.836 115.0  47.2 -59.5 -37.9    3.5    0.7   11.9               
   33   33 A V  H  < S+     0   0   35     -4,-2.0     3,-0.2     1,-0.1    -1,-0.2   0.843 120.5  36.9 -73.4 -34.8    2.3    4.4   12.3               
   34   34 A F  H >X S+     0   0    0     -4,-2.6     3,-1.6    -5,-0.2     4,-0.8   0.760 102.3  71.7 -90.3 -26.3   -1.4    3.4   11.7               
   35   35 A E  T 3< S+     0   0   85     -4,-2.8    -1,-0.2    -5,-0.3    -2,-0.1   0.621  86.2  69.5 -66.9 -13.0   -1.4    0.0   13.6               
   36   36 A K  T 34 S+     0   0  134     -4,-0.4    -1,-0.3    -3,-0.2    -2,-0.1   0.704 102.4  43.4 -74.7 -23.1   -1.1    2.0   17.0               
   37   37 A Y  T <4 S-     0   0   45     -3,-1.6     2,-0.3     1,-0.3    -2,-0.2   0.638 127.6 -52.4 -93.4 -23.3   -4.7    3.3   16.6               
   38   38 A G  S  < S-     0   0   18     -4,-0.8     2,-1.3    32,-0.1    -1,-0.3  -0.996  81.1 -26.7 165.1-171.2   -6.3    0.0   15.5               
   39   39 A R        -     0   0  164     -2,-0.3    24,-1.9    -3,-0.1     2,-0.4  -0.510  47.0-161.4 -84.8  94.5   -6.4   -3.0   13.2               
   40   40 A V  E     +C   62   0A  18     -2,-1.3    22,-0.3    22,-0.2     3,-0.1  -0.536  12.5 176.8 -67.8 121.5   -4.9   -2.3    9.8               
   41   41 A G  E     +     0   0A  26     20,-2.9     2,-0.3    -2,-0.4    21,-0.2   0.722  64.7   7.0 -99.1 -29.6   -6.1   -4.9    7.2               
   42   42 A D  E     -C   61   0A  46     19,-1.2    19,-2.8   -35,-0.1     2,-0.4  -0.988  52.9-161.5-153.6 149.5   -4.4   -3.6    4.0               
   43   43 A V  E     -C   60   0A  28     -2,-0.3     2,-0.5    17,-0.2    17,-0.2  -0.946  14.2-177.8-136.6 116.5   -1.8   -0.9    2.9               
   44   44 A Y  E     -C   59   0A  77     15,-2.6    15,-2.3    -2,-0.4    -2,-0.0  -0.930   9.8-173.8-123.7 111.9   -1.7    0.2   -0.8               
   45   45 A I        -     0   0   22     -2,-0.5     2,-0.8    13,-0.2    13,-0.2  -0.892  20.0-145.2 -99.8 106.0    0.8    2.8   -2.2               
   46   46 A P        -     0   0   15      0, 0.0     9,-1.6     0, 0.0    11,-0.3  -0.629  21.9-170.7 -70.3 110.7   -0.0    3.6   -5.9               
   47   47 A R  B     -D   54   0B 126     -2,-0.8     7,-0.2     7,-0.2     6,-0.1  -0.732  28.2-101.5 -94.8 149.8    3.4    4.2   -7.5               
   48   48 A D        -     0   0   54      5,-2.6     4,-0.3    -2,-0.3    -1,-0.1  -0.336  21.4-138.1 -67.2 153.3    3.7    5.5  -11.1               
   49   49 A R  S    S+     0   0  175      2,-0.1    -1,-0.1     3,-0.1    -2,-0.0   0.698  97.3  35.9 -85.7 -23.4    4.5    3.0  -13.9               
   50   50 A Y  S    S+     0   0  211      3,-0.1    -1,-0.1     0, 0.0    -2,-0.0   0.859 129.4  27.9-100.6 -51.3    7.1    5.1  -15.8               
   51   51 A T  S    S-     0   0   79      2,-0.1    -2,-0.1     1,-0.0     3,-0.1   0.718  90.0-141.8 -83.7 -19.4    9.0    7.0  -13.0               
   52   52 A K        +     0   0  169     -4,-0.3    -3,-0.1     1,-0.2     2,-0.1   0.363  52.8 141.4  65.9   1.8    8.4    4.3  -10.3               
   53   53 A E        -     0   0  101     -6,-0.1    -5,-2.6     1,-0.1     2,-0.3  -0.322  62.7-105.6 -71.5 148.3    7.9    7.2   -7.7               
   54   54 A S  B     -D   47   0B   8    -31,-0.3     2,-0.6    -7,-0.2    -7,-0.2  -0.616  31.4-126.7 -65.8 131.2    5.3    7.1   -5.0               
   55   55 A R        -     0   0  158     -9,-1.6   -35,-0.1    -2,-0.3    -1,-0.1   0.153  46.6 -98.1 -72.2  20.2    2.5    9.5   -6.1               
   56   56 A G  S    S+     0   0   10     -2,-0.6   -35,-2.5     1,-0.2     2,-0.3   0.384 100.4  78.5  73.1  -0.1    2.7   11.4   -2.7               
   57   57 A F        -     0   0   36    -11,-0.3    -2,-0.3   -38,-0.2     2,-0.3  -0.948  51.5-179.7-140.0 159.5   -0.4    9.4   -1.4               
   58   58 A A  E     -A   18   0A   0    -40,-2.7   -40,-2.6    -2,-0.3     2,-0.4  -0.914  22.9-125.7-142.9 166.3   -1.3    6.0   -0.0               
   59   59 A F  E     -AC  17  44A  38    -15,-2.3   -15,-2.6    -2,-0.3     2,-0.4  -0.991  17.5-169.5-120.2 133.5   -4.4    4.1    1.2               
   60   60 A V  E     -AC  16  43A   0    -44,-2.2   -44,-3.2    -2,-0.4     2,-0.4  -0.975  10.8-154.9-118.9 129.9   -4.6    2.4    4.7               
   61   61 A R  E     -AC  15  42A  18    -19,-2.8   -20,-2.9    -2,-0.4   -19,-1.2  -0.947   8.0-166.3-114.6 130.3   -7.6    0.0    5.3               
   62   62 A F  E     - C   0  40A   0    -48,-2.7   -48,-0.4    -2,-0.4   -22,-0.2  -0.748  25.7-137.2-109.5 154.2   -9.0   -0.7    8.8               
   63   63 A H  S    S+     0   0   64    -24,-1.9   -49,-0.3    -2,-0.3     2,-0.2   0.917  92.4  48.6 -71.6 -44.8  -11.4   -3.4   10.1               
   64   64 A D  S  > S-     0   0   59    -25,-0.2     4,-0.7   -51,-0.1    -2,-0.1  -0.640  70.3-143.5 -97.0 150.4  -13.3   -0.9   12.3               
   65   65 A K  H  > S+     0   0  103     -2,-0.2     4,-1.6     2,-0.2     5,-0.1   0.859 103.5  56.1 -73.0 -35.4  -14.7    2.6   11.3               
   66   66 A R  H >> S+     0   0  181      1,-0.2     4,-2.6     2,-0.2     3,-0.7   0.961 104.1  51.2 -63.6 -53.7  -13.8    3.9   14.8               
   67   67 A D  H 3> S+     0   0   32      1,-0.3     4,-2.2     2,-0.2    -1,-0.2   0.804 112.4  49.0 -47.3 -40.5  -10.1    3.0   14.5               
   68   68 A A  H 3< S+     0   0    0     -4,-0.7    -1,-0.3     2,-0.2    -2,-0.2   0.786 110.6  47.7 -78.2 -30.7  -10.1    4.8   11.2               
   69   69 A E  H XX S+     0   0   77     -4,-1.6     4,-2.5    -3,-0.7     3,-0.8   0.925 115.2  45.9 -75.0 -41.7  -11.7    8.0   12.5               
   70   70 A D  H 3X S+     0   0   93     -4,-2.6     4,-2.4     1,-0.2    -2,-0.2   0.956 114.0  48.9 -61.1 -47.9   -9.4    8.1   15.5               
   71   71 A A  H 3< S+     0   0    0     -4,-2.2    -1,-0.2    -5,-0.3    -2,-0.2   0.546 112.4  50.7 -69.0 -10.9   -6.4    7.4   13.1               
   72   72 A M  H X> S+     0   0   55     -3,-0.8     4,-1.7    -4,-0.2     3,-1.1   0.876 113.2  41.8 -87.7 -51.9   -7.7   10.2   10.8               
   73   73 A D  H 3< S+     0   0  139     -4,-2.5     3,-0.5     1,-0.2    -2,-0.2   0.961 116.6  48.0 -59.5 -51.1   -8.0   12.9   13.5               
   74   74 A A  T 3< S+     0   0   49     -4,-2.4    -1,-0.2     1,-0.2    -3,-0.1   0.316 118.9  40.4 -78.5   8.1   -4.8   12.1   15.3               
   75   75 A M  T X4 S+     0   0   10     -3,-1.1     3,-1.1    -5,-0.1     2,-0.3   0.495  81.8 102.0-132.6 -14.8   -2.7   12.0   12.0               
   76   76 A D  T 3< S+     0   0   63     -4,-1.7    10,-0.2    -3,-0.5     3,-0.1  -0.592 101.4  13.3 -66.5 130.2   -4.1   15.0    9.8               
   77   77 A G  T 3  S+     0   0   36      8,-2.7     2,-0.3    -2,-0.3    -1,-0.2   0.255  94.2 141.1  79.6  -9.5   -1.3   17.6   10.3               
   78   78 A A    <   -     0   0   30     -3,-1.1     7,-2.8     7,-0.2     2,-0.5  -0.446  52.9-125.5 -68.1 126.9    1.1   15.0   11.8               
   79   79 A V  E     +E   84   0C 102     -2,-0.3     2,-0.4     5,-0.2     5,-0.3  -0.596  33.6 173.2 -80.6 123.4    4.7   15.7   10.5               
   80   80 A L  E >  S-E   83   0C  42      3,-2.9     3,-1.6    -2,-0.5   -58,-0.2  -0.996  71.1 -11.3-129.9 128.5    6.5   12.7    8.8               
   81   81 A D  T 3  S-     0   0   90     -2,-0.4    -1,-0.1     1,-0.3   -57,-0.1   0.824 132.2 -52.4  51.6  33.8    9.9   13.0    7.0               
   82   82 A G  T 3  S+     0   0   71      1,-0.2     2,-0.4   -60,-0.0    -1,-0.3   0.611 120.2 104.2  79.4  14.2    9.6   16.8    7.3               
   83   83 A R  E <  S-E   80   0C  82     -3,-1.6    -3,-2.9    -5,-0.1     2,-0.5  -0.995  72.8-122.0-127.2 132.1    6.0   16.9    5.7               
   84   84 A E  E     -E   79   0C 119     -2,-0.4    -5,-0.2    -5,-0.3    -6,-0.2  -0.566  34.4-136.6 -64.3 117.5    2.6   17.5    7.3               
   85   85 A L        -     0   0    1     -7,-2.8    -8,-2.7    -2,-0.5     2,-0.4  -0.468   9.1-148.6 -69.7 149.5    0.5   14.4    6.4               
   86   86 A R  E     -B   19   0A 139    -67,-1.7   -67,-3.0   -10,-0.2     2,-0.4  -0.994  11.9-167.9-116.6 134.3   -3.1   14.8    5.4               
   87   87 A V  E     +B   18   0A   4     -2,-0.4     2,-0.3   -69,-0.2   -69,-0.2  -0.973  13.0 166.9-125.0 126.0   -5.6   12.0    6.3               
   88   88 A Q  E     -B   17   0A 105    -71,-2.5   -71,-3.2    -2,-0.4     2,-0.3  -0.996  45.4 -93.7-140.5 146.4   -9.1   11.7    4.8               
   89   89 A M  E     -B   16   0A  85     -2,-0.3     2,-1.0   -73,-0.2   -73,-0.2  -0.389  49.5-121.0 -56.3 117.4  -11.9    9.2    4.5               
   90   90 A A        -     0   0   20    -75,-2.8   -75,-0.2    -2,-0.3    -1,-0.1  -0.526  22.8-166.5 -75.3 102.8  -11.3    7.5    1.1               
   91   91 A R  S    S+     0   0  230     -2,-1.0     2,-0.4     1,-0.1    -1,-0.2   0.485  73.7  62.0 -61.1  -6.3  -14.4    8.1   -1.0               
   92   92 A Y  S    S-     0   0  186    -77,-0.1    -1,-0.1     3,-0.0    -2,-0.0  -0.987  77.8-136.5-130.8 124.1  -13.1    5.3   -3.4               
   93   93 A G        -     0   0   54     -2,-0.4   -82,-0.0     1,-0.2    -2,-0.0  -0.271  55.4 -67.4 -62.1 159.5  -12.4    1.6   -2.8               
   94   94 A R        -     0   0   96    -84,-0.1    -1,-0.2     1,-0.1     3,-0.1  -0.328  61.8-110.9 -50.4 120.4   -9.2    0.1   -4.2               
   95   95 A P        -     0   0   77      0, 0.0     3,-0.1     0, 0.0    -1,-0.1  -0.313  45.0 -91.0 -58.5 138.0   -9.5    0.2   -8.0               
   96   96 A P        -     0   0  111      0, 0.0     2,-0.6     0, 0.0    -3,-0.0  -0.258  51.3 -95.1 -57.5 134.0   -9.9   -3.4   -9.3               
   97   97 A D    >>  -     0   0   61      1,-0.2     3,-2.1    -3,-0.1     4,-0.6  -0.313  35.4-154.0 -60.7 103.3   -6.4   -4.8  -10.1               
   98   98 A S  T 34 S+     0   0   87     -2,-0.6    -1,-0.2     1,-0.3     4,-0.0   0.317  83.3  73.1 -70.1  10.6   -6.2   -4.1  -13.9               
   99   99 A H  T 34 S+     0   0   93      2,-0.1    -1,-0.3     3,-0.1     3,-0.2   0.650  92.4  54.8 -91.9 -17.1   -3.7   -7.0  -14.5               
  100  100 A H  T X4 S+     0   0  127     -3,-2.1     3,-2.0     1,-0.2     4,-0.2   0.887  96.5  60.0 -90.6 -33.1   -6.4   -9.8  -14.0               
  101  101 A S  T 3< S+     0   0  117     -4,-0.6     3,-0.2     1,-0.3    -1,-0.2   0.567 102.8  56.9 -70.8  -5.6   -9.0   -8.6  -16.6               
  102  102 A R  T 3  S+     0   0  229     -3,-0.2    -1,-0.3     1,-0.1    -2,-0.2   0.360  94.0  71.3 -96.2   1.0   -6.2   -9.0  -19.3               
  103  103 A R    <   +     0   0  209     -3,-2.0    -2,-0.2     2,-0.1    -1,-0.1   0.273  67.1 102.1-113.0  10.7   -5.7  -12.8  -18.3               
  104  104 A G  S    S-     0   0   53     -3,-0.2     0, 0.0    -4,-0.2     0, 0.0  -0.626  88.5 -98.4 -69.7 148.3   -8.9  -14.4  -19.6               
  105  105 A P        -     0   0  119      0, 0.0     3,-0.1     0, 0.0    -1,-0.1  -0.432  54.3 -86.7 -59.6 147.5   -8.2  -16.2  -23.0               
  106  106 A P        -     0   0  112      0, 0.0     2,-0.1     0, 0.0     3,-0.0  -0.328  54.5 -93.4 -57.7 139.1   -9.2  -13.9  -25.9               
  107  107 A P        -     0   0  123      0, 0.0     2,-0.4     0, 0.0    -3,-0.0  -0.346  46.8-110.5 -56.7 122.6  -12.9  -14.4  -26.7               
  108  108 A R        -     0   0  239      1,-0.1     2,-2.2    -3,-0.1     0, 0.0  -0.452  23.7-130.9 -57.8 115.1  -13.1  -17.0  -29.5               
  109  109 A R        -     0   0  254     -2,-0.4     2,-1.8     1,-0.1    -1,-0.1  -0.525  29.0-178.0 -65.9  79.1  -14.2  -15.2  -32.7               
  110  110 A Y        -     0   0  219     -2,-2.2     2,-0.4     0, 0.0    -1,-0.1  -0.691  17.5-154.3 -76.7  78.8  -16.9  -17.7  -33.6               
  111  111 A G        -     0   0   70     -2,-1.8    -2,-0.0     1,-0.1    -3,-0.0  -0.554  17.5-139.9 -58.8 113.4  -17.7  -15.9  -36.8               
  112  112 A G        +     0   0   73     -2,-0.4    -1,-0.1     1,-0.1    -3,-0.0   0.039  53.4 118.0 -71.3-176.9  -21.3  -16.8  -37.4               
  113  113 A G        +     0   0   63      1,-0.1     2,-1.0     0, 0.0    -1,-0.1   0.663  22.4 167.1 125.1  33.7  -23.2  -17.7  -40.5               
  114  114 A G        +     0   0   86      1,-0.1    -1,-0.1     2,-0.1    -2,-0.0  -0.650   4.0 174.6 -71.4 104.8  -24.6  -21.3  -40.5               
  115  115 A Y        +     0   0  232     -2,-1.0     2,-0.7     0, 0.0     3,-0.1  -0.272  28.3 145.0 -99.7  43.2  -27.1  -21.5  -43.4               
  116  116 A G        -     0   0   65      1,-0.2    -2,-0.1     2,-0.0     0, 0.0  -0.785  53.2 -37.9 -88.6 113.1  -27.7  -25.2  -42.9               
  117  117 A R        +     0   0  235     -2,-0.7    -1,-0.2     1,-0.1     2,-0.1   0.952  53.4 147.1  56.3 107.2  -31.2  -26.7  -43.5               
  118  118 A R        -     0   0  240     -3,-0.1     2,-0.4     2,-0.0    -1,-0.1  -0.452  18.0-172.6-156.8 104.8  -34.8  -25.6  -43.0               
  119  119 A S        +     0   0  119     -2,-0.1     2,-0.1     2,-0.0     0, 0.0  -0.670  24.9 139.5 -71.7 127.0  -37.5  -26.7  -45.5               
  120  120 A R        -     0   0  233     -2,-0.4    -2,-0.0     2,-0.1     0, 0.0  -0.514  22.3-176.0-167.7 108.1  -40.9  -25.1  -45.0               
  121  121 A S        -     0   0  117     -2,-0.1     2,-0.3     2,-0.0    -2,-0.0  -0.544   9.4-164.7 -75.1 157.0  -43.3  -23.9  -47.7               
  122  122 A P        -     0   0  132      0, 0.0     2,-0.3     0, 0.0    -2,-0.1  -0.940  23.2-126.7-125.1 168.8  -46.5  -22.2  -47.6               
  123  123 A R        -     0   0  214     -2,-0.3    -2,-0.0     1,-0.2     0, 0.0  -0.806  35.3 -33.8-105.7 145.7  -48.9  -21.9  -50.6               
  124  124 A R        -     0   0  207     -2,-0.3     2,-0.3     1,-0.1    -1,-0.2   0.915  19.3-176.1  52.4 126.0  -50.8  -19.4  -52.7               
  125  125 A R        -     0   0  255      2,-0.1     2,-0.4     0, 0.0    -1,-0.1  -0.922  20.8-166.8-139.0 135.4  -52.7  -16.2  -52.9               
  126  126 A R        +     0   0  236     -2,-0.3     2,-0.3     2,-0.0     0, 0.0  -0.896  17.2 152.5 -98.1 144.1  -54.3  -15.0  -56.2               
  127  127 A R        -     0   0  251     -2,-0.4     2,-0.3     0, 0.0    -2,-0.1  -0.919  16.2-176.1-157.8 172.6  -55.8  -11.7  -57.2               
  128  128 A S        +     0   0   94     -2,-0.3    -2,-0.0     2,-0.0     0, 0.0  -0.900  12.5 100.1-149.8 169.9  -56.2  -10.0  -60.6               
  129  129 A R        -     0   0  237     -2,-0.3    -1,-0.0     0, 0.0     0, 0.0   0.453  22.7-156.9  75.4 152.4  -57.2   -6.9  -62.8               
  130  130 A S        -     0   0  100      0, 0.0    -2,-0.0     0, 0.0     0, 0.0   0.812  21.1-171.3-172.3-179.5  -56.7   -4.2  -64.6               
  131  131 A R        -     0   0  239      0, 0.0     0, 0.0     0, 0.0     0, 0.0   0.974  19.1-146.3  89.3  92.2  -56.7   -0.9  -66.6               
  132  132 A S        -     0   0  113      0, 0.0     2,-0.2     0, 0.0     0, 0.0   0.221   6.7-170.8  -1.9 145.3  -54.6    1.1  -69.0               
  133  133 A R        -     0   0  256      2,-0.0     2,-0.2     0, 0.0     0, 0.0  -0.720  14.1-155.6-161.8 142.4  -54.1    4.7  -69.6               
  134  134 A S        +     0   0  110     -2,-0.2     2,-0.2     2,-0.0     0, 0.0  -0.571  17.8 176.8 -98.0 159.0  -52.2    6.3  -72.5               
  135  135 A R        -     0   0  256     -2,-0.2     2,-0.2     2,-0.0    -2,-0.0  -0.730  17.9-168.3-158.4 124.7  -50.3    9.5  -73.5               
  136  136 A S        +     0   0  107     -2,-0.2     2,-0.2     2,-0.0    -2,-0.0  -0.671  18.6 165.5 -99.1 154.2  -48.5   10.0  -76.8               
  137  137 A R        -     0   0  255     -2,-0.2     2,-0.3     2,-0.0    -2,-0.0  -0.750  20.9-166.8-161.4 137.4  -46.0   12.3  -78.5               
  138  138 A S        +     0   0  103     -2,-0.2     2,-0.1     0, 0.0    -2,-0.0  -0.884  16.6 158.3-122.6 145.6  -44.1   11.6  -81.7               
  139  139 A R        -     0   0  241     -2,-0.3     2,-0.0     0, 0.0    -2,-0.0  -0.427  19.5-152.0-178.0 121.6  -41.3   12.7  -84.1               
  140  140 A S        +     0   0  102     -2,-0.1     2,-0.0     0, 0.0     0, 0.0   0.450  18.7 123.3  67.9 125.6  -39.3   11.4  -86.5               
  141  141 A R        -     0   0  228     -2,-0.0     0, 0.0     0, 0.0     0, 0.0   0.704  25.6 -32.9-158.8 175.2  -36.8   10.8  -88.5               
  142  142 A S        -     0   0  103     -2,-0.0     0, 0.0     0, 0.0     0, 0.0   0.876  20.2-138.2  50.6 112.7  -34.0    9.1  -90.5               
  143  143 A R        +     0   0  250      0, 0.0     0, 0.0     0, 0.0     0, 0.0   0.973  17.9 151.7  95.6 157.7  -31.4    6.9  -91.0               
  144  144 A Y        -     0   0  214      2,-0.0     0, 0.0     0, 0.0     0, 0.0   0.947  39.5 -69.8  87.4 100.0  -27.9    6.1  -92.3               
  145  145 A S        -     0   0   83      1,-0.2     2,-0.2     0, 0.0     0, 0.0   0.638  30.1-119.0  46.9  99.6  -24.8    4.0  -91.8               
  146  146 A R        +     0   0  249      0, 0.0     2,-0.2     0, 0.0    -1,-0.2  -0.429  45.8 171.8 -53.2 123.6  -22.0    3.6  -89.3               
  147  147 A S        -     0   0  107     -2,-0.2     0, 0.0     1,-0.0     0, 0.0  -0.811  17.6 -76.6-158.6 126.7  -18.5    4.3  -90.9               
  148  148 A K        +     0   0  195     -2,-0.2    -1,-0.0     0, 0.0     0, 0.0   0.757  35.8 115.8  56.2 110.4  -14.9    4.8  -90.4               
  149  149 A S        -     0   0   84      1,-0.0    -2,-0.0     2,-0.0     0, 0.0   0.571  19.1-116.9 146.7 129.3  -11.9    6.7  -89.4               
  150  150 A R        +     0   0  233      0, 0.0    -1,-0.0     0, 0.0     0, 0.0   0.513  22.5 161.6  66.1 161.4   -8.8    7.8  -87.6               
  151  151 A S        +     0   0  117      1,-0.1     2,-0.3     0, 0.0    -2,-0.0   0.697  15.8 160.8-134.6 154.1   -6.4    9.2  -85.9               
  152  152 A R        +     0   0  231      0, 0.0    -1,-0.1     0, 0.0     2,-0.0  -0.789  29.0  90.7 -90.9 156.5   -3.1    8.1  -84.2               
  153  153 A T        +     0   0  119     -2,-0.3     0, 0.0     1,-0.1     0, 0.0   0.168  25.7  57.5 144.1 154.2   -0.1   10.0  -83.0               
  154  154 A R        +     0   0  230     -2,-0.0    -1,-0.1     0, 0.0     2,-0.0   0.764  25.5 128.0  67.5 148.3    2.4   12.0  -80.9               
  155  155 A S        -     0   0   90      2,-0.0     2,-0.2     0, 0.0     0, 0.0   0.175  28.1-103.4 178.7 138.2    4.3   12.6  -78.4               
  156  156 A R        +     0   0  248     -2,-0.0     2,-0.3     0, 0.0     0, 0.0  -0.506  17.9 180.0 172.2 160.4    7.0   13.4  -75.9               
  157  157 A S        +     0   0  108     -2,-0.2     2,-0.2     2,-0.0    -2,-0.0  -0.990   3.9 169.6-148.3 145.7    9.5   11.8  -73.5               
  158  158 A R        -     0   0  235     -2,-0.3     2,-0.0     2,-0.1     0, 0.0  -0.588  12.8-160.6-174.1 115.1   12.3   12.6  -70.9               
  159  159 A S        +     0   0  103     -2,-0.2     2,-0.1     2,-0.0    -2,-0.0   0.270  20.3 169.1  50.1 123.0   14.2   10.9  -68.4               
  160  160 A T        -     0   0  145     -2,-0.0     2,-0.3     0, 0.0    -2,-0.1  -0.269  18.7-172.6-140.5-173.0   16.0   11.0  -65.8               
  161  161 A S        +     0   0  104     -2,-0.1     2,-0.1     2,-0.0    -2,-0.0  -0.991  15.4 153.8-141.1 143.7   17.2    8.1  -63.4               
  162  162 A K        -     0   0  197     -2,-0.3     2,-0.1     2,-0.0     0, 0.0  -0.242  16.3-175.3 169.7 115.4   19.0    7.0  -60.1               
  163  163 A S        +     0   0   97     -2,-0.1     2,-0.0     0, 0.0    -2,-0.0   0.187   9.1 170.4  85.6 115.4   18.9    4.3  -58.0               
  164  164 A R        -     0   0  234     -2,-0.1    -2,-0.0     0, 0.0     0, 0.0   0.076  22.0 -29.5 163.7 128.8   20.0    2.6  -54.8               
  165  165 A S        +     0   0  115     -2,-0.0     0, 0.0     2,-0.0     0, 0.0   0.856  35.0  53.4  42.1 149.6   19.6   -0.3  -52.2               
  166  166 A A        +     0   0  101      1,-0.0     2,-0.1     0, 0.0     0, 0.0   0.753   6.0 179.4-163.5 169.6   18.6   -2.6  -50.3               
  167  167 A R        +     0   0  240      0, 0.0     2,-0.1     0, 0.0    -1,-0.0  -0.323  11.8 167.4 -68.7 150.4   17.0   -5.9  -49.0               
  168  168 A R        -     0   0  240     -2,-0.1     2,-0.0     2,-0.0     0, 0.0  -0.451  20.5-131.5 172.8 160.6   16.4   -7.9  -45.8               
  169  169 A S        -     0   0  104     -2,-0.1     2,-0.5     2,-0.0     0, 0.0   0.521   9.1-103.3-172.8 162.1   14.5  -10.5  -44.8               
  170  170 A K        +     0   0  210      2,-0.0     2,-0.2    -2,-0.0    -2,-0.0  -0.898  35.7 141.0-135.6 107.5   12.2  -13.0  -42.9               
  171  171 A S        -     0   0  113     -2,-0.5     2,-0.1     2,-0.0    -2,-0.0  -0.867  19.2-171.3-168.0 136.3   12.7  -16.1  -40.7               
  172  172 A K        +     0   0  195     -2,-0.2    -2,-0.0     0, 0.0     0, 0.0   0.110  25.2 109.7  77.3 130.7   11.8  -18.0  -37.9               
  173  173 A S        +     0   0  114     -2,-0.1    -2,-0.0     0, 0.0     0, 0.0   0.600  20.0 111.3  65.5 152.1   13.1  -21.0  -35.8               
  174  174 A S        -     0   0  101      0, 0.0     0, 0.0     0, 0.0     0, 0.0   0.544  14.5-173.1-170.9 157.7   14.4  -22.6  -33.3               
  175  175 A S        -     0   0  100      0, 0.0     0, 0.0     0, 0.0     0, 0.0   0.922  26.9 -26.6  61.5 116.2   15.4  -24.7  -30.2               
  176  176 A V        +     0   0  131      1,-0.1     2,-0.2     0, 0.0     0, 0.0   0.946  14.9 170.1  72.4 115.2   17.5  -26.0  -27.4               
  177  177 A S        -     0   0  117      2,-0.1     2,-0.1     0, 0.0    -1,-0.1  -0.599  25.8-117.6 174.8 162.0   20.7  -26.9  -25.4               
  178  178 A R        +     0   0  238     -2,-0.2     2,-0.2     0, 0.0     0, 0.0  -0.322  25.0 154.0 179.2 109.5   21.7  -27.9  -22.3               
  179  179 A S        -     0   0  114     -2,-0.1     2,-0.1     2,-0.0    -2,-0.1  -0.769  14.5-179.2-176.8 136.7   23.4  -28.2  -18.7               
  180  180 A R        +     0   0  240     -2,-0.2     0, 0.0     2,-0.0     0, 0.0   0.205  14.0 168.0  72.7 124.9   23.4  -29.5  -15.5               
  181  181 A S        -     0   0  104     -2,-0.1    -2,-0.0     0, 0.0     0, 0.0   0.453  19.2-130.8-154.0 157.2   24.3  -30.1  -12.5               
  182  182 A R        +     0   0  233      0, 0.0     2,-0.1     0, 0.0    -2,-0.0   0.528  14.4 169.8  20.9 131.3   23.3  -31.6   -9.0               
  183  183 A S        -     0   0  107      2,-0.0     0, 0.0     0, 0.0     0, 0.0   0.128  24.6 -55.4 175.5 173.8   23.0  -31.5   -5.6               
  184  184 A R        -     0   0  224     -2,-0.1     0, 0.0     0, 0.0     0, 0.0   0.471  27.4 -64.9-166.2 133.4   21.7  -33.0   -2.7               
  185  185 A S        +     0   0  103      0, 0.0    -2,-0.0     0, 0.0     0, 0.0   0.593  20.8  86.7  60.9 160.0   19.3  -34.5    0.0               
  186  186 A R        -     0   0  228      0, 0.0     0, 0.0     0, 0.0     0, 0.0   0.499  17.4-127.3-165.3 136.3   17.1  -35.3    2.4               
  187  187 A S        +     0   0  101      0, 0.0     0, 0.0     0, 0.0     0, 0.0   0.709  18.5 125.1  55.6 160.2   13.8  -36.4    4.2               
  188  188 A R        -     0   0  225      0, 0.0     0, 0.0     0, 0.0     0, 0.0   0.726  17.6-141.9-155.8 145.5   11.1  -37.0    6.0               
  189  189 A S        +     0   0   94      0, 0.0     2,-0.0     0, 0.0     0, 0.0   0.454  20.2 131.7  10.6 136.0    7.3  -37.8    6.4               
  190  190 A R        +     0   0  239      2,-0.0     0, 0.0     0, 0.0     0, 0.0   0.122  14.4 132.2-169.2 160.5    4.2  -37.5    7.9               
  191  191 A S        +     0   0  113     -2,-0.0     0, 0.0     0, 0.0     0, 0.0  -0.618   5.9 163.4-112.4 177.0    0.4  -37.0    7.4               
  192  192 A P        -     0   0  122      0, 0.0    -2,-0.0     0, 0.0     0, 0.0  -0.531  33.4 -83.6-143.8-133.9   -2.8  -37.8    8.0               
  193  193 A P        -     0   0  109      0, 0.0     2,-0.1     0, 0.0     0, 0.0  -0.086  33.4 -80.6-118.0-178.5   -6.3  -36.2    7.8               
  194  194 A P        -     0   0  131      0, 0.0     2,-0.4     0, 0.0     0, 0.0  -0.404  30.3-144.4 -81.1 155.0   -9.2  -34.0    9.2               
  195  195 A V        -     0   0  152     -2,-0.1     2,-0.4     2,-0.0     0, 0.0  -0.926  13.9-166.4-116.4 137.2  -11.9  -34.9   11.8               
  196  196 A S        +     0   0  106     -2,-0.4     2,-0.1     2,-0.0     0, 0.0  -0.995  21.5 129.8-130.7 131.1  -15.5  -33.7   11.8               
  197  197 A K        -     0   0  202     -2,-0.4     2,-0.1     0, 0.0    -2,-0.0  -0.258  22.1-168.1 164.4 120.1  -18.4  -33.7   14.5               
  198  198 A R        +     0   0  216     -2,-0.1    -2,-0.0     2,-0.0     0, 0.0   0.564  19.1 140.7  76.6 143.0  -20.7  -31.7   15.9               
  199  199 A E        -     0   0  138     -2,-0.1     0, 0.0     0, 0.0     0, 0.0   0.908  31.9-136.1  94.9  76.6  -23.1  -31.8   18.9               
  200  200 A S        -     0   0  115      1,-0.0     2,-0.2     0, 0.0    -2,-0.0   0.351   9.0-164.7  28.7 121.3  -24.1  -29.3   21.4               
  201  201 A K        +     0   0  203      2,-0.0     2,-0.4     0, 0.0    -1,-0.0  -0.668  14.5 178.4-147.2 102.1  -24.5  -29.4   25.1               
  202  202 A S        +     0   0  111     -2,-0.2     2,-0.1     0, 0.0     0, 0.0  -0.784   6.9 161.5 -89.9 135.0  -26.4  -26.5   26.7               
  203  203 A R        -     0   0  226     -2,-0.4     2,-0.1     2,-0.0    -2,-0.0  -0.442  14.5-167.5-176.0 105.1  -27.2  -26.3   30.5               
  204  204 A S        +     0   0   96     -2,-0.1     0, 0.0     2,-0.0     0, 0.0   0.509  18.3 132.9  86.1 136.3  -28.1  -23.5   32.3               
  205  205 A R        -     0   0  236     -2,-0.1     2,-0.1     2,-0.0    -2,-0.0   0.576  18.6-166.5  76.9 141.6  -28.6  -22.0   35.8               
  206  206 A S        -     0   0  103      0, 0.0     2,-0.2     0, 0.0    -2,-0.0   0.033  16.1-135.3 150.9 130.4  -27.9  -19.4   37.8               
  207  207 A K        -     0   0  212     -2,-0.1    -2,-0.0     2,-0.0     0, 0.0  -0.830  11.6-169.6-158.6 132.8  -27.7  -17.5   41.1               
  208  208 A S        -     0   0  115     -2,-0.2     0, 0.0     1,-0.1     0, 0.0  -0.670  34.9 -96.5-105.4 162.0  -28.7  -13.9   42.2               
  209  209 A P        -     0   0  122      0, 0.0     2,-0.2     0, 0.0    -1,-0.1  -0.409  25.0-124.0 -85.3 157.9  -27.7  -12.3   45.6               
  210  210 A P        -     0   0  132      0, 0.0     2,-0.3     0, 0.0     0, 0.0  -0.510  19.7-153.0 -84.1 165.6  -29.5  -12.0   49.0               
  211  211 A K        +     0   0  203     -2,-0.2     0, 0.0     2,-0.0     0, 0.0  -0.988  19.6 161.8-140.4 132.3  -30.2   -8.7   50.8               
  212  212 A S        -     0   0  121     -2,-0.3     2,-0.1     0, 0.0     0, 0.0  -0.935  13.6-178.8-154.5 165.0  -30.6   -8.0   54.6               
  213  213 A P        +     0   0   96      0, 0.0    -2,-0.0     0, 0.0     0, 0.0  -0.399  13.2  82.6-134.1-172.2  -30.5   -4.9   56.8               
  214  214 A E        +     0   0  176     -2,-0.1     2,-0.1     1,-0.0     0, 0.0   0.927  15.3 128.1  61.3 106.9  -30.5   -2.7   60.0               
  215  215 A E        -     0   0  185      2,-0.0    -1,-0.0     0, 0.0     0, 0.0  -0.238  31.6-133.6-172.1 125.2  -29.0   -1.2   63.0               
  216  216 A E        -     0   0  180     -2,-0.1     2,-0.1     0, 0.0     0, 0.0   0.538  14.5-176.5  67.6 124.1  -28.6    2.0   64.4               
  217  217 A G        -     0   0   79      0, 0.0     2,-0.2     0, 0.0    -2,-0.0  -0.454  34.1-125.8 175.6  98.1  -25.9    4.2   66.1               
  218  218 A A        -     0   0   95      1,-0.2     0, 0.0    -2,-0.1     0, 0.0  -0.432  19.8 -74.0 -90.5 138.2  -26.9    7.6   67.5               
  219  219 A V        -     0   0  134     -2,-0.2    -1,-0.2     1,-0.1     0, 0.0   0.512  45.4 -76.5  32.3 107.0  -26.1   11.2   67.4               
  220  220 A S              0   0  107      1,-0.0    -1,-0.1     0, 0.0    -2,-0.0   0.457 360.0 360.0  23.4 122.9  -23.7   13.7   68.7               
  221  221 A S              0   0  196      0, 0.0    -1,-0.0     0, 0.0     0, 0.0  -0.842 360.0 360.0-152.0 360.0  -22.7   15.6   71.8               
