==== Secondary Structure Definition by the program DSSP, CMBI version 2.0                          ==== DATE=2026-03-08        .
REFERENCE W. KABSCH AND C.SANDER, BIOPOLYMERS 22 (1983) 2577-2637                                                              .
HEADER                                            01-AUG-25                                                                    .
COMPND    MOL_ID: 1; MOLECULE: SERINE/ARGININE-RICH SPLICING FACTOR 11; CHAIN: A                                               .
SOURCE    MOL_ID: 1; ORGANISM_SCIENTIFIC: HOMO SAPIENS; ORGANISM_TAXID: 9606                                                   .
AUTHOR                                                                                                                         .
  484  1  0  0  0 TOTAL NUMBER OF RESIDUES, NUMBER OF CHAINS, NUMBER OF SS-BRIDGES(TOTAL,INTRACHAIN,INTERCHAIN)                .
 61559.4   ACCESSIBLE SURFACE OF PROTEIN (ANGSTROM**2)                                                                         .
  156 32.2   TOTAL NUMBER OF HYDROGEN BONDS OF TYPE O(I)-->H-N(J)  , SAME NUMBER PER 100 RESIDUES                              .
    0  0.0   TOTAL NUMBER OF HYDROGEN BONDS IN     PARALLEL BRIDGES, SAME NUMBER PER 100 RESIDUES                              .
   24  5.0   TOTAL NUMBER OF HYDROGEN BONDS IN ANTIPARALLEL BRIDGES, SAME NUMBER PER 100 RESIDUES                              .
    0  0.0   TOTAL NUMBER OF HYDROGEN BONDS OF TYPE O(I)-->H-N(I-5), SAME NUMBER PER 100 RESIDUES                              .
    0  0.0   TOTAL NUMBER OF HYDROGEN BONDS OF TYPE O(I)-->H-N(I-4), SAME NUMBER PER 100 RESIDUES                              .
    1  0.2   TOTAL NUMBER OF HYDROGEN BONDS OF TYPE O(I)-->H-N(I-3), SAME NUMBER PER 100 RESIDUES                              .
    0  0.0   TOTAL NUMBER OF HYDROGEN BONDS OF TYPE O(I)-->H-N(I-2), SAME NUMBER PER 100 RESIDUES                              .
    0  0.0   TOTAL NUMBER OF HYDROGEN BONDS OF TYPE O(I)-->H-N(I-1), SAME NUMBER PER 100 RESIDUES                              .
    0  0.0   TOTAL NUMBER OF HYDROGEN BONDS OF TYPE O(I)-->H-N(I+0), SAME NUMBER PER 100 RESIDUES                              .
    0  0.0   TOTAL NUMBER OF HYDROGEN BONDS OF TYPE O(I)-->H-N(I+1), SAME NUMBER PER 100 RESIDUES                              .
   55 11.4   TOTAL NUMBER OF HYDROGEN BONDS OF TYPE O(I)-->H-N(I+2), SAME NUMBER PER 100 RESIDUES                              .
   30  6.2   TOTAL NUMBER OF HYDROGEN BONDS OF TYPE O(I)-->H-N(I+3), SAME NUMBER PER 100 RESIDUES                              .
   48  9.9   TOTAL NUMBER OF HYDROGEN BONDS OF TYPE O(I)-->H-N(I+4), SAME NUMBER PER 100 RESIDUES                              .
    0  0.0   TOTAL NUMBER OF HYDROGEN BONDS OF TYPE O(I)-->H-N(I+5), SAME NUMBER PER 100 RESIDUES                              .
  1  2  3  4  5  6  7  8  9 10 11 12 13 14 15 16 17 18 19 20 21 22 23 24 25 26 27 28 29 30     *** HISTOGRAMS OF ***           .
  0  0  0  0  0  1  0  2  1  0  0  0  0  0  0  0  0  0  0  0  0  0  0  0  0  1  0  0  0  0    RESIDUES PER ALPHA HELIX         .
  0  0  0  0  0  0  0  0  0  0  0  0  0  0  0  0  0  0  0  0  0  0  0  0  0  0  0  0  0  0    PARALLEL BRIDGES PER LADDER      .
  0  1  0  1  1  1  0  0  0  0  0  0  0  0  0  0  0  0  0  0  0  0  0  0  0  0  0  0  0  0    ANTIPARALLEL BRIDGES PER LADDER  .
  1  0  1  0  0  0  0  0  0  0  0  0  0  0  0  0  0  0  0  0  0  0  0  0  0  0  0  0  0  0    LADDERS PER SHEET                .
  #  RESIDUE AA STRUCTURE BP1 BP2  ACC     N-H-->O    O-->H-N    N-H-->O    O-->H-N    TCO  KAPPA ALPHA  PHI   PSI    X-CA   Y-CA   Z-CA            CHAIN
    1    1 A M              0   0  237      0, 0.0     2,-0.3     0, 0.0     0, 0.0   0.000 360.0 360.0 360.0  94.6   68.5  -19.5   35.2               
    2    2 A S        +     0   0  101      2,-0.0     0, 0.0     1,-0.0     0, 0.0  -0.912 360.0 112.0-152.7 165.2   65.4  -21.2   36.2               
    3    3 A N        -     0   0  154     -2,-0.3    -1,-0.0     2,-0.0     2,-0.0   0.552  38.5 -89.4  81.5 142.2   61.5  -21.6   36.2               
    4    4 A T        -     0   0  114      1,-0.1     2,-0.4     0, 0.0    -2,-0.0   0.291  10.5-106.2-173.9 135.0   59.2  -23.6   35.2               
    5    5 A T        +     0   0  134     -2,-0.0     2,-0.3     0, 0.0    -1,-0.1  -0.628  37.5 167.4 -75.6 125.4   56.4  -25.3   33.2               
    6    6 A V        -     0   0  125     -2,-0.4     0, 0.0     0, 0.0     0, 0.0  -0.991  21.9-134.8-134.6 141.8   52.8  -24.8   34.4               
    7    7 A V        -     0   0  119     -2,-0.3     0, 0.0     1,-0.2     0, 0.0  -0.371  31.2 -30.6-117.0-174.5   49.6  -25.7   32.5               
    8    8 A P        +     0   0  117      0, 0.0     2,-0.3     0, 0.0    -1,-0.2   0.475  25.9 164.4-105.9 172.5   46.4  -24.4   31.6               
    9    9 A S        -     0   0  130      2,-0.0     2,-0.2     0, 0.0     0, 0.0  -0.990  34.1-105.0-155.9 161.9   43.2  -22.3   32.1               
   10   10 A T        +     0   0  144     -2,-0.3     2,-0.3     2,-0.0     0, 0.0  -0.579  24.5 176.7 -92.2 142.7   40.3  -21.0   29.9               
   11   11 A A        +     0   0  107     -2,-0.2    -2,-0.0     0, 0.0     0, 0.0  -0.914  22.9 153.6-142.1 120.5   39.3  -17.7   28.4               
   12   12 A G        +     0   0   71     -2,-0.3     2,-0.0     1,-0.1    -2,-0.0  -0.809  15.1  76.0-137.2-170.2   36.3  -16.9   26.1               
   13   13 A P        +     0   0  132      0, 0.0    -1,-0.1     0, 0.0     0, 0.0   0.685  23.2 159.4-111.2 179.4   34.0  -15.5   24.7               
   14   14 A G        -     0   0   64      2,-0.0     2,-1.0    -2,-0.0     0, 0.0  -0.632  17.2-165.7-150.7  91.9   34.0  -13.1   21.7               
   15   15 A P        -     0   0  129      0, 0.0     2,-0.6     0, 0.0     3,-0.2  -0.663  37.0-131.6 -69.9 103.0   30.9  -12.4   19.5               
   16   16 A S        -     0   0  121     -2,-1.0    -2,-0.0     1,-0.2     0, 0.0  -0.523  43.9 -52.1 -71.8 113.0   32.7  -10.6   16.7               
   17   17 A G        -     0   0   70     -2,-0.6    -1,-0.2     1,-0.1    -3,-0.0   0.774  45.5-136.6  44.9  87.3   31.3   -7.3   15.4               
   18   18 A G        -     0   0   72     -3,-0.2     2,-0.7     1,-0.1    -1,-0.1  -0.457  39.4-101.4 -59.7 137.7   27.7   -7.0   14.2               
   19   19 A P        -     0   0  131      0, 0.0     2,-2.4     0, 0.0    -1,-0.1  -0.556  24.6-142.5 -68.9 111.8   27.6   -4.9   10.9               
   20   20 A G        -     0   0   83     -2,-0.7     2,-1.6     1,-0.1    -2,-0.0  -0.482  24.0-168.6 -68.0  70.2   26.5   -1.4   11.8               
   21   21 A G        -     0   0   71     -2,-2.4     2,-1.2     1,-0.1    -1,-0.1  -0.538   9.1-152.2 -70.8  85.9   24.5   -1.1    8.6               
   22   22 A G        -     0   0   78     -2,-1.6     2,-1.6     1,-0.1    -1,-0.1  -0.497   3.8-150.6 -63.0  94.2   23.7    2.6    8.5               
   23   23 A G        -     0   0   80     -2,-1.2     2,-0.3     1,-0.1    -1,-0.1  -0.537  21.1-142.1 -65.5  84.9   20.4    2.7    6.6               
   24   24 A G        -     0   0   71     -2,-1.6     2,-2.6     1,-0.1    -1,-0.1  -0.421   5.5-136.8 -61.2 118.0   21.0    6.2    5.1               
   25   25 A G        -     0   0   89     -2,-0.3     2,-1.2     2,-0.1    -1,-0.1  -0.400  34.1-177.6 -68.7  61.4   17.7    8.2    4.9               
   26   26 A G        -     0   0   72     -2,-2.6     2,-2.4     1,-0.1    -1,-0.1  -0.605  21.3-160.4 -72.7  97.4   18.6    9.4    1.4               
   27   27 A G        +     0   0   90     -2,-1.2     2,-0.4     2,-0.1    -1,-0.1  -0.454  33.9 163.2 -67.8  62.1   15.9   11.9    0.2               
   28   28 A G        -     0   0   59     -2,-2.4     2,-2.2     2,-0.1    -2,-0.0  -0.816  45.6-123.0 -91.4 128.7   17.1   11.2   -3.4               
   29   29 A G        +     0   0   97     -2,-0.4     2,-0.5     2,-0.0    -2,-0.1  -0.305  63.9 130.5 -74.2  54.7   14.7   12.2   -6.2               
   30   30 A G        -     0   0   60     -2,-2.2     2,-0.2    56,-0.0    -2,-0.1  -0.942  64.8-114.1 -95.4 129.5   14.4    8.8   -7.9               
   31   31 A G        -     0   0   52     -2,-0.5     2,-0.5     1,-0.1    56,-0.1  -0.471  24.4-132.5 -65.7 130.0   10.7    8.0   -8.5               
   32   32 A T        -     0   0   42     -2,-0.2    57,-0.1    54,-0.2    79,-0.1  -0.752   9.6-159.5 -84.1 123.3    9.5    5.0   -6.5               
   33   33 A E  S    S+     0   0   73     -2,-0.5    50,-3.1    77,-0.1     2,-0.4   0.684  73.1  72.0 -72.2 -19.7    7.5    2.5   -8.6               
   34   34 A V  E     -A   82   0A   0     76,-0.4    76,-2.9    48,-0.2     2,-0.3  -0.856  61.1-168.1-106.9 133.4    5.8    1.0   -5.4               
   35   35 A I  E     -AB  81 109A   1     46,-2.8    46,-2.2    -2,-0.4     2,-0.4  -0.898  13.4-144.2-110.5 148.3    3.2    2.6   -3.1               
   36   36 A Q  E     -AB  80 108A  25     72,-3.2    72,-2.9    -2,-0.3     2,-0.5  -0.931  14.5-165.0-102.3 132.6    2.0    1.4    0.3               
   37   37 A V  E     -AB  79 107A   0     42,-2.9    42,-2.8    -2,-0.4     3,-0.3  -0.964  10.4-177.1-122.9 110.5   -1.8    2.0    1.0               
   38   38 A T  E     + B   0 106A  16     68,-2.4    68,-2.1    -2,-0.5    40,-0.2  -0.584  58.3  39.7-105.0 169.2   -2.9    1.7    4.7               
   39   39 A N  E    S+     0   0A  47     38,-0.2    -1,-0.2     1,-0.2    39,-0.2   0.747  72.4 166.8  59.4  30.6   -6.4    1.9    6.3               
   40   40 A V  E     -A   77   0A   0     37,-2.1    37,-2.1    -3,-0.3    -1,-0.2  -0.452  43.4-102.2 -65.3 141.8   -8.0   -0.1    3.4               
   41   41 A S    >   -     0   0    3     59,-0.2     3,-1.8    35,-0.2    35,-0.1  -0.454  14.6-132.3 -65.8 141.3  -11.5   -1.3    4.3               
   42   42 A P  T 3  S+     0   0   48      0, 0.0    -1,-0.1     0, 0.0    34,-0.1   0.741 112.3  57.6 -63.0 -19.7  -12.0   -5.0    5.4               
   43   43 A S  T 3  S+     0   0   67      2,-0.1     2,-0.5     0, 0.0    58,-0.1   0.440  87.0  98.4 -83.0  -6.0  -14.9   -4.9    2.9               
   44   44 A A    <   -     0   0    0     -3,-1.8     2,-0.1    56,-0.1    -4,-0.0  -0.779  65.1-145.4 -92.3 127.5  -12.6   -3.8   -0.0               
   45   45 A S     >  -     0   0   33     -2,-0.5     4,-2.1     1,-0.1     5,-0.2  -0.438  23.0-115.9 -87.5 159.7  -11.4   -6.5   -2.4               
   46   46 A S  H  > S+     0   0   30      2,-0.2     4,-2.4     1,-0.2     5,-0.1   0.856 118.2  53.5 -62.6 -31.7   -8.0   -6.8   -4.3               
   47   47 A E  H  > S+     0   0  142      2,-0.2     4,-2.6     1,-0.2    -1,-0.2   0.920 106.6  51.2 -67.8 -42.3   -9.9   -6.4   -7.6               
   48   48 A Q  H  > S+     0   0   83      2,-0.2     4,-2.6     1,-0.2    -2,-0.2   0.912 112.1  47.8 -59.6 -40.2  -11.5   -3.2   -6.4               
   49   49 A M  H  X S+     0   0    0     -4,-2.1     4,-2.4     2,-0.2     5,-0.3   0.915 110.6  50.5 -68.1 -41.8   -8.0   -1.9   -5.5               
   50   50 A R  H  X S+     0   0  111     -4,-2.4     4,-1.9     2,-0.2    -2,-0.2   0.899 113.1  47.8 -58.9 -40.6   -6.6   -3.0   -8.9               
   51   51 A T  H  X S+     0   0   74     -4,-2.6     4,-0.9     2,-0.2    -2,-0.2   0.943 111.2  49.6 -67.0 -47.9   -9.5   -1.1  -10.5               
   52   52 A L  H >< S+     0   0   29     -4,-2.6     3,-0.7     1,-0.2    -2,-0.2   0.933 119.2  36.4 -56.4 -53.0   -9.0    2.1   -8.4               
   53   53 A F  H >X S+     0   0    0     -4,-2.4     3,-1.9     1,-0.2     4,-1.2   0.778 104.4  71.9 -77.7 -22.4   -5.2    2.3   -9.1               
   54   54 A G  H 3< S+     0   0   43     -4,-1.9    -1,-0.2    -5,-0.3    -2,-0.2   0.725  90.1  61.6 -64.4 -21.1   -5.6    1.1  -12.7               
   55   55 A F  T << S+     0   0  172     -4,-0.9    -1,-0.3    -3,-0.7    -2,-0.2   0.614 107.5  45.0 -74.0 -14.3   -7.2    4.5  -13.5               
   56   56 A L  T <4 S-     0   0   44     -3,-1.9     2,-0.3     1,-0.4    -2,-0.2   0.693 128.0 -37.0-102.5 -26.4   -3.8    6.2  -12.5               
   57   57 A G  S  < S-     0   0   18     -4,-1.2     2,-0.4    34,-0.1    -1,-0.4  -0.975  75.4 -59.7-178.0 174.1   -1.3    3.9  -14.3               
   58   58 A K        -     0   0  142     -2,-0.3    26,-2.5    -3,-0.1     2,-0.6  -0.654  48.2-141.1 -71.3 128.7   -0.5    0.3  -15.4               
   59   59 A I  E     -C   83   0A  44     -2,-0.4    24,-0.3    24,-0.2     3,-0.1  -0.859  20.0-177.8 -91.3 120.1   -0.1   -2.0  -12.4               
   60   60 A D  E    S-     0   0A  87     22,-2.0     2,-0.3    -2,-0.6    23,-0.2   0.868  75.2  -2.1 -78.8 -43.6    2.7   -4.5  -12.7               
   61   61 A E  E     -C   82   0A  75     21,-1.4    21,-3.2     2,-0.0     2,-0.3  -0.998  60.1-175.5-147.8 146.6    1.9   -6.1   -9.3               
   62   62 A L  E     -C   81   0A   5     -2,-0.3     2,-0.4    19,-0.2    19,-0.2  -0.968   3.6-177.0-142.9 133.6   -0.6   -5.7   -6.4               
   63   63 A R  E     -C   80   0A  95     17,-2.2    17,-2.9    -2,-0.3     2,-0.4  -0.992  10.5-156.1-127.9 136.1   -0.8   -7.6   -3.1               
   64   64 A L  E     -C   79   0A  11     -2,-0.4    15,-0.2    15,-0.2     4,-0.1  -0.934  22.6-123.8-111.7 133.1   -3.5   -7.1   -0.4               
   65   65 A F  E    S+C   78   0A  19     13,-3.0    13,-2.8    -2,-0.4    -2,-0.0  -0.992  98.1  25.9-128.1 125.0   -2.7   -8.1    3.3               
   66   66 A P  S    S-     0   0    6      0, 0.0    12,-0.1     0, 0.0    -1,-0.1   0.684 108.3-118.2 -60.2 160.6   -4.4  -10.0    4.7               
   67   67 A P    >   -     0   0   56      0, 0.0     3,-1.8     0, 0.0    -2,-0.1  -0.223  23.4-105.5 -63.9 160.3   -5.5  -11.7    1.4               
   68   68 A D  T 3  S+     0   0   53      1,-0.3    -3,-0.0    -4,-0.1   -23,-0.0   0.875 118.6  54.4 -56.4 -39.9   -9.3  -11.7    0.4               
   69   69 A D  T 3  S+     0   0  155      2,-0.1    -1,-0.3     0, 0.0     0, 0.0   0.347  78.1 119.3 -78.0   0.4   -9.7  -15.4    1.3               
   70   70 A S    <   -     0   0   27     -3,-1.8     0, 0.0     1,-0.1     0, 0.0  -0.597  55.6-152.3 -73.1 125.8   -8.3  -15.0    4.9               
   71   71 A P        +     0   0  124      0, 0.0    -1,-0.1     0, 0.0    -2,-0.1   0.276  61.2 115.9 -78.4  11.8  -11.0  -16.0    7.6               
   72   72 A L  S    S-     0   0  120      1,-0.1     2,-1.8     2,-0.0    -2,-0.1  -0.760  70.1-130.9 -88.9 121.2   -9.4  -13.6   10.1               
   73   73 A P        -     0   0  135      0, 0.0     2,-0.3     0, 0.0    -1,-0.1  -0.470  35.2-174.8 -73.6  84.1  -11.6  -10.6   11.2               
   74   74 A V        -     0   0   38     -2,-1.8     3,-0.0     1,-0.1    -2,-0.0  -0.609  30.1-139.2 -81.1 141.1   -9.1   -7.8   10.7               
   75   75 A S  S    S-     0   0   78     -2,-0.3     2,-0.2    50,-0.1    -1,-0.1   0.741  84.7  -5.6 -69.0 -24.7  -10.0   -4.2   11.7               
   76   76 A S        -     0   0   16    -35,-0.1     2,-0.3   -34,-0.1   -35,-0.2  -0.893  68.2-126.2-151.1 178.0   -8.3   -2.9    8.4               
   77   77 A R  E     -A   40   0A  23    -37,-2.1   -37,-2.1    -2,-0.2     2,-0.4  -0.919   9.2-144.9-128.8 161.5   -6.3   -4.0    5.4               
   78   78 A V  E     - C   0  65A   1    -13,-2.8   -13,-3.0    -2,-0.3     2,-0.4  -0.995  15.9-165.0-123.5 132.6   -2.9   -2.9    3.8               
   79   79 A C  E     -AC  37  64A   0    -42,-2.8   -42,-2.9    -2,-0.4     2,-0.4  -0.959   7.5-159.2-119.4 137.8   -2.3   -2.9    0.0               
   80   80 A F  E     -AC  36  63A   0    -17,-2.9   -17,-2.2    -2,-0.4     2,-0.4  -0.958  12.1-171.0-112.0 133.9    1.0   -2.7   -1.9               
   81   81 A V  E     -AC  35  62A   0    -46,-2.2   -46,-2.8    -2,-0.4     2,-0.6  -0.992  10.0-160.4-129.1 121.5    0.8   -1.6   -5.6               
   82   82 A K  E     -AC  34  61A  52    -21,-3.2   -22,-2.0    -2,-0.4   -21,-1.4  -0.918  14.5-158.2 -95.0 122.5    3.7   -1.6   -8.1               
   83   83 A F  E     - C   0  59A   0    -50,-3.1   -24,-0.2    -2,-0.6   -29,-0.0  -0.645  21.3-135.7 -89.4 155.8    3.2    0.7  -11.1               
   84   84 A H  S    S+     0   0   95    -26,-2.5   -25,-0.1    -2,-0.2    -1,-0.1   0.792  97.1  47.5 -70.6 -34.9    5.0    0.3  -14.4               
   85   85 A D  S >> S-     0   0   70    -27,-0.4     3,-1.4   -52,-0.1     4,-0.7  -0.957  74.6-145.5-117.3 124.2    5.6    4.1  -14.5               
   86   86 A P  H 3> S+     0   0   49      0, 0.0     4,-1.4     0, 0.0     3,-0.4   0.785  99.4  66.1 -64.9 -24.6    7.0    6.0  -11.4               
   87   87 A D  H 3> S+     0   0  125      1,-0.2     4,-2.4     2,-0.2     5,-0.2   0.867  94.6  59.4 -59.7 -34.0    4.9    9.1  -12.4               
   88   88 A S  H <> S+     0   0   11     -3,-1.4     4,-2.3     1,-0.2    -1,-0.2   0.859 101.5  53.0 -67.3 -32.8    1.8    6.9  -11.6               
   89   89 A A  H  X S+     0   0    4     -4,-0.7     4,-1.3    -3,-0.4    -1,-0.2   0.894 108.9  49.6 -67.3 -38.4    3.0    6.4   -8.0               
   90   90 A V  H  X S+     0   0   80     -4,-1.4     4,-0.6     2,-0.2     3,-0.4   0.939 112.8  46.5 -64.9 -45.5    3.4   10.2   -7.5               
   91   91 A V  H >< S+     0   0   73     -4,-2.4     3,-1.2     1,-0.2     4,-0.2   0.898 107.7  58.3 -63.6 -37.4   -0.2   10.7   -8.9               
   92   92 A A  H >< S+     0   0    0     -4,-2.3     3,-1.9     1,-0.3    -1,-0.2   0.810  91.5  68.5 -65.5 -26.7   -1.4    7.9   -6.6               
   93   93 A Q  H >< S+     0   0   94     -4,-1.3     3,-1.8    -3,-0.4    14,-0.3   0.833  88.5  67.2 -59.1 -28.8   -0.1    9.9   -3.5               
   94   94 A H  T << S+     0   0  144     -3,-1.2    -1,-0.3    -4,-0.6    -2,-0.2   0.650  84.1  71.9 -68.1 -13.2   -3.0   12.4   -4.3               
   95   95 A L  T X   +     0   0   32     -3,-1.9     3,-2.5    -4,-0.2    10,-0.3   0.518  69.1 125.2 -77.7  -2.9   -5.5    9.6   -3.4               
   96   96 A T  T <  S+     0   0   45     -3,-1.8    10,-0.2     1,-0.3     3,-0.1  -0.382  80.7  13.8 -57.5 130.1   -4.4   10.2    0.3               
   97   97 A N  T 3  S+     0   0  122      8,-3.1     2,-0.4     1,-0.3    -1,-0.3   0.436  93.1 138.8  67.7   9.6   -7.6   10.9    2.3               
   98   98 A T    <   -     0   0   56     -3,-2.5     7,-2.8     7,-0.4     2,-0.5  -0.673  56.5-124.0 -74.1 129.4   -9.8    9.7   -0.6               
   99   99 A V  E     -D  104   0B  96     -2,-0.4     2,-0.4     5,-0.3     5,-0.3  -0.680  29.6-175.0 -77.9 123.3  -12.7    7.6    0.9               
  100  100 A F  E >   -D  103   0B  41      3,-3.0     3,-2.3    -2,-0.5     2,-0.5  -0.992  66.4 -34.9-124.0 128.6  -12.9    4.1   -0.7               
  101  101 A V  T 3  S-     0   0   71     -2,-0.4    -2,-0.0     1,-0.3   -61,-0.0  -0.525 133.9 -23.1  49.2-103.6  -15.8    1.9    0.4               
  102  102 A D  T 3  S+     0   0  123     -2,-0.5     2,-0.4    -3,-0.0    -1,-0.3   0.372 124.8  72.8-104.7  -2.8  -16.2    3.2    4.0               
  103  103 A R  E <  S-D  100   0B  66     -3,-2.3    -3,-3.0    -5,-0.1     2,-0.5  -0.946  73.6-119.3-134.8 140.8  -12.6    4.5    4.7               
  104  104 A A  E     -D   99   0B  34     -2,-0.4    -5,-0.3    -5,-0.3     2,-0.1  -0.599  39.8-135.7 -68.5 114.8  -10.1    7.3    3.9               
  105  105 A L        -     0   0    1     -7,-2.8    -8,-3.1    -2,-0.5     2,-0.5  -0.448   7.0-147.7 -70.6 145.2   -7.0    5.7    2.2               
  106  106 A I  E     -B   38   0A  57    -68,-2.1   -68,-2.4   -10,-0.2     2,-0.5  -0.969  16.0-166.0-116.2 113.3   -3.5    6.6    3.3               
  107  107 A V  E     +B   37   0A   3     -2,-0.5   -70,-0.2   -14,-0.3   -11,-0.1  -0.901  11.5 171.7-109.8 123.0   -1.0    6.5    0.3               
  108  108 A V  E     -B   36   0A  66    -72,-2.9   -72,-3.2    -2,-0.5     2,-0.2  -0.991  36.3-114.2-129.9 131.6    2.8    6.5    0.9               
  109  109 A P  E     -B   35   0A  54      0, 0.0     2,-0.7     0, 0.0   -74,-0.3  -0.485  32.0-133.3 -63.5 133.6    5.6    6.0   -1.6               
  110  110 A Y    >   -     0   0   25    -76,-2.9     3,-1.4    -2,-0.2   -76,-0.4  -0.812  12.4-160.2-101.1 111.8    7.5    2.7   -0.6               
  111  111 A A  T 3  S+     0   0   93     -2,-0.7    -1,-0.1     1,-0.3   -78,-0.1   0.646  80.9  71.4 -71.1 -18.6   11.3    3.2   -0.7               
  112  112 A E  T 3  S-     0   0  110      2,-0.2    -1,-0.3     1,-0.1     3,-0.1   0.606  89.3-142.6 -74.6 -10.7   12.4   -0.5   -0.9               
  113  113 A G  S <  S+     0   0   31     -3,-1.4     2,-0.3   -79,-0.2    -2,-0.1   0.384  73.3  82.3  67.6  -2.8   11.1   -0.6   -4.6               
  114  114 A V  S    S-     0   0  102    -80,-0.1    -2,-0.2   -32,-0.0    -1,-0.1  -0.920  92.7-100.9-128.2 148.0    9.8   -4.2   -4.1               
  115  115 A I        -     0   0   12     -2,-0.3     2,-0.1    -3,-0.1   -79,-0.0  -0.630  47.2-126.9 -70.3 124.5    6.6   -5.4   -2.5               
  116  116 A P        -     0   0    8      0, 0.0     5,-0.1     0, 0.0    -1,-0.1  -0.334  25.9 -91.8 -77.5 157.3    7.5   -6.5    1.1               
  117  117 A D    >>  -     0   0  120      1,-0.1     4,-2.2     3,-0.1     3,-1.1  -0.169  41.0 -98.4 -65.3 158.8    6.6   -9.9    2.7               
  118  118 A E  H 3> S+     0   0  101      1,-0.3     4,-3.1     2,-0.2     5,-0.3   0.815 120.9  57.0 -49.5 -41.3    3.4  -10.7    4.7               
  119  119 A A  H 3> S+     0   0   75      1,-0.2     4,-1.5     2,-0.2    -1,-0.3   0.884 111.1  43.1 -63.2 -38.4    5.1  -10.2    8.1               
  120  120 A K  H <> S+     0   0   93     -3,-1.1     4,-1.5     2,-0.2    -2,-0.2   0.918 115.2  50.6 -68.0 -43.5    6.2   -6.6    7.2               
  121  121 A A  H  < S+     0   0    0     -4,-2.2    -2,-0.2     1,-0.2    -3,-0.2   0.913 111.7  46.2 -63.2 -43.1    2.8   -5.9    5.6               
  122  122 A L  H >< S+     0   0   73     -4,-3.1     3,-1.1     1,-0.2     4,-0.4   0.831 107.2  58.3 -69.8 -31.6    0.9   -7.2    8.8               
  123  123 A S  H >< S+     0   0   90     -4,-1.5     3,-0.9    -5,-0.3    -1,-0.2   0.882 105.4  50.8 -62.4 -34.6    3.3   -5.1   11.0               
  124  124 A L  T 3< S+     0   0   63     -4,-1.5    -1,-0.2     1,-0.2    -2,-0.2   0.460  96.8  70.4 -81.6  -3.2    2.1   -2.0    9.0               
  125  125 A L  T <   +     0   0   23     -3,-1.1    -1,-0.2    -4,-0.2    -2,-0.2   0.519  67.9 121.3 -88.5  -9.9   -1.6   -3.1    9.7               
  126  126 A A  S <  S-     0   0   51     -3,-0.9     5,-0.2    -4,-0.4     4,-0.1  -0.288  87.2 -77.1 -51.3 136.7   -1.2   -2.2   13.4               
  127  127 A P    >   -     0   0   90      0, 0.0     3,-2.3     0, 0.0     4,-0.3  -0.125  43.5-117.3 -57.1 134.4   -3.9    0.5   14.2               
  128  128 A A  G >> S+     0   0   52      1,-0.3     4,-0.9     2,-0.2     3,-0.7   0.524 101.8  86.7 -59.5  -9.8   -2.8    3.9   12.8               
  129  129 A N  G 34 S+     0   0  161      1,-0.2    -1,-0.3     2,-0.2     3,-0.1   0.768  94.2  47.8 -52.8 -28.3   -2.7    5.6   16.3               
  130  130 A A  G X4 S+     0   0   66     -3,-2.3     3,-1.9     1,-0.1     4,-0.5   0.738  96.2  71.3 -82.9 -25.0    0.9    4.2   16.4               
  131  131 A V  G X4 S+     0   0   94     -3,-0.7     3,-0.5     1,-0.3    -2,-0.2   0.786  89.5  60.6 -73.4 -23.1    1.9    5.5   12.8               
  132  132 A A  G 3< S+     0   0   88     -4,-0.9    -1,-0.3     1,-0.2     3,-0.1   0.568 102.3  57.9 -70.1 -10.2    1.9    9.2   14.0               
  133  133 A G  G <  S+     0   0   57     -3,-1.9     2,-1.5     1,-0.1     5,-0.2   0.653  75.5  90.2 -96.9 -18.9    4.7    8.1   16.5               
  134  134 A L    <   +     0   0  162     -3,-0.5    -1,-0.1    -4,-0.5    -3,-0.1  -0.187  54.7 120.2 -84.6  48.0    7.5    6.7   14.2               
  135  135 A L    >   -     0   0  127     -2,-1.5     3,-2.3    -3,-0.1     2,-1.8  -0.960  66.8-132.7-104.4 119.7    9.4   10.0   13.7               
  136  136 A P  T 3  S+     0   0  143      0, 0.0    -2,-0.1     0, 0.0     3,-0.1  -0.511 104.6  39.8 -70.2  84.5   13.0    9.9   14.9               
  137  137 A G  T 3  S+     0   0   77     -2,-1.8     2,-1.3     1,-0.1    -3,-0.1   0.271  72.5 137.9 148.4  -5.3   12.6   13.2   16.7               
  138  138 A G    <   -     0   0   65     -3,-2.3     2,-0.4    -5,-0.2     3,-0.2  -0.532  42.6-154.2 -69.8  90.7    9.1   12.9   18.3               
  139  139 A G        -     0   0   66     -2,-1.3    -1,-0.0     1,-0.2     0, 0.0  -0.594  34.9 -50.0 -74.8 124.0    9.7   14.4   21.8               
  140  140 A L        +     0   0  158     -2,-0.4    -1,-0.2     1,-0.1    -2,-0.0   0.652  55.0 148.8  37.8  87.8    7.6   13.6   24.9               
  141  141 A L        +     0   0  167     -3,-0.2     2,-0.5     2,-0.0    -1,-0.1  -0.517  12.2 170.0-135.1  77.7    3.8   13.6   25.2               
  142  142 A P        -     0   0  104      0, 0.0     0, 0.0     0, 0.0     0, 0.0  -0.720  42.7-121.2 -64.9 123.9    2.8   11.0   27.7               
  143  143 A T        -     0   0  137     -2,-0.5     2,-0.4     1,-0.0    -2,-0.0  -0.640  32.0-140.5 -68.6 112.7   -0.9   11.7   28.2               
  144  144 A P        -     0   0  115      0, 0.0    -1,-0.0     0, 0.0     0, 0.0  -0.646   4.5-130.1 -84.8 130.5   -1.1   12.4   32.0               
  145  145 A N        -     0   0  161     -2,-0.4     2,-1.1     1,-0.1     0, 0.0  -0.609  30.0-126.2 -63.1 127.6   -4.0   11.2   34.1               
  146  146 A P        +     0   0  121      0, 0.0     2,-0.2     0, 0.0    -1,-0.1  -0.723  61.2 106.5 -86.3  98.1   -5.2   14.3   36.1               
  147  147 A L        -     0   0  155     -2,-1.1    -2,-0.1     1,-0.0     0, 0.0  -0.744  53.5 -24.4-165.0 133.5   -5.3   13.4   39.9               
  148  148 A T        -     0   0  108     -2,-0.2    -1,-0.0     0, 0.0     0, 0.0   0.659  47.3 -81.4  38.3 129.1   -3.4   14.0   43.2               
  149  149 A Q        +     0   0  157      0, 0.0     0, 0.0     0, 0.0     0, 0.0   0.879  32.1  64.1-173.9 161.9   -0.6   14.8   44.8               
  150  150 A I        -     0   0  159      0, 0.0     0, 0.0     0, 0.0     0, 0.0   0.850  26.8-175.0  47.8 122.1    2.7   15.4   46.7               
  151  151 A G        +     0   0   70      0, 0.0     0, 0.0     0, 0.0     0, 0.0   0.720  18.7 125.3 170.1-160.7    5.9   15.5   46.6               
  152  152 A A        +     0   0   94      2,-0.0     0, 0.0     1,-0.0     0, 0.0   0.119  37.4  42.0 -32.1 151.0    9.8   15.7   47.3               
  153  153 A V        -     0   0  132      1,-0.0     2,-0.5     0, 0.0    -1,-0.0   0.791  13.9-176.3-160.8 158.5   12.7   14.3   47.1               
  154  154 A P        +     0   0  126      0, 0.0     2,-0.3     0, 0.0    -2,-0.0  -0.863  39.0 160.7 -93.5 122.9   15.7   12.3   45.6               
  155  155 A L        -     0   0  163     -2,-0.5     0, 0.0     1,-0.1     0, 0.0  -0.915  24.2 -43.6-152.6 128.9   18.7   11.7   48.0               
  156  156 A A        -     0   0   86     -2,-0.3    -1,-0.1     1,-0.0     0, 0.0   0.927  51.2 -43.1  51.8 119.6   21.7    9.5   48.6               
  157  157 A A        -     0   0   94      1,-0.0     2,-0.2     0, 0.0    -1,-0.0   0.594  23.3-178.7  47.1  99.1   23.5    6.3   48.7               
  158  158 A L        -     0   0  181      0, 0.0     2,-0.1     0, 0.0    -1,-0.0  -0.810  22.2-135.1-148.9 145.9   23.4    2.8   49.7               
  159  159 A G        -     0   0   63     -2,-0.2     0, 0.0     1,-0.2     0, 0.0  -0.253   5.9-127.0 125.6  77.1   25.5    0.5   49.5               
  160  160 A A        +     0   0   99     -2,-0.1    -1,-0.2     0, 0.0     2,-0.1  -0.413  18.9 163.3 -66.4 153.0   26.2   -3.2   48.6               
  161  161 A P        -     0   0  105      0, 0.0     0, 0.0     0, 0.0     0, 0.0  -0.445  23.0 -99.9-147.8 161.0   27.5   -6.0   49.7               
  162  162 A T        +     0   0  118     -2,-0.1     0, 0.0     0, 0.0     0, 0.0   0.709  25.7 143.8  33.5 147.2   27.6   -9.7   48.9               
  163  163 A L        +     0   0  157      0, 0.0     0, 0.0     0, 0.0     0, 0.0   0.657  38.0  40.4-151.1 155.3   27.1  -13.0   48.9               
  164  164 A D        +     0   0  125      2,-0.0     3,-0.3     0, 0.0     0, 0.0   0.176  14.5 171.2 175.5 129.0   26.7  -16.2   47.3               
  165  165 A P    >   +     0   0  110      0, 0.0     3,-0.9     0, 0.0     0, 0.0   0.278  57.6 100.7 -96.5  11.4   28.4  -18.1   44.3               
  166  166 A A  G >   +     0   0   69      1,-0.2     3,-0.9     2,-0.1    -2,-0.0   0.766  66.2  69.1 -72.5 -24.8   26.9  -21.6   44.7               
  167  167 A L  G >  S+     0   0  176     -3,-0.3     3,-0.6     1,-0.2    -1,-0.2   0.520  78.3  80.3 -77.1  -4.2   24.2  -21.4   41.9               
  168  168 A A  G <  S+     0   0   96     -3,-0.9    -1,-0.2     1,-0.2    -2,-0.1   0.410  71.2  84.2 -80.5   0.3   26.7  -21.4   38.9               
  169  169 A A  G <   +     0   0   84     -3,-0.9     2,-0.8     1,-0.1    -1,-0.2   0.562  68.3  75.2 -93.1 -11.0   27.3  -25.3   39.0               
  170  170 A L  S <  S-     0   0  162     -3,-0.6     2,-1.1     2,-0.1    -1,-0.1  -0.821  72.9-151.5-104.4  95.4   24.3  -26.7   36.9               
  171  171 A G        +     0   0   80     -2,-0.8    -2,-0.1     2,-0.0    -3,-0.1  -0.540  33.5 147.9 -74.6  97.2   25.1  -25.9   33.2               
  172  172 A L        -     0   0  153     -2,-1.1     2,-0.2     3,-0.0    -2,-0.1  -0.973  53.3-102.5-121.1 141.7   22.0  -25.6   31.1               
  173  173 A P        -     0   0  125      0, 0.0     2,-0.8     0, 0.0    -2,-0.0  -0.432  36.7-111.5 -72.2 131.8   22.0  -23.1   28.1               
  174  174 A G        -     0   0   84     -2,-0.2     2,-0.8     1,-0.1     0, 0.0  -0.439  24.6-154.3 -67.3 101.9   20.2  -19.8   28.7               
  175  175 A A        -     0   0   82     -2,-0.8     2,-1.4     1,-0.1    -1,-0.1  -0.668  14.4-139.7 -72.2 108.7   17.0  -19.6   26.6               
  176  176 A N        -     0   0  161     -2,-0.8     2,-0.7     2,-0.0    -1,-0.1  -0.603  27.3-178.4 -73.5  90.1   16.4  -15.8   26.1               
  177  177 A L        -     0   0  144     -2,-1.4     2,-0.5     2,-0.0    -2,-0.0  -0.868  23.3-139.0 -96.5 112.7   12.6  -15.7   26.5               
  178  178 A N        -     0   0  148     -2,-0.7     2,-2.1     1,-0.1    -2,-0.0  -0.624  23.2-127.2 -73.5 116.5   11.2  -12.1   26.0               
  179  179 A S  S    S+     0   0  116     -2,-0.5     2,-0.3     2,-0.0    -1,-0.1  -0.165  75.9  79.3 -78.9  47.4    8.6  -11.8   28.8               
  180  180 A Q  S    S+     0   0  175     -2,-2.1    -2,-0.1     1,-0.1     0, 0.0  -0.985  74.6  34.4-141.8 150.1    5.4  -10.7   26.9               
  181  181 A S        +     0   0  122     -2,-0.3     2,-0.4     1,-0.2    -1,-0.1   0.944  52.4 138.3  70.7  65.2    2.9  -12.7   24.7               
  182  182 A L        -     0   0  136     -3,-0.1    -1,-0.2     4,-0.0     2,-0.1  -0.993  51.0-131.7-113.7 121.6    2.1  -16.2   25.9               
  183  183 A A    >>  -     0   0   56     -2,-0.4     3,-1.4     1,-0.1     4,-1.2  -0.449   9.9-124.6 -72.1 143.5   -1.6  -16.7   25.5               
  184  184 A A  H 3> S+     0   0   76      1,-0.3     4,-2.5     2,-0.2     3,-0.3   0.857 108.8  62.9 -56.0 -36.9   -3.6  -18.1   28.4               
  185  185 A D  H 3> S+     0   0  127      1,-0.2     4,-2.0     2,-0.2    -1,-0.3   0.797 100.3  52.2 -58.1 -32.8   -5.0  -20.9   26.1               
  186  186 A Q  H <> S+     0   0  132     -3,-1.4     4,-1.9     2,-0.2    -1,-0.2   0.858 110.1  46.9 -81.3 -31.1   -1.5  -22.3   25.5               
  187  187 A L  H  X S+     0   0  100     -4,-1.2     4,-2.5    -3,-0.3    -2,-0.2   0.931 113.2  49.9 -67.1 -44.3   -0.7  -22.6   29.3               
  188  188 A L  H  X S+     0   0  123     -4,-2.5     4,-1.3     1,-0.2    -2,-0.2   0.889 109.4  52.4 -63.3 -36.5   -4.2  -24.2   29.8               
  189  189 A K  H  < S+     0   0  145     -4,-2.0     3,-0.4     2,-0.2     4,-0.3   0.939 110.4  46.9 -61.2 -47.3   -3.3  -26.7   26.9               
  190  190 A L  H >< S+     0   0  114     -4,-1.9     3,-1.2     1,-0.2    -2,-0.2   0.883 110.5  52.1 -65.0 -39.2   -0.0  -27.6   28.6               
  191  191 A M  H >< S+     0   0  148     -4,-2.5     3,-0.6     1,-0.2    -1,-0.2   0.765 105.9  56.6 -66.5 -25.1   -1.8  -28.1   32.0               
  192  192 A S  T 3< S+     0   0   85     -4,-1.3    -1,-0.2    -3,-0.4    -2,-0.2   0.504 101.0  58.9 -81.2  -6.4   -4.3  -30.4   30.2               
  193  193 A T  T <  S+     0   0   96     -3,-1.2     2,-0.5    -4,-0.3    -1,-0.2   0.055  77.4  99.8-115.3  20.6   -1.6  -32.8   28.9               
  194  194 A V  S <  S-     0   0  109     -3,-0.6    -4,-0.0     2,-0.0    -3,-0.0  -0.955  76.1-117.7-114.6 119.9    0.2  -34.0   32.1               
  195  195 A D    >   -     0   0  133     -2,-0.5     2,-0.8     1,-0.1     3,-0.8  -0.316  12.0-140.5 -63.2 130.5   -0.8  -37.5   33.5               
  196  196 A P  T 3  S+     0   0  117      0, 0.0    -1,-0.1     0, 0.0     3,-0.0   0.077  84.1  81.6 -78.4  27.1   -2.4  -37.4   37.0               
  197  197 A K  T 3  S+     0   0  169     -2,-0.8     3,-0.1     1,-0.1    -2,-0.1   0.408  80.7  50.2-119.3   0.5   -0.6  -40.6   38.1               
  198  198 A L  S <  S+     0   0  156     -3,-0.8     3,-0.5     1,-0.1    -1,-0.1   0.295  74.7  98.1-125.2   9.7    3.0  -39.7   39.2               
  199  199 A N        +     0   0  143      1,-0.2     3,-0.2     2,-0.1    -1,-0.1   0.068  50.9  95.8 -99.5  26.1    2.7  -36.8   41.7               
  200  200 A H  S    S+     0   0  176      1,-0.2     3,-0.2    -3,-0.1    -1,-0.2   0.464  77.9  59.3 -89.2  -2.9    2.9  -38.7   45.1               
  201  201 A V  S    S+     0   0  137     -3,-0.5     3,-0.4     1,-0.1    -1,-0.2   0.527  83.7  75.1-109.4  -7.9    6.7  -38.1   45.7               
  202  202 A A  S    S+     0   0   83     -3,-0.2     3,-0.3     1,-0.2    -1,-0.1   0.378  70.4  88.7 -88.6   4.1    7.1  -34.3   45.7               
  203  203 A A        +     0   0   94     -3,-0.2     3,-0.4     1,-0.2    -1,-0.2   0.221  57.8  98.7 -88.5  13.0    5.6  -33.7   49.3               
  204  204 A G        +     0   0   73     -3,-0.4    -1,-0.2     1,-0.2    -2,-0.1   0.251  63.7  68.5 -92.6   8.1    8.9  -34.0   51.3               
  205  205 A L        +     0   0  171     -3,-0.3     2,-0.6     1,-0.0    -1,-0.2  -0.045  62.0 105.3-129.0  32.8   10.1  -30.3   51.9               
  206  206 A V        +     0   0  139     -3,-0.4    -1,-0.0     2,-0.0    -3,-0.0  -0.894  35.9 165.0-113.8 102.6    7.6  -28.6   54.4               
  207  207 A S        -     0   0  117     -2,-0.6     2,-0.2     2,-0.0    -2,-0.0  -0.910  32.7-114.9-117.7 146.9    9.1  -28.3   57.9               
  208  208 A P        +     0   0  119      0, 0.0    -2,-0.0     0, 0.0    -1,-0.0  -0.455  31.5 179.7-112.2 155.2    7.3  -25.9   60.2               
  209  209 A S        -     0   0  100     -2,-0.2    -2,-0.0     0, 0.0     0, 0.0  -0.295  36.0-122.3-155.3  72.6    7.4  -22.6   62.3               
  210  210 A L  S    S+     0   0  159      1,-0.2     0, 0.0     2,-0.0     0, 0.0   0.313  73.8  96.1  46.7  51.2    4.4  -21.6   64.3               
  211  211 A K     >  +     0   0  176      3,-0.0     4,-0.6     2,-0.0     3,-0.4   0.148  50.2 109.6-148.1  21.7    3.0  -18.0   63.4               
  212  212 A S  H  >  +     0   0   59      1,-0.2     4,-2.4     2,-0.1     5,-0.2   0.701  50.7  76.1 -82.2 -25.8    0.1  -18.8   61.0               
  213  213 A D  H  4 S+     0   0  122      2,-0.2     4,-0.4     1,-0.2    -1,-0.2   0.721 100.8  39.1 -78.8 -21.3   -3.3  -18.1   62.6               
  214  214 A T  H >> S+     0   0  103     -3,-0.4     4,-1.5     2,-0.1     3,-0.8   0.921 119.0  46.0 -82.3 -51.2   -3.5  -14.3   62.5               
  215  215 A S  H 3X S+     0   0   48     -4,-0.6     4,-2.7     1,-0.2     5,-0.2   0.816 104.0  63.2 -66.5 -30.4   -1.9  -13.9   59.0               
  216  216 A S  H 3X S+     0   0   60     -4,-2.4     4,-2.4     2,-0.2    -1,-0.2   0.882 105.1  47.3 -60.4 -36.1   -4.1  -16.6   57.5               
  217  217 A K  H <> S+     0   0  149     -3,-0.8     4,-2.6    -4,-0.4    -2,-0.2   0.888 112.1  48.5 -73.3 -39.1   -7.2  -14.4   58.3               
  218  218 A E  H  X S+     0   0  124     -4,-1.5     4,-2.3     2,-0.2    -2,-0.2   0.900 114.3  47.2 -65.1 -39.9   -5.5  -11.3   56.8               
  219  219 A I  H  X S+     0   0   93     -4,-2.7     4,-2.9     2,-0.2    -2,-0.2   0.911 112.8  48.7 -66.7 -43.7   -4.6  -13.4   53.7               
  220  220 A E  H  X S+     0   0  139     -4,-2.4     4,-2.2     2,-0.2    -2,-0.2   0.930 113.2  47.0 -63.8 -42.4   -8.2  -14.9   53.4               
  221  221 A E  H  X S+     0   0  100     -4,-2.6     4,-2.7     2,-0.2    -2,-0.2   0.904 113.4  49.0 -65.9 -38.9   -9.7  -11.3   53.8               
  222  222 A A  H  X S+     0   0   46     -4,-2.3     4,-2.5     2,-0.2    -2,-0.2   0.939 111.7  48.4 -64.2 -44.6   -7.1  -10.1   51.1               
  223  223 A M  H  X S+     0   0  111     -4,-2.9     4,-2.0     2,-0.2    -2,-0.2   0.851 111.4  51.4 -63.7 -33.8   -8.1  -13.0   48.8               
  224  224 A K  H  X S+     0   0  149     -4,-2.2     4,-2.6     2,-0.2    -2,-0.2   0.954 109.8  48.5 -65.9 -47.8  -11.8  -12.1   49.4               
  225  225 A R  H  X S+     0   0  134     -4,-2.7     4,-2.8     1,-0.2    -2,-0.2   0.876 111.6  50.3 -58.8 -40.9  -11.1   -8.4   48.5               
  226  226 A V  H  X S+     0   0   82     -4,-2.5     4,-2.5     2,-0.2    -1,-0.2   0.918 112.5  46.6 -63.0 -42.3   -9.3   -9.6   45.3               
  227  227 A R  H  X S+     0   0  178     -4,-2.0     4,-1.9     2,-0.2    -2,-0.2   0.869 113.5  48.8 -69.7 -36.1  -12.3  -11.9   44.4               
  228  228 A E  H  X S+     0   0  116     -4,-2.6     4,-2.7     2,-0.2    -2,-0.2   0.940 112.6  47.7 -65.8 -46.8  -14.8   -9.0   45.1               
  229  229 A A  H  X S+     0   0   45     -4,-2.8     4,-2.6     1,-0.2    -2,-0.2   0.911 112.1  50.0 -61.7 -42.1  -12.7   -6.6   43.0               
  230  230 A Q  H  X S+     0   0  117     -4,-2.5     4,-2.3     2,-0.2    -1,-0.2   0.869 110.6  50.8 -63.7 -35.5  -12.6   -9.3   40.2               
  231  231 A S  H  X S+     0   0   78     -4,-1.9     4,-2.8     2,-0.2    -2,-0.2   0.955 112.4  45.3 -65.1 -48.0  -16.4   -9.7   40.5               
  232  232 A L  H  X S+     0   0  117     -4,-2.7     4,-0.8     1,-0.2    -2,-0.2   0.882 114.2  49.3 -62.8 -39.7  -16.9   -5.9   40.2               
  233  233 A I  H  X S+     0   0   96     -4,-2.6     4,-0.8    -5,-0.2     3,-0.4   0.906 111.2  49.9 -65.3 -41.1  -14.4   -5.8   37.2               
  234  234 A S  H >X S+     0   0   69     -4,-2.3     4,-2.7     1,-0.2     3,-1.2   0.960 109.6  50.2 -63.5 -47.0  -16.3   -8.7   35.6               
  235  235 A A  H 3< S+     0   0   78     -4,-2.8    -1,-0.2     1,-0.3    -2,-0.2   0.667 114.7  45.9 -63.7 -18.8  -19.7   -6.9   36.0               
  236  236 A A  H 3< S+     0   0   84     -4,-0.8    -1,-0.3    -3,-0.4    -2,-0.2   0.502 115.9  44.7 -97.8 -10.9  -18.0   -3.8   34.4               
  237  237 A I  H << S+     0   0  128     -3,-1.2    -2,-0.2    -4,-0.8    -3,-0.2   0.651  85.3  98.5-107.7 -25.6  -16.4   -5.7   31.5               
  238  238 A E  S  < S-     0   0  149     -4,-2.7     2,-1.0    -5,-0.2    -4,-0.0  -0.489  88.5-116.3 -58.3 123.0  -19.4   -7.9   30.5               
  239  239 A P        -     0   0  101      0, 0.0     2,-1.6     0, 0.0    -1,-0.1  -0.559  24.7-136.5 -73.7 104.1  -20.9   -6.0   27.5               
  240  240 A D    >   +     0   0  137     -2,-1.0     3,-0.8     1,-0.2    -2,-0.0  -0.374  28.7 176.9 -69.5  84.1  -24.3   -5.0   28.9               
  241  241 A K  T 3   +     0   0  191     -2,-1.6    -1,-0.2     1,-0.2     3,-0.0   0.175  65.2  65.0 -71.7  15.0  -26.5   -5.8   25.8               
  242  242 A K  T 3  S+     0   0  193      1,-0.1    -1,-0.2     0, 0.0    -2,-0.1   0.318  81.6  59.6-138.8  17.5  -29.7   -4.9   27.8               
  243  243 A E    X   +     0   0  139     -3,-0.8     2,-1.3     1,-0.1     3,-0.9   0.142  44.8 128.4-139.2  39.3  -30.2   -1.2   28.9               
  244  244 A E  T 3   +     0   0  200      1,-0.2     3,-0.1    -3,-0.0    -1,-0.1   0.052  66.2  79.6 -69.1  31.2  -30.1    1.2   25.8               
  245  245 A K  T 3  S+     0   0  191     -2,-1.3    -1,-0.2     1,-0.2     2,-0.1   0.294  79.3  55.7-136.8  17.0  -33.5    2.7   27.3               
  246  246 A R  S <  S+     0   0  205     -3,-0.9    -1,-0.2     1,-0.1    -2,-0.0  -0.518  73.4  61.2-157.5 102.0  -32.8    5.1   30.2               
  247  247 A R        +     0   0  246     -3,-0.1    -1,-0.1    -2,-0.1    -2,-0.0   0.493  69.0  25.6 149.1 101.0  -30.6    8.3   30.4               
  248  248 A H        -     0   0  143      0, 0.0     2,-1.4     0, 0.0    -2,-0.0   0.611  30.9-174.1 160.9  90.1  -30.1   11.6   29.0               
  249  249 A S        +     0   0  117      1,-0.1     2,-0.6     2,-0.0     0, 0.0  -0.496  18.1 163.8 -70.3  89.6  -32.6   14.0   27.4               
  250  250 A R        -     0   0  213     -2,-1.4    -1,-0.1     2,-0.0     2,-0.1  -0.602  26.5-157.3-108.1  71.4  -30.4   16.9   26.2               
  251  251 A S        +     0   0  106     -2,-0.6    -2,-0.0     1,-0.1     0, 0.0  -0.211  33.9 152.4 -51.8 121.0  -32.9   18.5   23.8               
  252  252 A R        +     0   0  248     -2,-0.1    -1,-0.1     0, 0.0    -2,-0.0  -0.275  25.6 162.9-143.6  56.2  -31.6   20.8   21.0               
  253  253 A S        +     0   0   95      2,-0.0    -2,-0.0     1,-0.0     0, 0.0  -0.190  16.2  85.3 -63.7 163.5  -34.3   20.4   18.3               
  254  254 A R        +     0   0  244      0, 0.0    -1,-0.0     0, 0.0     0, 0.0   0.944  46.5  82.5  70.0 111.1  -35.1   22.7   15.2               
  255  255 A S        -     0   0  100      0, 0.0    -2,-0.0     0, 0.0     0, 0.0   0.775  34.5-134.8 176.3 154.8  -34.1   22.9   12.2               
  256  256 A R        -     0   0  230      2,-0.0     0, 0.0     1,-0.0     0, 0.0   0.912  45.3  -9.0  60.2 114.1  -33.5   22.5    8.4               
  257  257 A R        -     0   0  198      1,-0.2     2,-0.8     0, 0.0    -1,-0.0   0.939  22.1-151.8  59.4 100.4  -31.0   22.3    5.5               
  258  258 A R        +     0   0  262      0, 0.0     2,-0.3     0, 0.0    -1,-0.2  -0.838  42.5 162.4 -74.0 112.8  -27.4   22.6    4.7               
  259  259 A R        -     0   0  184     -2,-0.8     3,-0.2     1,-0.2     0, 0.0  -0.958  41.7 -38.3-135.8 129.7  -27.7   23.7    1.0               
  260  260 A T        -     0   0  106     -2,-0.3     2,-2.2     1,-0.2    -1,-0.2   0.872  43.6-121.4  47.1 114.3  -25.1   25.4   -1.3               
  261  261 A P        -     0   0  142      0, 0.0     2,-0.5     0, 0.0    -1,-0.2  -0.437  44.5-176.1 -75.2  69.4  -22.5   28.1   -0.5               
  262  262 A S        -     0   0   86     -2,-2.2     2,-1.9    -3,-0.2    -3,-0.0  -0.608  26.5-130.3 -76.5 119.6  -24.0   30.4   -3.2               
  263  263 A S        +     0   0  121     -2,-0.5     2,-0.9     1,-0.1    -1,-0.1  -0.439  39.4 165.1 -75.5  78.9  -22.0   33.7   -3.6               
  264  264 A S        -     0   0  107     -2,-1.9     2,-1.4     2,-0.1    -1,-0.1  -0.762  22.7-158.0-100.8  92.7  -24.7   36.3   -3.4               
  265  265 A R        +     0   0  235     -2,-0.9     2,-0.3     2,-0.0    -2,-0.1  -0.534  35.9 139.2 -67.9  92.0  -23.1   39.8   -2.8               
  266  266 A H        +     0   0  190     -2,-1.4     2,-0.4     3,-0.0    -2,-0.1  -0.893  13.0 156.2-137.5 114.0  -25.9   42.0   -1.3               
  267  267 A R        -     0   0  226     -2,-0.3    -2,-0.0     1,-0.1     0, 0.0  -0.966  53.5  -5.5-129.2 125.9  -25.3   44.5    1.6               
  268  268 A R        -     0   0  220     -2,-0.4     2,-0.8     1,-0.2    -1,-0.1   0.921  33.7-178.0  67.0  74.4  -27.5   47.5    2.4               
  269  269 A S        +     0   0  124     -3,-0.1    -1,-0.2     2,-0.0     2,-0.2  -0.806  30.4 158.3 -62.8 112.7  -30.3   49.0    0.6               
  270  270 A R        -     0   0  239     -2,-0.8     2,-0.3     2,-0.1    -1,-0.0  -0.660  29.9-148.0-145.7  93.8  -30.8   51.9    3.0               
  271  271 A S        +     0   0  122     -2,-0.2     2,-0.3     2,-0.0    -2,-0.0  -0.415  30.1 153.7 -60.6 119.4  -32.7   54.9    1.4               
  272  272 A R        -     0   0  256     -2,-0.3     2,-0.2     0, 0.0    -2,-0.1  -0.957  28.6-144.8-146.3 140.8  -31.8   58.4    2.6               
  273  273 A S        +     0   0   90     -2,-0.3    -2,-0.0     1,-0.0     0, 0.0  -0.618  27.5   9.7-106.9 161.9  -32.3   61.3    0.3               
  274  274 A R        +     0   0  218     -2,-0.2    -1,-0.0     0, 0.0     0, 0.0   0.861  47.0  86.0  71.2 136.6  -31.3   64.8   -1.0               
  275  275 A R        -     0   0  214      0, 0.0     2,-0.0     0, 0.0     0, 0.0   0.642  29.0 -70.5  71.6 149.6  -28.6   67.5   -1.1               
  276  276 A R        +     0   0  200      0, 0.0     0, 0.0     0, 0.0     0, 0.0   0.488  21.5  10.4-168.1 152.8  -26.0   69.1   -2.0               
  277  277 A S        +     0   0  103     -2,-0.0     0, 0.0     0, 0.0     0, 0.0   0.562  26.5   3.1  74.2 130.0  -22.8   70.9   -3.1               
  278  278 A H        +     0   0  177      0, 0.0     0, 0.0     0, 0.0     0, 0.0   0.687  18.7  75.1  85.9 128.4  -19.4   71.3   -3.7               
  279  279 A S        -     0   0   66      0, 0.0     0, 0.0     0, 0.0     0, 0.0   0.809  15.9 -15.8-165.0-168.2  -16.2   71.3   -4.1               
  280  280 A K        +     0   0  190      0, 0.0     0, 0.0     0, 0.0     0, 0.0   0.701  32.2  64.4  70.4 138.7  -12.3   71.3   -4.7               
  281  281 A S        -     0   0   87      0, 0.0     0, 0.0     0, 0.0     0, 0.0   0.751  31.8 -83.3-158.8 160.1   -9.7   70.2   -6.1               
  282  282 A R        +     0   0  235      0, 0.0     0, 0.0     0, 0.0     0, 0.0   0.786  21.1 126.0  43.9 133.2   -7.0   69.2   -8.6               
  283  283 A S        -     0   0   90      0, 0.0     0, 0.0     0, 0.0     0, 0.0   0.723  22.9-111.0-176.0 177.4   -5.4   67.6  -10.8               
  284  284 A R        +     0   0  220      0, 0.0     0, 0.0     0, 0.0     0, 0.0   0.988  40.2  54.4  85.8 113.9   -3.6   66.5  -14.0               
  285  285 A R        -     0   0  222      2,-0.0     0, 0.0     0, 0.0     0, 0.0   0.779  58.9 -42.0  78.8 133.4   -3.5   64.4  -17.2               
  286  286 A R        -     0   0  231      1,-0.1     2,-0.3     0, 0.0     0, 0.0   0.314  23.7-176.1-159.1 122.2   -4.9   63.7  -19.9               
  287  287 A S        -     0   0  114      2,-0.0     2,-0.4     0, 0.0    -1,-0.1  -0.626   5.4-169.6 -95.1 140.7   -8.1   63.0  -22.0               
  288  288 A K        +     0   0  211     -2,-0.3     0, 0.0     2,-0.0     0, 0.0  -0.991  26.5 159.9-109.7 129.8   -8.8   62.0  -25.6               
  289  289 A S        -     0   0   98     -2,-0.4     2,-0.2     2,-0.0    -2,-0.0  -0.957  36.0-129.2-149.5 132.8  -12.6   62.2  -26.4               
  290  290 A P        -     0   0  136      0, 0.0     2,-0.3     0, 0.0    -2,-0.0  -0.545  27.3-151.5 -71.6 145.7  -14.6   62.5  -29.7               
  291  291 A R        -     0   0  253     -2,-0.2     2,-0.0     1,-0.0    -2,-0.0  -0.959  14.4-105.9-128.2 148.2  -17.3   65.3  -29.8               
  292  292 A R        -     0   0  228     -2,-0.3    -1,-0.0     1,-0.1     0, 0.0  -0.239  41.5 -40.6 -66.9 148.5  -20.5   65.5  -31.7               
  293  293 A R        -     0   0  232      1,-0.1     2,-0.1    -2,-0.0    -1,-0.1   0.841  38.5-108.1  51.5 121.4  -22.2   67.2  -34.6               
  294  294 A R        +     0   0  238      1,-0.1    -1,-0.1     0, 0.0     0, 0.0  -0.411  41.0 115.8 -62.3 160.5  -22.8   70.3  -36.6               
  295  295 A S        +     0   0  112     -2,-0.1     2,-0.2     1,-0.1    -1,-0.1   0.605  21.0  85.9-157.1 149.4  -25.1   72.5  -37.2               
  296  296 A H        -     0   0  169      2,-0.0     2,-0.2     0, 0.0    -1,-0.1  -0.849  49.9-125.5-153.3 151.2  -26.3   76.0  -36.9               
  297  297 A S        +     0   0   85     -2,-0.2     2,-0.1     2,-0.0     0, 0.0  -0.583  35.5 134.9 -84.2 151.4  -25.7   79.0  -39.4               
  298  298 A R        -     0   0  224     -2,-0.2    -2,-0.0     2,-0.0     0, 0.0   0.050  27.4-140.2 141.1 145.0  -24.4   82.6  -39.4               
  299  299 A E        +     0   0  134     -2,-0.1    -2,-0.0     0, 0.0     0, 0.0   0.605  28.3  52.8-170.0 159.4  -22.4   84.6  -41.1               
  300  300 A R        +     0   0  218      1,-0.0    -2,-0.0     0, 0.0     0, 0.0   0.504  33.7 117.5  70.0 158.1  -19.9   87.1  -42.8               
  301  301 A G        -     0   0   71      0, 0.0    -1,-0.0     0, 0.0     0, 0.0   0.980  38.3-166.3  86.9  59.3  -16.2   88.2  -42.8               
  302  302 A R        +     0   0  232      2,-0.0     0, 0.0     0, 0.0     0, 0.0   0.459  20.7 109.0  62.9 131.0  -14.2   87.8  -45.7               
  303  303 A R        +     0   0  221      0, 0.0     2,-0.1     0, 0.0     0, 0.0   0.745  20.8 176.1  74.1 121.1  -10.5   87.9  -47.1               
  304  304 A S        -     0   0   97      2,-0.0    -2,-0.0     0, 0.0     2,-0.0   0.354  16.7-173.1  77.8 132.5   -7.9   86.1  -48.3               
  305  305 A R        -     0   0  230     -2,-0.1     2,-0.1     2,-0.0     0, 0.0   0.649  14.2-173.8-151.6 142.9   -4.8   85.7  -49.6               
  306  306 A S        -     0   0  105     -2,-0.0     2,-0.2     0, 0.0    -2,-0.0   0.008   4.4-175.7  86.7 100.1   -2.9   83.0  -50.9               
  307  307 A T        +     0   0  136     -2,-0.1    -2,-0.0     2,-0.0     2,-0.0  -0.692  15.5 175.9 175.8 158.3    0.6   81.8  -52.3               
  308  308 A S        -     0   0   85     -2,-0.2    -1,-0.0     0, 0.0     0, 0.0   0.622  22.1-177.5-168.6 179.6    2.1   79.1  -53.7               
  309  309 A K        -     0   0  189     -2,-0.0    -2,-0.0     0, 0.0     2,-0.0   0.571  18.1-172.5  79.1 148.7    4.6   76.5  -55.4               
  310  310 A T        +     0   0  120      0, 0.0     0, 0.0     0, 0.0     0, 0.0   0.445  15.4 159.9-178.5 166.9    5.2   73.4  -56.7               
  311  311 A R        +     0   0  222     -2,-0.0     0, 0.0     0, 0.0     0, 0.0   0.451  23.3  87.4  74.9 146.9    6.7   70.1  -58.2               
  312  312 A D        -     0   0  106      2,-0.0     0, 0.0     0, 0.0     0, 0.0   0.890  37.5  -8.0-165.6 165.6    6.7   66.8  -58.9               
  313  313 A K        +     0   0  175      0, 0.0     0, 0.0     0, 0.0     0, 0.0   0.807  15.1 179.7-159.8-177.6    5.9   64.2  -61.0               
  314  314 A K        +     0   0  175      1,-0.0    -2,-0.0     0, 0.0     0, 0.0   0.181  12.6 134.0 -39.6 168.5    4.6   61.7  -63.7               
  315  315 A K        -     0   0  150      0, 0.0    -1,-0.0     0, 0.0     0, 0.0   0.686  21.6-132.7-167.4 140.7    4.2   58.8  -65.3               
  316  316 A E        +     0   0  127      2,-0.0     0, 0.0     0, 0.0     0, 0.0   0.755  28.2 130.7  46.0 163.6    1.9   56.2  -67.1               
  317  317 A D        +     0   0  140      0, 0.0     2,-0.2     0, 0.0     0, 0.0   0.762  12.6 151.4-142.9 172.5    0.2   53.7  -68.3               
  318  318 A K        +     0   0  196      0, 0.0     2,-0.3     0, 0.0    -2,-0.0  -0.586  25.6 167.6-152.0  87.9   -3.4   52.4  -69.0               
  319  319 A E        +     0   0  146     -2,-0.2     0, 0.0     1,-0.1     0, 0.0  -0.954  23.3  23.2-141.2 156.2   -4.3   49.9  -71.8               
  320  320 A K        -     0   0  171     -2,-0.3    -1,-0.1     1,-0.0     2,-0.1   0.785  38.4-151.4-143.1 170.6   -6.5   48.0  -73.1               
  321  321 A K        +     0   0  187      2,-0.0    -1,-0.0     0, 0.0    -2,-0.0  -0.417  29.0  80.5 -86.8 166.0  -10.4   47.2  -73.4               
  322  322 A R        +     0   0  241     -2,-0.1     0, 0.0     0, 0.0     0, 0.0   0.609  27.1  58.8  73.7 145.9  -12.9   44.4  -73.9               
  323  323 A S        -     0   0   92      0, 0.0    -2,-0.0     0, 0.0     0, 0.0   0.782  33.1 -17.8-163.2 172.8  -14.9   41.9  -73.4               
  324  324 A K        -     0   0  188      0, 0.0     0, 0.0     0, 0.0     0, 0.0   0.769  46.8 -15.5  70.5 136.4  -17.5   39.3  -72.2               
  325  325 A T        -     0   0  127      1,-0.1     0, 0.0     2,-0.0     0, 0.0   0.806  18.5-144.4-159.2 161.4  -19.7   38.3  -69.9               
  326  326 A P        -     0   0  116      0, 0.0    -1,-0.1     0, 0.0     2,-0.0  -0.164  39.6 -92.5 -92.9 175.7  -21.6   38.1  -66.5               
  327  327 A P        -     0   0  131      0, 0.0     2,-0.3     0, 0.0    -2,-0.0  -0.231  23.9-166.8 -94.1 168.8  -23.3   35.1  -64.5               
  328  328 A K        -     0   0  211      2,-0.0     2,-0.2    -2,-0.0     0, 0.0  -0.959  20.4-107.6-149.8 168.2  -26.7   33.3  -64.0               
  329  329 A S        +     0   0  106     -2,-0.3     2,-0.1     0, 0.0     0, 0.0  -0.650  28.2 156.3-101.7 148.9  -28.2   30.7  -61.6               
  330  330 A Y        -     0   0  197     -2,-0.2    -2,-0.0     2,-0.0     2,-0.0  -0.272  18.8-168.9-179.6 114.7  -29.6   27.3  -60.7               
  331  331 A S        +     0   0   86     -2,-0.1     0, 0.0     0, 0.0     0, 0.0   0.713  14.3 133.6  83.9 144.8  -30.0   25.6  -57.8               
  332  332 A T        +     0   0  109     -2,-0.0    -2,-0.0     0, 0.0     0, 0.0   0.524  20.5  88.4  66.5 151.8  -30.7   22.2  -56.1               
  333  333 A A        -     0   0   80      0, 0.0     0, 0.0     0, 0.0     0, 0.0   0.483  25.3-145.1-165.1 159.7  -30.0   19.9  -53.8               
  334  334 A R        +     0   0  243      2,-0.0     0, 0.0     0, 0.0     0, 0.0   0.697  41.3  67.9  71.6 151.2  -29.5   17.5  -50.9               
  335  335 A R        -     0   0  250      1,-0.1     2,-0.2     0, 0.0     0, 0.0   0.996  32.4-166.1  69.3  97.1  -27.2   15.1  -48.9               
  336  336 A S        +     0   0  111      2,-0.0    -1,-0.1     0, 0.0     2,-0.1  -0.615  22.8 137.7 -71.9 143.9  -24.2   15.5  -46.7               
  337  337 A R        -     0   0  237     -2,-0.2     0, 0.0     0, 0.0     0, 0.0  -0.263  48.8 -34.4 179.3 141.0  -21.7   12.9  -45.5               
  338  338 A S        -     0   0  113      1,-0.2     2,-1.7    -2,-0.1    -2,-0.0   0.739  26.7-166.5  55.1  71.1  -18.1   12.0  -44.8               
  339  339 A A        -     0   0  111      2,-0.0    -1,-0.2     3,-0.0     2,-0.0  -0.601  27.2-177.1 -75.6  79.9  -15.2   13.1  -47.0               
  340  340 A S        -     0   0  107     -2,-1.7     2,-2.5     1,-0.1     0, 0.0  -0.213  49.6 -66.2 -61.5 170.1  -12.7   10.7  -45.4               
  341  341 A R        -     0   0  249      2,-0.0     2,-0.7     1,-0.0    -1,-0.1  -0.357  66.3-173.1 -69.1  71.7   -9.0   10.8  -46.7               
  342  342 A E        +     0   0  141     -2,-2.5    -1,-0.0     1,-0.1    -3,-0.0  -0.618  26.1 127.6 -65.7 111.8   -9.5    9.7  -50.3               
  343  343 A R        -     0   0  202     -2,-0.7    -1,-0.1     0, 0.0    -2,-0.0  -0.172  49.3 -72.2-161.8 104.1   -6.5    9.1  -52.4               
  344  344 A R        +     0   0  183      2,-0.1    -2,-0.0     0, 0.0     0, 0.0   0.763  59.3  72.4  48.8 119.6   -5.9    6.1  -54.3               
  345  345 A R        +     0   0  235      0, 0.0     2,-0.5     0, 0.0     0, 0.0   0.503  21.0 137.6-158.2 126.2   -5.1    3.0  -54.9               
  346  346 A R        +     0   0  259      2,-0.0     2,-0.3     0, 0.0    -2,-0.1  -0.951  25.9 152.9 -91.5 125.1   -6.6   -0.4  -54.5               
  347  347 A R        -     0   0  247     -2,-0.5     2,-0.1     2,-0.0     0, 0.0  -0.862  23.9-161.9-146.1 121.7   -6.0   -2.6  -57.7               
  348  348 A S        +     0   0  104     -2,-0.3    -2,-0.0     2,-0.0     0, 0.0  -0.248  28.7 115.5 -91.0-177.3   -5.9   -6.4  -57.2               
  349  349 A R        -     0   0  233     -2,-0.1     2,-0.0     2,-0.0    -2,-0.0   0.752  45.8-117.5  84.5  96.1   -4.6   -9.4  -59.2               
  350  350 A S        -     0   0  120      1,-0.0     2,-0.3     0, 0.0    -2,-0.0   0.274  12.4-159.8  80.1 101.8   -2.2  -11.7  -58.6               
  351  351 A G        -     0   0   80     -2,-0.0     2,-0.3     0, 0.0    -1,-0.0  -0.990  32.4-122.5-144.7 136.1    1.2  -13.0  -60.1               
  352  352 A T        -     0   0  128     -2,-0.3     0, 0.0     1,-0.1     0, 0.0  -0.627  31.2 -18.2-101.8 147.6    2.6  -16.5  -59.3               
  353  353 A R        -     0   0  227     -2,-0.3    -1,-0.1     2,-0.0     0, 0.0   0.888  48.5 -39.7  59.8 104.6    5.4  -18.7  -57.9               
  354  354 A S        -     0   0  117      1,-0.0     2,-0.1     0, 0.0    -2,-0.0   0.720  32.5 -94.0  81.3 157.7    8.7  -19.4  -56.9               
  355  355 A P        -     0   0  109      0, 0.0     2,-0.2     0, 0.0    -1,-0.0  -0.466   3.9-148.6-130.6 172.1   12.5  -19.3  -57.0               
  356  356 A K        +     0   0  199     -2,-0.1     0, 0.0     1,-0.1     0, 0.0  -0.839  42.1  11.6-162.1 160.9   16.3  -20.0  -57.6               
  357  357 A K        -     0   0  194     -2,-0.2    -1,-0.1     1,-0.1     2,-0.1   0.841  29.1-156.7-152.9 151.8   19.5  -19.8  -56.6               
  358  358 A P        -     0   0  123      0, 0.0     2,-0.3     0, 0.0    -1,-0.1  -0.366  16.6-137.5 -89.4 167.3   22.1  -18.9  -53.7               
  359  359 A R        -     0   0  243     -2,-0.1     0, 0.0     0, 0.0     0, 0.0  -0.769  28.6-116.9-135.4  92.0   25.9  -17.8  -53.6               
  360  360 A S        -     0   0  112     -2,-0.3     2,-0.4     1,-0.1     0, 0.0   0.503  13.4-145.8  29.9 118.8   28.3  -19.3  -51.1               
  361  361 A P        +     0   0  122      0, 0.0     2,-0.2     0, 0.0    -1,-0.1  -0.917  34.4 127.9-107.2 142.5   30.5  -17.9  -48.2               
  362  362 A K        +     0   0  211     -2,-0.4     0, 0.0     1,-0.2     0, 0.0  -0.824  17.6  78.3-177.3 167.0   34.0  -19.0  -47.1               
  363  363 A R        -     0   0  235     -2,-0.2    -1,-0.2     0, 0.0     2,-0.1   0.877  38.9-149.1  72.2 101.1   37.7  -18.1  -46.3               
  364  364 A K        -     0   0  208      0, 0.0     2,-0.3     0, 0.0     0, 0.0  -0.011  14.6-172.4  67.5 104.6   39.3  -16.8  -43.6               
  365  365 A L        -     0   0  183     -2,-0.1     2,-0.4     2,-0.0     0, 0.0  -0.851  25.5-148.5-148.0 137.7   42.3  -14.7  -42.8               
  366  366 A S        +     0   0  110     -2,-0.3     2,-0.2     2,-0.0     0, 0.0  -0.875  27.1 155.9-108.1 130.8   43.3  -14.2  -39.1               
  367  367 A R        +     0   0  237     -2,-0.4    -2,-0.0     2,-0.0     0, 0.0  -0.610  14.8 136.3-154.0 102.9   44.9  -11.4  -37.2               
  368  368 A S        +     0   0  119     -2,-0.2     2,-0.4     2,-0.0    -2,-0.0  -0.936  18.0 167.9-132.7 108.8   44.5  -10.8  -33.4               
  369  369 A P        -     0   0  113      0, 0.0    -2,-0.0     0, 0.0     0, 0.0  -0.989  35.1-105.8-118.6 144.6   47.6   -9.9  -31.3               
  370  370 A S        -     0   0  114     -2,-0.4     2,-0.1     1,-0.1    -2,-0.0   0.063  39.7 -85.7 -58.5 161.1   47.4   -8.6  -27.7               
  371  371 A P        -     0   0  129      0, 0.0     2,-0.2     0, 0.0    -1,-0.1  -0.378  41.1-173.6 -72.6 145.0   48.0   -5.0  -26.3               
  372  372 A R        -     0   0  238     -2,-0.1     0, 0.0     1,-0.1     0, 0.0  -0.779  15.3-118.5-153.7 110.6   51.5   -3.6  -25.4               
  373  373 A R        +     0   0  215     -2,-0.2    -1,-0.1     0, 0.0     0, 0.0   0.792  29.7 147.2  27.8 158.7   52.8   -0.3  -23.8               
  374  374 A H        +     0   0  169      2,-0.0    -2,-0.1     0, 0.0     0, 0.0   0.471  26.3   2.2  89.3 141.4   54.9    2.8  -24.3               
  375  375 A K        +     0   0  155      0, 0.0     2,-0.1     0, 0.0     0, 0.0   0.177  50.6  69.5-165.5 115.3   55.6    5.9  -23.8               
  376  376 A K        -     0   0  199      2,-0.0     2,-0.2     0, 0.0    -2,-0.0  -0.364  37.3-164.4-174.7 103.9   55.1    9.5  -22.3               
  377  377 A E        +     0   0  148     -2,-0.1     2,-0.1     2,-0.0     0, 0.0  -0.301  24.5 156.9  62.2  84.6   55.6   10.5  -19.2               
  378  378 A K        -     0   0  209     -2,-0.2     2,-0.1     0, 0.0    -2,-0.0  -0.518  30.0-158.9-151.2 113.6   54.8   13.4  -17.1               
  379  379 A K        +     0   0  198     -2,-0.1    -2,-0.0     1,-0.1     0, 0.0  -0.434  32.7 124.5 -58.7 147.1   54.7   12.8  -13.2               
  380  380 A K        +     0   0  181     -2,-0.1     2,-0.1     0, 0.0    -1,-0.1   0.360  16.0 173.5 178.4 100.3   53.3   14.2  -10.4               
  381  381 A D        +     0   0  146      1,-0.1    -2,-0.0     2,-0.0     0, 0.0  -0.424  10.6 173.7 -61.8 139.4   51.1   12.6   -7.8               
  382  382 A K        +     0   0  161     -2,-0.1     2,-0.6     2,-0.0    -1,-0.1  -0.246  12.2 172.5-157.6  79.0   50.3   14.8   -4.7               
  383  383 A D        +     0   0  161      2,-0.0     2,-0.2     0, 0.0    -2,-0.0  -0.653  29.0 143.0 -56.2 113.1   47.9   13.6   -2.2               
  384  384 A K        -     0   0  139     -2,-0.6    -2,-0.0     2,-0.0     0, 0.0  -0.615  45.2-133.5-157.7 119.3   48.2   16.3    0.5               
  385  385 A E        +     0   0  168     -2,-0.2     2,-0.2     1,-0.0    -2,-0.0  -0.264  28.8 176.5 -48.9 139.2   45.5   17.8    2.6               
  386  386 A R        -     0   0  225      2,-0.0     2,-0.1     0, 0.0    -2,-0.0  -0.666  22.7-151.4-155.3 110.5   45.4   21.6    2.9               
  387  387 A S        -     0   0  106     -2,-0.2     2,-0.1     1,-0.0     0, 0.0  -0.381  17.3-168.1 -45.9 137.5   43.0   23.8    4.6               
  388  388 A R        -     0   0  233     -2,-0.1     2,-0.2     2,-0.1    -1,-0.0  -0.552   2.4-166.9-145.5  85.3   42.9   27.1    2.8               
  389  389 A D        +     0   0  146     -2,-0.1     2,-0.3     2,-0.0    -2,-0.0  -0.428  16.3 165.8 -43.4 122.2   41.1   29.8    4.6               
  390  390 A E        +     0   0  163     -2,-0.2     3,-0.1     3,-0.0    -2,-0.1  -0.895  44.2  17.4-141.2 140.6   40.3   32.8    2.5               
  391  391 A R        +     0   0  163      1,-0.3     2,-0.3    -2,-0.3    -2,-0.0   0.799  35.7 164.9  73.6  53.7   38.0   35.7    3.2               
  392  392 A E        -     0   0  198      3,-0.0     2,-0.4     0, 0.0    -1,-0.3  -0.603  42.7-154.9 -42.8 131.4   36.7   36.4    6.4               
  393  393 A R        -     0   0  187     -2,-0.3    -3,-0.0     1,-0.1     0, 0.0  -0.892  32.5 -18.7-139.6 122.2   35.6   39.9    5.2               
  394  394 A S        -     0   0  110     -2,-0.4    -1,-0.1     1,-0.1     2,-0.1   0.935  47.0-175.3  68.1  71.2   34.9   43.2    6.9               
  395  395 A T        +     0   0  129     -3,-0.0    -1,-0.1     0, 0.0    -3,-0.0  -0.292  43.4  52.8 -55.1 164.1   34.4   43.6   10.6               
  396  396 A S        +     0   0   86     -2,-0.1     0, 0.0     0, 0.0     0, 0.0   0.683  50.2  72.4  86.8 138.6   33.5   47.0   12.0               
  397  397 A K        +     0   0  189      0, 0.0     0, 0.0     0, 0.0     0, 0.0   0.957  42.1  36.5  69.4 118.1   31.3   50.2   12.1               
  398  398 A K        -     0   0  178      0, 0.0     0, 0.0     0, 0.0     0, 0.0   0.624  34.5-124.8 173.1 118.9   28.6   51.8   12.7               
  399  399 A K        +     0   0  191      0, 0.0     0, 0.0     0, 0.0     0, 0.0   0.798  28.6 124.5  73.1 151.3   25.4   52.7   14.7               
  400  400 A K        +     0   0  193      0, 0.0     2,-0.0     0, 0.0     0, 0.0   0.978  28.6 172.6  92.3  77.1   21.6   53.3   15.2               
  401  401 A S        +     0   0   99      0, 0.0     0, 0.0     0, 0.0     0, 0.0   0.630   6.6 140.0  89.8 139.4   19.6   51.8   17.5               
  402  402 A K        +     0   0  181      1,-0.0     2,-0.0    -2,-0.0     0, 0.0   0.600  37.5  47.1  76.9 135.8   16.1   51.7   19.2               
  403  403 A D        +     0   0  141      1,-0.1     2,-0.3     2,-0.0    -1,-0.0   0.659  45.9 161.2-112.8 173.2   13.6   50.1   20.5               
  404  404 A K        +     0   0  159      1,-0.2    -1,-0.1    -2,-0.0     0, 0.0  -0.984  36.4   8.4-144.6 148.5   13.7   47.2   23.0               
  405  405 A E        +     0   0  147     -2,-0.3     2,-0.3     1,-0.1    -1,-0.2   0.920  53.8 120.2  51.2  99.8   11.6   45.2   25.6               
  406  406 A K        +     0   0  200      1,-0.0    -1,-0.1     0, 0.0     0, 0.0  -0.924  45.4  55.3-159.7 172.8    7.9   45.2   26.6               
  407  407 A D  S    S+     0   0  154     -2,-0.3     3,-0.1     2,-0.2    -2,-0.0   0.703  74.7  90.5  81.1  38.6    4.9   42.8   26.8               
  408  408 A R  S    S+     0   0  240      1,-0.2     2,-0.2    -3,-0.0    -3,-0.0  -0.180  75.3  68.6-136.4  50.6    5.9   39.8   29.0               
  409  409 A E        +     0   0  182      1,-0.1    -2,-0.2     0, 0.0    -1,-0.2  -0.673  54.1  84.6-165.8 115.6    4.9   41.0   32.5               
  410  410 A R        +     0   0  251     -2,-0.2     2,-0.3    -3,-0.1    -1,-0.1   0.239  30.7 145.3 162.5  76.7    1.5   41.7   34.2               
  411  411 A K        +     0   0  198      2,-0.0     0, 0.0     0, 0.0     0, 0.0  -0.719  59.4  24.9 -86.8 161.5   -0.4   38.9   35.9               
  412  412 A S  S    S+     0   0  106     -2,-0.3     0, 0.0     2,-0.0     0, 0.0   0.469  76.1  73.2  63.3 157.5   -2.3   40.1   39.1               
  413  413 A E        +     0   0  190      1,-0.0    -2,-0.0    -3,-0.0     0, 0.0   0.961  38.7 108.2  68.7  81.9   -3.8   43.3   40.5               
  414  414 A S        +     0   0  125      0, 0.0     2,-0.2     0, 0.0    -2,-0.0  -0.410  43.5 161.1-148.8  86.0   -6.7   45.3   39.6               
  415  415 A D        +     0   0  146      0, 0.0     0, 0.0     0, 0.0     0, 0.0  -0.580  29.2  38.3 -86.3 162.9   -9.2   44.8   42.5               
  416  416 A K        +     0   0  174     -2,-0.2     0, 0.0     2,-0.0     0, 0.0   0.544  56.7  76.0  78.7 147.5  -12.3   46.9   43.5               
  417  417 A D        +     0   0  150      0, 0.0     0, 0.0     0, 0.0     0, 0.0   0.874  36.9  62.7  62.3 129.4  -15.3   49.0   42.2               
  418  418 A V        -     0   0  122      2,-0.0    -2,-0.0     0, 0.0     0, 0.0   0.552  66.8 -44.4-149.6 143.9  -18.2   49.5   40.9               
  419  419 A K        -     0   0  189      1,-0.0     2,-0.0     2,-0.0     0, 0.0   0.995  29.6-128.9  63.6 108.2  -21.9   48.7   41.9               
  420  420 A Q        -     0   0  173      1,-0.1     2,-0.1     2,-0.0    -1,-0.0  -0.283  10.4-164.7 -30.6 132.2  -24.1   46.1   43.1               
  421  421 A V        +     0   0  125     -2,-0.0     2,-0.3     2,-0.0    -1,-0.1  -0.669  15.5 179.4-124.4  76.5  -27.2   45.4   41.2               
  422  422 A T        -     0   0   95      1,-0.1    -2,-0.0    -2,-0.1     0, 0.0  -0.621   3.3-175.6 -54.4 124.8  -28.9   43.5   43.9               
  423  423 A R        -     0   0  175     -2,-0.3     2,-0.5     2,-0.0    -1,-0.1  -0.444   2.7-178.9-136.0  63.1  -32.2   42.7   42.2               
  424  424 A D        -     0   0  126      0, 0.0     2,-0.3     0, 0.0    -2,-0.0  -0.527   5.2-170.8 -55.2 106.9  -34.3   40.9   44.8               
  425  425 A Y        -     0   0  173     -2,-0.5    -2,-0.0     1,-0.1     2,-0.0  -0.875  19.6-154.8-127.7  90.3  -37.6   40.0   43.1               
  426  426 A D        -     0   0  139     -2,-0.3    -1,-0.1     1,-0.1    -3,-0.0   0.880  23.7  -0.1  82.1 149.9  -39.7   39.0   45.4               
  427  427 A E        +     0   0  175      2,-0.0     2,-0.2    -2,-0.0    -1,-0.1  -0.152  51.5 112.0 -71.1 137.6  -42.7   36.8   46.2               
  428  428 A E        +     0   0  189      0, 0.0     3,-0.1     0, 0.0     0, 0.0  -0.806  56.2  36.4-171.7 167.4  -45.1   34.6   44.4               
  429  429 A E        +     0   0  195     -2,-0.2     2,-0.6     1,-0.2     3,-0.1   0.775  59.7 128.4  60.4  44.6  -46.2   30.8   44.0               
  430  430 A Q        +     0   0  198      1,-0.1    -1,-0.2     0, 0.0    -3,-0.0  -0.950  53.3  77.3-101.3 108.6  -45.9   29.3   47.5               
  431  431 A G        +     0   0   60     -2,-0.6    -1,-0.1     1,-0.1    -2,-0.1   0.288  30.3 103.2 147.1  95.3  -49.4   27.7   47.9               
  432  432 A Y        +     0   0  242     -3,-0.1     2,-0.5     0, 0.0    -1,-0.1  -0.255  39.0 139.9-158.3  81.8  -51.5   24.8   46.9               
  433  433 A D        +     0   0  152      0, 0.0     2,-0.1     0, 0.0     0, 0.0  -0.988  22.4 116.0-109.8 118.7  -51.7   22.3   49.8               
  434  434 A S        +     0   0  107     -2,-0.5     0, 0.0     1,-0.2     0, 0.0  -0.352  26.4  95.7-179.2 120.7  -55.0   20.6   50.5               
  435  435 A E        -     0   0  164     -2,-0.1    -1,-0.2     0, 0.0     0, 0.0   0.361  59.9 -16.3 125.8 129.3  -56.3   16.9   50.3               
  436  436 A K        -     0   0  178      1,-0.1    -2,-0.0     0, 0.0     0, 0.0   0.423  28.4-156.3-156.9 136.2  -56.8   14.6   52.4               
  437  437 A E        +     0   0  156      2,-0.0    -1,-0.1     0, 0.0     2,-0.0  -0.044  26.0 138.7 -42.4 129.0  -56.2   12.8   55.8               
  438  438 A K        +     0   0  195      2,-0.0     2,-0.2     0, 0.0     0, 0.0   0.015  15.7 166.2 169.4 116.8  -56.4    9.2   56.9               
  439  439 A K        +     0   0  176     -2,-0.0     2,-0.2     2,-0.0    -2,-0.0  -0.386   8.4 153.7  75.3  91.8  -54.4    7.5   59.0               
  440  440 A E        -     0   0  185     -2,-0.2     2,-0.3     2,-0.0    -2,-0.0  -0.613  16.3-165.7-164.4 155.0  -54.4    4.4   60.9               
  441  441 A E        +     0   0  179     -2,-0.2     2,-0.2     2,-0.0    -2,-0.0  -0.872  12.5 161.0-110.6 151.1  -51.6    2.0   62.1               
  442  442 A K        -     0   0  207     -2,-0.3    -2,-0.0     0, 0.0     0, 0.0  -0.912  28.1-116.5-165.0 167.8  -51.0   -1.5   63.5               
  443  443 A K        -     0   0  196     -2,-0.2     2,-0.1     1,-0.1    -2,-0.0  -0.446  19.5-114.1 -98.8 157.9  -48.1   -4.0   63.9               
  444  444 A P        -     0   0  123      0, 0.0     2,-0.3     0, 0.0    -1,-0.1  -0.449  19.2-164.8 -83.1 160.5  -47.1   -7.5   62.7               
  445  445 A I        -     0   0  170     -2,-0.1     2,-0.2     2,-0.0     0, 0.0  -0.982  14.4-141.2-140.2 140.6  -46.7  -10.8   64.7               
  446  446 A E        +     0   0  175     -2,-0.3     2,-0.1     0, 0.0     0, 0.0  -0.551  29.8 123.6 -86.5 158.5  -45.0  -14.0   63.5               
  447  447 A T        +     0   0  150     -2,-0.2    -2,-0.0     1,-0.1     0, 0.0  -0.329  25.5  53.7 170.7 157.2  -45.3  -17.8   63.7               
  448  448 A G        -     0   0   81      1,-0.1    -1,-0.1    -2,-0.1     0, 0.0   0.875  33.1-179.2 105.2 104.9  -45.7  -21.2   62.1               
  449  449 A S        -     0   0  117      1,-0.2    -1,-0.1     0, 0.0     0, 0.0  -0.931  14.0  -5.1-150.9 174.3  -44.1  -23.7   59.6               
  450  450 A P        +     0   0  103      0, 0.0    -1,-0.2     0, 0.0    -2,-0.0   0.908  15.8 139.3-128.9-171.3  -44.0  -26.6   58.1               
  451  451 A K        -     0   0  182      1,-0.0     0, 0.0     2,-0.0     0, 0.0   0.101  23.9 -61.5 163.4 142.1  -44.3  -30.0   56.5               
  452  452 A T        +     0   0  118     -2,-0.0    -1,-0.0     0, 0.0     0, 0.0   0.894  33.2  99.8  77.5 147.2  -44.2  -32.7   53.8               
  453  453 A K        -     0   0  185      0, 0.0     2,-0.1     0, 0.0    -2,-0.0   0.892  23.6-171.7  75.6 106.0  -45.1  -34.9   50.7               
  454  454 A E        -     0   0  184      0, 0.0     2,-0.2     0, 0.0     0, 0.0  -0.035  10.6-179.7  76.8 107.2  -43.9  -35.3   47.6               
  455  455 A C        +     0   0  138     -2,-0.1     2,-0.2     0, 0.0     0, 0.0  -0.784  16.9 151.7-160.7 155.4  -44.7  -37.0   44.3               
  456  456 A S        +     0   0  112     -2,-0.2     0, 0.0     1,-0.1     0, 0.0  -0.685   5.9 129.2-145.1-164.0  -42.7  -37.0   41.0               
  457  457 A V        -     0   0  122     -2,-0.2    -1,-0.1     0, 0.0     0, 0.0   0.931  35.3 -98.5  90.7  92.0  -42.1  -39.3   37.8               
  458  458 A E        +     0   0  147      2,-0.0    -2,-0.0     0, 0.0     0, 0.0   0.981  38.2  40.1  72.8 137.1  -42.2  -38.9   34.1               
  459  459 A K        +     0   0  176      1,-0.1     2,-0.2     0, 0.0     0, 0.0   0.918  10.2 159.6  57.3 117.1  -43.1  -38.9   30.4               
  460  460 A G        -     0   0   83      2,-0.0     2,-0.4     0, 0.0    -1,-0.1  -0.749  19.2-169.6-157.7 114.6  -45.7  -38.3   27.7               
  461  461 A T        +     0   0  154     -2,-0.2     2,-0.2     2,-0.0     0, 0.0  -0.861  19.2 147.6 -98.2 137.6  -44.7  -37.6   24.1               
  462  462 A G        -     0   0   80     -2,-0.4     2,-0.4     2,-0.0    -2,-0.0  -0.788  24.7-157.9-171.2 124.1  -47.1  -36.4   21.4               
  463  463 A D        +     0   0  159     -2,-0.2     2,-0.0     2,-0.0    -2,-0.0  -0.820  17.6 163.1 -97.5 139.1  -46.9  -34.2   18.3               
  464  464 A S        -     0   0  109     -2,-0.4    -2,-0.0     2,-0.0     0, 0.0  -0.327  28.8-114.6-167.8 102.8  -49.7  -32.3   16.5               
  465  465 A L        +     0   0  140      1,-0.1     2,-0.1    -2,-0.0    -2,-0.0   0.625  21.0 179.8  44.9 112.5  -49.9  -29.6   14.1               
  466  466 A R        +     0   0  248      2,-0.0     2,-0.3     0, 0.0    -1,-0.1  -0.520  11.3 169.6-152.1  93.3  -51.2  -26.0   14.0               
  467  467 A E        -     0   0  177     -2,-0.1     2,-0.1     1,-0.0     0, 0.0  -0.689  16.3-159.2 -84.0 147.0  -50.8  -24.0   10.8               
  468  468 A S        -     0   0  119     -2,-0.3    -1,-0.0     2,-0.0    -2,-0.0  -0.536  10.8-165.5-141.1  72.6  -52.6  -20.6   10.5               
  469  469 A K        +     0   0  204     -2,-0.1     2,-0.1     0, 0.0    -2,-0.0  -0.132  21.2 141.3 -20.5 129.0  -53.2  -19.3    7.0               
  470  470 A V        +     0   0  117      1,-0.1    -2,-0.0     2,-0.0     0, 0.0  -0.242  31.3   5.3 178.8 127.8  -54.2  -15.8    5.9               
  471  471 A N        +     0   0  159     -2,-0.1    -1,-0.1     0, 0.0     0, 0.0   0.824  43.9  35.0  52.6 151.1  -53.3  -13.3    3.0               
  472  472 A G        +     0   0   76      1,-0.1     2,-0.1     0, 0.0    -2,-0.0   0.755  11.5 141.6-167.3 159.2  -52.2  -11.9    0.5               
  473  473 A D        +     0   0  159      2,-0.0    -1,-0.1     0, 0.0     0, 0.0  -0.179  32.2 106.3 -98.9-167.8  -51.0  -11.3   -3.1               
  474  474 A D        -     0   0  127     -2,-0.1     0, 0.0     2,-0.0     0, 0.0   0.854  46.3 -71.5  87.4 112.4  -51.2   -8.6   -5.8               
  475  475 A H        +     0   0  141      1,-0.0     2,-0.1     0, 0.0    -2,-0.0   0.746  21.8 172.0  42.0 121.9  -49.3   -5.9   -7.6               
  476  476 A H        +     0   0  176      0, 0.0     2,-0.4     0, 0.0    -1,-0.0  -0.526  19.0 173.0-149.9 118.4  -47.8   -2.7   -7.8               
  477  477 A E        -     0   0  152     -2,-0.1     2,-0.1     2,-0.1     0, 0.0  -0.881  10.3-169.7 -97.7 130.7  -45.8   -2.0  -11.0               
  478  478 A E        +     0   0  151     -2,-0.4     2,-0.8     2,-0.0    -1,-0.0  -0.501  15.2 165.8-122.0  62.1  -44.4    1.6  -11.4               
  479  479 A D        -     0   0  165     -2,-0.1     2,-0.5     1,-0.1    -2,-0.1  -0.697  15.0-172.0 -66.3 109.7  -43.1    1.8  -15.0               
  480  480 A M        +     0   0  161     -2,-0.8     2,-0.5     2,-0.0    -1,-0.1  -0.620  28.0 139.7-111.7  72.5  -42.7    5.6  -15.3               
  481  481 A D        -     0   0  161     -2,-0.5     2,-0.3     0, 0.0    -2,-0.0  -0.972  29.8-174.1-110.0 121.2  -41.9    6.2  -19.0               
  482  482 A M        -     0   0  167     -2,-0.5    -2,-0.0     1,-0.1     0, 0.0  -0.689  23.4 -71.4-140.7  87.6  -43.9    9.3  -20.2               
  483  483 A S              0   0  110     -2,-0.3    -1,-0.1     0, 0.0     0, 0.0   0.961 360.0 360.0  67.5 121.7  -44.1   10.6  -23.7               
  484  484 A D              0   0  250      0, 0.0    -2,-0.0     0, 0.0     0, 0.0   0.990 360.0 360.0  66.0 360.0  -42.6   12.4  -26.8               
