==== Secondary Structure Definition by the program DSSP, CMBI version 2.0                          ==== DATE=2026-03-08        .
REFERENCE W. KABSCH AND C.SANDER, BIOPOLYMERS 22 (1983) 2577-2637                                                              .
HEADER                                            01-AUG-25                                                                    .
COMPND    MOL_ID: 1; MOLECULE: SERINE/ARGININE-RICH SPLICING FACTOR 1; CHAIN: A                                                .
SOURCE    MOL_ID: 1; ORGANISM_SCIENTIFIC: HOMO SAPIENS; ORGANISM_TAXID: 9606                                                   .
AUTHOR                                                                                                                         .
  248  1  0  0  0 TOTAL NUMBER OF RESIDUES, NUMBER OF CHAINS, NUMBER OF SS-BRIDGES(TOTAL,INTRACHAIN,INTERCHAIN)                .
 22139.4   ACCESSIBLE SURFACE OF PROTEIN (ANGSTROM**2)                                                                         .
  135 54.4   TOTAL NUMBER OF HYDROGEN BONDS OF TYPE O(I)-->H-N(J)  , SAME NUMBER PER 100 RESIDUES                              .
    0  0.0   TOTAL NUMBER OF HYDROGEN BONDS IN     PARALLEL BRIDGES, SAME NUMBER PER 100 RESIDUES                              .
   42 16.9   TOTAL NUMBER OF HYDROGEN BONDS IN ANTIPARALLEL BRIDGES, SAME NUMBER PER 100 RESIDUES                              .
    0  0.0   TOTAL NUMBER OF HYDROGEN BONDS OF TYPE O(I)-->H-N(I-5), SAME NUMBER PER 100 RESIDUES                              .
    2  0.8   TOTAL NUMBER OF HYDROGEN BONDS OF TYPE O(I)-->H-N(I-4), SAME NUMBER PER 100 RESIDUES                              .
    1  0.4   TOTAL NUMBER OF HYDROGEN BONDS OF TYPE O(I)-->H-N(I-3), SAME NUMBER PER 100 RESIDUES                              .
    0  0.0   TOTAL NUMBER OF HYDROGEN BONDS OF TYPE O(I)-->H-N(I-2), SAME NUMBER PER 100 RESIDUES                              .
    0  0.0   TOTAL NUMBER OF HYDROGEN BONDS OF TYPE O(I)-->H-N(I-1), SAME NUMBER PER 100 RESIDUES                              .
    0  0.0   TOTAL NUMBER OF HYDROGEN BONDS OF TYPE O(I)-->H-N(I+0), SAME NUMBER PER 100 RESIDUES                              .
    0  0.0   TOTAL NUMBER OF HYDROGEN BONDS OF TYPE O(I)-->H-N(I+1), SAME NUMBER PER 100 RESIDUES                              .
   42 16.9   TOTAL NUMBER OF HYDROGEN BONDS OF TYPE O(I)-->H-N(I+2), SAME NUMBER PER 100 RESIDUES                              .
   15  6.0   TOTAL NUMBER OF HYDROGEN BONDS OF TYPE O(I)-->H-N(I+3), SAME NUMBER PER 100 RESIDUES                              .
   31 12.5   TOTAL NUMBER OF HYDROGEN BONDS OF TYPE O(I)-->H-N(I+4), SAME NUMBER PER 100 RESIDUES                              .
    1  0.4   TOTAL NUMBER OF HYDROGEN BONDS OF TYPE O(I)-->H-N(I+5), SAME NUMBER PER 100 RESIDUES                              .
  1  2  3  4  5  6  7  8  9 10 11 12 13 14 15 16 17 18 19 20 21 22 23 24 25 26 27 28 29 30     *** HISTOGRAMS OF ***           .
  0  0  0  0  0  0  0  2  0  1  1  0  0  0  0  0  0  0  0  0  0  0  0  0  0  0  0  0  0  0    RESIDUES PER ALPHA HELIX         .
  0  0  0  0  0  0  0  0  0  0  0  0  0  0  0  0  0  0  0  0  0  0  0  0  0  0  0  0  0  0    PARALLEL BRIDGES PER LADDER      .
  0  1  2  2  2  1  0  0  0  0  0  0  0  0  0  0  0  0  0  0  0  0  0  0  0  0  0  0  0  0    ANTIPARALLEL BRIDGES PER LADDER  .
  2  0  2  0  0  0  0  0  0  0  0  0  0  0  0  0  0  0  0  0  0  0  0  0  0  0  0  0  0  0    LADDERS PER SHEET                .
  #  RESIDUE AA STRUCTURE BP1 BP2  ACC     N-H-->O    O-->H-N    N-H-->O    O-->H-N    TCO  KAPPA ALPHA  PHI   PSI    X-CA   Y-CA   Z-CA            CHAIN
    1    1 A M              0   0  244      0, 0.0     2,-0.7     0, 0.0     0, 0.0   0.000 360.0 360.0 360.0  98.3   17.7   -1.7   27.9               
    2    2 A S        -     0   0  131      1,-0.0     2,-0.7     3,-0.0     0, 0.0  -0.631 360.0-147.1 -72.1 106.7   14.2   -2.6   29.2               
    3    3 A G        -     0   0   76     -2,-0.7     2,-0.2     1,-0.1    -1,-0.0  -0.729  27.4-118.2 -71.0 112.9   12.0   -3.5   26.2               
    4    4 A G        -     0   0   74     -2,-0.7     2,-0.7     1,-0.1    -1,-0.1  -0.405  20.1-130.7 -55.9 116.8    8.5   -2.3   27.3               
    5    5 A G        -     0   0   70     -2,-0.2     2,-1.0     1,-0.1    -1,-0.1  -0.674  18.3-132.7 -65.7 110.7    6.1   -5.2   27.5               
    6    6 A V        -     0   0  130     -2,-0.7     2,-0.9     1,-0.1    -1,-0.1  -0.642  19.0-141.2 -62.9 101.3    3.0   -4.1   25.6               
    7    7 A I        -     0   0  162     -2,-1.0     2,-0.8     1,-0.0    -1,-0.1  -0.663  15.6-138.3 -66.1 104.9    0.3   -5.1   28.1               
    8    8 A R        -     0   0  231     -2,-0.9     3,-0.1     3,-0.0    -1,-0.0  -0.668  13.4-141.2 -66.8 110.0   -2.4   -6.4   25.8               
    9    9 A G        -     0   0   39     -2,-0.8     3,-0.1     1,-0.1    35,-0.0  -0.305  40.9 -78.3 -56.1 153.7   -5.7   -5.1   27.1               
   10   10 A P        -     0   0  104      0, 0.0     2,-1.0     0, 0.0    -1,-0.1  -0.335  60.3 -88.7 -55.1 141.7   -8.5   -7.7   26.8               
   11   11 A A        -     0   0   93     -3,-0.1     3,-0.2     1,-0.0    -3,-0.0  -0.452  52.7-151.4 -55.5  93.9   -9.9   -7.9   23.2               
   12   12 A G        -     0   0   17     -2,-1.0     5,-0.1     1,-0.2    -1,-0.0  -0.285  45.7 -57.0 -60.9 156.5  -12.6   -5.2   23.5               
   13   13 A N    >   -     0   0  119      1,-0.2     3,-2.2     2,-0.1     4,-0.4  -0.148  49.4-134.6 -38.0 120.5  -15.6   -5.6   21.3               
   14   14 A N  G >  S+     0   0   69      1,-0.3     3,-0.5     2,-0.2    -1,-0.2   0.665 101.9  72.1 -60.8 -15.2  -14.2   -5.8   17.7               
   15   15 A D  G 3  S+     0   0   93      1,-0.2    -1,-0.3    73,-0.1    53,-0.1   0.699  96.8  47.9 -71.1 -23.2  -17.0   -3.3   16.8               
   16   16 A C  G <  S+     0   0   13     -3,-2.2    45,-3.0    51,-0.1     2,-0.4   0.479  98.4  85.7 -94.2  -7.5  -15.2   -0.4   18.7               
   17   17 A R  E <   -A   60   0A  51     -3,-0.5     2,-0.3    -4,-0.4    43,-0.2  -0.855  57.4-168.6-100.8 135.5  -11.8   -1.2   17.1               
   18   18 A I  E     -A   59   0A   0     41,-3.2    41,-2.0    -2,-0.4     2,-0.4  -0.857  16.5-135.0-115.6 149.0  -10.6    0.3   13.7               
   19   19 A Y  E     -AB  58  87A  34     68,-3.5    68,-2.3    -2,-0.3     2,-0.5  -0.917  15.3-162.7 -97.2 133.6   -7.6   -0.7   11.5               
   20   20 A V  E     +AB  57  86A   0     37,-3.0    37,-2.6    -2,-0.4    66,-0.2  -0.974  17.5 175.5-121.0 110.3   -5.6    2.2   10.0               
   21   21 A G  E     + B   0  85A   0     64,-3.1    64,-2.2    -2,-0.5    35,-0.1  -0.554  50.8  42.4-110.0 176.3   -3.3    1.2    7.1               
   22   22 A N  S    S+     0   0    0     62,-0.2    -1,-0.2    -2,-0.2    34,-0.1   0.806  74.6 168.7  50.5  39.4   -1.0    3.0    4.6               
   23   23 A L        -     0   0    2     32,-1.8    -1,-0.2    -3,-0.2    60,-0.1  -0.482  41.9 -95.9 -75.1 149.9    0.4    5.3    7.4               
   24   24 A P    >   -     0   0    2      0, 0.0     3,-1.4     0, 0.0    -1,-0.1  -0.241  32.7-116.8 -57.7 149.2    3.5    7.4    6.8               
   25   25 A P  T 3  S+     0   0   81      0, 0.0    -2,-0.1     0, 0.0    24,-0.0   0.727 115.8  48.5 -63.5 -23.2    6.9    5.8    8.0               
   26   26 A D  T 3  S+     0   0  102      2,-0.0    -3,-0.0    29,-0.0     0, 0.0   0.351  82.3 134.0 -99.3   2.3    7.4    8.7   10.6               
   27   27 A I    <   -     0   0   16     -3,-1.4     2,-0.3     1,-0.1    -4,-0.0  -0.191  38.3-159.4 -53.8 139.1    3.8    8.5   12.0               
   28   28 A R     >  -     0   0  183      1,-0.1     4,-1.7     0, 0.0     3,-0.3  -0.820  32.6-108.8-116.3 161.5    3.5    8.5   15.9               
   29   29 A T  H  > S+     0   0   64     -2,-0.3     4,-2.3     1,-0.2     5,-0.1   0.879 120.5  56.0 -52.9 -39.3    0.8    7.4   18.2               
   30   30 A K  H  > S+     0   0  137      2,-0.2     4,-2.9     1,-0.2    -1,-0.2   0.882 102.9  53.0 -64.1 -39.6    0.1   11.1   19.0               
   31   31 A D  H  > S+     0   0   41     -3,-0.3     4,-1.5     2,-0.2    -1,-0.2   0.884 109.8  49.2 -65.7 -36.5   -0.5   11.9   15.3               
   32   32 A I  H  X S+     0   0    2     -4,-1.7     4,-1.9     2,-0.2    -2,-0.2   0.941 111.0  50.0 -65.5 -45.9   -3.1    9.1   15.1               
   33   33 A E  H  X S+     0   0   99     -4,-2.3     4,-3.0     1,-0.2     3,-0.4   0.963 110.3  50.1 -55.1 -49.6   -4.7   10.5   18.3               
   34   34 A D  H  < S+     0   0   86     -4,-2.9     4,-0.2     1,-0.2    -1,-0.2   0.783 113.0  47.2 -62.6 -28.7   -4.8   14.0   16.7               
   35   35 A V  H  < S+     0   0   11     -4,-1.5    -1,-0.2    -3,-0.2    -2,-0.2   0.858 123.8  30.8 -77.6 -35.0   -6.4   12.5   13.5               
   36   36 A F  H >X S+     0   0    2     -4,-1.9     3,-2.1    -3,-0.4     4,-0.8   0.646  91.6  88.3-105.6 -17.5   -9.1   10.4   15.3               
   37   37 A Y  T 3< S+     0   0  154     -4,-3.0     3,-0.2     1,-0.3    -1,-0.1   0.749  81.7  65.7 -57.1 -28.7   -9.9   12.4   18.6               
   38   38 A K  T 34 S+     0   0  114     -4,-0.2    -1,-0.3     1,-0.2    -2,-0.1   0.609  99.8  50.5 -70.6 -17.3  -12.6   14.4   16.8               
   39   39 A Y  T <4 S-     0   0   44     -3,-2.1     2,-0.3     1,-0.3    -1,-0.2   0.762 124.1 -45.4 -89.4 -31.2  -14.8   11.3   16.2               
   40   40 A G  S  < S-     0   0   15     -4,-0.8     2,-0.4    -3,-0.2    -1,-0.3  -0.976  73.0 -53.0 176.3 171.6  -14.8   10.0   19.8               
   41   41 A A        -     0   0   48     -2,-0.3    21,-2.3    -3,-0.1     2,-0.5  -0.540  52.5-137.1 -68.9 124.1  -13.0    9.1   23.0               
   42   42 A I  E     -C   61   0A  42     -2,-0.4    19,-0.3    19,-0.2     3,-0.1  -0.777  19.9-175.2 -90.0 122.9  -10.0    6.9   22.2               
   43   43 A R  E     -     0   0A 121     17,-2.5     2,-0.3    -2,-0.5    18,-0.2   0.834  69.3  -6.3 -81.0 -42.8   -9.6    3.9   24.6               
   44   44 A D  E     -C   60   0A  70     16,-1.6    16,-2.9     2,-0.0     2,-0.4  -0.982  52.6-154.3-156.6 148.5   -6.3    2.6   23.2               
   45   45 A I  E     -C   59   0A  27     -2,-0.3     2,-0.7    14,-0.2    14,-0.2  -0.960   8.5-172.6-130.2 118.2   -3.9    3.1   20.2               
   46   46 A D  E     -C   58   0A  44     12,-3.0    12,-1.8    -2,-0.4     2,-0.6  -0.825   7.5-168.3-114.5  89.9   -1.7    0.2   19.1               
   47   47 A L  E     -C   57   0A  49     -2,-0.7     2,-0.5    10,-0.3    10,-0.3  -0.711   5.3-167.7 -80.1 120.1    0.7    1.4   16.4               
   48   48 A K  E     -C   56   0A  61      8,-3.2     8,-2.5    -2,-0.6     2,-0.6  -0.925  10.1-159.2-115.5 117.4    2.5   -1.5   14.6               
   49   49 A N        -     0   0  123     -2,-0.5     2,-0.5     6,-0.2    -2,-0.0  -0.816  13.5-151.9 -92.3 116.5    5.5   -1.0   12.4               
   50   50 A R    >   -     0   0  173     -2,-0.6     3,-2.2     3,-0.3     2,-0.4  -0.805  22.6-116.5 -89.1 124.9    6.0   -3.9   10.0               
   51   51 A R  T 3  S+     0   0  255     -2,-0.5    -1,-0.0     1,-0.3    -2,-0.0  -0.454 103.6   2.6 -58.1 111.9    9.6   -4.6    8.9               
   52   52 A G  T 3  S+     0   0   77     -2,-0.4    -1,-0.3     1,-0.3    -3,-0.0   0.535 121.4  85.1  83.7  10.4    9.3   -4.0    5.1               
   53   53 A G  S <  S-     0   0   21     -3,-2.2    -3,-0.3     3,-0.0    -1,-0.3  -0.896  89.0 -78.4-130.7 166.4    5.6   -2.9    5.0               
   54   54 A P        -     0   0   25      0, 0.0    -4,-0.2     0, 0.0   -32,-0.1  -0.386  55.0-106.9 -55.4 135.4    3.5    0.2    5.6               
   55   55 A P        -     0   0    4      0, 0.0   -32,-1.8     0, 0.0     2,-0.3  -0.350  42.5-169.5 -55.7 146.7    3.1    1.1    9.3               
   56   56 A F  E     - C   0  48A  35     -8,-2.5    -8,-3.2   -34,-0.1     2,-0.3  -0.992   7.2-158.4-142.1 150.1   -0.5    0.3   10.5               
   57   57 A A  E     -AC  20  47A   0    -37,-2.6   -37,-3.0    -2,-0.3     2,-0.5  -0.888  13.5-142.5-124.6 154.4   -2.4    1.1   13.7               
   58   58 A F  E     -AC  19  46A  37    -12,-1.8   -12,-3.0    -2,-0.3     2,-0.5  -0.995  19.2-165.9-109.1 126.5   -5.4   -0.2   15.6               
   59   59 A V  E     -AC  18  45A   0    -41,-2.0   -41,-3.2    -2,-0.5     2,-0.5  -0.947   3.0-160.0-109.5 127.7   -7.5    2.5   17.2               
   60   60 A E  E     -AC  17  44A   4    -16,-2.9   -17,-2.5    -2,-0.5   -16,-1.6  -0.967   7.7-160.6-111.0 119.3  -10.0    1.4   19.8               
   61   61 A F  E     - C   0  42A   1    -45,-3.0   -19,-0.2    -2,-0.5   -45,-0.1  -0.487  25.5-127.8 -87.4 162.4  -12.9    3.8   20.6               
   62   62 A E  S    S+     0   0  138    -21,-2.3   -20,-0.1    -2,-0.2    -1,-0.1   0.900  99.2  44.5 -70.9 -42.5  -15.1    3.9   23.7               
   63   63 A D  S  > S-     0   0   40    -22,-0.3     4,-1.4     1,-0.1     3,-0.2  -0.857  72.3-144.2-107.0 133.8  -18.3    3.8   21.5               
   64   64 A P  H  > S+     0   0   47      0, 0.0     4,-2.0     0, 0.0    -1,-0.1   0.809 103.3  60.5 -62.4 -27.3  -18.8    1.6   18.4               
   65   65 A R  H  > S+     0   0  164      2,-0.2     4,-2.6     1,-0.2     5,-0.2   0.920 102.2  50.7 -66.3 -39.9  -20.7    4.5   16.7               
   66   66 A D  H  > S+     0   0   37      1,-0.2     4,-2.3     2,-0.2    -1,-0.2   0.872 109.0  52.4 -64.4 -36.8  -17.6    6.7   17.0               
   67   67 A A  H  X S+     0   0    0     -4,-1.4     4,-2.2     2,-0.2    -2,-0.2   0.906 110.0  48.2 -64.4 -42.3  -15.6    3.8   15.3               
   68   68 A E  H  X S+     0   0  118     -4,-2.0     4,-2.9     2,-0.2     5,-0.2   0.945 113.1  47.0 -61.7 -47.8  -18.2    3.7   12.4               
   69   69 A D  H  X S+     0   0   99     -4,-2.6     4,-2.6     1,-0.2    -2,-0.2   0.877 111.4  52.1 -63.9 -37.5  -18.0    7.5   11.9               
   70   70 A A  H  X S+     0   0    0     -4,-2.3     4,-1.7    -5,-0.2     5,-0.2   0.918 111.9  45.8 -63.9 -44.1  -14.2    7.4   12.0               
   71   71 A V  H  X S+     0   0   23     -4,-2.2     4,-2.0     2,-0.2     3,-0.3   0.964 117.6  43.3 -61.7 -51.3  -14.2    4.6    9.3               
   72   72 A Y  H  < S+     0   0  210     -4,-2.9    -2,-0.2     1,-0.2    -1,-0.2   0.870 120.6  41.0 -64.2 -38.6  -16.7    6.5    7.1               
   73   73 A G  H  < S+     0   0   39     -4,-2.6    -1,-0.2    -5,-0.2    -2,-0.2   0.643 124.4  33.0 -86.7 -19.9  -15.0    9.9    7.6               
   74   74 A R  H >< S+     0   0   20     -4,-1.7     3,-2.3    -3,-0.3     2,-0.3   0.518  79.0 116.3-118.6  -9.2  -11.3    8.9    7.4               
   75   75 A D  T 3< S+     0   0   57     -4,-2.0    10,-0.2     1,-0.3     9,-0.0  -0.468  96.3   7.6 -62.8 122.5  -11.2    6.0    4.9               
   76   76 A G  T 3  S+     0   0   24      8,-2.6    -1,-0.3    -2,-0.3     2,-0.2   0.547  93.3 158.4  77.8   9.6   -9.2    7.3    1.9               
   77   77 A Y    <   -     0   0   94     -3,-2.3     7,-3.0     7,-0.3     2,-0.7  -0.440  43.8-124.0 -63.6 133.3   -8.2   10.5    3.9               
   78   78 A D  E     +D   83   0B  74      5,-0.2     2,-0.5    -2,-0.2     5,-0.2  -0.731  35.2 174.6 -83.0 111.9   -5.1   12.3    2.6               
   79   79 A Y  E >  S-D   82   0B  57      3,-2.7     3,-2.2    -2,-0.7   -44,-0.0  -0.972  73.4 -25.3-122.6 112.4   -2.6   12.6    5.5               
   80   80 A D  T 3  S-     0   0  117     -2,-0.5    -1,-0.1     1,-0.3     3,-0.1   0.849 127.0 -50.8  52.9  37.5    0.9   14.0    4.5               
   81   81 A G  T 3  S+     0   0   26      1,-0.2     2,-0.6   -57,-0.0    -1,-0.3   0.444 118.1 115.2  77.8   1.7    0.4   12.7    0.9               
   82   82 A Y  E <   -D   79   0B  54     -3,-2.2    -3,-2.7    62,-0.1     2,-0.9  -0.897  64.7-137.5-101.5 123.0   -0.6    9.2    2.2               
   83   83 A R  E     -D   78   0B  43     59,-0.6    -5,-0.2    -2,-0.6     2,-0.1  -0.685  27.1-137.0 -75.9 107.9   -4.1    8.0    1.6               
   84   84 A L        -     0   0    4     -7,-3.0    -8,-2.6    -2,-0.9     2,-0.6  -0.411   5.3-142.5 -66.5 137.2   -5.1    6.4    4.9               
   85   85 A R  E     -B   21   0A  28    -64,-2.2   -64,-3.1   -10,-0.2     2,-0.5  -0.919  21.3-176.2-100.2 115.2   -6.9    3.0    4.8               
   86   86 A V  E     +B   20   0A   1     -2,-0.6     2,-0.3   -66,-0.2   -66,-0.2  -0.952  18.2 141.1-116.5 120.6   -9.5    2.9    7.6               
   87   87 A E  E     -B   19   0A  41    -68,-2.3   -68,-3.5    -2,-0.5     3,-0.1  -0.988  56.8 -88.5-148.0 158.6  -11.5   -0.3    8.0               
   88   88 A F        -     0   0   80     -2,-0.3   -70,-0.2   -70,-0.2   -73,-0.1  -0.534  58.7-101.5 -64.0 134.1  -13.0   -2.6   10.7               
   89   89 A P        -     0   0   20      0, 0.0     2,-2.7     0, 0.0    -1,-0.1  -0.339  37.2-105.8 -57.3 137.8  -10.3   -5.1   11.7               
   90   90 A R        +     0   0  219      2,-0.1     2,-0.7    -3,-0.1    -2,-0.0  -0.412  60.2 156.3 -68.8  70.9  -10.9   -8.5   10.1               
   91   91 A S        -     0   0   51     -2,-2.7     2,-0.7   -77,-0.1    -3,-0.0  -0.926  47.5-119.4 -94.5 113.0  -12.1  -10.2   13.3               
   92   92 A G  S    S+     0   0   67     -2,-0.7    -2,-0.1     1,-0.1     0, 0.0  -0.534  78.7  88.2 -61.1 106.2  -14.3  -13.1   12.2               
   93   93 A R        +     0   0  240     -2,-0.7     2,-0.7   -79,-0.0    -1,-0.1   0.151  31.4 150.7 174.7  73.1  -17.9  -12.7   13.4               
   94   94 A G        -     0   0   79      2,-0.1     2,-1.7     0, 0.0    -2,-0.0  -0.936  46.7-133.9 -94.8 106.8  -20.3  -10.8   11.2               
   95   95 A T        +     0   0  157     -2,-0.7     2,-0.5     2,-0.0     0, 0.0  -0.466  46.8 152.9 -61.1  78.1  -23.7  -12.4   12.0               
   96   96 A G        -     0   0   68     -2,-1.7     2,-0.3     2,-0.0    -2,-0.1  -0.915  35.0-147.3-119.7 102.7  -24.9  -12.8    8.3               
   97   97 A R        +     0   0  260     -2,-0.5    -2,-0.0     1,-0.0     0, 0.0  -0.530  46.9 111.9 -54.6 124.5  -27.4  -15.6    7.6               
   98   98 A G        -     0   0   76     -2,-0.3    -2,-0.0     0, 0.0    -1,-0.0   0.172  47.3 -18.1 155.9 101.3  -27.0  -17.1    4.1               
   99   99 A G        -     0   0   83      0, 0.0     2,-0.0     0, 0.0     0, 0.0   0.940  26.4-141.5  62.7 112.9  -25.9  -20.2    2.3               
  100  100 A G        +     0   0   87      0, 0.0     0, 0.0     0, 0.0     0, 0.0   0.304  31.2 100.6  85.4 102.2  -24.4  -23.1    1.9               
  101  101 A G        +     0   0   83     -2,-0.0     0, 0.0     0, 0.0     0, 0.0   0.693  23.7  61.4 119.9 119.0  -22.4  -25.1   -0.5               
  102  102 A G        -     0   0   85      0, 0.0     2,-0.1     0, 0.0     0, 0.0   0.842  17.3-174.4  90.1 121.6  -19.4  -26.7   -2.2               
  103  103 A G        +     0   0   82      0, 0.0     0, 0.0     0, 0.0     0, 0.0   0.119  28.8  47.4 109.4 102.7  -16.8  -28.5   -2.4               
  104  104 A G        +     0   0   90     -2,-0.1     0, 0.0     1,-0.0     0, 0.0   0.795  33.8 105.6  88.9 132.1  -13.8  -29.8   -4.2               
  105  105 A G        -     0   0   83      0, 0.0    -1,-0.0     0, 0.0     0, 0.0   0.523  42.7-137.6 131.3  99.8  -10.7  -29.2   -6.3               
  106  106 A G        +     0   0   82      2,-0.0     0, 0.0     0, 0.0     0, 0.0  -0.104  34.1 149.0 -67.8 156.5   -7.0  -29.3   -5.2               
  107  107 A A        -     0   0   98      0, 0.0     2,-0.8     0, 0.0     0, 0.0  -0.299  17.3-169.4-162.7 125.5   -3.7  -27.8   -5.4               
  108  108 A P        +     0   0  126      0, 0.0     2,-0.1     0, 0.0    -2,-0.0  -0.854  49.4  82.4 -98.0 100.0   -1.2  -28.1   -2.5               
  109  109 A R        +     0   0  258     -2,-0.8     0, 0.0     1,-0.0     0, 0.0  -0.214  52.5  65.4 175.1 122.8    1.9  -25.8   -2.9               
  110  110 A G    >   +     0   0   67     -2,-0.1     3,-0.7     2,-0.0    -1,-0.0   0.602  24.2 156.3 142.5  50.9    2.7  -22.2   -2.3               
  111  111 A R  T 3  S+     0   0  256      1,-0.2     0, 0.0     0, 0.0     0, 0.0   0.215  88.2  40.3 -67.7  12.4    2.8  -20.9    1.4               
  112  112 A Y  T 3  S+     0   0  232      2,-0.1    -1,-0.2     0, 0.0    -2,-0.0  -0.238  84.9 106.5-163.3  54.2    5.2  -18.1    0.0               
  113  113 A G  S <  S-     0   0   45     -3,-0.7     3,-0.2     0, 0.0    -3,-0.0  -0.981  78.1 -91.4-128.9 149.5    4.2  -16.7   -3.4               
  114  114 A P  S    S-     0   0   81      0, 0.0    -2,-0.1     0, 0.0     4,-0.1  -0.307  74.6 -70.3 -53.6 141.8    2.6  -13.3   -4.2               
  115  115 A P        -     0   0   92      0, 0.0     4,-0.1     0, 0.0     0, 0.0  -0.156  47.1-134.2 -49.2 117.5   -1.2  -13.9   -4.1               
  116  116 A S  S    S+     0   0  130     -3,-0.2     2,-0.8     1,-0.1     0, 0.0   0.338  86.3  90.8 -66.9  10.3   -1.9  -16.1   -7.2               
  117  117 A R  S    S-     0   0  221      0, 0.0     2,-0.4     0, 0.0    -1,-0.1  -0.911  78.8-142.9 -97.9  97.0   -4.8  -13.9   -8.1               
  118  118 A R        -     0   0  204     -2,-0.8     2,-0.2    -4,-0.1    -2,-0.1  -0.525  33.4-128.9 -42.4 102.0   -3.3  -11.2  -10.4               
  119  119 A S        -     0   0   33     -2,-0.4     3,-0.2    -4,-0.1    43,-0.1  -0.512   2.2-128.0 -70.1 142.6   -5.6   -8.7   -8.8               
  120  120 A E  S    S+     0   0  183      1,-0.2     2,-0.6    -2,-0.2    -1,-0.1   0.555  99.8  85.5 -65.0  -3.8   -7.5   -6.6  -11.4               
  121  121 A N        +     0   0   30     41,-0.2    41,-2.6    42,-0.1     2,-0.4  -0.279  67.2 129.9 -91.7  40.9   -6.1   -3.6   -9.4               
  122  122 A R  E     -E  161   0C  27     -2,-0.6    73,-2.7    39,-0.2     2,-0.3  -0.821  37.0-168.9-107.8 141.1   -2.8   -3.6  -11.4               
  123  123 A V  E     -EF 160 194C   0     37,-3.0    37,-2.6    -2,-0.4     2,-0.5  -0.953  17.3-136.4-123.0 145.8   -1.0   -0.7  -13.1               
  124  124 A V  E     -EF 159 193C  45     69,-3.0    69,-2.6    -2,-0.3     2,-0.4  -0.893  19.8-159.3 -94.5 130.7    2.0   -0.7  -15.5               
  125  125 A V  E     +EF 158 192C   0     33,-2.8    33,-2.8    -2,-0.5     2,-0.3  -0.876  12.9 178.9-107.7 138.8    4.6    1.9  -14.8               
  126  126 A S  E     +EF 157 191C  36     65,-1.9    65,-2.9    -2,-0.4    31,-0.2  -0.969  53.0  50.9-139.8 157.5    7.1    3.1  -17.5               
  127  127 A G        +     0   0   40     29,-0.9    30,-0.2    -2,-0.3    53,-0.2   0.687  67.1 159.7  84.9  21.7    9.9    5.6  -17.7               
  128  128 A L        -     0   0   10     28,-2.5    -1,-0.3    -3,-0.1    61,-0.1  -0.540  45.1-110.3 -70.0 141.3   11.7    4.4  -14.6               
  129  129 A P    >   -     0   0   10      0, 0.0     3,-2.2     0, 0.0    27,-0.1  -0.362  29.9-108.5 -65.0 155.2   15.4    5.3  -14.3               
  130  130 A P  T 3  S+     0   0  133      0, 0.0    26,-0.1     0, 0.0    -2,-0.1   0.796 122.9  50.2 -57.0 -31.0   17.9    2.4  -14.7               
  131  131 A S  T 3  S+     0   0   23      2,-0.1    52,-0.3    51,-0.0     2,-0.3   0.437  82.6 125.0 -82.9  -4.7   18.7    2.7  -10.9               
  132  132 A G    <   -     0   0    9     -3,-2.2     2,-0.2    50,-0.1    24,-0.1  -0.434  46.6-158.8 -63.0 118.8   14.9    2.6  -10.1               
  133  133 A S     >  -     0   0   32     -2,-0.3     4,-2.5     1,-0.1     5,-0.2  -0.582  29.9-115.2 -93.3 160.8   14.2   -0.2   -7.6               
  134  134 A W  H  > S+     0   0  128     -2,-0.2     4,-2.2     2,-0.2    -1,-0.1   0.790 119.3  55.2 -60.9 -27.4   10.9   -2.0   -6.9               
  135  135 A Q  H  > S+     0   0  106      2,-0.2     4,-2.9     3,-0.2     5,-0.2   0.955 107.2  46.9 -71.9 -48.0   11.1   -0.5   -3.4               
  136  136 A D  H  > S+     0   0   28      1,-0.2     4,-2.7     2,-0.2     5,-0.2   0.916 115.1  48.5 -56.3 -44.4   11.5    3.1   -4.7               
  137  137 A L  H  X S+     0   0    0     -4,-2.5     4,-2.0     2,-0.2    -1,-0.2   0.909 111.9  48.6 -61.6 -45.1    8.5    2.3   -7.0               
  138  138 A K  H  X S+     0   0   35     -4,-2.2     4,-0.8     2,-0.2    -2,-0.2   0.944 113.5  46.0 -60.1 -49.5    6.5    0.9   -4.1               
  139  139 A D  H >< S+     0   0   74     -4,-2.9     3,-0.8     1,-0.2     4,-0.4   0.913 113.1  49.5 -65.6 -42.0    7.2    3.9   -1.9               
  140  140 A H  H >< S+     0   0   39     -4,-2.7     3,-0.9     1,-0.2    -1,-0.2   0.884 111.2  50.5 -59.7 -39.8    6.4    6.4   -4.7               
  141  141 A M  H >X S+     0   0    0     -4,-2.0     3,-1.2     1,-0.2     4,-0.6   0.624  88.6  81.2 -81.6  -9.7    3.1    4.6   -5.4               
  142  142 A R  T << S+     0   0   17     -4,-0.8   -59,-0.6    -3,-0.8     3,-0.3   0.726  75.1  75.8 -67.0 -19.9    2.0    4.6   -1.7               
  143  143 A E  T <4 S+     0   0   65     -3,-0.9   -60,-0.4    -4,-0.4    -1,-0.2   0.849  98.8  45.5 -55.7 -33.4    0.9    8.2   -2.3               
  144  144 A A  T <4 S-     0   0    0     -3,-1.2     2,-0.3     1,-0.3    -1,-0.2   0.768 126.8 -80.7 -83.0 -26.1   -2.1    6.6   -4.2               
  145  145 A G  S  < S-     0   0    0     -4,-0.6     2,-0.8    -3,-0.3    -1,-0.3  -0.962  76.1 -10.8 153.4-166.4   -2.9    3.9   -1.5               
  146  146 A D        -     0   0    8     -2,-0.3    17,-2.7   -63,-0.1     2,-0.7  -0.475  55.3-156.5 -71.8 106.8   -1.9    0.5   -0.1               
  147  147 A V  E     +G  162   0C   9     -2,-0.8    15,-0.2    15,-0.2     3,-0.1  -0.730  16.4 176.9 -84.2 116.1    0.5   -1.2   -2.5               
  148  148 A C  E    S+     0   0C  60     13,-1.8     2,-0.3    -2,-0.7    14,-0.2   0.721  70.0  17.0 -92.2 -22.6    0.4   -5.0   -2.0               
  149  149 A Y  E     +G  161   0C  62     12,-1.5    12,-2.9   -35,-0.1     2,-0.3  -0.988  59.9 171.7-150.6 140.5    2.9   -5.8   -4.9               
  150  150 A A  E     +G  160   0C  11     -2,-0.3     2,-0.3    10,-0.2    10,-0.2  -0.982   4.2 172.9-144.9 143.2    5.5   -3.9   -6.9               
  151  151 A D  E     -G  159   0C  51      8,-2.3     8,-2.6    -2,-0.3     2,-0.4  -0.983  14.9-152.0-147.0 150.7    8.2   -5.1   -9.4               
  152  152 A V  E     -G  158   0C  31     -2,-0.3     6,-0.3     6,-0.3     2,-0.3  -0.992   9.0-151.7-130.1 133.1   10.6   -3.3  -11.7               
  153  153 A Y    >   -     0   0   96      4,-3.2     3,-1.5    -2,-0.4     4,-0.3  -0.685  28.2-114.5-102.7 153.8   12.0   -4.7  -15.0               
  154  154 A R  T 3  S+     0   0  264      1,-0.3     4,-0.1    -2,-0.3    -1,-0.1   0.587 109.5  71.4 -64.6 -12.9   15.4   -3.8  -16.7               
  155  155 A D  T 3  S-     0   0  114      2,-0.1    -1,-0.3     1,-0.0   -28,-0.2   0.267 121.4-100.5 -84.6   8.2   13.6   -2.2  -19.6               
  156  156 A G  S <  S+     0   0   16     -3,-1.5   -28,-2.5     1,-0.3   -29,-0.9   0.641  90.2 117.0  75.5  14.9   12.6    0.8  -17.3               
  157  157 A T  E     +E  126   0C  36     -4,-0.3    -4,-3.2   -31,-0.2    -1,-0.3  -0.739  38.8 176.8-103.6 160.3    9.0   -0.7  -16.9               
  158  158 A G  E     -EG 125 152C   0    -33,-2.8   -33,-2.8    -2,-0.3     2,-0.4  -0.955  20.6-133.3-153.4 170.4    7.4   -1.8  -13.7               
  159  159 A V  E     -EG 124 151C   7     -8,-2.6    -8,-2.3    -2,-0.3     2,-0.4  -0.992  15.6-171.4-133.9 140.1    4.2   -3.2  -12.3               
  160  160 A V  E     -EG 123 150C   0    -37,-2.6   -37,-3.0    -2,-0.4     2,-0.4  -1.000   5.6-160.9-135.7 130.6    2.2   -2.2   -9.2               
  161  161 A E  E     -EG 122 149C  12    -12,-2.9   -13,-1.8    -2,-0.4   -12,-1.5  -0.959   9.7-154.3-111.7 133.4   -0.8   -3.9   -7.6               
  162  162 A F  E     - G   0 147C   1    -41,-2.6   -41,-0.2    -2,-0.4   -15,-0.2  -0.734  21.9-132.3 -99.0 150.3   -3.1   -2.0   -5.1               
  163  163 A V  S    S+     0   0   59    -17,-2.7     2,-0.3    -2,-0.3    -1,-0.1   0.904  95.5  42.4 -62.2 -38.8   -5.2   -3.6   -2.4               
  164  164 A R  S  > S-     0   0   69    -18,-0.3     4,-1.7     1,-0.1    -2,-0.1  -0.817  71.0-139.4-116.4 149.4   -8.2   -1.4   -3.7               
  165  165 A K  H  > S+     0   0  129     -2,-0.3     4,-2.5     2,-0.2     5,-0.2   0.831 106.1  59.7 -70.3 -35.3   -9.5   -0.5   -7.1               
  166  166 A E  H  > S+     0   0  100      2,-0.2     4,-2.4     1,-0.2    -1,-0.2   0.937 106.4  47.0 -57.4 -45.9  -10.1    3.1   -6.0               
  167  167 A D  H  > S+     0   0   11      2,-0.2     4,-3.0     1,-0.2    -2,-0.2   0.908 111.2  51.0 -67.2 -41.4   -6.4    3.5   -5.2               
  168  168 A M  H  X S+     0   0   10     -4,-1.7     4,-2.1     2,-0.2    -1,-0.2   0.923 112.5  46.6 -57.5 -46.6   -5.4    2.0   -8.6               
  169  169 A T  H  X S+     0   0   62     -4,-2.5     4,-1.3     2,-0.2    -2,-0.2   0.890 113.2  49.3 -66.6 -38.7   -7.7    4.4  -10.3               
  170  170 A Y  H  X S+     0   0   63     -4,-2.4     4,-2.8     2,-0.2     5,-0.4   0.939 108.1  54.4 -63.7 -44.8   -6.3    7.3   -8.2               
  171  171 A A  H  X>S+     0   0    0     -4,-3.0     4,-2.2     1,-0.2     5,-0.6   0.912 107.9  48.8 -56.5 -46.9   -2.7    6.2   -9.0               
  172  172 A V  H  <5S+     0   0   38     -4,-2.1     4,-0.3     1,-0.2    -1,-0.2   0.846 118.9  40.0 -63.1 -34.9   -3.4    6.4  -12.8               
  173  173 A R  H  <5S+     0   0  211     -4,-1.3    -2,-0.2    -3,-0.3    -1,-0.2   0.824 129.5  25.6 -81.4 -37.5   -5.0    9.9  -12.5               
  174  174 A K  H  <5S+     0   0  110     -4,-2.8    -3,-0.2    -5,-0.1    -2,-0.2   0.787 123.2  45.0-102.0 -36.8   -2.6   11.5   -9.9               
  175  175 A L  T ><5S+     0   0    0     -4,-2.2     3,-1.5    -5,-0.4    15,-0.2   0.546  82.8 109.4 -94.5  -9.9    0.7    9.6  -10.3               
  176  176 A D  T 3 <S+     0   0   45     -5,-0.6    15,-0.2    -4,-0.3   -51,-0.0  -0.475  91.6  10.1 -62.3 135.0    0.9    9.7  -14.1               
  177  177 A N  T 3  S+     0   0   91     13,-2.1    -1,-0.3     1,-0.2     2,-0.2   0.703  96.8 143.3  62.1  25.3    3.6   12.1  -15.3               
  178  178 A T    <   -     0   0   32     -3,-1.5    12,-2.3    12,-0.4     2,-0.8  -0.561  59.6-101.3 -86.3 155.7    5.0   12.5  -11.7               
  179  179 A K  E     -H  189   0D 121     10,-0.2     2,-0.3    -2,-0.2    10,-0.2  -0.730  38.3-159.8 -81.6 109.7    8.7   12.9  -10.9               
  180  180 A F  E     -H  188   0D   0      8,-2.9     8,-1.9    -2,-0.8     2,-0.4  -0.649   2.8-160.5 -84.7 144.8   10.1    9.5   -9.7               
  181  181 A R  E     -H  187   0D 171     -2,-0.3     6,-0.2     6,-0.2     2,-0.1  -0.999   5.4-147.3-128.2 129.0   13.4    9.4   -7.7               
  182  182 A S    >   -     0   0    2      4,-2.7     3,-1.8    -2,-0.4   -50,-0.1  -0.465  32.8-106.4 -82.8 164.5   15.6    6.3   -7.2               
  183  183 A H  T 3  S+     0   0  118    -52,-0.3   -51,-0.1     1,-0.3    -1,-0.1   0.811 122.8  60.0 -57.5 -29.6   17.7    5.5   -4.1               
  184  184 A E  T 3  S-     0   0  137    -53,-0.3    -1,-0.3     2,-0.1   -52,-0.1   0.478 121.6-110.3 -76.5  -4.1   20.8    6.5   -6.2               
  185  185 A G  S <  S+     0   0   27     -3,-1.8     2,-0.1     1,-0.3    -2,-0.1   0.425  71.3 141.5  85.0   2.0   19.2   10.0   -6.6               
  186  186 A E        -     0   0   89     -5,-0.0    -4,-2.7   -57,-0.0     2,-0.4  -0.445  35.4-156.2 -66.8 145.2   18.4    9.6  -10.4               
  187  187 A T  E     +H  181   0D  63     -6,-0.2     2,-0.3    -2,-0.1    -6,-0.2  -0.990  19.4 162.1-130.8 139.7   15.1   11.2  -11.4               
  188  188 A A  E     -H  180   0D  25     -8,-1.9    -8,-2.9    -2,-0.4     2,-0.6  -0.948  41.0-105.6-144.3 160.7   12.7   10.5  -14.2               
  189  189 A Y  E     -H  179   0D 147     -2,-0.3     2,-0.2   -10,-0.2   -10,-0.2  -0.840  39.9-149.7 -88.8 124.1    9.1   11.2  -15.2               
  190  190 A I        -     0   0    0    -12,-2.3   -13,-2.1    -2,-0.6     2,-0.4  -0.610   5.5-144.3 -93.4 152.0    7.0    8.0  -14.9               
  191  191 A R  E     -F  126   0C 111    -65,-2.9   -65,-1.9    -2,-0.2     2,-0.5  -0.981  13.1-159.8-113.7 128.8    3.9    7.0  -16.9               
  192  192 A V  E     +F  125   0C   3     -2,-0.4     2,-0.3   -20,-0.2   -67,-0.2  -0.926  17.0 167.2-114.8 121.7    1.1    5.1  -15.0               
  193  193 A K  E     -F  124   0C 128    -69,-2.6   -69,-3.0    -2,-0.5     2,-0.1  -0.985  42.0 -99.1-132.7 144.8   -1.4    3.0  -17.0               
  194  194 A V  E     -F  123   0C  74     -2,-0.3     2,-2.0   -71,-0.2   -71,-0.3  -0.442  28.4-132.3 -58.8 130.1   -4.0    0.4  -16.0               
  195  195 A D        +     0   0   62    -73,-2.7   -73,-0.2   -35,-0.2    -1,-0.1  -0.508  49.6 165.3 -78.7  61.0   -2.7   -3.2  -16.6               
  196  196 A G        -     0   0   33     -2,-2.0     2,-0.2     1,-0.1     3,-0.1  -0.444  54.9 -77.8 -70.7 158.9   -6.0   -4.0  -18.3               
  197  197 A P  S    S-     0   0  116      0, 0.0    -1,-0.1     0, 0.0    -2,-0.0  -0.504  72.6 -86.7 -52.3 118.0   -6.5   -7.1  -20.4               
  198  198 A R  S    S-     0   0  247     -2,-0.2     3,-0.2     1,-0.2    -3,-0.0  -0.180  72.0 -77.1 -32.4 115.1   -4.7   -5.8  -23.6               
  199  199 A S        -     0   0   90      1,-0.2     2,-0.3    -3,-0.1    -1,-0.2   0.129  46.1-108.4 -29.4 125.4   -7.8   -4.1  -25.2               
  200  200 A P        -     0   0  113      0, 0.0     2,-0.2     0, 0.0    -1,-0.2  -0.539  54.9-102.5 -51.6 111.6  -10.2   -6.6  -26.7               
  201  201 A S        -     0   0   93     -2,-0.3     2,-0.8    -3,-0.2     3,-0.3  -0.347  27.1-134.0 -52.6 109.1   -9.2   -5.4  -30.2               
  202  202 A Y  S    S+     0   0  208      1,-0.2    -1,-0.1    -2,-0.2     3,-0.1  -0.644  86.2  47.4 -57.6 102.4  -12.1   -3.2  -31.3               
  203  203 A G        +     0   0   63     -2,-0.8    -1,-0.2     1,-0.1    -2,-0.1   0.863  54.6 110.3 106.5  67.5  -12.2   -4.9  -34.8               
  204  204 A R        -     0   0  233     -3,-0.3     2,-0.3     2,-0.0    -1,-0.1  -0.525  50.9-159.1-134.5  87.0  -12.2   -8.4  -35.6               
  205  205 A S        -     0   0  101      1,-0.1     2,-1.8    -3,-0.1    -3,-0.0  -0.357  14.7-138.0 -38.6 104.6  -15.8   -8.7  -36.8               
  206  206 A R        -     0   0  239     -2,-0.3     2,-1.4     2,-0.1    -1,-0.1  -0.720  20.8-148.4 -67.7  88.0  -16.6  -12.4  -36.5               
  207  207 A S        -     0   0   98     -2,-1.8     2,-1.8     1,-0.1    -1,-0.0  -0.584   6.5-158.4 -55.6  89.4  -18.4  -12.4  -39.9               
  208  208 A R        -     0   0  231     -2,-1.4     2,-1.1     2,-0.1    -1,-0.1  -0.727  14.4-151.8 -70.1  83.5  -21.0  -15.1  -39.1               
  209  209 A S        -     0   0  100     -2,-1.8     2,-1.7     1,-0.1    -2,-0.0  -0.590   4.3-154.6 -57.1  97.6  -21.5  -15.7  -42.8               
  210  210 A R        -     0   0  239     -2,-1.1     2,-1.4     2,-0.0    -1,-0.1  -0.721  13.7-164.7 -69.6  82.6  -25.1  -16.9  -42.8               
  211  211 A S        -     0   0  114     -2,-1.7     2,-0.4     0, 0.0    -2,-0.0  -0.705   6.1-165.4 -73.5  93.1  -24.5  -18.9  -46.1               
  212  212 A R        +     0   0  225     -2,-1.4    -2,-0.0     1,-0.1    -3,-0.0  -0.737  36.4   6.9 -68.0 134.3  -28.1  -19.5  -47.1               
  213  213 A S        +     0   0  102     -2,-0.4    -1,-0.1     0, 0.0     0, 0.0   0.956  45.9 112.2  70.9 119.2  -28.6  -22.2  -49.8               
  214  214 A R        -     0   0  230      2,-0.0    -2,-0.0     0, 0.0     0, 0.0   0.520  30.5-139.8 166.7 107.3  -27.8  -24.7  -52.1               
  215  215 A S        -     0   0  105      1,-0.1     2,-0.3     0, 0.0     0, 0.0   0.424   9.5-165.7  27.3 118.3  -28.5  -28.4  -52.6               
  216  216 A R        -     0   0  254      2,-0.0     2,-0.2     0, 0.0    -1,-0.1  -0.855  25.6-176.9-130.0 107.4  -26.6  -31.4  -53.7               
  217  217 A S        +     0   0  108     -2,-0.3     0, 0.0     2,-0.0     0, 0.0  -0.615  16.0 148.4 -75.8 147.1  -29.2  -34.1  -54.5               
  218  218 A R        -     0   0  237     -2,-0.2     2,-0.0     2,-0.0    -2,-0.0   0.144  22.7-161.5 166.8  88.0  -28.5  -37.8  -55.5               
  219  219 A S        -     0   0  112      0, 0.0     2,-0.2     0, 0.0    -2,-0.0   0.093  14.7-173.2  52.9 105.6  -30.5  -40.5  -54.8               
  220  220 A N        -     0   0  165     -2,-0.0     2,-0.1     0, 0.0    -2,-0.0  -0.853  32.7-116.7-153.7 156.9  -30.2  -44.2  -54.7               
  221  221 A S        -     0   0   85     -2,-0.2     0, 0.0     1,-0.1     0, 0.0  -0.379  24.6 -23.2-104.0 154.1  -33.1  -46.4  -54.1               
  222  222 A R        +     0   0  232     -2,-0.1    -1,-0.1     0, 0.0     0, 0.0   0.953  33.1  22.3  66.4 120.9  -35.4  -49.0  -52.6               
  223  223 A S        +     0   0  101      0, 0.0    -2,-0.0     0, 0.0     0, 0.0   0.984  19.7 110.6  83.7 117.0  -36.5  -51.8  -50.5               
  224  224 A R        -     0   0  234      0, 0.0     0, 0.0     0, 0.0     0, 0.0   0.356  31.6-137.3 170.9 112.7  -37.1  -54.5  -48.2               
  225  225 A S        +     0   0  109      0, 0.0     0, 0.0     0, 0.0     0, 0.0   0.733  26.1 106.9  42.4 138.2  -39.5  -55.3  -45.4               
  226  226 A Y        +     0   0  227      2,-0.0     0, 0.0     0, 0.0     0, 0.0   0.809  31.2   6.8  81.7 129.8  -40.1  -56.7  -41.9               
  227  227 A S        -     0   0   73      1,-0.1     2,-0.3     0, 0.0     0, 0.0   0.842   8.9-174.2-165.9 162.9  -40.9  -56.6  -38.7               
  228  228 A P        +     0   0  112      0, 0.0    -1,-0.1     0, 0.0    -2,-0.0  -0.737  42.6  69.2 -97.9 157.4  -42.0  -55.3  -35.2               
  229  229 A R        +     0   0  235     -2,-0.3     2,-0.0     1,-0.1     0, 0.0   0.765  28.2 102.6 101.5 119.3  -42.1  -56.9  -31.6               
  230  230 A R        -     0   0  235      2,-0.0    -1,-0.1     0, 0.0     0, 0.0   0.346  32.5-132.8 140.9 144.7  -40.7  -58.3  -28.5               
  231  231 A S        +     0   0   96     -2,-0.0     2,-0.0     0, 0.0     0, 0.0   0.720  30.3 153.0 177.1 152.9  -40.1  -57.7  -25.2               
  232  232 A R        -     0   0  252      0, 0.0    -2,-0.0     0, 0.0     0, 0.0   0.405  35.8 -89.3 127.9 101.2  -38.9  -57.1  -21.5               
  233  233 A G        +     0   0   72      2,-0.0     0, 0.0    -2,-0.0     0, 0.0   0.831  33.4  63.4  92.6 124.3  -39.5  -55.2  -18.9               
  234  234 A S        +     0   0  115      1,-0.0     2,-0.5     0, 0.0     0, 0.0   0.791   8.7 163.8-165.1 150.6  -39.9  -53.2  -16.3               
  235  235 A P        +     0   0  125      0, 0.0     2,-0.2     0, 0.0    -1,-0.0  -0.969  29.9 148.0-104.8 125.1  -40.8  -49.9  -14.5               
  236  236 A R        +     0   0  238     -2,-0.5     2,-0.5     2,-0.0     0, 0.0  -0.624   7.5 155.7-151.8 103.3  -41.3  -50.0  -10.7               
  237  237 A Y        -     0   0  225     -2,-0.2     0, 0.0     2,-0.0     0, 0.0  -0.996  24.8-176.0-104.6 120.5  -40.5  -47.2   -8.3               
  238  238 A S        -     0   0   86     -2,-0.5     2,-0.5     2,-0.0    -2,-0.0  -0.987  20.7-135.6-116.1 129.3  -42.9  -47.8   -5.3               
  239  239 A P        -     0   0  119      0, 0.0     2,-0.7     0, 0.0    -2,-0.0  -0.721  18.8-137.9 -81.9 128.0  -43.1  -45.4   -2.3               
  240  240 A R        -     0   0  250     -2,-0.5     2,-0.4     2,-0.0    -2,-0.0  -0.820  13.4-158.5 -88.7 115.9  -43.1  -47.2    1.1               
  241  241 A H        -     0   0  155     -2,-0.7     2,-0.4     2,-0.1     0, 0.0  -0.768   6.5-170.9 -77.9 130.0  -45.5  -45.7    3.6               
  242  242 A S        +     0   0  122     -2,-0.4     2,-0.4     0, 0.0    -2,-0.0  -0.902  20.9 156.4-122.7 100.5  -44.8  -46.5    7.2               
  243  243 A R        +     0   0  209     -2,-0.4    -2,-0.1     1,-0.1     0, 0.0  -0.991  14.3 104.1-117.6 123.8  -47.7  -45.4    9.4               
  244  244 A S        +     0   0  104     -2,-0.4    -1,-0.1     1,-0.0     0, 0.0   0.385  32.1  54.1 161.7 121.6  -48.6  -46.6   12.7               
  245  245 A R        +     0   0  242      0, 0.0     2,-0.2     0, 0.0    -1,-0.0   0.288  21.5 173.7 176.3 117.7  -48.9  -46.3   16.2               
  246  246 A S        -     0   0  121      0, 0.0     2,-0.3     0, 0.0     0, 0.0  -0.571  15.7-170.5 -64.0 144.4  -50.3  -43.8   18.6               
  247  247 A R              0   0  232     -2,-0.2     0, 0.0     1,-0.1     0, 0.0  -0.841 360.0 360.0-144.0 120.4  -50.3  -44.7   22.3               
  248  248 A T              0   0  206     -2,-0.3    -1,-0.1     0, 0.0     0, 0.0   0.867 360.0 360.0  50.3 360.0  -52.0  -42.7   25.1               
