==== Secondary Structure Definition by the program DSSP, CMBI version 2.0                          ==== DATE=2026-03-08        .
REFERENCE W. KABSCH AND C.SANDER, BIOPOLYMERS 22 (1983) 2577-2637                                                              .
HEADER                                            01-AUG-25                                                                    .
COMPND    MOL_ID: 1; MOLECULE: SERINE/ARGININE-RICH SPLICING FACTOR 4; CHAIN: A                                                .
SOURCE    MOL_ID: 1; ORGANISM_SCIENTIFIC: HOMO SAPIENS; ORGANISM_TAXID: 9606                                                   .
AUTHOR                                                                                                                         .
  494  1  0  0  0 TOTAL NUMBER OF RESIDUES, NUMBER OF CHAINS, NUMBER OF SS-BRIDGES(TOTAL,INTRACHAIN,INTERCHAIN)                .
 62819.7   ACCESSIBLE SURFACE OF PROTEIN (ANGSTROM**2)                                                                         .
  129 26.1   TOTAL NUMBER OF HYDROGEN BONDS OF TYPE O(I)-->H-N(J)  , SAME NUMBER PER 100 RESIDUES                              .
    0  0.0   TOTAL NUMBER OF HYDROGEN BONDS IN     PARALLEL BRIDGES, SAME NUMBER PER 100 RESIDUES                              .
   42  8.5   TOTAL NUMBER OF HYDROGEN BONDS IN ANTIPARALLEL BRIDGES, SAME NUMBER PER 100 RESIDUES                              .
    0  0.0   TOTAL NUMBER OF HYDROGEN BONDS OF TYPE O(I)-->H-N(I-5), SAME NUMBER PER 100 RESIDUES                              .
    0  0.0   TOTAL NUMBER OF HYDROGEN BONDS OF TYPE O(I)-->H-N(I-4), SAME NUMBER PER 100 RESIDUES                              .
    3  0.6   TOTAL NUMBER OF HYDROGEN BONDS OF TYPE O(I)-->H-N(I-3), SAME NUMBER PER 100 RESIDUES                              .
    0  0.0   TOTAL NUMBER OF HYDROGEN BONDS OF TYPE O(I)-->H-N(I-2), SAME NUMBER PER 100 RESIDUES                              .
    1  0.2   TOTAL NUMBER OF HYDROGEN BONDS OF TYPE O(I)-->H-N(I-1), SAME NUMBER PER 100 RESIDUES                              .
    0  0.0   TOTAL NUMBER OF HYDROGEN BONDS OF TYPE O(I)-->H-N(I+0), SAME NUMBER PER 100 RESIDUES                              .
    0  0.0   TOTAL NUMBER OF HYDROGEN BONDS OF TYPE O(I)-->H-N(I+1), SAME NUMBER PER 100 RESIDUES                              .
   37  7.5   TOTAL NUMBER OF HYDROGEN BONDS OF TYPE O(I)-->H-N(I+2), SAME NUMBER PER 100 RESIDUES                              .
   15  3.0   TOTAL NUMBER OF HYDROGEN BONDS OF TYPE O(I)-->H-N(I+3), SAME NUMBER PER 100 RESIDUES                              .
   32  6.5   TOTAL NUMBER OF HYDROGEN BONDS OF TYPE O(I)-->H-N(I+4), SAME NUMBER PER 100 RESIDUES                              .
    1  0.2   TOTAL NUMBER OF HYDROGEN BONDS OF TYPE O(I)-->H-N(I+5), SAME NUMBER PER 100 RESIDUES                              .
  1  2  3  4  5  6  7  8  9 10 11 12 13 14 15 16 17 18 19 20 21 22 23 24 25 26 27 28 29 30     *** HISTOGRAMS OF ***           .
  0  0  0  0  0  0  0  2  0  0  2  0  0  0  0  0  0  0  0  0  0  0  0  0  0  0  0  0  0  0    RESIDUES PER ALPHA HELIX         .
  0  0  0  0  0  0  0  0  0  0  0  0  0  0  0  0  0  0  0  0  0  0  0  0  0  0  0  0  0  0    PARALLEL BRIDGES PER LADDER      .
  0  2  0  3  2  1  0  0  0  0  0  0  0  0  0  0  0  0  0  0  0  0  0  0  0  0  0  0  0  0    ANTIPARALLEL BRIDGES PER LADDER  .
  2  0  2  0  0  0  0  0  0  0  0  0  0  0  0  0  0  0  0  0  0  0  0  0  0  0  0  0  0  0    LADDERS PER SHEET                .
  #  RESIDUE AA STRUCTURE BP1 BP2  ACC     N-H-->O    O-->H-N    N-H-->O    O-->H-N    TCO  KAPPA ALPHA  PHI   PSI    X-CA   Y-CA   Z-CA            CHAIN
    1    1 A M              0   0  120      0, 0.0     2,-0.2     0, 0.0    42,-0.2   0.000 360.0 360.0 360.0  60.3   -0.7    4.1  -26.3               
    2    2 A P        -     0   0   14      0, 0.0    40,-1.4     0, 0.0     2,-0.4  -0.483 360.0-137.9 -61.1 170.2    0.7    1.1  -24.5               
    3    3 A R  E     -A   41   0A  71     38,-0.2    67,-2.5    -2,-0.2     2,-0.3  -0.987  10.3-153.4-137.3 129.4    1.2    2.0  -20.8               
    4    4 A V  E     -AB  40  69A   0     36,-3.2    36,-2.2    -2,-0.4     2,-0.4  -0.765   8.5-145.5 -95.7 141.6    4.2    1.1  -18.7               
    5    5 A Y  E     -AB  39  68A  72     63,-3.4    63,-2.6    -2,-0.3     2,-0.5  -0.923   6.9-158.8-104.3 138.1    4.0    0.6  -14.9               
    6    6 A I  E     -AB  38  67A   0     32,-2.8    32,-2.4    -2,-0.4     3,-0.3  -0.959  11.7-176.8-119.5 108.1    7.0    1.6  -12.7               
    7    7 A G  E     +AB  37  66A   3     59,-3.0    59,-2.4    -2,-0.5    30,-0.2  -0.604  63.2  35.8 -90.0 166.1    7.1   -0.0   -9.2               
    8    8 A R  S    S+     0   0  168     28,-0.8     2,-0.5    57,-0.2    29,-0.2   0.805  72.1 168.6  58.6  34.9    9.8    0.8   -6.6               
    9    9 A L        -     0   0    7     27,-1.4    -1,-0.2    -3,-0.3    27,-0.2  -0.697  39.4-115.5 -72.9 123.2   10.1    4.5   -7.4               
   10   10 A S    >   -     0   0   11     -2,-0.5     3,-1.9    50,-0.5    26,-0.1  -0.255  22.3-116.6 -51.3 140.5   12.1    6.3   -4.7               
   11   11 A Y  T 3  S+     0   0  151      1,-0.3    -1,-0.1    24,-0.1    50,-0.1   0.547 116.1  55.0 -61.1 -10.3    9.9    8.9   -2.8               
   12   12 A Q  T 3  S+     0   0  152     49,-0.2    -1,-0.3     2,-0.1     2,-0.2   0.601  80.2 111.4 -95.1 -17.4   12.3   11.6   -4.2               
   13   13 A A    <   -     0   0   17     -3,-1.9     2,-0.2    47,-0.1    -4,-0.0  -0.390  51.1-164.8 -65.3 126.9   11.8   10.7   -7.9               
   14   14 A R    >>  -     0   0  182     -2,-0.2     4,-2.0     1,-0.1     3,-1.6  -0.662  37.6 -98.2-105.5 168.1    9.9   13.4   -9.9               
   15   15 A E  H 3> S+     0   0  107      1,-0.3     4,-3.3    -2,-0.2     3,-0.3   0.930 124.5  55.6 -45.4 -51.3    8.2   13.4  -13.3               
   16   16 A R  H 3> S+     0   0  173      1,-0.2     4,-1.5     2,-0.2    -1,-0.3   0.643 107.0  49.3 -56.8 -26.2   11.4   15.0  -14.7               
   17   17 A D  H <> S+     0   0   38     -3,-1.6     4,-1.1     2,-0.2    -1,-0.2   0.843 113.3  45.1 -88.0 -35.4   13.6   12.1  -13.5               
   18   18 A V  H >X S+     0   0    0     -4,-2.0     4,-2.3    -3,-0.3     3,-0.6   0.947 113.4  51.6 -67.1 -48.0   11.2    9.5  -14.9               
   19   19 A E  H 3X S+     0   0   87     -4,-3.3     4,-1.7     1,-0.2    -2,-0.2   0.935 111.3  47.6 -50.3 -52.3   11.1   11.6  -18.2               
   20   20 A R  H 3< S+     0   0  157     -4,-1.5    -1,-0.2     1,-0.2    -2,-0.2   0.747 112.0  50.4 -62.2 -28.4   14.9   11.6  -18.3               
   21   21 A F  H << S+     0   0   27     -4,-1.1    -1,-0.2    -3,-0.6    -2,-0.2   0.816 116.5  38.7 -83.7 -33.2   15.1    7.8  -17.6               
   22   22 A F  H >X S+     0   0    0     -4,-2.3     3,-1.9    -3,-0.1     4,-0.8   0.608  89.5 112.1 -88.7 -13.9   12.7    6.9  -20.4               
   23   23 A K  T 3< S+     0   0  171     -4,-1.7     4,-0.1    -5,-0.3    -4,-0.0  -0.479  77.8  34.1 -62.3 107.8   14.2    9.6  -22.7               
   24   24 A G  T 34 S+     0   0   73     -2,-0.7    -1,-0.2     2,-0.4    -2,-0.1  -0.071 105.6  68.8 132.0 -26.6   15.9    7.6  -25.5               
   25   25 A Y  T <4 S-     0   0   62     -3,-1.9     2,-0.3     1,-0.2    26,-0.2   0.660 109.9 -54.6 -93.6 -20.8   13.4    4.6  -25.7               
   26   26 A G     <  -     0   0   28     -4,-0.8     2,-0.7    24,-0.1    -2,-0.4  -0.995  68.0 -46.2 173.6-174.5   10.5    6.5  -27.2               
   27   27 A K        -     0   0  145     -2,-0.3    16,-2.1    -4,-0.1     2,-0.4  -0.788  47.8-149.2 -84.9 116.7    7.9    9.3  -27.3               
   28   28 A I  E     +C   42   0A  51     -2,-0.7    14,-0.2    14,-0.2     3,-0.1  -0.717  17.9 179.2 -83.5 132.4    6.2    9.8  -23.9               
   29   29 A L  E     +     0   0A  85     12,-3.1     2,-0.3    -2,-0.4    13,-0.2   0.767  67.9   3.2 -99.5 -41.0    2.6   11.0  -24.0               
   30   30 A E  E     -C   41   0A 106     11,-1.0    11,-2.8     2,-0.0     2,-0.5  -0.993  53.9-155.0-150.3 143.6    1.7   11.1  -20.2               
   31   31 A V  E     -C   40   0A  19     -2,-0.3     2,-0.7     9,-0.2     9,-0.2  -0.961  11.1-174.4-124.5 114.4    3.5   10.5  -16.8               
   32   32 A D  E     -C   39   0A  36      7,-2.6     7,-1.4    -2,-0.5     2,-0.3  -0.793  11.1-173.7-113.9  84.9    1.3    9.5  -13.9               
   33   33 A L  E     +C   38   0A  54     -2,-0.7     5,-0.2     5,-0.3     2,-0.2  -0.669   7.5 169.8 -87.7 138.1    3.4    9.4  -10.7               
   34   34 A K  E >   -C   37   0A  85      3,-2.5     2,-0.8    -2,-0.3     3,-0.8  -0.738  50.6 -59.5-133.7 175.8    2.1    8.2   -7.3               
   35   35 A N  T 3  S-     0   0  143      1,-0.2   -24,-0.1    -2,-0.2   -25,-0.1  -0.517 121.0 -12.8 -69.2 105.6    3.7    7.3   -3.9               
   36   36 A G  T 3  S+     0   0   21     -2,-0.8   -27,-1.4   -27,-0.2   -28,-0.8   0.318 134.6  47.0  87.0  -4.8    6.2    4.4   -4.6               
   37   37 A Y  E <   +AC   7  34A  90     -3,-0.8    -3,-2.5   -29,-0.2     2,-0.3  -0.984  58.0 176.5-157.5 160.8    4.9    3.7   -8.2               
   38   38 A G  E     -AC   6  33A   0    -32,-2.4   -32,-2.8    -2,-0.3     2,-0.3  -0.900  20.3-124.6-152.4 179.3    4.0    5.4  -11.4               
   39   39 A F  E     -AC   5  32A  46     -7,-1.4    -7,-2.6    -2,-0.3     2,-0.4  -0.984   9.5-160.5-132.4 149.9    2.9    5.0  -15.1               
   40   40 A V  E     -AC   4  31A   0    -36,-2.2   -36,-3.2    -2,-0.3     2,-0.5  -0.999  10.6-151.4-128.4 122.8    4.3    6.2  -18.4               
   41   41 A E  E     -AC   3  30A  25    -11,-2.8   -12,-3.1    -2,-0.4   -11,-1.0  -0.858  18.1-162.0 -91.2 126.9    2.1    6.3  -21.5               
   42   42 A F  E     - C   0  28A   0    -40,-1.4   -14,-0.2    -2,-0.5   -16,-0.0  -0.733  23.5-134.6-107.1 160.5    4.0    5.8  -24.8               
   43   43 A D  S    S+     0   0   83    -16,-2.1    -1,-0.2    -2,-0.3     2,-0.1   0.989  91.4  35.7 -70.4 -67.8    3.2    6.5  -28.5               
   44   44 A D  S  > S-     0   0   49    -17,-0.1     4,-0.6   -43,-0.1    -2,-0.1  -0.441  73.4-135.0 -84.8 154.0    4.4    3.2  -30.0               
   45   45 A L  H  > S+     0   0  109      2,-0.2     4,-2.1    -2,-0.1     3,-0.2   0.840 105.9  57.8 -72.4 -34.6    4.2   -0.3  -28.4               
   46   46 A R  H  > S+     0   0  170      1,-0.2     4,-3.0     2,-0.2     5,-0.3   0.957 101.0  54.9 -64.8 -49.1    7.8   -1.1  -29.5               
   47   47 A D  H  > S+     0   0   38      1,-0.2     4,-1.7     2,-0.2    -1,-0.2   0.803 112.2  45.8 -45.3 -40.7    9.1    2.0  -27.6               
   48   48 A A  H  X S+     0   0    0     -4,-0.6     4,-2.1    -3,-0.2    -1,-0.2   0.870 111.7  48.9 -79.0 -38.8    7.3    0.6  -24.5               
   49   49 A D  H  X S+     0   0   90     -4,-2.1     4,-2.0     2,-0.2    -2,-0.2   0.944 115.3  45.4 -63.6 -46.1    8.6   -3.1  -24.9               
   50   50 A D  H  X S+     0   0   97     -4,-3.0     4,-2.6     1,-0.2     5,-0.2   0.915 113.4  50.1 -64.6 -42.9   12.2   -1.8  -25.4               
   51   51 A A  H  X S+     0   0    0     -4,-1.7     4,-1.4    -5,-0.3    -1,-0.2   0.886 110.6  49.9 -60.8 -40.8   11.8    0.5  -22.4               
   52   52 A V  H  X S+     0   0   22     -4,-2.1     4,-0.7     2,-0.2    -2,-0.2   0.854 113.8  47.2 -67.2 -33.8   10.5   -2.4  -20.3               
   53   53 A Y  H  < S+     0   0  189     -4,-2.0    -2,-0.2     1,-0.2     3,-0.2   0.964 120.0  33.7 -70.6 -52.0   13.5   -4.6  -21.4               
   54   54 A E  H  < S+     0   0  103     -4,-2.6    -2,-0.2     1,-0.2    -3,-0.2   0.573 121.8  44.2 -85.5 -15.2   16.3   -2.1  -20.8               
   55   55 A L  H >< S+     0   0    0     -4,-1.4     3,-1.3    -5,-0.2     2,-0.4   0.575  79.5 110.2-111.1 -11.2   15.0   -0.2  -17.7               
   56   56 A N  T 3< S+     0   0   84     -4,-0.7    10,-0.2     1,-0.2     3,-0.1  -0.512  93.7   7.8 -69.9 123.5   13.6   -3.0  -15.5               
   57   57 A G  T 3  S+     0   0   29      8,-2.6    -1,-0.2    -2,-0.4     9,-0.1   0.321  97.1 137.4  85.3  -4.6   15.9   -3.4  -12.3               
   58   58 A K    <   -     0   0   85     -3,-1.3     7,-2.2     7,-0.2     2,-0.5  -0.337  61.7-101.2 -73.5 150.1   17.9   -0.2  -13.2               
   59   59 A D  E     -D   64   0B  88      5,-0.2     2,-0.5    -3,-0.1     5,-0.2  -0.653  38.8-179.7 -85.0 119.3   18.7    2.2  -10.4               
   60   60 A L  E >  S-D   63   0B  14      3,-3.0     3,-2.1    -2,-0.5   -50,-0.5  -0.970  73.5 -23.0-118.8 119.5   16.6    5.4  -10.0               
   61   61 A C  T 3  S-     0   0   59     -2,-0.5   -49,-0.2     1,-0.3    -1,-0.1   0.810 129.1 -48.5  49.6  35.5   17.3    8.0   -7.2               
   62   62 A G  T 3  S+     0   0   73      1,-0.2     2,-0.4   -52,-0.1    -1,-0.3   0.353 123.2  92.9  87.9  -0.9   19.1    5.2   -5.2               
   63   63 A E  E <  S-D   60   0B  75     -3,-2.1    -3,-3.0   -55,-0.1     2,-0.6  -0.953  78.3-116.3-120.6 142.5   16.3    2.5   -5.5               
   64   64 A R  E     -D   59   0B 152     -2,-0.4    -5,-0.2    -5,-0.2     2,-0.2  -0.674  33.7-143.6 -74.2 115.1   16.0   -0.3   -8.2               
   65   65 A V        -     0   0    0     -7,-2.2    -8,-2.6    -2,-0.6     2,-0.6  -0.474   2.5-138.2 -76.9 148.2   12.8    0.3  -10.2               
   66   66 A I  E     -B    7   0A  70    -59,-2.4   -59,-3.0   -10,-0.2     2,-0.5  -0.954  20.3-164.2-102.9 118.6   10.6   -2.5  -11.4               
   67   67 A V  E     +B    6   0A   0     -2,-0.6     2,-0.3   -61,-0.2   -61,-0.2  -0.934  20.1 156.1-111.8 120.1    9.4   -1.8  -15.0               
   68   68 A E  E     -B    5   0A 102    -63,-2.6   -63,-3.4    -2,-0.5     2,-0.3  -0.981  50.5 -91.7-138.3 154.3    6.5   -3.8  -16.4               
   69   69 A H  E     -B    4   0A  61     -2,-0.3     2,-1.2   -65,-0.2   -65,-0.2  -0.516  53.0-111.6 -62.2 124.7    3.7   -3.6  -19.0               
   70   70 A A        -     0   0   26    -67,-2.5     2,-2.2    -2,-0.3   -67,-0.1  -0.422  27.6-162.8 -70.9  96.6    0.7   -2.0  -17.2               
   71   71 A R        +     0   0  243     -2,-1.2    -1,-0.1     2,-0.0   -67,-0.0  -0.286  46.2 127.8 -75.4  53.5   -1.9   -4.9  -17.0               
   72   72 A G        -     0   0   53     -2,-2.2     2,-0.3   -69,-0.1   -69,-0.0  -0.889  66.7-107.8-111.2 142.6   -4.8   -2.5  -16.2               
   73   73 A P        -     0   0  125      0, 0.0     2,-0.1     0, 0.0    -2,-0.0  -0.558  44.5-103.5 -67.3 130.0   -8.2   -2.2  -18.0               
   74   74 A R        -     0   0  186     -2,-0.3     0, 0.0     1,-0.1     0, 0.0  -0.337  31.0-161.1 -53.4 123.6   -8.3    1.0  -20.2               
   75   75 A R        +     0   0  237     -2,-0.1     2,-0.3     2,-0.1    -1,-0.1   0.182  64.2  59.6-101.3  18.8  -10.5    3.5  -18.1               
   76   76 A D  S    S+     0   0  151      1,-0.1    -2,-0.0     3,-0.0     0, 0.0  -0.888  78.8  41.5-134.7 160.7  -11.3    5.8  -21.1               
   77   77 A G  S    S+     0   0   74     -2,-0.3     2,-0.2     2,-0.0    -1,-0.1   0.434  82.1  86.3  86.9   6.6  -12.9    5.7  -24.5               
   78   78 A S        +     0   0  103      2,-0.0     2,-1.2     1,-0.0    -1,-0.0  -0.643  27.8 170.5-145.7 103.9  -16.1    3.6  -24.4               
   79   79 A Y        -     0   0  227     -2,-0.2     2,-2.0     2,-0.1    -1,-0.0  -0.340  39.1-175.9 -73.1  45.9  -19.6    4.7  -23.4               
   80   80 A G        -     0   0   56     -2,-1.2    -1,-0.1     1,-0.2    -2,-0.0  -0.386  35.1-106.3 -72.5  73.9  -20.3    1.2  -24.7               
   81   81 A S        +     0   0  108     -2,-2.0     2,-1.7     1,-0.2    -1,-0.2   0.419  41.9 176.3  27.8  51.7  -24.1    0.7  -24.6               
   82   82 A G        +     0   0   84      3,-0.0     2,-0.5     0, 0.0    -1,-0.2  -0.200  32.6 139.4 -74.3  42.6  -24.6   -1.7  -21.6               
   83   83 A R        +     0   0  232     -2,-1.7     2,-0.0     0, 0.0    -2,-0.0  -0.888  53.5  20.0-102.2 125.8  -28.5   -1.4  -22.1               
   84   84 A S        +     0   0  103     -2,-0.5     0, 0.0     1,-0.1     0, 0.0   0.276  63.3 132.0  79.2 140.4  -30.5   -4.6  -21.7               
   85   85 A G        -     0   0   67     -2,-0.0     2,-2.2     0, 0.0    -1,-0.1   0.377  22.7-177.7 144.1  55.2  -29.1   -7.7  -19.8               
   86   86 A Y        +     0   0  179      1,-0.1     2,-0.9     2,-0.0     0, 0.0  -0.479  27.2 167.4 -71.7  69.9  -31.5   -9.2  -17.2               
   87   87 A G        -     0   0   71     -2,-2.2     2,-0.1     3,-0.0    -1,-0.1  -0.673  14.4-176.8-103.4  80.2  -28.8  -11.8  -16.3               
   88   88 A Y        +     0   0  188     -2,-0.9    -2,-0.0     1,-0.1     0, 0.0  -0.440  52.3  40.4 -62.9 149.0  -29.6  -13.7  -13.1               
   89   89 A R        +     0   0  241     -2,-0.1    -1,-0.1     1,-0.0     0, 0.0   0.992  44.3 129.1  69.7  86.9  -26.8  -16.2  -11.8               
   90   90 A R        +     0   0  238     -3,-0.1     3,-0.4     0, 0.0     2,-0.2  -0.115  30.1 154.7-135.4  46.3  -23.1  -15.7  -11.7               
   91   91 A S        +     0   0  120      1,-0.2     0, 0.0     2,-0.1     0, 0.0  -0.504  45.3  75.3 -56.9 126.2  -22.6  -16.6   -8.1               
   92   92 A G  S    S+     0   0   74     -2,-0.2    -1,-0.2     0, 0.0     3,-0.1   0.461  71.7  73.9 137.7   9.8  -19.0  -17.8   -7.9               
   93   93 A R  S    S+     0   0  230     -3,-0.4     3,-0.4     1,-0.1    -2,-0.1   0.243  70.8  92.0-121.7  14.2  -16.6  -14.7   -8.0               
   94   94 A D    >   +     0   0  108      1,-0.2     3,-0.7     3,-0.0    -1,-0.1  -0.021  35.5 121.3-107.4  23.2  -17.3  -13.4   -4.5               
   95   95 A K  T 3  S+     0   0  203      1,-0.3     2,-0.3    -3,-0.1    -1,-0.2   0.687  89.4  40.6 -66.6 -16.1  -14.5  -15.2   -2.5               
   96   96 A Y  T 3  S-     0   0  231     -3,-0.4    -1,-0.3     3,-0.0    -3,-0.0  -0.779  90.6-176.4-121.2  78.5  -13.4  -11.6   -1.6               
   97   97 A G    <   -     0   0   38     -3,-0.7     3,-0.2    -2,-0.3    -2,-0.0  -0.249  50.1 -64.7 -59.0 162.9  -16.9  -10.1   -1.0               
   98   98 A P  S    S-     0   0  118      0, 0.0    -1,-0.2     0, 0.0     3,-0.1  -0.364  80.6 -80.4 -53.3 132.0  -17.0   -6.3   -0.2               
   99   99 A P        -     0   0   62      0, 0.0     2,-1.3     0, 0.0    33,-0.1  -0.093  46.3-118.6 -53.7 123.7  -15.2   -6.1    3.1               
  100  100 A T        -     0   0  100     -3,-0.2     2,-0.5     1,-0.1    32,-0.1  -0.491  27.6-139.1 -69.7  90.8  -17.7   -7.1    5.9               
  101  101 A R        -     0   0  197     -2,-1.3     2,-0.1    30,-0.1    -1,-0.1  -0.392  24.9-166.2 -57.9 103.2  -17.8   -3.8    7.9               
  102  102 A T        -     0   0   36     -2,-0.5    47,-0.1     2,-0.1    46,-0.1  -0.439  32.5-119.8 -84.2 163.6  -17.9   -5.0   11.5               
  103  103 A E  S    S+     0   0  147      1,-0.2     2,-1.4    -2,-0.1    45,-0.1   0.507  93.7  95.3 -78.2  -3.2  -18.7   -2.8   14.6               
  104  104 A Y        +     0   0   84     43,-0.4    43,-2.5    72,-0.1     2,-0.4  -0.534  57.7 157.7 -94.6  66.2  -15.2   -3.6   15.9               
  105  105 A R  E     -E  146   0C  81     -2,-1.4    70,-2.3    70,-0.3     2,-0.4  -0.829  24.5-168.2-103.4 130.1  -13.4   -0.5   14.5               
  106  106 A L  E     -EF 145 174C   0     39,-2.6    39,-2.7    -2,-0.4     2,-0.4  -0.915  12.4-147.4-106.3 140.7  -10.1    1.2   15.7               
  107  107 A I  E     -EF 144 173C  39     66,-2.9    66,-2.6    -2,-0.4     2,-0.6  -0.884  15.1-145.6 -91.2 137.0   -8.9    4.6   14.7               
  108  108 A V  E     -EF 143 172C   1     35,-2.3    35,-2.1    -2,-0.4     3,-0.4  -0.945  15.8-166.4-103.8 114.4   -5.0    4.8   14.6               
  109  109 A E  E     + F   0 171C  65     62,-2.9    62,-2.3    -2,-0.6    33,-0.2  -0.653  65.8  23.8 -91.0 155.8   -3.7    8.2   15.6               
  110  110 A N  S    S+     0   0   81     31,-0.3    32,-0.2    -2,-0.2    -1,-0.2   0.766  76.8 173.9  57.3  35.3   -0.0    9.3   15.0               
  111  111 A L        -     0   0    3     30,-2.3     2,-0.2    -3,-0.4    -1,-0.2  -0.332  38.6-107.3 -57.2 145.5    0.7    7.0   12.1               
  112  112 A S    >   -     0   0    6     53,-0.3     3,-2.3    56,-0.2    29,-0.1  -0.585  22.6-125.3 -64.2 140.2    4.1    7.5   10.3               
  113  113 A S  T 3  S+     0   0   82      1,-0.3    -1,-0.1    -2,-0.2    53,-0.1   0.528 115.1  60.7 -65.9  -4.7    3.5    9.1    6.9               
  114  114 A R  T 3  S+     0   0  165     52,-0.2     2,-0.8     2,-0.1    -1,-0.3   0.439  81.6 100.2 -94.1 -10.3    5.5    6.0    5.7               
  115  115 A C    <   -     0   0    3     -3,-2.3    26,-0.1    50,-0.1     2,-0.1  -0.742  55.9-169.3 -80.9 110.3    2.8    3.6    7.1               
  116  116 A S     >  -     0   0   37     -2,-0.8     4,-2.0     1,-0.1     5,-0.1  -0.310  42.1 -99.6 -75.4 173.4    0.5    2.4    4.3               
  117  117 A W  H  > S+     0   0  131     18,-0.2     4,-1.2     2,-0.2    -1,-0.1   0.680 125.2  58.3 -66.8 -18.1   -2.7    0.5    4.9               
  118  118 A Q  H  > S+     0   0  109      2,-0.2     4,-2.9     3,-0.2     5,-0.3   0.966 106.8  43.6 -75.8 -53.0   -0.6   -2.7    4.1               
  119  119 A D  H  > S+     0   0   68      1,-0.2     4,-2.6     2,-0.2     5,-0.2   0.918 116.4  49.1 -55.9 -46.5    2.0   -2.1    6.9               
  120  120 A L  H  X S+     0   0    7     -4,-2.0     4,-1.7     2,-0.2    -1,-0.2   0.846 113.1  47.6 -63.2 -36.1   -0.9   -1.2    9.3               
  121  121 A K  H  X S+     0   0   61     -4,-1.2     4,-1.5     2,-0.2    -2,-0.2   0.953 114.6  43.8 -69.3 -50.0   -2.8   -4.4    8.2               
  122  122 A D  H  < S+     0   0   86     -4,-2.9     4,-0.2     2,-0.2    -2,-0.2   0.836 114.4  50.7 -72.7 -28.2    0.2   -6.8    8.6               
  123  123 A Y  H >< S+     0   0   49     -4,-2.6     3,-1.7    -5,-0.3    -1,-0.2   0.957 111.2  47.9 -63.4 -48.9    1.2   -5.2   11.9               
  124  124 A M  H >X S+     0   0    2     -4,-1.7     3,-1.9     1,-0.3     4,-1.2   0.719  91.9  78.1 -77.3 -14.9   -2.3   -5.5   13.3               
  125  125 A R  T 3< S+     0   0  158     -4,-1.5    -1,-0.3     1,-0.3    -2,-0.2   0.667  79.6  74.2 -59.7 -16.5   -2.6   -9.2   12.2               
  126  126 A Q  T <4 S+     0   0  129     -3,-1.7    -1,-0.3    -4,-0.2    -2,-0.2   0.691 102.9  38.2 -68.3 -20.3   -0.4   -9.8   15.3               
  127  127 A A  T <4 S-     0   0    9     -3,-1.9     2,-0.3     1,-0.3    -2,-0.2   0.753 129.5 -66.0 -99.9 -31.9   -3.6   -9.2   17.5               
  128  128 A G  S  < S-     0   0   17     -4,-1.2     2,-0.5    27,-0.1    -1,-0.3  -0.980  76.5 -23.6 164.7-166.0   -6.2  -10.9   15.2               
  129  129 A E        -     0   0  134     -2,-0.3    19,-2.6    -3,-0.1     2,-0.8  -0.533  48.0-154.6 -81.9 120.7   -8.0  -10.9   11.8               
  130  130 A V  E     +G  147   0C   4     -2,-0.5    17,-0.2    17,-0.2     3,-0.1  -0.797  16.1 176.2 -95.7 108.1   -8.2   -7.5   10.0               
  131  131 A T  E    S+     0   0C  28     15,-1.6     2,-0.4    -2,-0.8    16,-0.2   0.939  73.3  21.6 -71.6 -50.5  -11.2   -7.3    7.6               
  132  132 A Y  E     +G  146   0C  47     14,-1.8    14,-2.6   -32,-0.1     2,-0.3  -0.957  63.3 179.1-128.0 139.6  -10.7   -3.6    6.6               
  133  133 A A  E     +G  145   0C  14     -2,-0.4     2,-0.3    12,-0.2    12,-0.2  -0.994   7.3 168.4-143.0 134.1   -7.5   -1.5    6.8               
  134  134 A D  E     -G  144   0C  25     10,-2.3    10,-2.7    -2,-0.3     2,-0.3  -0.994   8.7-170.2-150.5 142.9   -7.2    2.2    5.6               
  135  135 A A  E     +G  143   0C  17     -2,-0.3     8,-0.2     8,-0.3   -18,-0.2  -0.992  63.3   1.0-142.1 144.9   -4.6    4.9    6.1               
  136  136 A H  S    S+     0   0   66      6,-2.6     7,-0.1    -2,-0.3    -1,-0.0   0.441  87.3 116.7  64.0   7.0   -4.2    8.7    5.4               
  137  137 A K  S    S+     0   0  148      5,-0.2    -1,-0.1     1,-0.1     3,-0.1   0.614  82.3  27.7 -84.1 -18.6   -7.8    9.0    4.1               
  138  138 A G  S    S-     0   0   66      1,-0.5     2,-0.3     4,-0.3    -1,-0.1   0.779 134.2 -13.0-102.3 -66.1   -9.2   11.4    6.8               
  139  139 A R  S >  S-     0   0  169      3,-0.0     3,-1.7     0, 0.0    -1,-0.5  -0.902  81.8 -84.8-129.0 162.6   -6.1   13.3    8.0               
  140  140 A K  T 3  S+     0   0  180     -2,-0.3   -30,-0.2     1,-0.3     3,-0.1  -0.516 119.9  20.1 -61.1 136.4   -2.4   13.0    7.6               
  141  141 A N  T 3  S+     0   0   54      1,-0.2   -30,-2.3    -2,-0.2     2,-0.3   0.527 103.8 111.8  68.6  13.0   -1.1   10.5   10.3               
  142  142 A E    <   +     0   0   43     -3,-1.7    -6,-2.6   -32,-0.2    -4,-0.3  -0.908  38.8 170.7-109.2 146.5   -4.7    9.0   10.8               
  143  143 A G  E     -EG 108 135C   5    -35,-2.1   -35,-2.3    -2,-0.3     2,-0.3  -0.899  20.4-139.2-142.9 172.9   -5.8    5.4    9.9               
  144  144 A V  E     -EG 107 134C  27    -10,-2.7   -10,-2.3    -2,-0.3     2,-0.3  -1.000  13.1-175.4-139.1 137.4   -8.8    3.0   10.4               
  145  145 A I  E     -EG 106 133C   0    -39,-2.7   -39,-2.6    -2,-0.3     2,-0.4  -0.994   7.8-164.0-132.2 138.1   -9.0   -0.7   11.1               
  146  146 A E  E     -EG 105 132C  11    -14,-2.6   -14,-1.8    -2,-0.3   -15,-1.6  -0.989  15.2-157.1-123.8 118.5  -12.0   -3.1   11.3               
  147  147 A F  E     - G   0 130C   0    -43,-2.5   -43,-0.4    -2,-0.4   -17,-0.2  -0.619  23.6-127.9 -90.4 153.8  -11.5   -6.5   13.0               
  148  148 A V  S    S+     0   0   69    -19,-2.6     2,-0.3    -2,-0.2   -45,-0.1   0.885  92.9  31.8 -62.6 -37.1  -13.5   -9.7   12.5               
  149  149 A S    >>  -     0   0   42    -20,-0.3     4,-2.2     1,-0.1     3,-0.5  -0.918  68.6-131.7-129.7 149.2  -13.9  -10.0   16.4               
  150  150 A Y  H 3> S+     0   0  119     -2,-0.3     4,-2.5     1,-0.2     5,-0.2   0.839 111.0  61.0 -59.9 -34.2  -14.2   -7.9   19.5               
  151  151 A S  H 3> S+     0   0   54      2,-0.2     4,-2.3     1,-0.2    -1,-0.2   0.868 107.7  43.2 -57.5 -38.3  -11.5  -10.2   21.1               
  152  152 A D  H <> S+     0   0   24     -3,-0.5     4,-2.4     2,-0.2    -2,-0.2   0.916 112.5  50.6 -83.8 -42.6   -9.1   -9.1   18.4               
  153  153 A M  H  X S+     0   0    9     -4,-2.2     4,-2.3     2,-0.2    -2,-0.2   0.904 114.7  45.7 -56.1 -45.0   -9.9   -5.4   18.5               
  154  154 A K  H  X S+     0   0   87     -4,-2.5     4,-2.5     2,-0.2    -2,-0.2   0.930 111.6  50.6 -69.4 -43.6   -9.5   -5.5   22.3               
  155  155 A R  H  X S+     0   0  141     -4,-2.3     4,-1.4     2,-0.2     5,-0.2   0.846 110.9  51.0 -59.6 -36.6   -6.1   -7.5   22.0               
  156  156 A A  H  X>S+     0   0    0     -4,-2.4     4,-2.8     2,-0.2     5,-0.6   0.948 110.9  47.3 -65.0 -48.1   -5.0   -4.9   19.5               
  157  157 A L  H  X5S+     0   0   47     -4,-2.3     4,-0.6     1,-0.2    -2,-0.2   0.888 116.3  45.0 -57.9 -42.0   -5.9   -2.1   22.0               
  158  158 A E  H  <5S+     0   0  132     -4,-2.5    -1,-0.2     1,-0.1    -2,-0.2   0.706 128.7  22.9 -77.5 -24.5   -4.1   -3.9   24.9               
  159  159 A K  H  <5S+     0   0  147     -4,-1.4    -2,-0.2    -3,-0.4    -3,-0.2   0.663 124.3  43.7-113.2 -29.0   -0.9   -4.9   23.0               
  160  160 A L  H ><5S+     0   0    9     -4,-2.8     3,-1.1    -5,-0.2     2,-0.2   0.484  80.9 107.1-110.6  -6.5   -0.4   -2.5   20.0               
  161  161 A D  T 3<<S+     0   0   79     -4,-0.6    10,-0.2    -5,-0.6     3,-0.1  -0.507  92.4  12.9 -68.0 136.8   -1.2    0.9   21.6               
  162  162 A G  T 3  S+     0   0   33      8,-1.8    -1,-0.2     1,-0.2     9,-0.1   0.430  97.5 140.1  73.5   0.4    2.0    3.0   22.1               
  163  163 A T    <   -     0   0   27     -3,-1.1     7,-2.8     7,-0.2     2,-0.7  -0.360  57.0-110.3 -76.9 152.4    4.0    0.6   19.8               
  164  164 A E  E     +H  169   0D 124      5,-0.2     2,-0.5    -3,-0.1     5,-0.3  -0.752  36.2 174.0 -93.1 112.1    6.5    1.8   17.2               
  165  165 A V  E >  S-H  168   0D  12      3,-2.6     3,-1.2    -2,-0.7   -53,-0.3  -0.971  76.3 -17.1-116.2 120.7    5.6    1.4   13.5               
  166  166 A N  T 3  S-     0   0   80     -2,-0.5   -52,-0.2     1,-0.2    -1,-0.2   0.878 131.7 -47.5  47.6  47.5    8.0    3.0   11.0               
  167  167 A G  T 3  S+     0   0   72      1,-0.1     2,-0.4    -3,-0.1    -1,-0.2   0.565 120.3  96.4  76.7  12.7    9.7    5.1   13.8               
  168  168 A R  E <  S-H  165   0D  84     -3,-1.2    -3,-2.6    -5,-0.0     2,-0.6  -1.000  75.0-120.4-130.0 139.7    6.5    6.5   15.4               
  169  169 A K  E     -H  164   0D 115     -2,-0.4    -5,-0.2    -5,-0.3     2,-0.1  -0.645  34.7-146.6 -68.7 110.7    4.5    5.4   18.5               
  170  170 A I        -     0   0    5     -7,-2.8    -8,-1.8    -2,-0.6     2,-0.4  -0.478   5.5-147.1 -74.5 152.8    1.0    4.6   17.1               
  171  171 A R  E     -F  109   0C 139    -62,-2.3   -62,-2.9   -10,-0.2     2,-0.4  -0.995   6.3-148.4-125.8 132.7   -2.1    5.3   19.3               
  172  172 A L  E     -F  108   0C   9     -2,-0.4     2,-0.4   -64,-0.2   -64,-0.2  -0.860  14.1-177.3-107.8 129.2   -5.2    3.1   19.2               
  173  173 A V  E     -F  107   0C  49    -66,-2.6   -66,-2.9    -2,-0.4     2,-0.6  -0.987  29.4-123.4-128.6 124.7   -8.7    4.5   19.8               
  174  174 A E  E     -F  106   0C  45     -2,-0.4     2,-2.0   -68,-0.2   -68,-0.2  -0.544  18.8-148.8 -64.9 110.9  -12.0    2.4   19.9               
  175  175 A D        -     0   0   40    -70,-2.3   -70,-0.3    -2,-0.6    -1,-0.1  -0.490  19.3-163.0 -82.2  69.5  -14.3    4.1   17.3               
  176  176 A K        -     0   0  140     -2,-2.0     2,-2.2     1,-0.1     3,-0.4  -0.437  15.5-143.0 -58.4 116.5  -17.5    3.2   19.2               
  177  177 A P  S    S+     0   0  101      0, 0.0    -1,-0.1     0, 0.0    -2,-0.1  -0.120  72.6 104.8 -77.2  45.6  -20.4    3.5   16.7               
  178  178 A G  S    S+     0   0   72     -2,-2.2     3,-0.1     3,-0.0     4,-0.1   0.341  72.9  30.7-117.0   1.8  -22.6    4.9   19.6               
  179  179 A S  S    S+     0   0  112     -3,-0.4     2,-2.4     1,-0.1     3,-0.1   0.660  83.3  86.9-135.0 -41.6  -23.1    8.7   19.4               
  180  180 A R  S    S-     0   0  238      1,-0.2     3,-0.2     3,-0.0    -1,-0.1  -0.367  98.4 -86.7 -77.6  72.4  -23.1   10.3   15.8               
  181  181 A R        -     0   0  220     -2,-2.4     2,-1.5     1,-0.2    -1,-0.2   0.874  13.2-124.0  38.9 113.2  -26.8    9.9   15.1               
  182  182 A R        -     0   0  243     -3,-0.1     2,-1.8    -4,-0.1    -1,-0.2  -0.647  38.4-148.6 -55.2  92.1  -28.8    7.1   13.6               
  183  183 A R        -     0   0  233     -2,-1.5    -1,-0.1    -3,-0.2     3,-0.0  -0.664  31.8-116.2 -76.6  80.4  -29.9    9.8   11.1               
  184  184 A S        -     0   0   89     -2,-1.8     2,-2.4     1,-0.2    -1,-0.1   0.068  19.6-150.2 -42.6 113.7  -33.2    7.9   10.9               
  185  185 A Y  S    S+     0   0  232      1,-0.2    -1,-0.2     2,-0.1    -2,-0.0  -0.580  70.1 114.3 -72.3  70.2  -33.9    6.4    7.5               
  186  186 A S        +     0   0   80     -2,-2.4     2,-1.6     2,-0.1    -1,-0.2  -0.503  37.0 169.4-146.4  56.3  -37.5    7.0    8.6               
  187  187 A R        +     0   0  250      0, 0.0     3,-0.1     0, 0.0    -2,-0.1  -0.251  30.9 151.1 -75.7  45.8  -38.6    9.7    6.1               
  188  188 A S        -     0   0   79     -2,-1.6    -2,-0.1     1,-0.2     0, 0.0  -0.339  35.4  -9.0 -57.2 150.6  -42.1    9.2    7.3               
  189  189 A R  S    S+     0   0  235     -2,-0.1    -1,-0.2     2,-0.0    -3,-0.0   0.269  79.9  58.4  20.5 108.7  -44.9   11.6    7.4               
  190  190 A S        +     0   0  107     -3,-0.1     2,-0.2     0, 0.0    -2,-0.1   0.579  17.5 137.2-154.6 152.3  -45.3   14.6    7.0               
  191  191 A H        +     0   0  136      2,-0.0     2,-2.0     0, 0.0    -2,-0.0  -0.602  25.1 177.8-126.2  71.8  -45.0   17.5    4.5               
  192  192 A S        +     0   0  108     -2,-0.2     2,-1.1     1,-0.1    -3,-0.0  -0.531   7.4 167.6 -69.5  76.3  -48.2   19.5    4.9               
  193  193 A R        -     0   0  181     -2,-2.0     2,-1.1     2,-0.1    -1,-0.1  -0.724  16.8-166.5 -89.4  82.9  -47.5   22.3    2.4               
  194  194 A S        +     0   0  112     -2,-1.1     2,-0.3     1,-0.0    -2,-0.1  -0.610  23.0 156.7 -58.7  97.3  -51.0   23.8    2.2               
  195  195 A R        -     0   0  216     -2,-1.1     2,-0.3     2,-0.1    -2,-0.1  -0.784  29.3-151.6-128.8  94.6  -50.5   26.0   -0.9               
  196  196 A S        +     0   0  113     -2,-0.3     2,-0.2     2,-0.0    -2,-0.0  -0.466  35.9 136.0 -56.9 120.5  -54.0   26.6   -2.4               
  197  197 A R        -     0   0  247     -2,-0.3    -2,-0.1     2,-0.0     0, 0.0  -0.563  34.9-147.0-163.5 122.0  -54.3   27.3   -6.1               
  198  198 A S        +     0   0   99     -2,-0.2     2,-0.0     2,-0.0    -2,-0.0  -0.171  25.2 152.5 -54.1 152.6  -56.9   25.7   -8.3               
  199  199 A R        -     0   0  222      2,-0.0    -2,-0.0     0, 0.0     0, 0.0   0.031  27.7-114.1-178.4 136.6  -57.6   24.5  -11.5               
  200  200 A H        +     0   0  176     -2,-0.0     2,-0.2     2,-0.0    -2,-0.0   0.429  29.8 151.9  10.3 126.7  -59.9   22.0  -13.3               
  201  201 A S        -     0   0  117      2,-0.0     2,-0.5     0, 0.0    -2,-0.0  -0.552  15.0-172.1-157.1 135.9  -60.1   19.0  -15.2               
  202  202 A R        +     0   0  244     -2,-0.2     2,-0.4     2,-0.0    -2,-0.0  -0.934   8.2 172.5-100.7 122.6  -63.1   16.6  -15.2               
  203  203 A K        -     0   0  194     -2,-0.5     2,-0.2     2,-0.0    -2,-0.0  -0.886  15.0-163.5-128.2 103.1  -62.6   13.2  -17.1               
  204  204 A S        +     0   0  107     -2,-0.4     2,-0.2     2,-0.0    -2,-0.0  -0.519  18.2 168.9 -70.4 144.1  -65.6   10.8  -16.6               
  205  205 A R        -     0   0  248     -2,-0.2     2,-0.2     2,-0.0    -2,-0.0  -0.738  19.0-168.0-150.2 114.6  -65.6    7.1  -17.3               
  206  206 A S        +     0   0  110     -2,-0.2     2,-0.2     2,-0.0    -2,-0.0  -0.620  19.7 159.0 -84.5 151.4  -68.6    5.2  -16.0               
  207  207 A R        -     0   0  250     -2,-0.2     2,-0.2     2,-0.0    -2,-0.0  -0.714  29.9-129.1-162.0 148.3  -69.5    1.6  -15.5               
  208  208 A S        +     0   0  126     -2,-0.2     2,-0.2     2,-0.0    -2,-0.0  -0.523  28.4 161.5 -85.1 149.1  -72.1    0.1  -13.2               
  209  209 A G        -     0   0   81     -2,-0.2     2,-0.5     2,-0.0    -2,-0.0  -0.776  22.4-154.8-165.3 118.9  -72.0   -2.7  -10.6               
  210  210 A S        +     0   0  122     -2,-0.2     2,-0.3     2,-0.0    -2,-0.0  -0.877  23.9 157.2-109.1 128.6  -74.7   -3.1   -7.9               
  211  211 A S        -     0   0  122     -2,-0.5     2,-0.1     2,-0.1    -2,-0.0  -0.918  34.1-129.1-146.5 121.6  -74.7   -4.7   -4.4               
  212  212 A K        +     0   0  219     -2,-0.3     2,-0.3     2,-0.0    -2,-0.0  -0.308  32.7 158.0 -61.9 139.2  -77.2   -3.6   -1.7               
  213  213 A S        -     0   0  129     -2,-0.1     2,-0.4     2,-0.0    -2,-0.1  -0.860  21.7-158.7-155.1 142.0  -76.5   -2.6    1.9               
  214  214 A S        +     0   0  108     -2,-0.3     2,-0.3     0, 0.0    -2,-0.0  -0.956  18.5 151.1-126.3 126.4  -79.0   -0.5    4.0               
  215  215 A H        -     0   0  179     -2,-0.4    -2,-0.0     1,-0.2     0, 0.0  -0.956  40.0 -12.9-154.4 150.1  -79.0    1.7    7.0               
  216  216 A S        -     0   0  106     -2,-0.3     2,-0.4     1,-0.1    -1,-0.2   0.841  40.9-140.1  51.2 147.7  -80.7    4.7    8.7               
  217  217 A K        +     0   0  208      0, 0.0     2,-0.2     0, 0.0    -1,-0.1  -0.966  29.1 142.8-144.9 111.3  -83.1    7.5    7.8               
  218  218 A S        +     0   0  103     -2,-0.4     0, 0.0     1,-0.1     0, 0.0  -0.761  22.8  39.1 177.9 156.6  -83.3   11.3    8.7               
  219  219 A R        -     0   0  221     -2,-0.2    -1,-0.1     0, 0.0     0, 0.0   0.740  40.8-158.9-144.8 118.9  -84.0   14.6    8.1               
  220  220 A S        +     0   0   97      0, 0.0    -2,-0.0     0, 0.0     0, 0.0   0.963  17.8 151.0  80.2 153.9  -86.4   16.5    6.4               
  221  221 A R        +     0   0  239      0, 0.0     2,-0.0     0, 0.0     0, 0.0   0.608  30.3  88.7  75.7 136.5  -87.5   19.9    4.6               
  222  222 A S        +     0   0  101      1,-0.0     0, 0.0     2,-0.0     0, 0.0   0.508  23.6 180.0-171.5 149.4  -89.6   20.8    2.2               
  223  223 A R        -     0   0  240      1,-0.0    -1,-0.0    -2,-0.0     0, 0.0   0.602  21.3-121.9  22.1 145.3  -92.3   21.9   -0.3               
  224  224 A S        +     0   0  116      0, 0.0    -2,-0.0     0, 0.0    -1,-0.0   0.759  17.7 159.6 175.5 160.0  -93.4   22.6   -3.4               
  225  225 A G        -     0   0   65      0, 0.0     0, 0.0     0, 0.0     0, 0.0   0.314  20.1 -95.2 105.3 120.5  -94.9   24.0   -6.7               
  226  226 A S        -     0   0  112      1,-0.2     0, 0.0     0, 0.0     0, 0.0   0.258  21.5 -78.2  77.9  93.5  -95.5   24.3  -10.1               
  227  227 A R        +     0   0  245      0, 0.0    -1,-0.2     0, 0.0     2,-0.0   0.287  28.5 128.8  49.3 115.1  -95.1   25.5  -13.4               
  228  228 A S        -     0   0   92      1,-0.1     0, 0.0     0, 0.0     0, 0.0   0.505  16.0 -11.8 174.3 171.8  -95.6   27.6  -15.9               
  229  229 A R        +     0   0  236     -2,-0.0    -1,-0.1     0, 0.0     0, 0.0   0.556  21.1 109.1  65.9 155.9  -95.4   30.2  -18.8               
  230  230 A S        -     0   0   92      0, 0.0     0, 0.0     0, 0.0     0, 0.0   0.667  15.4 -95.9-169.3 165.2  -94.3   32.2  -21.1               
  231  231 A K        +     0   0  197      0, 0.0     0, 0.0     0, 0.0     0, 0.0   0.481  15.7  95.2  67.5 157.1  -93.1   34.4  -24.1               
  232  232 A S        -     0   0   79      0, 0.0     0, 0.0     0, 0.0     0, 0.0   0.664  19.6 -71.9-170.4 164.1  -91.3   36.0  -26.3               
  233  233 A R        +     0   0  239      0, 0.0     0, 0.0     0, 0.0     0, 0.0   0.494  20.5 122.2  67.3 155.0  -89.2   37.6  -29.2               
  234  234 A S        -     0   0   96      0, 0.0     0, 0.0     0, 0.0     0, 0.0   0.885  25.4 -57.3-158.6 169.8  -86.7   37.9  -31.4               
  235  235 A R        -     0   0  223      0, 0.0     0, 0.0     0, 0.0     0, 0.0   0.772  29.3 -48.1-176.0 158.9  -85.0   38.2  -34.3               
  236  236 A S        +     0   0   92      0, 0.0     0, 0.0     0, 0.0     0, 0.0   0.755  33.9  77.7  31.6 143.2  -83.7   37.5  -38.0               
  237  237 A Q        +     0   0  167      0, 0.0     0, 0.0     0, 0.0     0, 0.0   0.836  21.3 169.3-164.1 137.1  -82.4   35.8  -40.5               
  238  238 A S        +     0   0   87      0, 0.0     0, 0.0     0, 0.0     0, 0.0   0.612  12.7 145.0  61.8 135.1  -82.3   33.5  -43.3               
  239  239 A R        -     0   0  218      0, 0.0     0, 0.0     0, 0.0     0, 0.0   0.740  16.5-172.4-143.3 148.7  -81.5   31.7  -46.0               
  240  240 A S        +     0   0   90      2,-0.0     0, 0.0     0, 0.0     0, 0.0   0.475  13.7 137.2  53.2 136.2  -81.6   28.6  -47.7               
  241  241 A R        -     0   0  223      0, 0.0     0, 0.0     0, 0.0     0, 0.0   0.766  12.5-172.6-165.4 128.3  -81.0   26.3  -50.0               
  242  242 A S        +     0   0   91      0, 0.0    -2,-0.0     0, 0.0     0, 0.0   0.823  12.7 104.7  81.6 136.2  -80.2   22.8  -51.0               
  243  243 A K        +     0   0  200      0, 0.0     0, 0.0     0, 0.0     0, 0.0   0.519  18.7  39.8  71.5 154.0  -79.3   20.0  -53.4               
  244  244 A K        -     0   0  162      0, 0.0     0, 0.0     0, 0.0     0, 0.0   0.474  22.0-117.2-168.6 138.9  -77.7   17.6  -55.2               
  245  245 A E        +     0   0  125      0, 0.0     0, 0.0     0, 0.0     0, 0.0   0.750  30.1  90.9  62.3 157.8  -75.4   14.7  -56.4               
  246  246 A K        -     0   0  167      0, 0.0     0, 0.0     0, 0.0     0, 0.0   0.894  29.3-139.0  67.7  92.0  -72.6   13.1  -58.4               
  247  247 A S        +     0   0   98      0, 0.0     2,-0.0     0, 0.0     0, 0.0   0.623  35.0 102.4  41.8 140.1  -69.2   12.1  -58.7               
  248  248 A R        -     0   0  247      0, 0.0     0, 0.0     0, 0.0     0, 0.0   0.226  36.0-139.9  95.7 141.4  -66.2   12.0  -61.2               
  249  249 A S        -     0   0  116     -2,-0.0     2,-0.0     0, 0.0     0, 0.0  -0.269  14.3-168.0 -85.6 171.1  -62.9   13.8  -62.0               
  250  250 A P        -     0   0  113      0, 0.0     0, 0.0     0, 0.0     0, 0.0  -0.037  19.7-107.0-156.7 162.9  -60.4   15.2  -63.8               
  251  251 A S        +     0   0   96     -2,-0.0     0, 0.0     2,-0.0     0, 0.0   0.916  27.6  39.9  59.6 142.7  -56.9   16.7  -63.8               
  252  252 A K        +     0   0  195      1,-0.0     0, 0.0     0, 0.0     0, 0.0   0.521   6.6 137.4  71.2 151.6  -54.3   19.5  -64.1               
  253  253 A E        -     0   0  136      0, 0.0    -1,-0.0     0, 0.0    -2,-0.0   0.636  28.7 -26.4-149.9 165.7  -52.3   22.1  -64.1               
  254  254 A K        +     0   0  165      0, 0.0     0, 0.0     0, 0.0     0, 0.0   0.886  22.9 101.0  54.2 149.6  -48.8   23.9  -63.8               
  255  255 A S        -     0   0   80      0, 0.0     0, 0.0     0, 0.0     0, 0.0   0.785  19.9 -80.2-171.0 171.0  -45.8   24.8  -63.2               
  256  256 A R        +     0   0  230      0, 0.0     2,-0.1     0, 0.0     0, 0.0   0.650  18.9 168.9  72.1 156.2  -42.0   25.8  -63.1               
  257  257 A S        -     0   0   95      0, 0.0     2,-0.2     0, 0.0     0, 0.0  -0.326  16.2-151.0 170.5 129.8  -38.7   25.1  -62.7               
  258  258 A R        -     0   0  250     -2,-0.1     2,-0.1     0, 0.0     0, 0.0  -0.760  19.9-145.1-179.1 162.3  -34.9   25.4  -62.6               
  259  259 A S        +     0   0   89     -2,-0.2     0, 0.0     2,-0.0     0, 0.0  -0.192  18.7 166.7 -89.1 169.9  -31.5   23.5  -62.8               
  260  260 A H        -     0   0  165     -2,-0.1     0, 0.0     0, 0.0     0, 0.0   0.406  25.1 -98.6-164.5 151.5  -28.3   22.7  -62.3               
  261  261 A S        +     0   0  102      1,-0.0    -2,-0.0     0, 0.0     0, 0.0   0.564  24.2 124.3   7.2 155.9  -25.6   20.0  -62.8               
  262  262 A A        -     0   0  101      0, 0.0    -1,-0.0     0, 0.0     0, 0.0   0.543  12.1  -1.1-175.8 149.8  -23.6   17.5  -62.2               
  263  263 A G        -     0   0   78      0, 0.0     0, 0.0     0, 0.0     0, 0.0   0.514  15.2 -82.3  85.1 163.6  -21.6   14.3  -62.2               
  264  264 A K        -     0   0  194      0, 0.0     0, 0.0     0, 0.0     0, 0.0   0.079  12.6-146.7-167.4 124.9  -20.1   11.5  -62.4               
  265  265 A S        +     0   0  102      0, 0.0     0, 0.0     0, 0.0     0, 0.0   0.344  12.1 162.3  69.1 166.1  -19.1    7.7  -62.1               
  266  266 A R        -     0   0  220      0, 0.0     0, 0.0     0, 0.0     0, 0.0   0.617  18.3-124.7-163.4 138.7  -17.8    4.7  -61.9               
  267  267 A S        +     0   0  104      0, 0.0     0, 0.0     0, 0.0     0, 0.0   0.783  24.7 124.6  50.4 159.1  -17.8    0.8  -61.2               
  268  268 A K        -     0   0  183      0, 0.0     0, 0.0     0, 0.0     0, 0.0   0.779  15.7-177.7-157.5 123.2  -17.4   -2.4  -60.2               
  269  269 A S        -     0   0  115      0, 0.0     2,-0.1     0, 0.0     0, 0.0   0.350   7.4-173.9  66.4 110.4  -19.0   -5.3  -59.0               
  270  270 A K        -     0   0  188      0, 0.0     0, 0.0     0, 0.0     0, 0.0  -0.379  30.5 -83.4-166.9 121.9  -18.7   -8.9  -57.8               
  271  271 A D        -     0   0  105     -2,-0.1     0, 0.0     0, 0.0     0, 0.0   0.803  27.9-137.0  41.8 120.8  -21.2  -11.7  -56.7               
  272  272 A Q        -     0   0  175      0, 0.0     0, 0.0     0, 0.0     0, 0.0   0.868  11.2-175.5  79.8 143.1  -23.4  -13.7  -54.7               
  273  273 A A        -     0   0   87      0, 0.0     2,-0.0     0, 0.0     0, 0.0   0.746   3.1-160.7-156.2-168.5  -25.3  -15.7  -53.0               
  274  274 A E        +     0   0  180      2,-0.0     0, 0.0     1,-0.0     0, 0.0   0.021  14.6 120.4 -73.2-179.4  -27.9  -17.4  -50.7               
  275  275 A E        -     0   0  129     -2,-0.0    -1,-0.0     0, 0.0     0, 0.0   0.788  21.9-111.7-156.3 171.4  -29.4  -19.8  -48.9               
  276  276 A K        -     0   0  145      0, 0.0    -2,-0.0     0, 0.0     0, 0.0   0.753  31.6 -26.1  36.3 129.2  -31.0  -21.8  -45.9               
  277  277 A I        +     0   0  142      1,-0.0     2,-0.1     0, 0.0     0, 0.0   0.868  25.7 136.8  55.7 117.8  -31.1  -24.5  -43.4               
  278  278 A Q        -     0   0  186      2,-0.0     2,-0.4     0, 0.0    -1,-0.0  -0.276  15.9-165.1-175.5 147.6  -30.4  -27.7  -41.8               
  279  279 A N        +     0   0  164     -2,-0.1     2,-0.3     2,-0.0     0, 0.0  -0.889  21.5 146.4 -95.2 137.2  -29.6  -29.2  -38.4               
  280  280 A N        -     0   0  154     -2,-0.4     2,-0.3     2,-0.0    -2,-0.0  -0.875  34.0-122.9-155.9 154.7  -28.3  -32.6  -37.5               
  281  281 A D        +     0   0  137     -2,-0.3     2,-0.2     2,-0.0    -2,-0.0  -0.632  33.5 146.7 -74.5 136.6  -25.9  -34.0  -34.8               
  282  282 A N        -     0   0  150     -2,-0.3    -2,-0.0     2,-0.0     2,-0.0  -0.625  35.5-124.4-167.9 160.1  -22.9  -35.9  -35.0               
  283  283 A V        +     0   0  138     -2,-0.2     2,-0.1     2,-0.0    -2,-0.0  -0.228  37.1 146.2 -49.2 136.6  -19.5  -36.6  -33.3               
  284  284 A G        +     0   0   74      1,-0.0    -2,-0.0    -2,-0.0     0, 0.0  -0.492   9.3 138.8 179.6 115.1  -16.1  -36.4  -35.1               
  285  285 A K        +     0   0  188     -2,-0.1     2,-0.3     2,-0.0    -1,-0.0  -0.656   9.4 164.0-163.2 118.4  -12.5  -35.4  -34.1               
  286  286 A P        -     0   0  119      0, 0.0     2,-0.2     0, 0.0     0, 0.0  -0.918   9.0-168.8-128.8 163.8   -8.9  -36.2  -34.4               
  287  287 A K        -     0   0  190     -2,-0.3     2,-0.3     0, 0.0    -2,-0.0  -0.738   4.6-163.4  84.9  92.8   -5.8  -34.8  -33.9               
  288  288 A S        +     0   0  113     -2,-0.2     2,-0.1     1,-0.0     0, 0.0  -0.896  13.7 158.5-149.8 143.0   -2.2  -35.6  -34.7               
  289  289 A R        -     0   0  236     -2,-0.3    -1,-0.0     2,-0.0     0, 0.0   0.496  15.0-176.7  80.4 142.9    1.0  -34.6  -33.8               
  290  290 A S        +     0   0  113     -2,-0.1     2,-0.2     2,-0.0    -2,-0.0   0.560   7.1 162.7-151.3 168.9    4.2  -35.1  -33.5               
  291  291 A P        -     0   0  128      0, 0.0     2,-0.2     0, 0.0    -2,-0.0  -0.790  23.3-136.3-115.5 167.8    7.6  -33.6  -32.1               
  292  292 A S        -     0   0  125     -2,-0.2     2,-0.3     0, 0.0    -2,-0.0  -0.593  16.3-166.6-134.0-176.0   11.1  -35.0  -31.4               
  293  293 A R        -     0   0  221     -2,-0.2     2,-0.2     2,-0.0     0, 0.0  -0.963  16.4-140.6-173.1 126.7   13.7  -34.9  -28.7               
  294  294 A H        -     0   0  196     -2,-0.3     2,-0.3     2,-0.0     0, 0.0  -0.646  22.1-174.8-117.8 167.7   17.3  -35.4  -27.3               
  295  295 A K        +     0   0  201     -2,-0.2     2,-0.3     2,-0.0    -2,-0.0  -0.935  12.3 162.8-165.6 128.7   18.5  -36.6  -23.9               
  296  296 A S        -     0   0  121     -2,-0.3     2,-0.3     2,-0.0    -2,-0.0  -0.946  14.2-157.3-153.8 166.1   21.7  -37.2  -21.7               
  297  297 A K        +     0   0  207     -2,-0.3     2,-0.2     2,-0.0    -2,-0.0  -0.880  15.4 158.2-153.7 122.3   22.5  -37.7  -17.9               
  298  298 A S        -     0   0  118     -2,-0.3     2,-0.1     2,-0.0    -2,-0.0  -0.740   7.8-179.3-173.3 128.7   25.5  -37.3  -15.4               
  299  299 A K        +     0   0  200     -2,-0.2    -2,-0.0     0, 0.0     2,-0.0   0.123  17.7 116.5  89.9 130.5   25.9  -36.9  -12.1               
  300  300 A S        +     0   0  106     -2,-0.1    -2,-0.0     0, 0.0     0, 0.0   0.181  23.0  54.6  77.7 153.2   28.9  -36.5   -9.6               
  301  301 A R        -     0   0  243      1,-0.1     2,-0.3    -2,-0.0     0, 0.0   0.819  20.1-164.6-154.6 176.7   30.7  -35.0   -7.4               
  302  302 A S        +     0   0  100      2,-0.0     2,-0.1     0, 0.0    -1,-0.1  -0.814  17.6 142.9-109.0 141.7   31.6  -33.1   -4.1               
  303  303 A R        -     0   0  236     -2,-0.3     2,-0.1     2,-0.0     0, 0.0  -0.398  18.1-158.0 172.5 134.6   34.2  -30.9   -2.3               
  304  304 A S        +     0   0  110     -2,-0.1     2,-0.2     2,-0.0    -2,-0.0  -0.230  15.3 156.4  76.3  92.3   34.8  -28.3   -0.2               
  305  305 A Q        -     0   0  184     -2,-0.1     2,-0.2     2,-0.0    -2,-0.0  -0.646  19.1-152.0-166.8 148.8   37.4  -25.9    0.7               
  306  306 A E        +     0   0  180     -2,-0.2     2,-0.2     2,-0.0    -2,-0.0  -0.609  12.1 179.1 -85.9 159.0   37.6  -22.4    2.3               
  307  307 A R        -     0   0  229     -2,-0.2     2,-0.4     2,-0.0    -2,-0.0  -0.665   8.2-171.9-159.0 121.8   40.2  -19.6    1.8               
  308  308 A R        +     0   0  245     -2,-0.2     2,-0.3     2,-0.0    -2,-0.0  -0.822  12.3 173.1 -82.0 143.5   40.4  -16.2    3.4               
  309  309 A V        -     0   0  134     -2,-0.4     2,-0.3     2,-0.0    -2,-0.0  -0.913   7.9-169.2-144.0 129.6   43.1  -13.8    2.0               
  310  310 A E        +     0   0  177     -2,-0.3     2,-0.2     2,-0.0    -2,-0.0  -0.784  14.1 150.1 -88.8 151.7   43.5  -10.1    3.0               
  311  311 A E        -     0   0  184     -2,-0.3    -2,-0.0     2,-0.0     0, 0.0  -0.643  23.9-120.7-175.4 172.7   45.4   -7.4    1.7               
  312  312 A E        -     0   0  109     -2,-0.2     2,-0.2     2,-0.0    -2,-0.0  -0.004  13.3-174.9 -58.6 162.4   45.8   -3.6    1.1               
  313  313 A K        -     0   0  215      2,-0.0     2,-0.2     0, 0.0    -2,-0.0  -0.759  23.6-163.0-151.1 156.3   46.2   -0.9   -1.1               
  314  314 A R        +     0   0  209     -2,-0.2     2,-0.1     2,-0.0    -2,-0.0  -0.752   9.3 173.6-115.6 157.1   46.7    2.7    0.1               
  315  315 A G        +     0   0   76     -2,-0.2    -2,-0.0     0, 0.0     0, 0.0  -0.378  24.6  20.9 147.3 142.9   46.6    6.4   -1.1               
  316  316 A S        -     0   0  111     -2,-0.1    -2,-0.0     0, 0.0     0, 0.0   0.371  29.1-159.9-162.8 131.0   46.7    9.4   -0.5               
  317  317 A V        +     0   0  139      0, 0.0     2,-0.1     0, 0.0     0, 0.0   0.686   9.5 161.8  42.6 119.5   47.7   12.5    1.6               
  318  318 A S        -     0   0  104      0, 0.0     0, 0.0     0, 0.0     0, 0.0  -0.152  31.4 -56.0-177.8 132.3   47.3   16.0    2.5               
  319  319 A R        +     0   0  252     -2,-0.1     2,-0.0     0, 0.0     0, 0.0   0.712  32.0 149.8  32.9 135.8   48.0   18.6    5.2               
  320  320 A G        +     0   0   72      0, 0.0     0, 0.0     0, 0.0     0, 0.0   0.734   5.5 155.7 159.2 166.0   48.0   19.8    8.1               
  321  321 A R        +     0   0  246     -2,-0.0     0, 0.0     0, 0.0     0, 0.0   0.859   9.6 107.0  46.7 143.5   49.1   21.9   11.3               
  322  322 A S        -     0   0   83      0, 0.0     0, 0.0     0, 0.0     0, 0.0   0.668  30.6 -43.5-166.8 151.8   49.3   23.5   14.1               
  323  323 A Q        +     0   0  157      0, 0.0     0, 0.0     0, 0.0     0, 0.0   0.840  28.5  67.0  62.4 146.3   50.2   24.0   17.8               
  324  324 A E        -     0   0  118      0, 0.0     0, 0.0     0, 0.0     0, 0.0   0.822  20.6-110.8-159.6 172.6   50.6   23.6   21.0               
  325  325 A K        -     0   0  172      0, 0.0     0, 0.0     0, 0.0     0, 0.0   0.648  11.7-151.6  18.0 151.3   51.6   22.7   24.7               
  326  326 A S        +     0   0   91      0, 0.0     0, 0.0     0, 0.0     0, 0.0   0.853   6.7 179.1 158.5 178.2   51.0   21.4   27.8               
  327  327 A L        +     0   0  151      0, 0.0     2,-0.0     0, 0.0     0, 0.0   0.360  18.6  43.1  77.3 155.3   51.6   21.2   31.7               
  328  328 A R        -     0   0  201      1,-0.1     0, 0.0     2,-0.0     0, 0.0   0.299  23.0-139.5-161.5 147.5   50.9   19.8   34.6               
  329  329 A Q        -     0   0  141      1,-0.0    -1,-0.1     2,-0.0     0, 0.0   0.632  40.3 -82.1  30.4 109.2   50.1   18.0   38.0               
  330  330 A S        +     0   0  101      1,-0.0    -2,-0.0     0, 0.0    -1,-0.0   0.728  23.6 171.5  44.7 126.4   47.9   18.4   41.0               
  331  331 A R        -     0   0  230      1,-0.0    -2,-0.0     0, 0.0    -1,-0.0   0.235  24.1-121.1 176.2 113.1   47.2   19.7   44.4               
  332  332 A S        +     0   0   98      0, 0.0    -1,-0.0     0, 0.0     0, 0.0   0.734  35.6 113.4  67.9 159.9   44.3   19.7   46.9               
  333  333 A R        -     0   0  228      2,-0.0     0, 0.0     0, 0.0     0, 0.0   0.972  28.3-158.4  61.8  92.2   41.7   21.7   49.1               
  334  334 A S        -     0   0  105      1,-0.0     2,-0.2     0, 0.0     0, 0.0   0.574  16.0-154.4  86.9 121.4   38.4   22.1   49.3               
  335  335 A R        -     0   0  258      2,-0.0     2,-0.3     0, 0.0    -1,-0.0  -0.863  26.6-140.2-165.4 164.3   35.3   24.0   50.4               
  336  336 A S        +     0   0  105     -2,-0.2     2,-0.1     2,-0.0     0, 0.0  -0.845  25.6 154.5-129.7 151.0   31.7   22.9   51.1               
  337  337 A K        -     0   0  220     -2,-0.3    -2,-0.0     0, 0.0     2,-0.0  -0.177  24.9-171.6 159.3 136.8   27.8   23.3   51.0               
  338  338 A G        -     0   0   82     -2,-0.1    -2,-0.0     2,-0.0     0, 0.0   0.482  38.4-177.1 155.6 141.5   25.3   21.3   51.0               
  339  339 A G        +     0   0   83     -2,-0.0     2,-0.3     1,-0.0     0, 0.0   0.548  29.8 155.0 156.7  36.3   21.8   19.7   50.9               
  340  340 A S        +     0   0  117      2,-0.0     2,-0.1     1,-0.0    -2,-0.0  -0.607   4.9 164.3 -81.1 144.2   21.1   15.9   51.6               
  341  341 A R        +     0   0  256     -2,-0.3     2,-0.3     0, 0.0    -1,-0.0  -0.511  20.8 125.3-156.5 101.2   17.9   14.3   52.8               
  342  342 A S        +     0   0  113     -2,-0.1     2,-0.2     2,-0.1    -2,-0.0  -0.991  24.1 172.3-136.3 133.3   17.3   10.5   52.7               
  343  343 A R        +     0   0  252     -2,-0.3     2,-0.3     2,-0.0     0, 0.0  -0.735   6.6 170.2-148.6 106.2   16.3    8.3   55.8               
  344  344 A S        +     0   0  112     -2,-0.2     2,-0.1     2,-0.0    -2,-0.1  -0.707   8.8 172.3 -81.5 153.3   15.3    4.7   55.9               
  345  345 A R        -     0   0  251     -2,-0.3     2,-0.0     2,-0.0    -2,-0.0  -0.551   8.9-164.6-166.0 121.4   14.9    2.9   59.3               
  346  346 A S        +     0   0  100     -2,-0.1     2,-0.2     2,-0.0    -2,-0.0  -0.240  11.6 173.2 -55.8 158.9   13.6   -0.6   60.1               
  347  347 A R        -     0   0  246     -2,-0.0     2,-0.1     2,-0.0    -2,-0.0  -0.548   9.3-169.1-169.9 155.1   12.4   -2.6   62.9               
  348  348 A S        +     0   0  108     -2,-0.2     2,-0.2     2,-0.0    -2,-0.0  -0.476  12.3 174.9 -99.2 163.7   10.8   -6.0   63.4               
  349  349 A K        -     0   0  211     -2,-0.1     2,-0.2     2,-0.0    -2,-0.0  -0.630  10.5-174.2-168.1 143.0    9.1   -8.4   65.8               
  350  350 A S        +     0   0  114     -2,-0.2     2,-0.2     2,-0.0    -2,-0.0  -0.735   7.4 166.9-110.2 159.9    7.4  -11.8   65.4               
  351  351 A K        -     0   0  209     -2,-0.2     2,-0.1     2,-0.0    -2,-0.0  -0.619  12.8-154.8-172.3 143.3    5.4  -14.4   67.4               
  352  352 A D        +     0   0  146     -2,-0.2     2,-0.2     0, 0.0    -2,-0.0  -0.404  13.1 167.2 -75.7 160.8    3.2  -17.5   66.8               
  353  353 A K        -     0   0  212     -2,-0.1     2,-0.1     0, 0.0    -2,-0.0  -0.621  15.5-144.6-170.8 168.6    0.6  -19.5   68.1               
  354  354 A R        +     0   0  233     -2,-0.2     0, 0.0     2,-0.0     0, 0.0  -0.292  28.4 121.9 -90.9 178.3   -1.8  -22.4   67.2               
  355  355 A K        +     0   0  210     -2,-0.1     2,-0.1     2,-0.0     0, 0.0   0.614  13.2 167.9  86.0 127.4   -5.5  -23.7   67.7               
  356  356 A G        -     0   0   76      0, 0.0     2,-0.3     0, 0.0    -2,-0.0  -0.262  13.1-157.2 107.4 106.1   -8.0  -24.5   66.0               
  357  357 A R        -     0   0  258     -2,-0.1     2,-0.1     2,-0.0    -2,-0.0  -0.944  16.0-128.7-156.7 150.2  -11.4  -26.3   66.5               
  358  358 A K        +     0   0  198     -2,-0.3     2,-0.1     2,-0.0     0, 0.0  -0.487  24.3 163.8 -78.4 158.1  -13.9  -28.1   64.2               
  359  359 A R        +     0   0  252     -2,-0.1     2,-0.3     2,-0.0    -2,-0.0  -0.346   4.5 169.6-167.3 118.6  -17.6  -28.1   63.6               
  360  360 A S        +     0   0  119     -2,-0.1     2,-0.2     2,-0.0    -2,-0.0  -0.697   3.9 176.1 -85.4 154.5  -19.5  -29.5   60.6               
  361  361 A R        -     0   0  208     -2,-0.3     2,-0.3     2,-0.0    -2,-0.0  -0.636   5.0-176.8-155.3 115.6  -23.2  -29.9   60.4               
  362  362 A E        +     0   0  186     -2,-0.2     2,-0.2     2,-0.0    -2,-0.0  -0.747   7.6 171.2 -75.4 147.0  -25.1  -31.1   57.4               
  363  363 A E        -     0   0  128     -2,-0.3     2,-0.3     0, 0.0    -2,-0.0  -0.709   6.9-175.3-153.1 125.3  -28.9  -31.1   57.5               
  364  364 A S        +     0   0  105     -2,-0.2     2,-0.1     2,-0.0    -2,-0.0  -0.839   8.1 164.4-104.3 141.1  -31.0  -31.8   54.4               
  365  365 A R        -     0   0  210     -2,-0.3     0, 0.0     2,-0.0     0, 0.0  -0.380  23.9-126.6-168.9 100.5  -34.8  -31.7   54.0               
  366  366 A S        +     0   0   98     -2,-0.1    -2,-0.0     1,-0.0     0, 0.0   0.525  23.8 171.6  32.3 125.6  -37.1  -31.7   51.0               
  367  367 A R        +     0   0  243      0, 0.0     2,-0.1     0, 0.0    -2,-0.0   0.006  23.1 167.0 177.4  74.0  -40.1  -29.7   49.5               
  368  368 A S        +     0   0   98      0, 0.0     0, 0.0     0, 0.0     0, 0.0  -0.150   1.9 145.5  38.0 110.6  -41.0  -30.6   46.2               
  369  369 A R        -     0   0  229     -2,-0.1     0, 0.0     1,-0.1     0, 0.0   0.364  18.8-117.5 165.0 123.4  -43.9  -29.9   44.0               
  370  370 A S        +     0   0  106      0, 0.0    -1,-0.1     0, 0.0     0, 0.0   0.467  19.8 161.3  71.7 162.7  -45.3  -29.3   40.5               
  371  371 A R        -     0   0  223      0, 0.0     0, 0.0     0, 0.0     0, 0.0   0.656  18.5 -49.5-164.3 150.1  -46.5  -28.4   37.7               
  372  372 A S        +     0   0  100      0, 0.0     0, 0.0     0, 0.0     0, 0.0   0.602  21.0  73.3  64.2 157.0  -47.3  -28.3   33.8               
  373  373 A K        -     0   0  187      0, 0.0     0, 0.0     0, 0.0     0, 0.0   0.596  11.4-144.8-167.9 146.1  -47.4  -28.3   30.5               
  374  374 A S        +     0   0  109      0, 0.0     0, 0.0     0, 0.0     0, 0.0   0.793  15.8 144.9  57.2 155.6  -47.3  -28.8   26.7               
  375  375 A E        -     0   0  144      0, 0.0     0, 0.0     0, 0.0     0, 0.0   0.839  22.9-164.9-143.5 142.1  -47.0  -28.7   23.3               
  376  376 A R        +     0   0  199      2,-0.0     2,-0.0     0, 0.0     0, 0.0   0.292  17.8 162.9  75.9 102.4  -46.2  -30.7   20.4               
  377  377 A S        +     0   0  113      2,-0.0     2,-0.1     0, 0.0     0, 0.0   0.309  11.0 173.4 177.9 140.5  -45.4  -31.5   17.1               
  378  378 A R        +     0   0  236     -2,-0.0     2,-0.2     2,-0.0    -2,-0.0  -0.245  12.4 173.8  82.0  97.3  -44.1  -34.1   15.1               
  379  379 A K        +     0   0  216     -2,-0.1     2,-0.3     0, 0.0    -2,-0.0  -0.863  14.3 169.6-152.6 151.7  -43.3  -35.4   11.6               
  380  380 A R        +     0   0  253     -2,-0.2     2,-0.1     0, 0.0    -2,-0.0  -0.933  11.2 143.4-137.2 161.0  -41.5  -38.6   10.6               
  381  381 A G        +     0   0   77     -2,-0.3     0, 0.0     0, 0.0     0, 0.0  -0.025  17.1  21.6 116.5 143.7  -40.9  -40.6    7.3               
  382  382 A S        -     0   0  121      1,-0.1     2,-0.1    -2,-0.1     0, 0.0   0.685   8.7-176.9-159.1 156.0  -39.4  -42.3    5.2               
  383  383 A K        +     0   0  189      2,-0.0     2,-0.2     0, 0.0    -1,-0.1  -0.372  19.1 164.0 -60.5 153.6  -36.8  -44.8    3.7               
  384  384 A R        -     0   0  248     -2,-0.1     2,-0.3     2,-0.0     0, 0.0  -0.554  11.1-170.6-165.7 129.2  -36.3  -45.8    0.1               
  385  385 A D        +     0   0  142     -2,-0.2     2,-0.2     2,-0.0    -2,-0.0  -0.811  10.6 175.1-102.4 140.5  -33.3  -47.5   -1.5               
  386  386 A S        -     0   0  120     -2,-0.3     2,-0.0     2,-0.0    -2,-0.0  -0.681  12.0 -81.9 174.7 160.1  -32.4  -48.2   -5.2               
  387  387 A K        -     0   0  195     -2,-0.2    -2,-0.0     0, 0.0     0, 0.0   0.095  26.5  -3.6-171.3 131.7  -30.2  -49.4   -7.4               
  388  388 A A        +     0   0  104     -2,-0.0    -2,-0.0     0, 0.0     0, 0.0   0.452  15.5 134.1  60.9 159.2  -27.3  -50.1   -9.9               
  389  389 A G        +     0   0   72      0, 0.0     2,-0.1     0, 0.0     0, 0.0   0.864  11.4 155.6-172.3-169.9  -24.7  -49.8  -11.8               
  390  390 A S        +     0   0  121      0, 0.0     2,-0.2     0, 0.0     0, 0.0  -0.444   2.7 146.2 165.3  90.4  -21.7  -50.9  -12.9               
  391  391 A S        -     0   0  107     -2,-0.1     2,-0.0     2,-0.0     0, 0.0  -0.687  14.4-161.1-176.4 127.9  -18.7  -51.4  -15.4               
  392  392 A K        +     0   0  196     -2,-0.2     0, 0.0     2,-0.0     0, 0.0   0.580   8.5 157.7  64.4 138.1  -15.3  -51.9  -16.1               
  393  393 A K        -     0   0  184     -2,-0.0    -2,-0.0     0, 0.0     0, 0.0   0.750  10.2-143.5-161.8 174.6  -12.4  -52.0  -17.6               
  394  394 A K        -     0   0  182      1,-0.0    -2,-0.0     0, 0.0     2,-0.0   0.376  17.2 -96.2 -14.9 170.2   -8.6  -52.1  -18.5               
  395  395 A K        +     0   0  167      0, 0.0    -1,-0.0     0, 0.0     0, 0.0   0.759  25.8 102.3 169.3 162.1   -5.7  -51.4  -20.3               
  396  396 A K        -     0   0  135     -2,-0.0     0, 0.0     0, 0.0     0, 0.0   0.419  25.2 -72.8  77.2 131.5   -2.6  -51.5  -22.8               
  397  397 A E        +     0   0  135      0, 0.0     0, 0.0     0, 0.0     0, 0.0   0.887  16.7 109.9  74.7 152.1   -0.8  -50.6  -25.8               
  398  398 A D        -     0   0  127      0, 0.0     0, 0.0     0, 0.0     0, 0.0   0.838  11.5 -23.8-159.8 177.0    0.7  -50.1  -28.7               
  399  399 A T        -     0   0  129      0, 0.0     2,-0.0     0, 0.0     0, 0.0   0.462  16.5-114.8  59.9 170.9    2.4  -49.1  -32.1               
  400  400 A D        +     0   0  106      0, 0.0     0, 0.0     0, 0.0     0, 0.0   0.475  13.6  82.5-168.3 161.2    3.1  -47.7  -35.1               
  401  401 A R        +     0   0  211     -2,-0.0     0, 0.0     0, 0.0     0, 0.0   0.569  10.2 124.0  58.0 160.0    3.9  -46.3  -38.7               
  402  402 A S        -     0   0   81      0, 0.0     0, 0.0     0, 0.0     0, 0.0   0.695  20.0-164.0-156.0 143.9    3.9  -45.1  -41.7               
  403  403 A Q        -     0   0  184      0, 0.0     0, 0.0     0, 0.0     0, 0.0   0.715  13.4-171.8  60.2 161.2    5.0  -42.6  -44.4               
  404  404 A S        -     0   0   82      0, 0.0     0, 0.0     0, 0.0     0, 0.0   0.758  25.5 -26.0-159.6 158.6    5.5  -40.7  -47.0               
  405  405 A R        -     0   0  230      2,-0.0     0, 0.0     0, 0.0     0, 0.0   0.797  37.9  -1.8  65.6 144.5    7.4  -38.1  -49.3               
  406  406 A S        +     0   0  108      1,-0.1     2,-0.3     0, 0.0     0, 0.0   0.723  11.9 153.8-162.1 151.9    9.4  -35.7  -50.2               
  407  407 A P        +     0   0  127      0, 0.0     2,-0.2     0, 0.0    -1,-0.1  -0.970  22.1 152.5-126.9 148.4   12.1  -32.8  -50.3               
  408  408 A S        -     0   0  108     -2,-0.3     0, 0.0     1,-0.2     0, 0.0  -0.668  18.9 -11.0-173.4 136.3   14.7  -31.2  -52.8               
  409  409 A R        +     0   0  243     -2,-0.2    -1,-0.2     0, 0.0     0, 0.0   0.623  29.3  98.0  62.3 157.9   16.8  -28.2  -54.1               
  410  410 A S        +     0   0  101      1,-0.0    -2,-0.0     0, 0.0     2,-0.0   0.821  10.0 155.0-153.4 141.1   18.2  -25.3  -54.8               
  411  411 A V        +     0   0  133      0, 0.0    -1,-0.0     0, 0.0     0, 0.0   0.561  23.7 123.5  71.8 138.2   20.8  -23.0  -54.3               
  412  412 A S        +     0   0  105     -2,-0.0     0, 0.0     0, 0.0     0, 0.0   0.412  13.7  76.1  77.2 149.1   22.5  -20.1  -56.3               
  413  413 A K        +     0   0  166      0, 0.0     0, 0.0     0, 0.0     0, 0.0   0.764  23.8 179.4-157.2 133.4   23.6  -17.1  -56.9               
  414  414 A E        +     0   0  145      0, 0.0     0, 0.0     0, 0.0     0, 0.0   0.923   9.1 138.4  84.7 147.6   26.1  -14.5  -56.4               
  415  415 A R        -     0   0  204      0, 0.0     2,-0.1     0, 0.0     0, 0.0   0.789  10.0-172.8  73.0 121.2   27.7  -11.0  -56.9               
  416  416 A E        -     0   0  164      0, 0.0     0, 0.0     0, 0.0     0, 0.0  -0.039   3.1-169.7  70.2 110.7   29.3   -8.3  -55.6               
  417  417 A H        -     0   0  162     -2,-0.1     0, 0.0     2,-0.0     0, 0.0  -0.046  22.9-137.2-170.1 102.4   30.4   -5.0  -56.7               
  418  418 A A        +     0   0   80      0, 0.0     0, 0.0     0, 0.0     0, 0.0   0.831  29.4 126.0  40.2 153.3   32.6   -2.6  -54.8               
  419  419 A K        -     0   0  204      0, 0.0    -2,-0.0     0, 0.0     2,-0.0   0.584  20.2-169.2  74.5 147.7   33.3    1.1  -53.7               
  420  420 A S        +     0   0   80      0, 0.0     0, 0.0     0, 0.0     0, 0.0   0.617  20.2 149.0-179.1 167.5   33.8    3.2  -51.2               
  421  421 A E        -     0   0  178     -2,-0.0     2,-0.0     0, 0.0     0, 0.0   0.588  17.6-162.8  68.1 149.6   34.3    6.4  -49.0               
  422  422 A S        +     0   0   93      2,-0.0     0, 0.0     0, 0.0     0, 0.0   0.503  21.9 124.6 174.6 172.3   33.9    7.7  -46.0               
  423  423 A S        -     0   0  100      2,-0.0     0, 0.0    -2,-0.0     0, 0.0   0.967  37.7-103.5  58.4  97.7   33.6   10.6  -43.4               
  424  424 A Q        -     0   0  190      1,-0.1    -2,-0.0     2,-0.0     0, 0.0   0.453  36.5 -12.7  27.6 145.9   31.3   11.9  -40.9               
  425  425 A R        +     0   0  233      1,-0.1     2,-0.2     2,-0.1    -1,-0.1   0.252  24.2 169.2 162.0  99.9   29.0   13.9  -39.6               
  426  426 A E        +     0   0  177      2,-0.0    -1,-0.1     0, 0.0    -2,-0.0  -0.719  19.3 118.5-129.7 169.8   26.9   17.2  -39.7               
  427  427 A G        +     0   0   67     -2,-0.2     2,-0.2     0, 0.0    -2,-0.1   0.684   8.6 158.8  95.4 107.6   23.9   19.1  -38.1               
  428  428 A R        +     0   0  217      2,-0.0    -2,-0.0     0, 0.0     2,-0.0   0.286  14.7 168.4  68.0 145.8   23.6   21.9  -36.5               
  429  429 A G        +     0   0   64     -2,-0.2     2,-0.2     0, 0.0     0, 0.0   0.464   6.2 177.1  97.0 110.9   20.2   23.8  -36.3               
  430  430 A E        +     0   0  164      2,-0.0    -2,-0.0    -2,-0.0     0, 0.0   0.159   4.1 143.5  62.6 133.6   19.2   26.3  -34.5               
  431  431 A S        -     0   0   97     -2,-0.2     0, 0.0     0, 0.0     0, 0.0   0.737  17.4-166.6-161.4 164.6   16.8   28.2  -33.9               
  432  432 A E        +     0   0  166      0, 0.0    -2,-0.0     0, 0.0     0, 0.0   0.913  15.5 103.3  54.0 140.8   14.1   30.5  -32.4               
  433  433 A N        -     0   0  137      2,-0.0     0, 0.0     0, 0.0     0, 0.0   0.774  27.5 -30.6 106.5 137.8   11.1   32.6  -32.2               
  434  434 A A        +     0   0   96      1,-0.1     0, 0.0     0, 0.0     0, 0.0   0.940  19.1 150.9  52.8 136.7    7.7   34.4  -31.7               
  435  435 A G        -     0   0   78      2,-0.0    -1,-0.1     0, 0.0     2,-0.0   0.001  30.3-176.3 173.8  61.8    3.9   33.8  -31.3               
  436  436 A T        -     0   0  127      1,-0.1     0, 0.0     2,-0.0     0, 0.0  -0.293  19.2 -88.4 -78.6 156.9    2.3   36.7  -29.2               
  437  437 A N        +     0   0  143     -2,-0.0    -1,-0.1     0, 0.0     2,-0.1   0.206  28.7 176.4 -24.5 154.2   -1.3   37.3  -27.9               
  438  438 A Q        +     0   0  162      1,-0.0    -2,-0.0     0, 0.0     0, 0.0  -0.116  20.6  86.4-175.4 124.9   -4.5   38.7  -28.7               
  439  439 A E        -     0   0  131     -2,-0.1    -1,-0.0     0, 0.0     0, 0.0   0.973  25.0 -70.7  84.6 154.8   -7.8   39.0  -27.3               
  440  440 A T        -     0   0   87      0, 0.0     0, 0.0     0, 0.0     0, 0.0   0.705  13.7 -58.7-153.5 166.4  -10.8   39.5  -26.0               
  441  441 A R        +     0   0  213      0, 0.0     0, 0.0     0, 0.0     0, 0.0   0.665  18.2  75.8  66.1 156.3  -13.9   39.9  -23.9               
  442  442 A S        -     0   0   88      0, 0.0     0, 0.0     0, 0.0     0, 0.0   0.333  16.7-144.2-168.9 145.6  -16.5   39.6  -21.9               
  443  443 A R        +     0   0  233      2,-0.0     0, 0.0     0, 0.0     0, 0.0   0.576  23.6 137.6  69.8 162.8  -19.1   39.2  -19.2               
  444  444 A S        +     0   0   99      0, 0.0     0, 0.0     0, 0.0     0, 0.0   0.565  28.6  38.9  79.2 139.6  -22.5   37.6  -18.1               
  445  445 A R        -     0   0  225      0, 0.0    -2,-0.0     0, 0.0     0, 0.0   0.396  33.9-159.5-155.2 123.0  -24.4   36.1  -16.0               
  446  446 A S        +     0   0  100      0, 0.0     2,-0.1     0, 0.0     0, 0.0   0.515   9.8 172.9  29.9 119.8  -25.5   35.8  -12.4               
  447  447 A N        -     0   0  151      0, 0.0     0, 0.0     0, 0.0     0, 0.0  -0.386  32.3 -98.6-166.7 110.5  -27.2   33.8   -9.8               
  448  448 A S        +     0   0   92     -2,-0.1     0, 0.0     0, 0.0     0, 0.0   0.669  36.3  82.5  68.3 129.6  -27.5   34.3   -6.3               
  449  449 A K        -     0   0  194      2,-0.1     0, 0.0     0, 0.0     0, 0.0   0.697  26.2 -98.6-164.2 151.3  -27.5   34.5   -3.1               
  450  450 A S        -     0   0  109      1,-0.1     0, 0.0     2,-0.0     0, 0.0   0.907   9.7-148.0  53.7 113.9  -26.5   35.6    0.4               
  451  451 A K        +     0   0  201      1,-0.0    -1,-0.1     0, 0.0    -2,-0.1  -0.496  41.7  55.2 -78.4-176.2  -24.6   35.2    3.6               
  452  452 A P        +     0   0  110      0, 0.0     2,-0.1     0, 0.0    -1,-0.0   0.829  22.2 135.4-119.2-170.4  -25.1   35.9    6.7               
  453  453 A N        -     0   0  155     -2,-0.0     0, 0.0     0, 0.0     0, 0.0  -0.456  12.2-173.4-176.3 147.4  -26.7   36.0   10.2               
  454  454 A L        +     0   0  160      1,-0.1     0, 0.0    -2,-0.1     0, 0.0  -0.281  33.5  25.1-111.1-155.6  -26.3   35.8   14.0               
  455  455 A P        +     0   0  118      0, 0.0     2,-0.3     0, 0.0    -1,-0.1   0.519  30.7 135.2-112.5 162.7  -28.1   35.7   16.9               
  456  456 A S        -     0   0  106      1,-0.0     0, 0.0     2,-0.0     0, 0.0  -0.871  25.2-106.8-161.8 133.8  -31.1   35.2   19.2               
  457  457 A E        +     0   0  180     -2,-0.3    -1,-0.0     0, 0.0     0, 0.0   0.538  19.4 123.0  54.9 137.5  -32.5   34.0   22.2               
  458  458 A S        +     0   0   85      0, 0.0    -2,-0.0     0, 0.0     0, 0.0   0.824  15.6   0.7-164.0-167.6  -34.0   32.3   24.3               
  459  459 A R        -     0   0  233      0, 0.0     2,-0.0     0, 0.0     0, 0.0   0.689  29.4-171.1  77.0 139.8  -35.8   30.1   27.1               
  460  460 A S        -     0   0   96      0, 0.0     0, 0.0     0, 0.0     0, 0.0   0.717  20.5-172.5 177.8 174.4  -35.4   28.5   29.9               
  461  461 A R        +     0   0  236     -2,-0.0     0, 0.0     0, 0.0     0, 0.0   0.607  44.2  39.5  75.9 134.4  -35.7   26.2   33.1               
  462  462 A S        -     0   0  111      1,-0.1     0, 0.0     0, 0.0     0, 0.0   0.464  29.4-178.7-150.9 136.6  -34.4   25.3   35.8               
  463  463 A K        +     0   0  207      0, 0.0    -1,-0.1     0, 0.0     2,-0.1  -0.110  12.1 155.4 -22.9 127.5  -32.4   26.4   38.9               
  464  464 A S        +     0   0  112      0, 0.0     2,-0.1     0, 0.0     0, 0.0  -0.120  21.1 171.4 176.1 118.6  -31.0   24.7   41.9               
  465  465 A A        -     0   0   94     -2,-0.1     0, 0.0     0, 0.0     0, 0.0   0.313  11.7-143.3  70.6 135.6  -28.4   25.6   43.9               
  466  466 A S        -     0   0   97     -2,-0.1     0, 0.0     2,-0.0     0, 0.0   0.772  11.2-145.3-173.0 178.1  -26.3   25.5   46.4               
  467  467 A K        -     0   0  195      0, 0.0     2,-0.1     0, 0.0     0, 0.0   0.829  11.4-147.4  85.0 128.1  -23.9   26.1   49.4               
  468  468 A T        +     0   0  127      0, 0.0    -2,-0.0     0, 0.0     0, 0.0  -0.034  28.6 141.8 -74.1-175.4  -20.9   25.1   51.5               
  469  469 A R        +     0   0  219     -2,-0.1     0, 0.0     0, 0.0     0, 0.0   0.790  12.5 167.1 107.3 102.1  -20.0   25.5   55.2               
  470  470 A S        -     0   0  104      0, 0.0     0, 0.0     0, 0.0     0, 0.0   0.719   9.9-109.2 102.3 167.4  -18.6   24.2   58.2               
  471  471 A R        -     0   0  221      0, 0.0     0, 0.0     0, 0.0     0, 0.0   0.780  10.0 -82.6-164.6 162.8  -17.4   24.0   61.2               
  472  472 A S        -     0   0   85      0, 0.0     0, 0.0     0, 0.0     0, 0.0   0.954  18.5 -82.9  71.1 126.1  -15.2   23.6   64.4               
  473  473 A K        -     0   0  193      0, 0.0     2,-0.0     0, 0.0     0, 0.0   0.826   4.8-164.7  48.1 142.5  -13.3   22.2   67.3               
  474  474 A S        -     0   0  103      0, 0.0     0, 0.0     0, 0.0     0, 0.0   0.358  15.6-137.4-156.9 157.2  -12.2   20.9   70.1               
  475  475 A R        +     0   0  239     -2,-0.0     0, 0.0     0, 0.0     0, 0.0   0.538  13.4 141.8  45.8 139.4   -9.6   20.1   72.6               
  476  476 A S        -     0   0  102      0, 0.0     0, 0.0     0, 0.0     0, 0.0   0.754   8.3-164.2-166.9 168.7   -7.7   18.6   74.8               
  477  477 A R        +     0   0  236      0, 0.0     2,-0.0     0, 0.0     0, 0.0   0.551   9.3 149.0  15.9 141.8   -4.8   17.2   76.9               
  478  478 A S        -     0   0  115      0, 0.0     0, 0.0     0, 0.0     0, 0.0   0.232  16.5-121.9-167.4 175.0   -3.2   15.2   79.1               
  479  479 A A        -     0   0   93     -2,-0.0     0, 0.0     1,-0.0     0, 0.0   0.220  14.9-161.6 -18.8 161.1   -0.3   13.3   80.7               
  480  480 A S        -     0   0   99      0, 0.0    -1,-0.0     0, 0.0     0, 0.0   0.810  10.8-153.9-176.5-177.2    1.2   10.6   81.9               
  481  481 A R        -     0   0  225      0, 0.0    -2,-0.0     0, 0.0     0, 0.0   0.979  23.1 -70.2  75.3 102.5    3.5    8.0   83.6               
  482  482 A S        -     0   0  105      0, 0.0     2,-0.0     0, 0.0     0, 0.0   0.466  18.5-119.9  74.3 178.8    5.2    4.8   84.0               
  483  483 A P        +     0   0  114      0, 0.0     0, 0.0     0, 0.0     0, 0.0   0.158  13.3 154.1-144.6-146.5    5.8    1.3   84.5               
  484  484 A S        +     0   0  109     -2,-0.0     0, 0.0     0, 0.0     0, 0.0   0.083  13.4 106.5  75.9 166.3    7.1   -2.1   86.1               
  485  485 A R        +     0   0  232      0, 0.0     0, 0.0     0, 0.0     0, 0.0   0.872  28.5 170.3-164.3 160.8    7.3   -5.5   86.9               
  486  486 A S        +     0   0   85      0, 0.0     0, 0.0     0, 0.0     0, 0.0   0.524   7.0  50.0-176.3 156.5    8.9   -8.5   86.4               
  487  487 A R        +     0   0  238      1,-0.1     2,-0.0     0, 0.0     0, 0.0   0.141   9.9 144.4  71.8 166.2   10.5  -12.1   86.1               
  488  488 A S        +     0   0  119      1,-0.0     2,-0.3     0, 0.0    -1,-0.1   0.682  13.1 175.9-135.5-179.8   10.9  -15.4   85.9               
  489  489 A R        +     0   0  230     -2,-0.0     2,-0.2     0, 0.0    -1,-0.0  -0.990   0.3 177.3-128.1 145.7   13.2  -18.1   84.1               
  490  490 A S        -     0   0  114     -2,-0.3     2,-0.1     2,-0.1     0, 0.0  -0.780   9.4-160.5-162.7 134.5   13.9  -21.9   84.0               
  491  491 A H        +     0   0  166     -2,-0.2     2,-0.0     0, 0.0    -1,-0.0   0.628  15.4 147.5  88.2 151.8   15.9  -24.0   82.2               
  492  492 A S        +     0   0  112      2,-0.1    -2,-0.1    -2,-0.1     0, 0.0   0.271  28.7  64.0  71.5 145.7   16.5  -27.7   81.1               
  493  493 A R              0   0  241     -2,-0.0     0, 0.0     0, 0.0     0, 0.0   0.582 360.0 360.0-155.2 134.4   17.6  -29.5   78.9               
  494  494 A S              0   0  201      0, 0.0    -2,-0.1     0, 0.0     0, 0.0  -0.443 360.0 360.0-179.4 360.0   20.6  -30.8   76.8               
