==== Secondary Structure Definition by the program DSSP, CMBI version 2.0                          ==== DATE=2026-03-08        .
REFERENCE W. KABSCH AND C.SANDER, BIOPOLYMERS 22 (1983) 2577-2637                                                              .
HEADER                                            01-AUG-25                                                                    .
COMPND    MOL_ID: 1; MOLECULE: E3 UBIQUITIN-PROTEIN LIGASE MAKORIN-3; CHAIN: A                                                 .
SOURCE    MOL_ID: 1; ORGANISM_SCIENTIFIC: HOMO SAPIENS; ORGANISM_TAXID: 9606                                                   .
AUTHOR                                                                                                                         .
  507  1  0  0  0 TOTAL NUMBER OF RESIDUES, NUMBER OF CHAINS, NUMBER OF SS-BRIDGES(TOTAL,INTRACHAIN,INTERCHAIN)                .
 52347.3   ACCESSIBLE SURFACE OF PROTEIN (ANGSTROM**2)                                                                         .
  224 44.2   TOTAL NUMBER OF HYDROGEN BONDS OF TYPE O(I)-->H-N(J)  , SAME NUMBER PER 100 RESIDUES                              .
    6  1.2   TOTAL NUMBER OF HYDROGEN BONDS IN     PARALLEL BRIDGES, SAME NUMBER PER 100 RESIDUES                              .
   16  3.2   TOTAL NUMBER OF HYDROGEN BONDS IN ANTIPARALLEL BRIDGES, SAME NUMBER PER 100 RESIDUES                              .
    3  0.6   TOTAL NUMBER OF HYDROGEN BONDS OF TYPE O(I)-->H-N(I-5), SAME NUMBER PER 100 RESIDUES                              .
    0  0.0   TOTAL NUMBER OF HYDROGEN BONDS OF TYPE O(I)-->H-N(I-4), SAME NUMBER PER 100 RESIDUES                              .
    1  0.2   TOTAL NUMBER OF HYDROGEN BONDS OF TYPE O(I)-->H-N(I-3), SAME NUMBER PER 100 RESIDUES                              .
    0  0.0   TOTAL NUMBER OF HYDROGEN BONDS OF TYPE O(I)-->H-N(I-2), SAME NUMBER PER 100 RESIDUES                              .
    0  0.0   TOTAL NUMBER OF HYDROGEN BONDS OF TYPE O(I)-->H-N(I-1), SAME NUMBER PER 100 RESIDUES                              .
    0  0.0   TOTAL NUMBER OF HYDROGEN BONDS OF TYPE O(I)-->H-N(I+0), SAME NUMBER PER 100 RESIDUES                              .
    0  0.0   TOTAL NUMBER OF HYDROGEN BONDS OF TYPE O(I)-->H-N(I+1), SAME NUMBER PER 100 RESIDUES                              .
   51 10.1   TOTAL NUMBER OF HYDROGEN BONDS OF TYPE O(I)-->H-N(I+2), SAME NUMBER PER 100 RESIDUES                              .
   45  8.9   TOTAL NUMBER OF HYDROGEN BONDS OF TYPE O(I)-->H-N(I+3), SAME NUMBER PER 100 RESIDUES                              .
   95 18.7   TOTAL NUMBER OF HYDROGEN BONDS OF TYPE O(I)-->H-N(I+4), SAME NUMBER PER 100 RESIDUES                              .
    4  0.8   TOTAL NUMBER OF HYDROGEN BONDS OF TYPE O(I)-->H-N(I+5), SAME NUMBER PER 100 RESIDUES                              .
  1  2  3  4  5  6  7  8  9 10 11 12 13 14 15 16 17 18 19 20 21 22 23 24 25 26 27 28 29 30     *** HISTOGRAMS OF ***           .
  0  0  0  3  0  0  0  2  0  0  0  0  0  1  0  1  0  0  0  0  0  0  1  0  0  0  0  0  1  0    RESIDUES PER ALPHA HELIX         .
  3  0  0  0  0  0  0  0  0  0  0  0  0  0  0  0  0  0  0  0  0  0  0  0  0  0  0  0  0  0    PARALLEL BRIDGES PER LADDER      .
  4  1  0  1  0  0  0  0  0  0  0  0  0  0  0  0  0  0  0  0  0  0  0  0  0  0  0  0  0  0    ANTIPARALLEL BRIDGES PER LADDER  .
  1  0  1  0  0  0  0  0  0  0  0  0  0  0  0  0  0  0  0  0  0  0  0  0  0  0  0  0  0  0    LADDERS PER SHEET                .
  #  RESIDUE AA STRUCTURE BP1 BP2  ACC     N-H-->O    O-->H-N    N-H-->O    O-->H-N    TCO  KAPPA ALPHA  PHI   PSI    X-CA   Y-CA   Z-CA            CHAIN
    1    1 A M              0   0  218      0, 0.0     2,-0.1     0, 0.0     0, 0.0   0.000 360.0 360.0 360.0  48.4  -33.1  -16.6   39.3               
    2    2 A E        -     0   0  181      1,-0.2     0, 0.0     0, 0.0     0, 0.0   0.069 360.0-149.4  73.7  95.5  -30.1  -15.2   40.0               
    3    3 A E        -     0   0  173     -2,-0.1    -1,-0.2     0, 0.0     2,-0.2  -0.789  25.4-150.2 -89.1 156.8  -26.9  -14.1   38.5               
    4    4 A P        -     0   0  115      0, 0.0     0, 0.0     0, 0.0     0, 0.0  -0.651  10.1-129.8-139.0 115.1  -23.8  -14.3   40.6               
    5    5 A A        -     0   0   81     -2,-0.2     0, 0.0     1,-0.1     0, 0.0   0.730  10.0-112.8  51.5 130.0  -20.9  -12.3   40.5               
    6    6 A A        -     0   0   98      2,-0.0     2,-0.2     0, 0.0    -1,-0.1  -0.755  28.1-131.2-100.5 158.6  -17.1  -12.4   40.4               
    7    7 A P        -     0   0  132      0, 0.0     2,-0.3     0, 0.0     0, 0.0  -0.734  17.7-160.9-103.0 162.9  -14.7  -11.3   43.2               
    8    8 A S        -     0   0  115     -2,-0.2     2,-0.3     0, 0.0    -2,-0.0  -0.956   6.5-165.5-149.8 128.1  -11.6   -9.0   42.9               
    9    9 A E        +     0   0  197     -2,-0.3     0, 0.0     1,-0.1     0, 0.0  -0.953  22.5  26.1-152.9 157.9   -8.4   -8.4   45.1               
   10   10 A A        +     0   0   92     -2,-0.3    -1,-0.1     1,-0.1     0, 0.0   0.552  19.2 179.7-158.7 149.0   -5.9   -6.4   45.6               
   11   11 A H        +     0   0  176      0, 0.0     2,-0.2     0, 0.0    -1,-0.1   0.257  12.5 149.2  -7.7 141.5   -3.6   -3.4   45.7               
   12   12 A E        +     0   0  190      0, 0.0     2,-0.2     0, 0.0     0, 0.0  -0.610  12.0 164.3-173.0 179.6   -0.4   -2.0   46.7               
   13   13 A A        +     0   0   92     -2,-0.2     2,-0.0     2,-0.0     0, 0.0  -0.766   0.9 144.7-149.6-172.2    2.2    0.6   45.7               
   14   14 A A        +     0   0  111     -2,-0.2     2,-0.0     0, 0.0     0, 0.0   0.207   7.7 115.9  85.1 153.6    5.4    2.9   46.3               
   15   15 A G        +     0   0   70     -2,-0.0    -2,-0.0     0, 0.0     0, 0.0   0.321  10.2 172.2 169.9 141.3    8.0    4.5   45.6               
   16   16 A A        -     0   0   89     -2,-0.0     0, 0.0     0, 0.0     0, 0.0   0.950  26.1 -20.8  56.8 121.1   10.8    7.1   45.1               
   17   17 A Q        -     0   0  186      2,-0.0     0, 0.0     0, 0.0     0, 0.0   0.971  36.8 -13.7  72.8 120.4   14.3    8.3   44.4               
   18   18 A A        +     0   0  107      1,-0.1     2,-0.2     0, 0.0     0, 0.0   0.963  10.1 165.3  72.5 131.5   17.9    8.6   44.0               
   19   19 A G        +     0   0   81      0, 0.0     2,-0.2     0, 0.0    -1,-0.1  -0.851  21.7 180.0-177.7 149.3   21.6    7.7   44.4               
   20   20 A A        +     0   0   95     -2,-0.2     0, 0.0     2,-0.0     0, 0.0  -0.768   9.7 116.9-141.8-177.1   24.9    8.8   42.6               
   21   21 A E        +     0   0  194     -2,-0.2     0, 0.0     0, 0.0     0, 0.0   0.547  19.5 101.7  73.8 148.7   28.7    8.6   42.2               
   22   22 A A        -     0   0   81      0, 0.0    -2,-0.0     0, 0.0     0, 0.0   0.775  22.2 -81.5-167.8 175.4   31.5    8.0   40.7               
   23   23 A A        +     0   0   88      0, 0.0     0, 0.0     0, 0.0     0, 0.0   0.608  27.3  67.8  70.8 149.9   34.9    7.6   38.8               
   24   24 A R        -     0   0  200      2,-0.0     0, 0.0     0, 0.0     0, 0.0   0.898  38.7  -0.3-170.9 164.2   37.2    7.3   36.2               
   25   25 A E        +     0   0  151      0, 0.0     2,-0.1     0, 0.0     0, 0.0   0.924  20.3 163.9-168.8 168.3   39.0    8.2   33.3               
   26   26 A G        +     0   0   68      0, 0.0     2,-0.4     0, 0.0    -2,-0.0  -0.721   6.9 177.9 149.1  55.5   40.1   10.2   31.0               
   27   27 A V        -     0   0  139     -2,-0.1     0, 0.0     1,-0.1     0, 0.0  -0.914  33.7-103.1-130.4 110.8   42.6   11.2   28.1               
   28   28 A S        +     0   0  118     -2,-0.4    -1,-0.1     1,-0.0     0, 0.0   0.810  25.2 177.2  38.9 135.8   42.8   14.1   25.6               
   29   29 A G        -     0   0   72      0, 0.0    -1,-0.0     0, 0.0     2,-0.0   0.197  15.1-160.7 -96.1-133.0   42.3   15.4   22.0               
   30   30 A P        -     0   0  113      0, 0.0    -2,-0.0     0, 0.0     0, 0.0   0.578   3.9 -33.6-144.8-165.8   42.5   18.0   20.2               
   31   31 A D        -     0   0  159     -2,-0.0     0, 0.0     0, 0.0     0, 0.0   0.638  13.8-148.4  84.0 153.3   42.1   20.7   17.4               
   32   32 A L        -     0   0  161      2,-0.0     2,-0.2     0, 0.0     0, 0.0  -0.530   9.7-147.8-109.1 174.9   41.8   22.2   13.8               
   33   33 A P        -     0   0  128      0, 0.0     2,-0.3     0, 0.0     0, 0.0  -0.814   3.3-155.0-148.8 175.9   42.6   25.0   11.7               
   34   34 A V        -     0   0  128     -2,-0.2     2,-0.3     2,-0.0    -2,-0.0  -0.790   7.7-160.5-107.6 154.1   41.1   26.9    8.7               
   35   35 A C        +     0   0  127     -2,-0.3     0, 0.0     2,-0.0     0, 0.0  -0.964  20.6 144.2-137.6 132.4   42.7   29.1    5.9               
   36   36 A E        -     0   0  171     -2,-0.3     2,-0.0     2,-0.0    -2,-0.0  -0.696  24.8-150.3-111.5 174.5   41.3   31.8    3.5               
   37   37 A P        -     0   0  122      0, 0.0    -2,-0.0     0, 0.0     0, 0.0  -0.294  11.2-139.5-153.0 135.5   42.4   34.8    2.1               
   38   38 A S        +     0   0  121     -2,-0.0    -2,-0.0     0, 0.0     0, 0.0   0.573  17.4 170.4  22.6 141.1   40.6   37.9    0.9               
   39   39 A G        -     0   0   72      0, 0.0     2,-0.0     0, 0.0     0, 0.0   0.250  18.8-158.8 141.5  96.1   40.7   40.5   -2.0               
   40   40 A E        +     0   0  194      0, 0.0     0, 0.0     0, 0.0     0, 0.0   0.375  15.7 102.8  70.7 122.4   38.6   43.1   -3.0               
   41   41 A S        -     0   0  107     -2,-0.0     0, 0.0     2,-0.0     0, 0.0   0.766  28.2 -17.3-156.8-177.3   37.2   45.4   -4.8               
   42   42 A A        -     0   0  101      1,-0.0     0, 0.0     0, 0.0     0, 0.0   0.851  26.4-170.4  87.8 125.0   34.8   47.6   -7.0               
   43   43 A A        +     0   0   96      1,-0.1    -1,-0.0     0, 0.0     2,-0.0  -0.697  13.8  99.2-125.5-177.2   31.7   47.9   -9.2               
   44   44 A P        +     0   0  118      0, 0.0     2,-0.2     0, 0.0    -1,-0.1   0.682  14.2 103.6-126.9-179.6   29.7   49.2  -11.3               
   45   45 A D        -     0   0  151      2,-0.1     2,-0.3    -2,-0.0     0, 0.0  -0.709  39.4-112.9-168.0 178.3   28.0   50.0  -14.4               
   46   46 A S        +     0   0  110     -2,-0.2     2,-0.3     2,-0.0     0, 0.0  -0.628  32.4 152.0 -96.6 129.5   24.8   49.3  -16.4               
   47   47 A A        -     0   0  102     -2,-0.3    -2,-0.1     0, 0.0     0, 0.0  -0.986  35.5-117.9-151.7 149.2   24.1   47.5  -19.7               
   48   48 A L        -     0   0  162     -2,-0.3     2,-0.3     1,-0.1    -2,-0.0  -0.477  30.8-105.1 -82.4 150.1   21.0   45.6  -21.2               
   49   49 A P        -     0   0  123      0, 0.0     2,-0.1     0, 0.0    -1,-0.1  -0.542  40.8-116.0 -71.8 133.1   20.9   41.9  -22.3               
   50   50 A H        -     0   0  193     -2,-0.3     2,-0.0     1,-0.1     0, 0.0  -0.424  38.0 -99.6 -74.6 146.0   20.9   41.5  -26.1               
   51   51 A A        -     0   0   94      1,-0.1    -1,-0.1    -2,-0.1     0, 0.0  -0.214  42.3 -67.4 -74.8 152.6   17.8   39.9  -27.7               
   52   52 A A        -     0   0   97      1,-0.1     2,-0.5    -2,-0.0    -1,-0.1   0.346  16.8-151.9  -5.1 132.1   16.8   36.6  -29.1               
   53   53 A R        -     0   0  236      2,-0.0     2,-0.2     0, 0.0    -1,-0.1  -0.856  28.9-165.7-111.3  91.9   17.9   34.5  -32.0               
   54   54 A G        -     0   0   74     -2,-0.5     2,-0.5     1,-0.0     0, 0.0  -0.496  12.8-137.7 -66.5 143.3   14.7   32.6  -32.7               
   55   55 A W        -     0   0  243     -2,-0.2    -2,-0.0     0, 0.0    -1,-0.0  -0.932  23.4-127.6-103.5 128.4   15.0   29.5  -35.0               
   56   56 A A        -     0   0   84     -2,-0.5     2,-0.3     1,-0.1     0, 0.0  -0.564  10.7-122.9 -79.5 137.8   12.1   29.3  -37.6               
   57   57 A P        -     0   0  125      0, 0.0    -1,-0.1     0, 0.0     0, 0.0  -0.571  32.3-124.3 -64.6 135.8    9.8   26.2  -38.1               
   58   58 A F        -     0   0  189     -2,-0.3     2,-0.2     1,-0.1     0, 0.0  -0.634  30.2-101.6 -81.1 145.1   10.0   25.1  -41.8               
   59   59 A P        -     0   0  130      0, 0.0     2,-0.4     0, 0.0    -1,-0.1  -0.454  29.5-154.9 -71.6 135.3    6.7   24.9  -43.7               
   60   60 A V        -     0   0  124     -2,-0.2     0, 0.0     0, 0.0     0, 0.0  -0.897  20.8-122.3-106.3 135.5    5.1   21.4  -44.3               
   61   61 A A        -     0   0   82     -2,-0.4     2,-0.2     1,-0.1     0, 0.0  -0.517  25.8-106.8 -81.0 147.4    2.8   21.1  -47.3               
   62   62 A P        -     0   0  123      0, 0.0    -1,-0.1     0, 0.0     0, 0.0  -0.440  26.6-125.7 -73.7 142.2   -0.9   19.9  -47.0               
   63   63 A V        -     0   0  137     -2,-0.2     2,-0.1     1,-0.1     0, 0.0  -0.733  31.4-115.6 -85.3 128.5   -2.0   16.4  -48.1               
   64   64 A P        -     0   0  123      0, 0.0     2,-0.3     0, 0.0    -1,-0.1  -0.356  27.7-132.4 -69.5 144.8   -4.9   16.4  -50.7               
   65   65 A A        +     0   0   79      1,-0.2     0, 0.0    -2,-0.1     0, 0.0  -0.673  50.2   0.3 -96.0 148.7   -8.3   14.8  -49.8               
   66   66 A H        -     0   0  185     -2,-0.3     2,-0.5     1,-0.2    -1,-0.2   0.961  29.9-179.7  56.3 107.8  -10.6   12.4  -51.7               
   67   67 A L        -     0   0  179      2,-0.0     2,-0.3     0, 0.0    -1,-0.2  -0.934  21.7-164.6-117.7 110.9  -10.7   10.5  -55.0               
   68   68 A R        -     0   0  247     -2,-0.5     2,-0.4     2,-0.0     0, 0.0  -0.715   9.0-175.1 -76.4 142.0  -13.9    8.5  -55.2               
   69   69 A R        -     0   0  247     -2,-0.3     2,-0.2     2,-0.0    -2,-0.0  -0.966  10.0-160.4-131.0 120.7  -14.3    5.7  -57.8               
   70   70 A G        -     0   0   76     -2,-0.4     2,-0.1     0, 0.0    -2,-0.0  -0.633   7.2-173.2 -89.6 157.4  -17.7    4.1  -58.0               
   71   71 A G        -     0   0   74     -2,-0.2    -2,-0.0     0, 0.0     0, 0.0  -0.443  31.1 -88.2-165.8  81.7  -18.3    0.6  -59.6               
   72   72 A L        -     0   0  184      1,-0.1     0, 0.0    -2,-0.1     0, 0.0   0.889  24.2-145.2  46.8 131.7  -21.7   -1.1  -60.3               
   73   73 A R        -     0   0  216      0, 0.0     2,-0.2     0, 0.0    -1,-0.1  -0.986  10.1-142.6-125.9 130.3  -24.1   -3.4  -58.3               
   74   74 A P        -     0   0  118      0, 0.0     0, 0.0     0, 0.0     0, 0.0  -0.494  30.6-107.2 -82.1 161.7  -26.4   -6.2  -59.7               
   75   75 A A        -     0   0   94     -2,-0.2     2,-0.1     1,-0.1     0, 0.0  -0.388  30.2-107.9 -94.1 164.3  -30.0   -6.7  -58.2               
   76   76 A P        -     0   0  111      0, 0.0     2,-0.2     0, 0.0    -1,-0.1  -0.403  17.5-120.1 -91.9 166.8  -31.4   -9.5  -55.9               
   77   77 A A        -     0   0  106     -2,-0.1     2,-0.3     2,-0.1     0, 0.0  -0.539  34.7-122.1 -94.9 167.8  -33.8  -12.5  -56.1               
   78   78 A S        +     0   0  132     -2,-0.2     2,-0.1     2,-0.0    -1,-0.0  -0.784  33.1 141.7-123.9 156.7  -37.1  -12.8  -54.1               
   79   79 A G        -     0   0   76     -2,-0.3     2,-0.1     2,-0.0    -2,-0.1  -0.101  17.9-142.0 125.9 138.4  -39.0  -15.0  -51.5               
   80   80 A G        +     0   0   87     -2,-0.1     2,-0.2     2,-0.0    -2,-0.0   0.002  27.5 126.1 148.4 109.3  -40.8  -15.3  -49.1               
   81   81 A G        -     0   0   85     -2,-0.1     2,-0.3     2,-0.0    -2,-0.0  -0.587  22.8-162.8 149.4 146.1  -42.5  -16.4  -45.8               
   82   82 A A        +     0   0   93     -2,-0.2    -2,-0.0     2,-0.0     0, 0.0  -0.908  17.0 157.7-134.8 163.2  -43.6  -15.0  -42.4               
   83   83 A W        -     0   0  252     -2,-0.3    -2,-0.0     0, 0.0     2,-0.0  -0.666  38.9 -91.9-178.7 162.3  -44.7  -15.7  -38.8               
   84   84 A P        -     0   0  123      0, 0.0    -2,-0.0     0, 0.0     0, 0.0  -0.129  36.3 -82.1 -93.6 172.9  -44.6  -13.6  -35.6               
   85   85 A S        -     0   0  114      1,-0.1     2,-0.3     3,-0.0     0, 0.0  -0.046  12.0-142.9 -62.8 151.4  -42.5  -12.7  -32.5               
   86   86 A P        -     0   0  123      0, 0.0    -1,-0.1     0, 0.0     0, 0.0  -0.743  49.3 -89.2 -91.7 158.5  -41.6  -14.0  -29.0               
   87   87 A L        -     0   0  170     -2,-0.3     2,-0.5     1,-0.1     0, 0.0  -0.400  33.2-116.4 -68.9 138.6  -41.2  -11.3  -26.3               
   88   88 A P        -     0   0  125      0, 0.0     2,-0.3     0, 0.0     3,-0.2  -0.609  40.3-125.2 -73.6 121.8  -37.8   -9.5  -25.6               
   89   89 A S        -     0   0  110     -2,-0.5     3,-0.3     1,-0.2     0, 0.0  -0.528  48.2 -38.2 -79.1 132.1  -36.8  -10.4  -22.0               
   90   90 A R        -     0   0  218     -2,-0.3     2,-2.2     1,-0.2    -1,-0.2   0.569  62.0 -98.4  25.4  86.8  -35.9   -8.0  -19.1               
   91   91 A S  S    S+     0   0  108      1,-0.2     3,-0.4    -3,-0.2    -1,-0.2   0.040  77.1 118.3  43.2   7.5  -34.1   -4.8  -19.3               
   92   92 A S        +     0   0   98     -2,-2.2    -1,-0.2    -3,-0.3     4,-0.2   0.188  64.1  67.5-103.4  15.3  -30.4   -5.8  -18.2               
   93   93 A G     >  +     0   0   32      2,-0.1     4,-0.9     3,-0.1    -1,-0.2   0.334  68.5  89.8-116.1   2.5  -28.5   -4.9  -21.5               
   94   94 A I  T  4 S+     0   0  131     -3,-0.4     3,-0.5     1,-0.2     4,-0.1   0.957  88.0  46.4 -76.1 -48.6  -28.8   -1.0  -21.9               
   95   95 A W  T >4 S+     0   0  183      1,-0.2     3,-2.1     2,-0.2     4,-0.3   0.880 105.7  60.0 -57.1 -43.3  -25.6    0.1  -20.0               
   96   96 A T  G >4 S+     0   0   21      1,-0.3     3,-1.8     2,-0.2    22,-0.7   0.855  93.1  65.7 -66.5 -28.4  -23.3   -2.5  -21.7               
   97   97 A K  G 3< S+     0   0  129     -4,-0.9    -1,-0.3    -3,-0.5    -2,-0.2   0.461  93.8  62.1 -70.4  -0.4  -24.1   -1.0  -25.2               
   98   98 A Q  G <  S+     0   0  161     -3,-2.1     2,-0.5    -4,-0.1    -1,-0.3   0.505  93.2  73.7 -94.8  -9.2  -22.2    2.2  -24.0               
   99   99 A I  S <  S-     0   0   78     -3,-1.8    19,-2.8    -4,-0.3     2,-0.2  -0.915  89.7-120.5-105.7 126.6  -18.9    0.2  -23.6               
  100  100 A I  B     -a  118   0A  65     -2,-0.5     2,-0.5    17,-0.2    19,-0.2  -0.448  33.3-106.3 -67.6 135.4  -17.1   -0.8  -26.8               
  101  101 A C     >  -     0   0    2     17,-2.9     4,-2.1     1,-0.2     3,-0.5  -0.501  21.2-151.3 -65.4 115.8  -16.6   -4.6  -27.2               
  102  102 A R  H  > S+     0   0  190     -2,-0.5     4,-1.2     1,-0.2     6,-0.2   0.897  99.2  51.1 -54.2 -41.7  -12.9   -5.4  -26.5               
  103  103 A Y  H  4>S+     0   0  146      2,-0.2     5,-2.9     1,-0.2     6,-0.7   0.837 107.5  52.7 -66.9 -32.4  -13.2   -8.4  -28.8               
  104  104 A Y  H >45S+     0   0   94     -3,-0.5     3,-1.9     4,-0.2    -2,-0.2   0.919 103.1  56.1 -71.3 -39.8  -14.8   -6.3  -31.6               
  105  105 A I  H 3<5S+     0   0   96     -4,-2.1    -1,-0.2     1,-0.3    -2,-0.2   0.849 114.2  42.3 -55.8 -34.6  -11.8   -3.8  -31.5               
  106  106 A H  T 3<5S-     0   0  115     -4,-1.2    -1,-0.3    -5,-0.2    -2,-0.2   0.269 117.0-114.7 -95.0   7.5   -9.6   -6.8  -32.1               
  107  107 A G  T < 5S+     0   0   71     -3,-1.9    -3,-0.2    -5,-0.1    -2,-0.1   0.594  89.6 106.9  72.6  12.6  -12.0   -8.4  -34.8               
  108  108 A Q      < +     0   0  129     -5,-2.9     2,-0.9    -6,-0.2    -4,-0.2   0.286  32.5 131.8-107.1   2.7  -12.7  -11.4  -32.5               
  109  109 A C    >   -     0   0   27     -6,-0.7     3,-0.8     1,-0.2     6,-0.1  -0.493  29.2-177.7 -71.0 106.9  -16.4  -10.8  -31.3               
  110  110 A K  T 3  S+     0   0  212     -2,-0.9    -1,-0.2     1,-0.2    -2,-0.0   0.588  73.5  72.7 -72.7 -14.2  -18.4  -14.1  -31.9               
  111  111 A E  T >  S-     0   0  103      1,-0.2     3,-1.5     2,-0.1    -1,-0.2   0.604  76.2-174.0 -83.0 -13.0  -21.6  -12.4  -30.6               
  112  112 A G  G X   -     0   0   33     -3,-0.8     3,-1.6     1,-0.3    -1,-0.2  -0.202  68.6 -13.9  56.5-140.5  -22.2  -10.3  -33.8               
  113  113 A E  G 3  S+     0   0  193      1,-0.3    -1,-0.3     3,-0.0     6,-0.1   0.699 135.5  67.3 -62.8 -18.4  -25.1   -7.8  -33.6               
  114  114 A N  G <  S+     0   0  148     -3,-1.5    -1,-0.3     2,-0.0    -2,-0.2   0.321  74.6 130.7 -85.6   6.1  -26.2   -9.8  -30.5               
  115  115 A C    <   -     0   0    4     -3,-1.6     4,-0.1     1,-0.1   -14,-0.0  -0.302  60.6-139.4 -60.4 141.2  -23.2   -8.6  -28.5               
  116  116 A R  S    S+     0   0  138      2,-0.1     2,-0.2   -20,-0.0   -17,-0.2   0.774  87.9  60.8 -67.3 -26.2  -23.7   -7.2  -25.0               
  117  117 A Y  S    S-     0   0  105    -20,-0.1   -20,-0.3     1,-0.1   -17,-0.2  -0.579 100.0 -83.7-104.3 160.5  -21.1   -4.5  -25.8               
  118  118 A S  B     -a  100   0A  24    -19,-2.8   -17,-2.9   -22,-0.7   -14,-0.1  -0.443  24.4-171.8 -69.8 135.7  -21.0   -1.8  -28.5               
  119  119 A H        +     0   0   43     -2,-0.2     2,-0.8   -19,-0.2    -1,-0.1   0.200  60.7 104.5-101.1   8.9  -19.7   -2.5  -32.1               
  120  120 A D    >   -     0   0   76      1,-0.1     3,-0.9     2,-0.0    -2,-0.1  -0.829  46.4-176.0 -94.3 110.3  -19.9    1.2  -32.9               
  121  121 A L  T 3  S+     0   0  113     -2,-0.8     3,-0.3     1,-0.2    -1,-0.1   0.599  81.8  69.5 -73.6 -11.8  -16.3    2.7  -33.0               
  122  122 A S  T >   +     0   0   87      1,-0.2     3,-0.9     2,-0.1     2,-0.8   0.598  67.0 109.6 -76.9 -12.4  -18.0    6.2  -33.7               
  123  123 A G  T <   +     0   0   57     -3,-0.9    -1,-0.2     1,-0.3    -2,-0.1   0.182  52.9  78.8 -66.8  14.1  -19.5    6.3  -30.1               
  124  124 A R  T 3  S+     0   0  251     -2,-0.8     2,-0.3    -3,-0.3    -1,-0.3   0.189  76.6  88.6-104.8  15.6  -17.3    9.1  -28.6               
  125  125 A K    <   +     0   0  182     -3,-0.9    -3,-0.0     1,-0.2     0, 0.0  -0.891  69.4  41.7-103.4 148.4  -19.3   12.0  -30.3               
  126  126 A M        +     0   0  174     -2,-0.3     2,-0.2     1,-0.1    -1,-0.2   0.970  46.7 135.8  73.9  77.3  -22.4   13.6  -28.6               
  127  127 A A  S    S+     0   0   95     -3,-0.1    -1,-0.1     1,-0.0     3,-0.0  -0.634  75.4  10.5-147.3 118.8  -22.9   14.6  -25.1               
  128  128 A T  S    S+     0   0  132     -2,-0.2     2,-0.3     0, 0.0    -1,-0.0   0.255  85.4  89.0-150.4 103.0  -24.2   17.5  -24.9               
  129  129 A E        +     0   0  193      2,-0.0     2,-0.3     0, 0.0     0, 0.0  -0.826  35.2 144.4-141.0 104.0  -25.8   19.6  -27.6               
  130  130 A G        -     0   0   69     -2,-0.3     2,-0.4     2,-0.0     0, 0.0  -0.820  38.8-144.5-138.1  93.1  -29.6   19.0  -28.2               
  131  131 A G        -     0   0   79     -2,-0.3     2,-0.5     1,-0.1    -2,-0.0  -0.471  13.8-133.3 -66.3 117.1  -31.5   22.2  -29.1               
  132  132 A V        -     0   0  141     -2,-0.4    -1,-0.1     2,-0.0    -2,-0.0  -0.590  22.5-173.5 -68.7 118.3  -35.0   22.2  -27.6               
  133  133 A S        -     0   0  106     -2,-0.5     0, 0.0     0, 0.0     0, 0.0  -0.960  25.4-123.1-106.7 132.8  -37.6   23.3  -30.3               
  134  134 A P        -     0   0  116      0, 0.0     2,-0.2     0, 0.0    -2,-0.0  -0.493  16.1-118.5 -79.9 145.6  -41.1   23.8  -28.8               
  135  135 A P        -     0   0  129      0, 0.0     2,-0.0     0, 0.0     0, 0.0  -0.516  40.0-102.0 -72.8 147.6  -44.3   21.9  -30.0               
  136  136 A G        -     0   0   80     -2,-0.2     2,-0.2     1,-0.1     0, 0.0  -0.254  38.5 -99.8 -72.2 157.7  -47.1   24.2  -31.3               
  137  137 A A        +     0   0  102     -2,-0.0     2,-0.3     2,-0.0    -1,-0.1  -0.447  39.0 161.3 -79.7 147.7  -50.3   25.2  -29.4               
  138  138 A S        -     0   0  130     -2,-0.2     2,-0.2     2,-0.1     0, 0.0  -0.921  31.3-121.2-156.7 150.7  -53.9   23.9  -29.5               
  139  139 A A        +     0   0  114     -2,-0.3     2,-0.1     2,-0.0    -2,-0.0  -0.575  40.6 138.4-103.3 155.8  -56.6   24.4  -26.9               
  140  140 A G        -     0   0   83     -2,-0.2     2,-0.1     0, 0.0    -2,-0.1  -0.499  29.8-162.3 171.9 115.3  -58.9   22.4  -24.5               
  141  141 A G        +     0   0   88     -2,-0.1    -2,-0.0     2,-0.0     0, 0.0  -0.404  28.2 115.5-104.0 177.5  -59.6   23.3  -20.8               
  142  142 A G        -     0   0   78     -2,-0.1     2,-0.2     0, 0.0     0, 0.0   0.414  23.3-175.1 127.8 108.4  -61.0   22.0  -17.5               
  143  143 A P        +     0   0  123      0, 0.0    -2,-0.0     0, 0.0     2,-0.0  -0.539  19.8 108.8-109.0-175.7  -59.5   21.4  -13.9               
  144  144 A S        +     0   0  115     -2,-0.2     0, 0.0     1,-0.0     0, 0.0   0.226  21.9  66.0  85.6 146.4  -60.6   19.9  -10.5               
  145  145 A T        -     0   0  144     -2,-0.0     2,-0.2     1,-0.0    -1,-0.0   0.695  29.1-160.9-142.2 165.1  -60.8   17.8   -8.1               
  146  146 A A        -     0   0   93      2,-0.0     2,-0.3     0, 0.0    -1,-0.0  -0.500   7.1-178.2 -87.9 159.0  -58.5   16.4   -5.2               
  147  147 A A        -     0   0   99     -2,-0.2     2,-0.3     2,-0.0     0, 0.0  -0.962  13.5-145.3-150.6 144.1  -58.7   13.3   -2.9               
  148  148 A H        +     0   0  183     -2,-0.3     2,-0.3     2,-0.0    -2,-0.0  -0.810  13.5 179.7-101.7 148.9  -56.5   12.1   -0.0               
  149  149 A I        -     0   0  170     -2,-0.3    -2,-0.0     2,-0.0     0, 0.0  -0.931   6.9-168.4-141.8 129.1  -55.5    8.5    1.1               
  150  150 A E        -     0   0  179     -2,-0.3    -2,-0.0     1,-0.0     0, 0.0  -0.724  28.0-107.8-100.6 158.8  -53.1    7.8    4.1               
  151  151 A P        -     0   0  113      0, 0.0     2,-0.1     0, 0.0    -2,-0.0  -0.708  28.2-131.8 -89.2 140.0  -51.6    4.3    4.9               
  152  152 A P        -     0   0  130      0, 0.0     2,-0.3     0, 0.0     0, 0.0  -0.467  25.5-108.2 -87.2 161.3  -52.8    2.1    7.9               
  153  153 A T        -     0   0  132      1,-0.2     0, 0.0    -2,-0.1     0, 0.0  -0.729  33.5 -75.4 -97.2 137.8  -50.5    0.3   10.5               
  154  154 A Q        -     0   0  177     -2,-0.3     2,-0.3     1,-0.1    -1,-0.2   0.475  29.7-170.3  23.6 122.3  -49.3   -3.1   11.5               
  155  155 A E        -     0   0  196      2,-0.0     2,-0.4     0, 0.0    -1,-0.1  -0.901  16.7-137.3-136.8 166.8  -51.0   -6.0   13.3               
  156  156 A V        +     0   0  126     -2,-0.3     2,-0.3     0, 0.0     0, 0.0  -0.976  21.6 168.1-132.0 136.9  -49.3   -9.3   14.6               
  157  157 A A        -     0   0  100     -2,-0.4    -2,-0.0     1,-0.0     0, 0.0  -0.976  28.4 -99.3-149.5 160.1  -50.1  -13.1   14.7               
  158  158 A E        -     0   0  196     -2,-0.3    -1,-0.0     1,-0.1     0, 0.0   0.058  27.6-141.3 -75.5 170.6  -48.3  -16.4   15.5               
  159  159 A A        +     0   0   85      0, 0.0    -1,-0.1     0, 0.0     0, 0.0  -0.401  13.2 167.0-106.1-164.2  -46.4  -19.4   13.9               
  160  160 A P        +     0   0  119      0, 0.0    -2,-0.0     0, 0.0     0, 0.0   0.542  13.8  16.8-127.4-138.4  -45.6  -22.6   13.5               
  161  161 A P        -     0   0  110      0, 0.0     0, 0.0     0, 0.0     0, 0.0   0.774  31.3-103.7-130.8 169.2  -44.4  -25.5   12.4               
  162  162 A A        +     0   0  101      1,-0.1     2,-0.3     0, 0.0     0, 0.0   0.745  14.7 175.9  40.0 121.6  -42.3  -27.9   10.2               
  163  163 A A        -     0   0  104      1,-0.0    -1,-0.1     0, 0.0     0, 0.0  -0.951  39.0 -49.7-151.2 151.8  -42.4  -30.3    7.3               
  164  164 A S        -     0   0  112     -2,-0.3    -1,-0.0     1,-0.1     0, 0.0   0.348  37.0-118.8 -20.5 134.0  -39.7  -32.4    5.4               
  165  165 A S        -     0   0  109      1,-0.0     2,-0.2     0, 0.0    -1,-0.1   0.526  11.4-161.9  93.1 116.8  -36.7  -32.5    3.7               
  166  166 A L        +     0   0  176      0, 0.0     2,-0.3     0, 0.0    -1,-0.0  -0.835  37.8 170.4-161.1 151.5  -34.5  -33.2    0.7               
  167  167 A S        +     0   0   97     -2,-0.2     0, 0.0     1,-0.1     0, 0.0  -0.989  10.1  79.1-156.6 156.3  -30.7  -33.7    1.1               
  168  168 A L        +     0   0  165     -2,-0.3    -1,-0.1     2,-0.0     0, 0.0   0.487  17.5  58.8  71.1 164.8  -27.0  -34.6    0.3               
  169  169 A P        +     0   0  102      0, 0.0     2,-0.4     0, 0.0    -2,-0.0   0.652  12.7 154.1-124.7 167.9  -24.1  -35.0   -0.5               
  170  170 A V        +     0   0  144      2,-0.0     2,-0.3     0, 0.0    -2,-0.0  -0.984  26.3 162.0-105.8 134.1  -20.5  -33.8   -0.1               
  171  171 A I        +     0   0  157     -2,-0.4     2,-0.3     0, 0.0     0, 0.0  -0.965   8.1 164.3-140.4 149.3  -17.8  -36.5   -0.5               
  172  172 A G        +     0   0   60     -2,-0.3    -2,-0.0     1,-0.0     0, 0.0  -0.894  14.4  68.3-147.3-175.7  -14.0  -36.0   -1.3               
  173  173 A S        +     0   0  130     -2,-0.3    -1,-0.0     0, 0.0     0, 0.0   0.564  40.9  76.3  81.6 146.9  -10.4  -37.4   -1.3               
  174  174 A A        -     0   0   95      0, 0.0    -2,-0.0     0, 0.0     0, 0.0   0.996  40.1 -97.9  80.1  99.9   -8.0  -39.8   -2.9               
  175  175 A A        +     0   0   90      0, 0.0     0, 0.0     0, 0.0     0, 0.0   0.974  29.9  53.0  78.9 128.4   -5.8  -40.8   -5.7               
  176  176 A E        -     0   0  146      2,-0.0     0, 0.0     0, 0.0     0, 0.0   0.988  43.7 -49.1  68.9 117.6   -4.4  -42.3   -8.8               
  177  177 A R        +     0   0  228      1,-0.0     2,-0.2     0, 0.0     0, 0.0   0.733  25.9 162.4  49.2 110.8   -4.0  -43.3  -12.4               
  178  178 A G        -     0   0   83      2,-0.0     2,-0.4     0, 0.0    -1,-0.0  -0.605  14.2-176.8-165.2 103.5   -6.1  -45.0  -15.1               
  179  179 A F        +     0   0  186     -2,-0.2     2,-0.2     2,-0.0     0, 0.0  -0.805  15.9 141.7 -89.2 136.0   -5.3  -44.8  -18.9               
  180  180 A F        -     0   0  205     -2,-0.4     2,-0.3     2,-0.0    -2,-0.0  -0.731  19.0-171.6-161.7 149.7   -7.1  -46.1  -21.9               
  181  181 A E        -     0   0  149     -2,-0.2     2,-0.2     0, 0.0    -2,-0.0  -0.846   3.8-169.4-117.6 151.9   -7.8  -44.8  -25.4               
  182  182 A A        +     0   0  101     -2,-0.3    -2,-0.0     2,-0.0     2,-0.0  -0.689  18.0 177.5-170.1 155.2   -9.9  -45.7  -28.5               
  183  183 A E        +     0   0  156     -2,-0.2     0, 0.0     0, 0.0     0, 0.0   0.523  19.9 174.1-175.9 165.8   -9.9  -44.5  -31.7               
  184  184 A R        +     0   0  197     -2,-0.0    -2,-0.0     0, 0.0     0, 0.0   0.587  24.2  43.6  83.3 142.2  -10.8  -44.0  -35.5               
  185  185 A D        -     0   0  111      0, 0.0     0, 0.0     0, 0.0     0, 0.0   0.656  28.3 -92.5-163.5 154.7  -10.5  -42.5  -38.3               
  186  186 A N        +     0   0  142      0, 0.0     0, 0.0     0, 0.0     0, 0.0   0.864  16.5 135.2  41.5 150.7   -9.5  -40.6  -41.5               
  187  187 A A        -     0   0   88      0, 0.0     0, 0.0     0, 0.0     0, 0.0   0.769  18.6-129.9-172.5 167.3   -8.9  -38.2  -43.6               
  188  188 A D        -     0   0  133      2,-0.0     0, 0.0     0, 0.0     0, 0.0   0.863  39.8 -30.9  88.6 122.4   -7.7  -35.6  -46.2               
  189  189 A R        +     0   0  230      1,-0.0     2,-0.1     2,-0.0     0, 0.0   0.785  41.5 125.8  40.3 112.3   -6.9  -32.1  -47.4               
  190  190 A G        -     0   0   79      2,-0.0     2,-0.7     0, 0.0    -1,-0.0  -0.513  41.7-140.4-173.6 111.9   -7.8  -28.4  -47.0               
  191  191 A A        +     0   0  115     -2,-0.1     2,-0.3     2,-0.0    -2,-0.0  -0.611  43.0 132.0 -84.7 113.1   -5.1  -25.9  -46.2               
  192  192 A A        -     0   0   98     -2,-0.7     2,-0.7     2,-0.0    -2,-0.0  -0.877  47.6-134.5-147.3 118.2   -5.8  -23.0  -43.7               
  193  193 A G        +     0   0   96     -2,-0.3     2,-0.3     1,-0.0    -2,-0.0  -0.633  38.6 154.7 -77.6 112.8   -3.2  -22.3  -40.9               
  194  194 A G        -     0   0   80     -2,-0.7     2,-0.3     0, 0.0    -2,-0.0  -0.757  15.7-176.0-145.9  96.6   -4.9  -21.8  -37.5               
  195  195 A A        -     0   0  103     -2,-0.3    -2,-0.0     1,-0.2     3,-0.0  -0.930  21.6 -30.0-116.0 150.3   -3.3  -22.5  -34.1               
  196  196 A G        -     0   0   54     -2,-0.3     2,-1.5     0, 0.0    -1,-0.2   0.665   9.9-147.9 176.4 143.2   -4.3  -22.4  -31.2               
  197  197 A V        -     0   0  160      0, 0.0     2,-0.1     0, 0.0     0, 0.0  -0.702  49.5-162.5 -85.4  86.7   -5.9  -21.8  -27.7               
  198  198 A E        -     0   0   98     -2,-1.5     2,-0.1     1,-0.1     5,-0.0  -0.391  13.5-119.1 -69.0 145.2   -2.8  -22.6  -25.6               
  199  199 A S    >   -     0   0   70     -2,-0.1     3,-1.8     1,-0.1    -1,-0.1  -0.408  20.1-112.4 -80.1 161.3   -3.3  -23.4  -21.9               
  200  200 A W  G >  S+     0   0  246      1,-0.3     3,-0.8     2,-0.2    -1,-0.1   0.717 121.6  66.5 -61.9 -17.5   -2.0  -21.6  -18.8               
  201  201 A A  G 3  S+     0   0   89      1,-0.2    -1,-0.3     3,-0.0    -3,-0.0   0.633  94.2  57.1 -72.9 -16.2   -0.0  -25.0  -18.6               
  202  202 A D  G <  S+     0   0  101     -3,-1.8     2,-0.3     2,-0.1    -1,-0.2   0.223  77.1 126.9 -98.3   7.9    1.8  -23.9  -21.8               
  203  203 A A  S <  S-     0   0   61     -3,-0.8     2,-0.3     1,-0.1    -3,-0.0  -0.548  70.6-111.0 -67.7 127.4    3.1  -20.6  -20.3               
  204  204 A I        -     0   0  147     -2,-0.3     2,-0.1     1,-0.1    -1,-0.1  -0.445  34.9-117.5 -61.6 119.3    6.9  -20.3  -20.6               
  205  205 A E        -     0   0  173     -2,-0.3     2,-0.8     1,-0.1    -1,-0.1  -0.351  25.8-118.5 -58.7 130.1    8.5  -20.6  -17.1               
  206  206 A F        -     0   0  156     -2,-0.1    -1,-0.1     6,-0.0     6,-0.0  -0.645  28.6-165.3 -74.5 110.9   10.3  -17.3  -16.1               
  207  207 A V    >   -     0   0   91     -2,-0.8     3,-1.3     4,-0.1    -1,-0.0  -0.886  22.3-125.4 -97.0 111.6   14.0  -18.2  -15.6               
  208  208 A P  T 3  S+     0   0  105      0, 0.0    -2,-0.0     0, 0.0     0, 0.0  -0.294  93.2  31.9 -56.8 135.2   15.8  -15.4  -13.7               
  209  209 A G  T 3  S+     0   0   74      1,-0.3     0, 0.0    -2,-0.0     0, 0.0   0.536  94.9 102.5  88.2  10.3   18.9  -14.1  -15.6               
  210  210 A Q  S <  S-     0   0  137     -3,-1.3    -1,-0.3     0, 0.0     2,-0.2  -0.967  79.8-107.3-112.7 141.9   17.6  -14.8  -19.2               
  211  211 A P        -     0   0   69      0, 0.0     2,-0.8     0, 0.0    -4,-0.1  -0.459  45.3-101.8 -61.1 133.6   16.3  -11.9  -21.5               
  212  212 A Y        -     0   0  144     -2,-0.2     2,-1.5     1,-0.1    -6,-0.0  -0.409  33.5-165.0 -65.8 102.4   12.5  -12.2  -21.8               
  213  213 A R        -     0   0  185     -2,-0.8    -1,-0.1     2,-0.0    54,-0.0  -0.587  17.4-170.3 -85.5  71.9   11.8  -13.8  -25.2               
  214  214 A G        -     0   0   29     -2,-1.5     2,-2.3     1,-0.1     0, 0.0  -0.184  41.3 -80.5 -56.8 157.7    8.1  -12.9  -25.3               
  215  215 A R  S    S+     0   0  183      1,-0.1     2,-0.4     2,-0.1    -1,-0.1  -0.373  78.2 135.3 -71.7  74.6    5.9  -14.5  -28.1               
  216  216 A W        -     0   0  239     -2,-2.3     2,-1.6     2,-0.1    -1,-0.1  -0.819  27.6-179.0-120.8  89.5    6.8  -12.2  -31.1               
  217  217 A V        +     0   0  131     -2,-0.4     2,-0.9     2,-0.1    -2,-0.1  -0.646  15.1 162.6 -84.1  77.9    7.5  -14.3  -34.2               
  218  218 A A        -     0   0   71     -2,-1.6     2,-2.2     2,-0.0    -2,-0.1  -0.839  25.9-157.8 -93.4  90.6    8.3  -11.3  -36.5               
  219  219 A S        +     0   0  113     -2,-0.9    -2,-0.1     2,-0.0    -1,-0.0  -0.483  20.1 174.1 -72.1  73.6   10.1  -13.2  -39.3               
  220  220 A A        -     0   0   83     -2,-2.2     2,-0.2     1,-0.1    -2,-0.0  -0.606  37.4-104.3 -70.5 142.9   12.1  -10.3  -40.7               
  221  221 A P        -     0   0  121      0, 0.0     2,-0.8     0, 0.0    -1,-0.1  -0.483  31.2-108.1 -69.4 142.8   14.6  -11.4  -43.5               
  222  222 A E        -     0   0  205     -2,-0.2     3,-0.0     3,-0.0     0, 0.0  -0.583  38.5-171.2 -66.8 106.0   18.3  -11.6  -42.7               
  223  223 A A        -     0   0   86     -2,-0.8    -3,-0.0     1,-0.0     0, 0.0  -0.887  35.4 -93.6 -96.0 134.3   19.8   -8.6  -44.6               
  224  224 A P        -     0   0  132      0, 0.0     2,-0.3     0, 0.0    -1,-0.0  -0.164  36.7-115.1 -60.2 137.5   23.7   -8.7  -44.5               
  225  225 A L        +     0   0  164      1,-0.1    -3,-0.0    -3,-0.0     0, 0.0  -0.510  61.8 110.1 -59.1 124.9   25.8   -6.9  -41.9               
  226  226 A Q        +     0   0  199     -2,-0.3     2,-0.5     1,-0.1    -1,-0.1   0.292  19.3 123.0 172.8  76.1   28.1   -4.1  -42.7               
  227  227 A S        -     0   0   74      3,-0.0    -1,-0.1     4,-0.0     2,-0.0  -0.992  69.3-112.5 -99.9 130.9   27.5   -0.5  -41.7               
  228  228 A S     >  -     0   0   47     -2,-0.5     4,-1.6     1,-0.1     3,-0.3  -0.307   5.7-133.1 -66.2 144.2   30.7    0.4  -39.8               
  229  229 A E  H  > S+     0   0  141      1,-0.2     4,-2.2     2,-0.2    -1,-0.1   0.843 108.6  62.6 -53.9 -33.3   30.4    1.1  -36.0               
  230  230 A T  H  > S+     0   0   82      2,-0.2     4,-1.9     1,-0.2    -1,-0.2   0.890 100.8  47.6 -64.5 -43.0   32.5    4.2  -36.8               
  231  231 A E  H  > S+     0   0  105     -3,-0.3     4,-2.0     2,-0.2     5,-0.2   0.936 112.6  48.9 -67.8 -43.4   29.9    5.8  -39.1               
  232  232 A R  H  X S+     0   0  171     -4,-1.6     4,-1.0     1,-0.2    -2,-0.2   0.905 113.8  48.3 -59.8 -40.4   27.1    5.3  -36.5               
  233  233 A K  H  X S+     0   0   94     -4,-2.2     4,-0.5    -5,-0.2    -2,-0.2   0.830 110.8  51.4 -67.2 -33.7   29.5    6.8  -33.9               
  234  234 A Q  H  < S+     0   0  141     -4,-1.9     3,-0.3     1,-0.2     4,-0.2   0.844 107.4  49.5 -79.0 -32.4   30.4    9.8  -36.1               
  235  235 A M  H  < S+     0   0  154     -4,-2.0     3,-0.4     1,-0.2    -1,-0.2   0.780 109.9  52.2 -76.1 -24.1   26.8   10.9  -37.0               
  236  236 A A  H  < S+     0   0   35     -4,-1.0     3,-0.5    -5,-0.2    -1,-0.2   0.636  94.4  69.1 -85.8 -16.3   25.6   10.9  -33.3               
  237  237 A V  S  < S+     0   0  129     -4,-0.5    -1,-0.2    -3,-0.3    -2,-0.1   0.567  93.2  56.3 -84.1  -9.2   28.4   13.1  -31.7               
  238  238 A G  S    S+     0   0   72     -3,-0.4     2,-0.3    -4,-0.2    -1,-0.2   0.418  98.3  44.8-110.2  -2.9   27.4   16.5  -33.3               
  239  239 A S        -     0   0   70     -3,-0.5     2,-2.3    -4,-0.1    -1,-0.1  -0.988  69.0-121.9-153.0 141.3   23.7   17.3  -32.4               
  240  240 A G        -     0   0   83     -2,-0.3     2,-0.9    -3,-0.1    -3,-0.1  -0.435  42.2-171.7 -74.4  62.8   21.1   17.4  -29.5               
  241  241 A L        -     0   0   71     -2,-2.3    19,-0.1    -5,-0.2     2,-0.1  -0.502  12.9-143.5 -66.7 100.9   18.8   15.0  -31.4               
  242  242 A R        -     0   0  203     -2,-0.9    19,-1.3     1,-0.1    -1,-0.0  -0.384  24.7-103.4 -59.7 142.4   15.5   14.9  -29.4               
  243  243 A F  B     -b  261   0B  66     17,-0.2     2,-0.9     1,-0.1    19,-0.2  -0.300  38.5 -99.6 -58.4 148.4   13.8   11.5  -29.3               
  244  244 A C     >  -     0   0    3     17,-2.8     4,-2.6    16,-0.2     3,-0.4  -0.665  27.5-150.7 -72.4 109.4   10.7   11.1  -31.5               
  245  245 A Y  H  > S+     0   0   97     -2,-0.9     4,-0.6     1,-0.2    -1,-0.2   0.785  97.2  49.6 -47.9 -35.4    7.7   11.5  -29.1               
  246  246 A Y  H  4>S+     0   0  133      2,-0.2     5,-1.5     1,-0.1    -1,-0.2   0.879 111.0  47.1 -78.4 -36.9    5.6    9.2  -31.3               
  247  247 A A  H >45S+     0   0    0     -3,-0.4     3,-2.2     1,-0.2    25,-1.1   0.938 108.5  54.8 -69.0 -43.5    8.3    6.4  -31.4               
  248  248 A S  H 3<5S+     0   0   27     -4,-2.6    -1,-0.2     1,-0.3    -2,-0.2   0.688 107.6  51.4 -67.1 -16.3    8.9    6.5  -27.6               
  249  249 A R  T 3<5S-     0   0  133     -4,-0.6    -1,-0.3    -5,-0.3    -2,-0.2   0.196 130.3 -97.0-101.0  13.4    5.1    5.9  -27.2               
  250  250 A G  T < 5S+     0   0   29     -3,-2.2     2,-0.3    22,-0.0    -3,-0.2  -0.033  97.5  59.0 108.7 -24.3    5.3    2.9  -29.6               
  251  251 A V      < -     0   0  102     -5,-1.5     2,-0.6    21,-0.0    -4,-0.1  -0.894  51.1-171.2-144.6 112.5    4.2    4.1  -33.1               
  252  252 A C    >   -     0   0   18     -2,-0.3     3,-1.9     1,-0.1     6,-0.1  -0.885  14.8-153.6-101.6 119.4    5.8    6.8  -35.3               
  253  253 A F  T 3  S+     0   0  175     -2,-0.6    -1,-0.1     1,-0.3     0, 0.0   0.611  94.8  59.2 -62.7 -16.3    3.7    7.7  -38.5               
  254  254 A R  T >  S-     0   0  145      1,-0.2     3,-1.5     2,-0.0    -1,-0.3   0.508  85.2-170.2 -89.4  -8.4    7.0    8.8  -40.2               
  255  255 A G  G X   -     0   0   35     -3,-1.9     3,-0.9     1,-0.3    -1,-0.2  -0.177  68.3 -13.5  50.7-139.4    8.8    5.4  -39.9               
  256  256 A E  G 3  S+     0   0  204      1,-0.3    -1,-0.3     3,-0.0     6,-0.1   0.685 130.9  71.6 -64.7 -18.6   12.5    5.5  -40.8               
  257  257 A S  G <  S+     0   0  104     -3,-1.5     2,-0.3     2,-0.0    -1,-0.3   0.057  70.8 131.5 -86.2  23.5   12.0    9.0  -42.4               
  258  258 A C    <   -     0   0   24     -3,-0.9     4,-0.1     1,-0.1   -14,-0.1  -0.636  55.5-147.2 -77.2 137.6   11.5   10.6  -39.0               
  259  259 A M  S    S+     0   0  144     -2,-0.3     2,-0.3     2,-0.1    -1,-0.1   0.385  82.4  67.3 -81.6   0.9   13.6   13.8  -38.3               
  260  260 A Y  S    S-     0   0  112    -19,-0.1   -17,-0.2   -16,-0.0   -16,-0.2  -0.943  98.8 -90.0-124.3 146.1   13.9   12.8  -34.5               
  261  261 A L  B     -b  243   0B  50    -19,-1.3   -17,-2.8    -2,-0.3     2,-0.5  -0.321  29.3-148.8 -62.5 125.1   15.8    9.8  -33.1               
  262  262 A H        -     0   0   49    -19,-0.2    11,-0.1    -2,-0.1     2,-0.1  -0.818  25.1-134.3 -80.1 129.1   13.9    6.6  -32.7               
  263  263 A G        -     0   0    7      9,-1.3    12,-0.2    -2,-0.5    10,-0.1  -0.403  22.3 -93.9 -74.1 163.6   15.3    4.8  -29.7               
  264  264 A D  E     -C  274   0C  76     10,-2.3    10,-2.1     8,-0.1     9,-0.6  -0.409  54.8 -93.6 -64.6 153.5   16.2    1.1  -29.5               
  265  265 A I  E     -C  272   0C 103      7,-0.2     2,-0.6     8,-0.2     7,-0.2  -0.595  31.8-131.1 -75.7 128.9   13.4   -1.0  -28.1               
  266  266 A C     >  -     0   0    4      5,-2.5     4,-2.5    -2,-0.4     5,-0.2  -0.733  10.0-142.0 -76.9 122.8   13.4   -1.7  -24.3               
  267  267 A D  T  4 S+     0   0  100     -2,-0.6    -1,-0.1     1,-0.2    -2,-0.0   0.685  97.8  46.6 -55.5 -24.3   13.0   -5.5  -23.7               
  268  268 A M  T  4 S+     0   0   98      3,-0.1    -1,-0.2     1,-0.1    18,-0.0   0.887 125.6  21.8 -91.6 -45.2   10.7   -4.7  -20.6               
  269  269 A C  T  4 S-     0   0   53      2,-0.2    -2,-0.2    -3,-0.1     3,-0.1   0.554  91.1-131.9-101.1 -10.9    8.3   -2.0  -21.8               
  270  270 A G     <  +     0   0   50     -4,-2.5     2,-0.2     1,-0.2    -3,-0.1   0.544  62.4 131.9  71.5   8.4    8.5   -2.6  -25.6               
  271  271 A L  S    S-     0   0   59     -5,-0.2    -5,-2.5     1,-0.1     2,-1.9  -0.643  70.6-118.5 -95.0 150.5    8.9    1.2  -26.3               
  272  272 A Q  E    S+C  265   0C  46    -25,-1.1    -9,-1.3    -7,-0.2    -7,-0.2  -0.482  76.7 120.5 -81.0  62.5   11.6    2.9  -28.6               
  273  273 A T  E     +     0   0C  20     -2,-1.9     2,-0.3    -9,-0.6    -1,-0.2   0.535  36.3  97.6-109.9 -15.4   13.0    4.7  -25.4               
  274  274 A L  E    S-C  264   0C  20    -10,-2.1   -10,-2.3    -3,-0.4     8,-0.1  -0.642  73.5-125.5 -82.0 133.1   16.7    3.5  -25.2               
  275  275 A H    >   -     0   0   36     -2,-0.3     3,-0.6     3,-0.3     7,-0.2  -0.676  13.9-141.6 -76.1 126.3   19.3    5.9  -26.7               
  276  276 A P  T 3  S+     0   0   43      0, 0.0    -1,-0.1     0, 0.0   -13,-0.1   0.737  97.0  24.2 -61.1 -24.2   21.4    3.9  -29.3               
  277  277 A M  T 3  S+     0   0   85      1,-0.1     2,-0.7   -41,-0.1    -2,-0.0   0.404 102.5  85.4-123.7  -2.8   24.7    5.6  -28.3               
  278  278 A D    <>  -     0   0   71     -3,-0.6     4,-1.8     1,-0.2    -3,-0.3  -0.882  46.8-175.5-111.7 103.3   24.2    6.9  -24.6               
  279  279 A A  H  > S+     0   0   66     -2,-0.7     4,-2.1     2,-0.2    -1,-0.2   0.831  84.5  53.6 -64.0 -33.1   25.0    4.2  -22.0               
  280  280 A A  H  > S+     0   0   66      2,-0.2     4,-2.8     1,-0.2     5,-0.2   0.938 108.3  48.1 -72.2 -45.0   23.8    6.4  -19.1               
  281  281 A Q  H  > S+     0   0   51      1,-0.2     4,-2.6     2,-0.2    -2,-0.2   0.888 113.1  49.9 -60.9 -39.0   20.4    7.2  -20.6               
  282  282 A R  H  X S+     0   0  103     -4,-1.8     4,-2.6     2,-0.2    -2,-0.2   0.919 112.2  46.0 -65.1 -45.4   19.9    3.4  -21.3               
  283  283 A E  H  X S+     0   0  116     -4,-2.1     4,-2.8     2,-0.2    -2,-0.2   0.930 113.5  50.2 -63.7 -43.3   20.9    2.4  -17.7               
  284  284 A E  H  X S+     0   0  107     -4,-2.8     4,-2.6     2,-0.2     5,-0.2   0.940 113.6  44.9 -58.2 -49.3   18.6    5.2  -16.3               
  285  285 A H  H  X S+     0   0   41     -4,-2.6     4,-2.3     2,-0.2    -2,-0.2   0.906 113.3  50.3 -64.4 -41.7   15.7    4.0  -18.4               
  286  286 A M  H  X S+     0   0  100     -4,-2.6     4,-2.2     2,-0.2    -2,-0.2   0.935 113.3  46.2 -60.6 -45.4   16.4    0.3  -17.6               
  287  287 A R  H  X S+     0   0  114     -4,-2.8     4,-2.5     1,-0.2    -2,-0.2   0.954 116.5  43.3 -62.9 -50.8   16.5    1.1  -13.8               
  288  288 A A  H  X S+     0   0   45     -4,-2.6     4,-1.9     1,-0.2    -1,-0.2   0.808 113.6  52.6 -65.5 -32.4   13.3    3.2  -13.9               
  289  289 A C  H  X S+     0   0   15     -4,-2.3     4,-1.8    -5,-0.2    -1,-0.2   0.865 110.9  46.4 -73.1 -36.9   11.5    0.7  -16.1               
  290  290 A I  H  X S+     0   0   78     -4,-2.2     4,-2.8     2,-0.2     3,-0.2   0.975 114.1  48.2 -65.0 -51.5   12.3   -2.2  -13.7               
  291  291 A E  H  X S+     0   0   96     -4,-2.5     4,-1.9     1,-0.2    -2,-0.2   0.838 112.8  49.0 -58.9 -36.9   11.2   -0.1  -10.7               
  292  292 A A  H  X S+     0   0   57     -4,-1.9     4,-1.8    -5,-0.2    -1,-0.2   0.887 112.3  47.6 -68.8 -38.9    8.0    0.8  -12.6               
  293  293 A H  H  X S+     0   0  101     -4,-1.8     4,-2.2    -3,-0.2    -2,-0.2   0.908 110.2  52.0 -70.3 -40.5    7.3   -2.9  -13.5               
  294  294 A E  H  X S+     0   0  106     -4,-2.8     4,-2.7     1,-0.2    -2,-0.2   0.941 111.9  47.4 -58.5 -45.9    7.9   -4.0   -9.9               
  295  295 A K  H  X S+     0   0  111     -4,-1.9     4,-2.4    -5,-0.2    -2,-0.2   0.854 111.1  49.9 -65.6 -37.9    5.4   -1.3   -8.7               
  296  296 A D  H  X S+     0   0   91     -4,-1.8     4,-2.2     2,-0.2    -1,-0.2   0.866 112.3  49.2 -68.5 -33.4    2.8   -2.3  -11.3               
  297  297 A M  H  X S+     0   0   86     -4,-2.2     4,-2.4     2,-0.2    -2,-0.2   0.950 112.2  46.6 -68.6 -48.5    3.2   -6.0  -10.2               
  298  298 A E  H  X S+     0   0  142     -4,-2.7     4,-2.6     1,-0.2    -2,-0.2   0.927 114.2  49.2 -56.0 -46.8    2.8   -5.0   -6.4               
  299  299 A L  H  X S+     0   0   80     -4,-2.4     4,-2.4     2,-0.2    -2,-0.2   0.900 108.9  52.8 -60.6 -42.8   -0.3   -2.9   -7.4               
  300  300 A S  H  X S+     0   0   62     -4,-2.2     4,-2.8     2,-0.2    -2,-0.2   0.932 111.8  45.0 -62.0 -44.6   -1.7   -5.9   -9.4               
  301  301 A F  H  X S+     0   0  118     -4,-2.4     4,-2.4     2,-0.2    -2,-0.2   0.907 112.6  51.8 -64.4 -41.0   -1.3   -8.2   -6.4               
  302  302 A A  H  < S+     0   0   16     -4,-2.6    75,-0.8     2,-0.2     4,-0.2   0.859 113.8  44.2 -65.6 -34.6   -2.8   -5.5   -4.1               
  303  303 A V  H >X S+     0   0   30     -4,-2.4     3,-2.1     2,-0.2     4,-1.0   0.954 111.5  52.9 -68.9 -50.4   -5.9   -5.1   -6.5               
  304  304 A Q  H >X S+     0   0  132     -4,-2.8     3,-0.8     1,-0.3     4,-0.5   0.880 103.5  57.4 -57.1 -40.6   -6.2   -8.9   -6.9               
  305  305 A R  H 3< S+     0   0   73     -4,-2.4    -1,-0.3     1,-0.2    -2,-0.2   0.605 115.0  39.0 -62.8 -15.0   -6.4   -9.3   -3.0               
  306  306 A G  H X4 S+     0   0    1     -3,-2.1     3,-0.8    -4,-0.2    13,-0.5   0.520  90.6  87.8-108.8 -12.0   -9.4   -6.9   -3.0               
  307  307 A M  H << S+     0   0  107     -4,-1.0    13,-0.2    -3,-0.8    12,-0.2   0.837  95.0  38.9 -65.4 -36.3  -11.4   -8.0   -6.1               
  308  308 A D  T 3< S+     0   0   95     -4,-0.5     2,-0.8     9,-0.1    -1,-0.2   0.531  84.6 125.0 -84.2 -12.4  -13.5  -10.7   -4.5               
  309  309 A K    <   -     0   0   36     -3,-0.8     9,-2.3     8,-0.1    10,-0.3  -0.372  43.8-161.4 -77.0 104.6  -14.1   -8.9   -1.2               
  310  310 A V  B     -D  317   0D  63     -2,-0.8     2,-0.7     7,-0.3     7,-0.3  -0.496  22.7-116.6 -73.8 140.6  -17.9   -8.6   -0.3               
  311  311 A C    >>  -     0   0    0      5,-2.6     4,-2.6    -2,-0.2     3,-0.9  -0.739  14.6-144.2 -82.9 118.2  -19.0   -5.9    2.2               
  312  312 A G  T 34 S+     0   0   45     26,-2.6    27,-0.1    -2,-0.7    -1,-0.1   0.424  96.9  48.1 -63.6  -1.7  -20.6   -7.6    5.3               
  313  313 A I  T 34 S+     0   0   69     25,-0.2    -1,-0.2     3,-0.1    26,-0.1   0.706 127.0  19.9-102.9 -35.4  -23.2   -4.7    5.7               
  314  314 A C  T <4 S-     0   0   40     -3,-0.9    -2,-0.2     2,-0.2     3,-0.1   0.446  89.2-132.2-118.4  -5.9  -24.5   -4.4    2.1               
  315  315 A M     <  +     0   0  163     -4,-2.6     2,-0.3     1,-0.2    -3,-0.1   0.451  65.6 126.1  60.1   8.7  -23.6   -7.8    0.5               
  316  316 A E  S    S-     0   0  103     -5,-0.3    -5,-2.6    -6,-0.1    -1,-0.2  -0.731  71.7-107.2 -86.6 141.7  -22.1   -6.0   -2.6               
  317  317 A V  B     -D  310   0D  33     -2,-0.3     4,-0.4    -7,-0.3    -7,-0.3  -0.445  29.2-139.0 -57.5 130.8  -18.5   -6.6   -3.8               
  318  318 A V  S >  S+     0   0    0     -9,-2.3     3,-1.0   -12,-0.2    -1,-0.1   0.927  96.3  50.6 -69.1 -41.9  -16.6   -3.4   -2.8               
  319  319 A Y  T 3  S+     0   0   92    -13,-0.5    -1,-0.2   -10,-0.3     8,-0.1   0.809 106.4  54.8 -68.5 -30.1  -14.5   -3.1   -6.0               
  320  320 A E  T 3  S+     0   0  146    -13,-0.2    -1,-0.2    -3,-0.0    -2,-0.2   0.569  77.1 135.5 -81.3  -8.5  -17.5   -3.4   -8.4               
  321  321 A K    <   -     0   0   14     -3,-1.0     6,-0.2    -4,-0.4     5,-0.1  -0.057  61.9-126.3 -53.2 138.9  -19.5   -0.5   -6.8               
  322  322 A A  S    S+     0   0   87      4,-0.1    -1,-0.1     3,-0.1     3,-0.1   0.831  95.9  61.4 -58.4 -37.0  -21.2    1.9   -9.3               
  323  323 A N  S >> S-     0   0   76      1,-0.1     3,-1.8     2,-0.0     4,-0.6  -0.815  75.5-146.5 -91.2 129.0  -19.6    5.0   -7.7               
  324  324 A P  G >4 S+     0   0   76      0, 0.0     3,-1.0     0, 0.0    -1,-0.1   0.849  99.9  62.6 -63.6 -29.9  -15.7    5.1   -7.7               
  325  325 A N  G 34 S+     0   0   99      1,-0.2     3,-0.1     2,-0.1    16,-0.1   0.655 101.9  52.5 -63.7 -17.2  -15.7    7.0   -4.3               
  326  326 A D  G <4 S+     0   0   16     -3,-1.8     2,-1.6     1,-0.2    15,-0.3   0.569  81.5  90.0 -98.9 -12.3  -17.4    3.8   -2.8               
  327  327 A R  S << S+     0   0  100     -3,-1.0     2,-0.4    -4,-0.6    -1,-0.2  -0.299  70.1 106.5 -76.5  44.1  -14.7    1.3   -4.2               
  328  328 A R        -     0   0   76     -2,-1.6    13,-2.8   -10,-0.1    47,-0.2  -0.998  68.5-130.8-132.7 128.2  -12.9    1.9   -0.9               
  329  329 A F  E     -EF 340 374E   0     45,-1.9    45,-2.3    -2,-0.4     2,-0.7  -0.470   8.2-143.9 -71.3 142.1  -12.6   -0.5    2.1               
  330  330 A G  E     - F   0 373E   0      9,-2.8     2,-0.1    43,-0.2     9,-0.1  -0.794  27.7-162.5-105.5  81.6  -13.3    0.8    5.6               
  331  331 A I  E     - F   0 372E   3     41,-2.2    41,-2.7    -2,-0.7     2,-0.4  -0.403   6.8-142.0 -71.4 138.7  -10.7   -1.3    7.4               
  332  332 A L  E >   -GF 335 371E   0      3,-0.7     3,-1.0     5,-0.3    39,-0.2  -0.867   9.8-135.4-102.7 138.1  -11.0   -1.6   11.2               
  333  333 A S  T 3  S+     0   0   15     37,-0.8    -1,-0.1    -2,-0.4    35,-0.1   0.849 100.7  40.5 -59.2 -35.9   -7.9   -1.6   13.5               
  334  334 A N  T 3  S+     0   0   90     36,-0.2     2,-0.3     1,-0.1    -1,-0.2   0.226 118.3  29.9-109.4   7.7   -8.9   -4.6   15.6               
  335  335 A C  B <   -G  332   0E  13     -3,-1.0     2,-0.8     2,-0.1    -3,-0.7  -0.914  66.0-127.6-165.2 152.4  -10.4   -7.1   13.1               
  336  336 A N        +     0   0   65     -2,-0.3     2,-0.4    -5,-0.1    -3,-0.1  -0.291  55.0 142.8 -99.1  46.4  -10.1   -8.1    9.4               
  337  337 A H        -     0   0   46     -2,-0.8     2,-0.6    -5,-0.1    -5,-0.3  -0.791  51.5-120.5 -94.0 129.9  -13.8   -7.8    8.4               
  338  338 A S        +     0   0   27     -2,-0.4   -26,-2.6   -28,-0.2     2,-0.3  -0.536  42.6 159.3 -78.4 115.8  -14.6   -6.5    4.9               
  339  339 A F        -     0   0    0     -2,-0.6    -9,-2.8   -28,-0.2     2,-0.2  -0.990  40.9-118.0-132.2 145.4  -16.8   -3.3    4.8               
  340  340 A C  B >>  -E  329   0E   3     -2,-0.3     4,-2.1   -11,-0.2     3,-0.6  -0.564  32.7-119.3 -72.0 143.8  -17.4   -0.6    2.2               
  341  341 A I  H 3> S+     0   0    8    -13,-2.8     4,-1.8   -15,-0.3     5,-0.1   0.864 114.7  48.2 -59.2 -37.5  -16.3    2.9    3.5               
  342  342 A R  H 3> S+     0   0  134    -14,-0.2     4,-1.8   -16,-0.2    -1,-0.3   0.859 111.0  53.3 -63.8 -36.9  -19.9    4.3    3.2               
  343  343 A C  H <> S+     0   0   16     -3,-0.6     4,-2.1     2,-0.2    -2,-0.2   0.966 112.7  39.0 -69.0 -54.3  -21.3    1.3    5.1               
  344  344 A I  H  X S+     0   0    0     -4,-2.1     4,-2.7     1,-0.2    -1,-0.2   0.853 114.2  55.8 -70.8 -31.3  -19.0    1.3    8.2               
  345  345 A R  H  X S+     0   0  135     -4,-1.8     4,-0.6    -5,-0.3    -1,-0.2   0.894 108.0  49.2 -64.0 -38.5  -19.2    5.2    8.3               
  346  346 A R  H >< S+     0   0  192     -4,-1.8     3,-0.8     2,-0.2     4,-0.3   0.931 111.9  48.5 -65.1 -44.1  -23.1    4.9    8.4               
  347  347 A W  H >< S+     0   0   69     -4,-2.1     3,-1.9     1,-0.2    -2,-0.2   0.966 110.7  50.1 -56.3 -53.8  -22.8    2.3   11.2               
  348  348 A R  H 3< S+     0   0   52     -4,-2.7    -1,-0.2     1,-0.3    -2,-0.2   0.595 112.3  50.1 -60.4 -15.4  -20.3    4.6   13.2               
  349  349 A S  T << S+     0   0   88     -3,-0.8     2,-1.0    -4,-0.6    -1,-0.3   0.340  76.6 121.5-103.1  -0.7  -22.9    7.5   12.8               
  350  350 A A    X   -     0   0   27     -3,-1.9     3,-1.4    -4,-0.3     8,-0.1  -0.552  43.6-166.9 -76.1 102.1  -26.0    5.6   14.0               
  351  351 A R  T 3  S+     0   0  250     -2,-1.0    -1,-0.2     1,-0.3     4,-0.1   0.399  75.1  79.3 -68.4   1.0  -27.4    7.7   17.0               
  352  352 A Q  T 3  S+     0   0  174      2,-0.1     2,-0.3     6,-0.0    -1,-0.3   0.558  90.2  55.2 -85.7 -13.0  -29.8    4.8   18.0               
  353  353 A F  S <  S-     0   0  101     -3,-1.4     5,-0.0     1,-0.1     0, 0.0  -0.859  92.7 -89.7-123.0 157.0  -27.1    2.7   19.7               
  354  354 A E    >>  -     0   0  130     -2,-0.3     4,-2.2     1,-0.1     3,-1.2  -0.217  40.6-106.8 -58.9 153.9  -24.5    3.3   22.5               
  355  355 A N  H 3> S+     0   0  129      1,-0.3     4,-0.9     2,-0.2    -1,-0.1   0.736 121.5  58.3 -52.7 -26.9  -21.0    4.6   21.8               
  356  356 A R  H 34 S+     0   0  195      2,-0.2    -1,-0.3     3,-0.1     4,-0.2   0.874 109.4  42.4 -70.2 -38.5  -19.7    1.0   22.5               
  357  357 A I  H X4 S+     0   0   67     -3,-1.2     3,-1.1     2,-0.2    -2,-0.2   0.917 112.4  50.5 -79.3 -44.9  -21.9   -0.5   19.8               
  358  358 A V  H 3< S+     0   0   12     -4,-2.2    -1,-0.2     1,-0.3    -2,-0.2   0.803 112.9  48.9 -67.8 -26.3  -21.3    2.1   17.0               
  359  359 A K  T 3< S+     0   0   94     -4,-0.9     9,-2.4    -5,-0.3    -1,-0.3   0.538  99.9  90.3 -83.0 -11.2  -17.5    1.8   17.6               
  360  360 A S  B <  S-H  367   0F  10     -3,-1.1     7,-0.3     7,-0.3     6,-0.1  -0.479  90.0 -99.2 -84.4 156.0  -17.8   -2.1   17.4               
  361  361 A C     >  -     0   0    0      5,-2.2     4,-2.1    -2,-0.1    -1,-0.1  -0.636  27.2-135.3 -65.0 128.4  -17.4   -4.2   14.3               
  362  362 A P  T  4 S+     0   0   37      0, 0.0    -1,-0.1     0, 0.0    -2,-0.0   0.764 101.6  38.8 -54.0 -29.7  -20.9   -5.2   13.0               
  363  363 A Q  T  4 S+     0   0  119      3,-0.1    -3,-0.0     1,-0.1    -2,-0.0   0.917 132.2  17.1 -93.7 -51.3  -19.8   -8.8   12.5               
  364  364 A C  T  4 S-     0   0   49      2,-0.1     3,-0.1   -29,-0.0    -1,-0.1   0.415  88.0-132.3-105.4  -2.1  -17.5   -9.7   15.5               
  365  365 A R     <  +     0   0  207     -4,-2.1     2,-0.2     1,-0.2    -6,-0.1   0.434  53.0 149.4  58.0   7.1  -18.5   -6.9   18.0               
  366  366 A V        -     0   0   62     -6,-0.1    -5,-2.2     1,-0.1    -1,-0.2  -0.465  51.7-115.4 -62.2 129.8  -14.7   -6.2   18.7               
  367  367 A T  B     -H  360   0F  82     -7,-0.3     2,-0.3    -2,-0.2    -7,-0.3  -0.456  35.3-176.4 -68.4 140.5  -14.4   -2.4   19.5               
  368  368 A S        -     0   0    1     -9,-2.4     3,-0.0    -2,-0.1   -36,-0.0  -0.992  18.9-165.9-142.2 131.6  -12.3   -0.3   17.1               
  369  369 A E  S    S+     0   0  139     -2,-0.3     2,-0.2     0, 0.0    -1,-0.1   0.896  73.5  50.4 -88.4 -36.2  -11.5    3.4   17.5               
  370  370 A L        -     0   0   20    -11,-0.0   -37,-0.8     2,-0.0     2,-0.4  -0.647  58.1-160.3-100.6 149.1  -10.3    4.1   13.9               
  371  371 A V  E     -F  332   0E  22     -2,-0.2   -39,-0.2   -39,-0.2   -40,-0.1  -0.990  17.4-156.1-118.9 126.0  -11.8    3.4   10.5               
  372  372 A I  E     -F  331   0E   1    -41,-2.7   -41,-2.2    -2,-0.4     2,-0.7  -0.892   8.1-142.4-105.1 117.2   -9.1    3.5    7.7               
  373  373 A P  E     +F  330   0E  33      0, 0.0     2,-0.3     0, 0.0   -43,-0.2  -0.754  31.9 171.5 -74.8 117.3  -10.3    4.3    4.1               
  374  374 A S  E     -F  329   0E  12    -45,-2.3   -45,-1.9    -2,-0.7   -33,-0.2  -0.908  37.9-153.5-122.5 150.8   -8.2    2.1    1.8               
  375  375 A E  S    S+     0   0   96     -2,-0.3     2,-0.2   -47,-0.2    -1,-0.1   0.774  87.7  55.2 -86.0 -28.6   -8.4    1.5   -2.0               
  376  376 A F  S    S-     0   0   70    -47,-0.1     2,-0.3   -48,-0.1   -73,-0.1  -0.664  86.1-120.7-101.4 152.1   -6.7   -2.0   -1.5               
  377  377 A W        -     0   0    9    -75,-0.8     2,-0.4    -2,-0.2   -72,-0.1  -0.688  23.6-157.4 -87.9 148.3   -7.7   -4.8    0.8               
  378  378 A V        +     0   0   13     -2,-0.3   -76,-0.0     1,-0.1    -4,-0.0  -0.996  23.0 167.6-134.0 121.6   -5.3   -6.0    3.5               
  379  379 A E        +     0   0   97     -2,-0.4     2,-0.2     5,-0.0    -1,-0.1   0.729  58.5  84.4-103.0 -31.4   -5.3   -9.5    5.1               
  380  380 A E  S  > S-     0   0  113      1,-0.1     4,-1.8     4,-0.0     5,-0.1  -0.492  70.9-142.0 -77.9 137.3   -1.9   -9.4    6.8               
  381  381 A E  H  > S+     0   0   82     -2,-0.2     4,-2.5     2,-0.2     5,-0.2   0.861  99.8  55.4 -69.5 -31.3   -1.7   -7.8   10.3               
  382  382 A E  H  > S+     0   0  167      2,-0.2     4,-2.6     1,-0.2    -1,-0.2   0.963 110.3  43.3 -69.4 -50.1    1.8   -6.3    9.5               
  383  383 A E  H  > S+     0   0   57      2,-0.2     4,-2.7     1,-0.2    -1,-0.2   0.889 113.8  54.6 -55.3 -40.8    0.6   -4.4    6.3               
  384  384 A K  H  X S+     0   0    3     -4,-1.8     4,-2.3     2,-0.2    -2,-0.2   0.901 108.7  46.2 -66.9 -39.1   -2.5   -3.5    8.4               
  385  385 A Q  H  X S+     0   0   94     -4,-2.5     4,-2.5     2,-0.2    -2,-0.2   0.914 112.1  51.8 -68.2 -39.4   -0.4   -1.9   11.2               
  386  386 A K  H  X S+     0   0  138     -4,-2.6     4,-2.8     2,-0.2    -2,-0.2   0.934 112.8  45.7 -57.9 -44.8    1.8   -0.1    8.5               
  387  387 A L  H  X S+     0   0   35     -4,-2.7     4,-2.2     2,-0.2    -2,-0.2   0.874 110.5  53.0 -67.4 -39.4   -1.5    1.2    7.0               
  388  388 A I  H  X S+     0   0    7     -4,-2.3     4,-1.8     2,-0.2    -2,-0.2   0.913 113.4  44.9 -58.1 -44.3   -2.8    2.2   10.5               
  389  389 A Q  H  X S+     0   0  106     -4,-2.5     4,-2.6     2,-0.2     5,-0.2   0.961 112.3  48.8 -69.4 -49.9    0.4    4.2   11.0               
  390  390 A Q  H  X S+     0   0  104     -4,-2.8     4,-2.5     1,-0.2    -2,-0.2   0.868 112.2  51.2 -56.4 -38.4    0.5    5.9    7.6               
  391  391 A Y  H  < S+     0   0   54     -4,-2.2     4,-0.3    -5,-0.2    -1,-0.2   0.895 110.0  48.3 -68.3 -39.4   -3.2    6.9    8.1               
  392  392 A K  H >X S+     0   0   79     -4,-1.8     4,-2.8     2,-0.2     3,-1.2   0.952 114.9  45.7 -61.6 -48.3   -2.4    8.4   11.6               
  393  393 A E  H 3X S+     0   0  104     -4,-2.6     4,-1.8     1,-0.3    -2,-0.2   0.927 108.9  54.2 -63.2 -45.3    0.6   10.3   10.1               
  394  394 A A  H 3< S+     0   0   47     -4,-2.5    -1,-0.3    -5,-0.2    -2,-0.2   0.532 115.7  42.5 -66.5  -6.4   -1.4   11.5    7.1               
  395  395 A M  H X4 S+     0   0   23     -3,-1.2     3,-2.1    -4,-0.3    24,-0.7   0.744 106.5  57.4-107.4 -39.1   -4.0   12.9    9.6               
  396  396 A S  H 3< S+     0   0   51     -4,-2.8    -2,-0.2     1,-0.3    -3,-0.2   0.787 102.9  58.6 -62.7 -25.3   -1.6   14.4   12.2               
  397  397 A N  T 3< S+     0   0  120     -4,-1.8     2,-0.5    -5,-0.2    -1,-0.3   0.437  95.0  81.9 -78.7  -2.3   -0.2   16.5    9.3               
  398  398 A K  S <  S-     0   0   81     -3,-2.1    21,-1.9    19,-0.2     3,-0.1  -0.929  89.9-110.1-110.3 129.1   -3.8   18.0    8.8               
  399  399 A A  B     -i  419   0G  71     -2,-0.5     2,-0.6    19,-0.2    21,-0.2  -0.227  36.2-108.8 -58.0 135.3   -5.1   20.9   10.9               
  400  400 A C    >>  -     0   0    4     19,-2.9     4,-2.4     1,-0.1     3,-0.7  -0.537  17.8-151.0 -72.2 117.5   -7.8   20.0   13.4               
  401  401 A R  T 34 S+     0   0  231     -2,-0.6    -1,-0.1     1,-0.2    -2,-0.1   0.712  97.8  50.4 -58.6 -26.3  -11.2   21.4   12.3               
  402  402 A Y  T 34 S+     0   0  134      1,-0.1    -1,-0.2     6,-0.1    -2,-0.1   0.749 110.0  48.5 -84.6 -27.3  -12.4   21.6   16.0               
  403  403 A F  T <4>S-     0   0   22     -3,-0.7     5,-2.1    16,-0.2     4,-0.3   0.835  83.5-171.4 -78.7 -36.0   -9.2   23.4   17.1               
  404  404 A A  T ><5S-     0   0   38     -4,-2.4     3,-0.8     1,-0.2    -3,-0.1   0.800  72.4 -48.7  51.6  42.7   -9.6   25.9   14.2               
  405  405 A E  T 3 5S-     0   0   98     -5,-0.3    -1,-0.2     1,-0.2    17,-0.2   0.957 112.0 -48.5  58.6  54.4   -6.1   27.6   14.9               
  406  406 A G  T 3 5S+     0   0   33      2,-0.2    -1,-0.2    15,-0.1    -2,-0.2   0.310 121.9 105.0  73.1  -7.3   -6.7   28.0   18.6               
  407  407 A R  T < 5S+     0   0  175     -3,-0.8     2,-0.3    -4,-0.3    -3,-0.2   0.463  80.6  40.9 -82.1  -3.0  -10.2   29.6   18.0               
  408  408 A G  S   <S-     0   0   27     -5,-2.1     2,-0.6     2,-0.0    -2,-0.2  -0.986  80.4-117.3-142.1 153.8  -12.0   26.3   19.1               
  409  409 A N        -     0   0  150     -2,-0.3    -6,-0.1    -5,-0.0    -5,-0.1  -0.813  28.3-133.7 -90.7 124.1  -11.8   23.6   21.8               
  410  410 A C    >   -     0   0    6     -2,-0.6     3,-1.8     1,-0.1     6,-0.1  -0.653   5.6-148.8 -77.3 120.4  -11.1   20.1   20.4               
  411  411 A P  T 3  S+     0   0   90      0, 0.0    -1,-0.1     0, 0.0    -2,-0.0   0.506  97.9  54.1 -70.3  -3.3  -13.5   17.6   22.1               
  412  412 A F  T >  S-     0   0  108      1,-0.2     3,-2.1     2,-0.0     4,-0.1   0.520  84.2-174.0 -99.0 -13.0  -10.7   14.9   21.8               
  413  413 A G  G X  S-     0   0   30     -3,-1.8     3,-1.4     1,-0.3    -1,-0.2  -0.250  73.4  -6.5  49.2-130.0   -7.9   16.9   23.5               
  414  414 A D  G 3  S+     0   0  172      1,-0.3    -1,-0.3     3,-0.1     6,-0.0   0.592 129.3  71.1 -71.4 -10.7   -4.6   15.0   23.3               
  415  415 A T  G <  S+     0   0   96     -3,-2.1     2,-0.5     2,-0.0    -1,-0.3   0.314  72.1 123.3 -83.8   7.7   -6.5   12.0   21.7               
  416  416 A C    <   -     0   0   22     -3,-1.4     4,-0.1     1,-0.1   -16,-0.1  -0.609  55.7-154.2 -75.0 122.8   -6.9   14.1   18.5               
  417  417 A F  S    S+     0   0   85     -2,-0.5     2,-0.3     2,-0.1   -19,-0.2   0.124  73.8  77.5 -76.2  19.1   -5.5   12.4   15.3               
  418  418 A Y  S    S-     0   0   96    -22,-0.1   -22,-0.3   -21,-0.1   -19,-0.2  -0.959  93.0 -85.1-134.3 152.3   -5.1   16.0   13.8               
  419  419 A K  B     -i  399   0G  85    -21,-1.9   -19,-2.9   -24,-0.7     2,-0.9  -0.329  25.9-158.3 -62.0 125.6   -2.7   18.9   14.2               
  420  420 A H        +     0   0   66    -21,-0.2     2,-0.5    -2,-0.1    -1,-0.1  -0.863  31.0 165.1 -97.8  89.9   -3.3   21.3   17.0               
  421  421 A E        -     0   0   92     -2,-0.9   -16,-0.2   -21,-0.1   -15,-0.1  -0.962  29.1-147.9-113.8 120.3   -1.4   24.3   15.6               
  422  422 A Y        -     0   0  164     -2,-0.5     2,-0.7   -17,-0.2   -16,-0.1  -0.599  41.1 -93.1 -74.2 149.7   -1.7   27.9   16.9               
  423  423 A P    >   -     0   0   65      0, 0.0     2,-1.8     0, 0.0     3,-0.6  -0.578  37.1-136.3 -70.0 111.3   -1.3   30.6   14.3               
  424  424 A E  T 3  S+     0   0  201     -2,-0.7     3,-0.1     1,-0.2    -3,-0.0  -0.488  82.1  80.4 -72.6  78.9    2.5   31.4   14.6               
  425  425 A G  T 3   +     0   0   66     -2,-1.8     2,-0.4     1,-0.1    -1,-0.2   0.406  59.9  85.6-170.7   3.5    2.0   35.2   14.5               
  426  426 A W    <   +     0   0  253     -3,-0.6     2,-0.5     2,-0.0     3,-0.1  -0.742  50.3 169.3-119.7  82.1    0.9   36.8   17.8               
  427  427 A G        -     0   0   67     -2,-0.4    -3,-0.0     1,-0.1     0, 0.0  -0.850  52.4 -36.6 -85.3 124.7    4.0   37.5   19.9               
  428  428 A D  S    S+     0   0  168     -2,-0.5    -1,-0.1     1,-0.1    -2,-0.0   0.592  72.4 129.4  46.6  65.7    3.8   39.5   23.1               
  429  429 A E        -     0   0  181     -3,-0.1    -1,-0.1     3,-0.0     0, 0.0  -0.937  44.1-141.4-133.3 127.3    1.5   42.5   23.4               
  430  430 A P        -     0   0  107      0, 0.0     2,-0.8     0, 0.0     0, 0.0  -0.619  35.3 -99.8 -78.0 139.8   -0.9   42.7   26.5               
  431  431 A P        -     0   0  131      0, 0.0    -2,-0.0     0, 0.0     0, 0.0  -0.389  36.3-153.6 -71.5 102.5   -4.4   44.2   25.6               
  432  432 A G        -     0   0   64     -2,-0.8     2,-1.7     1,-0.1    -3,-0.0  -0.465  27.9-107.2 -67.1 140.3   -4.5   47.9   26.7               
  433  433 A P        +     0   0  147      0, 0.0     2,-0.4     0, 0.0    -1,-0.1  -0.485  64.7 140.0 -79.4  83.6   -8.1   49.2   27.5               
  434  434 A G        -     0   0   74     -2,-1.7     2,-0.4     2,-0.0    -2,-0.0  -0.967  41.7-143.2-126.4 115.8   -8.9   51.4   24.4               
  435  435 A G        +     0   0   90     -2,-0.4     2,-0.1     1,-0.0     0, 0.0  -0.631  29.2 158.5 -81.6 132.4  -12.4   51.4   22.8               
  436  436 A G        -     0   0   73     -2,-0.4    -2,-0.0     0, 0.0    -1,-0.0  -0.536  51.7 -86.1-162.4  86.5  -12.8   51.7   19.0               
  437  437 A S    >   -     0   0  104      1,-0.2     3,-0.8    -2,-0.1    -2,-0.0   0.638  29.5-161.7  26.0  87.5  -15.8   50.6   16.8               
  438  438 A F  T 3  S+     0   0  184      1,-0.2     4,-0.2     2,-0.1    -1,-0.2   0.344  75.6  76.6 -71.3   5.7  -15.6   46.8   15.9               
  439  439 A S  T 3  S+     0   0  107      1,-0.1    -1,-0.2     2,-0.1     3,-0.2   0.683  78.4  60.8 -99.1 -21.2  -18.1   47.3   13.0               
  440  440 A A  S <  S+     0   0   91     -3,-0.8     3,-0.4     1,-0.2    -1,-0.1   0.639  92.0  60.4 -91.9 -16.4  -16.3   49.0   10.0               
  441  441 A Y  S >  S+     0   0  177      1,-0.2     3,-1.1     2,-0.1     4,-0.3   0.761  82.4  77.5 -87.8 -24.8  -13.5   46.6    9.0               
  442  442 A W  T 3  S+     0   0  194      1,-0.2    -1,-0.2    -4,-0.2    -2,-0.1   0.450  85.2  61.5 -73.6  -2.3  -15.4   43.3    8.0               
  443  443 A H  T 3  S+     0   0  175     -3,-0.4    -1,-0.2     1,-0.1     3,-0.2   0.466  90.0  62.8-106.8  -3.1  -16.6   44.4    4.5               
  444  444 A Q  S <  S+     0   0  179     -3,-1.1     2,-0.4     1,-0.2    -2,-0.1   0.582  89.8  66.1-101.1 -13.5  -13.4   45.1    2.5               
  445  445 A L        +     0   0  121     -4,-0.3     2,-0.9     1,-0.1    -1,-0.2  -0.526  46.8 148.1-117.2  63.7  -11.7   41.5    2.5               
  446  446 A V        +     0   0  129     -2,-0.4    -1,-0.1    -3,-0.2    -3,-0.0  -0.439  25.5 141.1 -89.2  56.8  -14.0   39.2    0.4               
  447  447 A E        -     0   0  158     -2,-0.9     2,-1.2     3,-0.0    -2,-0.0  -0.895  62.0-116.2 -88.2 129.5  -11.1   37.1   -0.8               
  448  448 A P        -     0   0  124      0, 0.0     3,-0.1     0, 0.0    -2,-0.1  -0.533  33.0-130.1 -66.6  97.8  -12.0   33.4   -0.9               
  449  449 A V        -     0   0  136     -2,-1.2     2,-0.7     1,-0.2    -3,-0.0  -0.239  33.9 -97.2 -51.6 130.0   -9.5   32.0    1.7               
  450  450 A R        -     0   0  244      1,-0.1     2,-0.5     2,-0.0    -1,-0.2  -0.378  33.3-145.6 -69.3 103.6   -7.8   29.0    0.1               
  451  451 A M        -     0   0  165     -2,-0.7     2,-1.5     1,-0.1    -1,-0.1  -0.536  15.0-133.2 -65.4 114.5   -9.4   25.7    1.2               
  452  452 A G        -     0   0   79     -2,-0.5     2,-2.0     1,-0.1    -1,-0.1  -0.518  20.6-167.8 -73.0  87.0   -6.7   23.0    1.5               
  453  453 A E        -     0   0  104     -2,-1.5     2,-2.4     1,-0.1    -1,-0.1  -0.397   7.3-179.3 -78.3  69.5   -8.3   20.0   -0.5               
  454  454 A G        +     0   0   52     -2,-2.0    -1,-0.1     1,-0.2    -2,-0.1  -0.318  67.2  56.8 -70.3  57.6   -5.8   17.2    0.6               
  455  455 A N        +     0   0  108     -2,-2.4    -1,-0.2     2,-0.0    -2,-0.0  -0.115  69.8 110.1-174.0  71.6   -7.5   14.4   -1.4               
  456  456 A M    >>  +     0   0   44      3,-0.1     4,-2.6     2,-0.1     3,-1.8   0.624  20.4 118.9-132.8  -7.2   -7.6   15.3   -5.2               
  457  457 A L  H 3> S+     0   0  157      1,-0.3     4,-1.6     2,-0.2     3,-0.3   0.791  91.7  35.0 -44.0 -58.3   -5.4   13.3   -7.8               
  458  458 A Y  H 34 S+     0   0  163      1,-0.2     4,-0.5     2,-0.2    -1,-0.3   0.676 121.9  49.7 -71.0 -17.3   -8.2   11.8  -10.0               
  459  459 A K  H <> S+     0   0  103     -3,-1.8     4,-1.7     2,-0.1    -1,-0.2   0.775 103.6  59.5 -88.0 -29.5  -10.4   14.9   -9.5               
  460  460 A S  H >X S+     0   0   39     -4,-2.6     4,-3.1    -3,-0.3     3,-0.9   0.986  98.4  57.8 -60.6 -53.5   -7.5   17.3  -10.4               
  461  461 A I  H 3X S+     0   0   55     -4,-1.6     4,-2.2     1,-0.3    -1,-0.2   0.806 111.2  43.4 -48.2 -38.0   -7.2   15.7  -13.9               
  462  462 A K  H 3> S+     0   0  135     -4,-0.5     4,-0.8     2,-0.2    -1,-0.3   0.822 117.0  45.3 -78.0 -33.1  -11.0   16.6  -14.5               
  463  463 A K  H XX S+     0   0  100     -4,-1.7     4,-2.7    -3,-0.9     3,-0.8   0.967 115.1  49.0 -65.6 -54.0  -10.5   20.1  -13.0               
  464  464 A E  H 3X S+     0   0   50     -4,-3.1     4,-3.3     1,-0.3     5,-0.3   0.904 109.2  51.5 -50.8 -51.9   -7.3   20.6  -15.1               
  465  465 A L  H 3X S+     0   0   70     -4,-2.2     4,-1.4    -5,-0.3    -1,-0.3   0.792 113.4  45.4 -61.8 -29.2   -8.9   19.4  -18.4               
  466  466 A V  H <X S+     0   0   84     -4,-0.8     4,-2.4    -3,-0.8    -2,-0.2   0.888 114.0  48.9 -77.4 -40.0  -11.8   22.0  -17.8               
  467  467 A V  H  X S+     0   0   63     -4,-2.7     4,-3.1     2,-0.2    -2,-0.2   0.932 111.8  48.9 -63.9 -44.5   -9.2   24.7  -16.9               
  468  468 A L  H  X S+     0   0    4     -4,-3.3     4,-2.9     2,-0.2     5,-0.2   0.913 112.5  48.4 -62.4 -42.5   -7.1   23.9  -20.0               
  469  469 A R  H  X S+     0   0  173     -4,-1.4     4,-2.2    -5,-0.3    -2,-0.2   0.913 114.2  46.2 -62.3 -42.5  -10.3   24.0  -22.2               
  470  470 A L  H  X S+     0   0   95     -4,-2.4     4,-2.5     2,-0.2    -2,-0.2   0.911 112.8  50.0 -66.1 -41.1  -11.3   27.4  -20.5               
  471  471 A A  H  X S+     0   0   19     -4,-3.1     4,-2.9     2,-0.2    -2,-0.2   0.943 111.6  47.9 -61.8 -47.5   -7.7   28.7  -21.0               
  472  472 A S  H  X S+     0   0   19     -4,-2.9     4,-2.6     1,-0.2    -2,-0.2   0.907 114.4  46.8 -59.8 -42.2   -7.8   27.7  -24.7               
  473  473 A L  H  X S+     0   0  111     -4,-2.2     4,-2.2     2,-0.2    -2,-0.2   0.871 112.9  49.0 -67.8 -37.3  -11.2   29.4  -25.1               
  474  474 A L  H  X S+     0   0  116     -4,-2.5     4,-2.5     2,-0.2    -2,-0.2   0.912 112.3  48.1 -69.6 -40.5  -10.0   32.5  -23.3               
  475  475 A F  H  X S+     0   0   93     -4,-2.9     4,-2.9     2,-0.2     5,-0.3   0.943 111.5  50.5 -62.1 -46.4   -6.8   32.7  -25.5               
  476  476 A K  H  X S+     0   0   89     -4,-2.6     4,-0.7     1,-0.2    -2,-0.2   0.909 114.4  44.7 -56.1 -42.6   -9.1   32.2  -28.6               
  477  477 A R  H  < S+     0   0  180     -4,-2.2    -2,-0.2     2,-0.2    -1,-0.2   0.862 113.3  49.7 -70.7 -36.9  -11.3   35.1  -27.3               
  478  478 A F  H >< S+     0   0  106     -4,-2.5     3,-1.5     1,-0.2     4,-0.5   0.917 111.6  47.7 -68.9 -43.2   -8.3   37.3  -26.4               
  479  479 A L  H 3< S+     0   0   44     -4,-2.9     5,-0.3     1,-0.3    -1,-0.2   0.628 109.7  55.0 -73.3 -12.8   -6.7   36.8  -29.9               
  480  480 A S  T 3< S+     0   0   98     -4,-0.7    -1,-0.3    -5,-0.3    -2,-0.2   0.306 105.0  55.2 -90.7   1.3  -10.2   37.6  -31.3               
  481  481 A L  S <  S+     0   0  129     -3,-1.5     2,-0.4     1,-0.2    -2,-0.2   0.395 103.1  56.9-115.8  -6.4  -10.1   40.9  -29.3               
  482  482 A R  S    S-     0   0  148     -4,-0.5     2,-2.0     3,-0.1    -1,-0.2  -0.998  84.2-136.2-115.2 127.8   -6.8   42.2  -30.8               
  483  483 A D        +     0   0  173     -2,-0.4     2,-0.8     1,-0.1    -3,-0.1  -0.189  61.4 136.5 -74.8  45.4   -6.9   42.4  -34.7               
  484  484 A E        -     0   0  138     -2,-2.0    -1,-0.1    -5,-0.3     3,-0.1  -0.694  65.8 -63.4-111.5  76.2   -3.4   40.7  -34.5               
  485  485 A L        -     0   0  147     -2,-0.8     2,-0.8     1,-0.1    -1,-0.2   0.835  53.9 -89.1  62.4 134.2   -3.1   38.0  -37.2               
  486  486 A P        -     0   0  125      0, 0.0    -1,-0.1     0, 0.0     2,-0.1  -0.583  43.5-131.2 -70.7 111.0   -4.9   34.6  -37.7               
  487  487 A F        -     0   0   57     -2,-0.8    -2,-0.0    -3,-0.1     2,-0.0  -0.363  24.4-119.5 -49.8 133.7   -3.0   31.9  -35.8               
  488  488 A S     >  -     0   0   52      1,-0.1     4,-1.5    -2,-0.1     5,-0.1  -0.292  22.3-109.3 -70.6 163.9   -2.4   28.8  -38.0               
  489  489 A E  H  > S+     0   0  161      1,-0.2     4,-2.2     2,-0.2     3,-0.4   0.943 123.2  53.1 -62.1 -39.5   -3.8   25.4  -36.9               
  490  490 A D  H  > S+     0   0  121      1,-0.2     4,-2.3     2,-0.2    -1,-0.2   0.826 106.4  53.3 -60.7 -34.9   -0.2   24.2  -36.2               
  491  491 A Q  H  > S+     0   0   88      2,-0.2     4,-1.6     1,-0.2    -1,-0.2   0.799 108.6  49.2 -75.5 -28.3    0.2   27.4  -33.9               
  492  492 A W  H  X S+     0   0   52     -4,-1.5     4,-2.1    -3,-0.4    -2,-0.2   0.884 111.0  50.0 -70.6 -40.6   -3.0   26.4  -32.0               
  493  493 A D  H  X S+     0   0  111     -4,-2.2     4,-2.5     2,-0.2    -2,-0.2   0.902 110.3  49.6 -67.3 -39.7   -1.6   22.8  -31.6               
  494  494 A L  H  X S+     0   0   97     -4,-2.3     4,-2.7     2,-0.2     5,-0.2   0.939 112.6  47.3 -62.7 -44.8    1.7   24.1  -30.3               
  495  495 A L  H  X S+     0   0   24     -4,-1.6     4,-1.9     2,-0.2    -2,-0.2   0.861 111.8  51.2 -63.0 -36.7   -0.1   26.4  -27.8               
  496  496 A H  H  X S+     0   0   64     -4,-2.1     4,-2.3     2,-0.2    -2,-0.2   0.919 111.1  48.0 -66.6 -41.2   -2.3   23.4  -26.8               
  497  497 A Y  H  X S+     0   0  100     -4,-2.5     4,-2.6     2,-0.2    -2,-0.2   0.936 110.6  50.4 -62.9 -47.9    0.9   21.3  -26.2               
  498  498 A E  H  X S+     0   0  109     -4,-2.7     4,-2.3     1,-0.2    -2,-0.2   0.872 113.3  47.3 -60.3 -36.2    2.5   24.1  -24.1               
  499  499 A L  H  X S+     0   0   22     -4,-1.9     4,-2.6     2,-0.2    -1,-0.2   0.882 110.4  51.1 -71.2 -39.5   -0.7   24.2  -22.0               
  500  500 A E  H  <>S+     0   0   76     -4,-2.3     5,-2.5     2,-0.2     6,-0.3   0.900 113.1  46.4 -64.8 -38.1   -0.8   20.4  -21.6               
  501  501 A E  H ><5S+     0   0  108     -4,-2.6     3,-1.5     3,-0.2    -2,-0.2   0.958 113.6  48.6 -65.0 -48.8    2.8   20.5  -20.4               
  502  502 A Y  H 3<5S+     0   0  177     -4,-2.3    -2,-0.2     1,-0.3    -3,-0.2   0.906 114.5  44.5 -58.8 -45.0    2.1   23.4  -18.0               
  503  503 A F  T 3<5S-     0   0   42     -4,-2.6    -1,-0.3    -5,-0.1    -2,-0.2   0.389 107.3-126.8 -80.8   5.1   -1.0   21.7  -16.6               
  504  504 A N  T < 5 +     0   0  143     -3,-1.5    -3,-0.2     1,-0.1    -2,-0.1   0.837  58.2 151.6  51.6  36.0    0.9   18.3  -16.3               
  505  505 A L      < +     0   0   19     -5,-2.5     2,-1.2    -6,-0.2    -4,-0.1   0.268  13.7 131.2 -87.6  11.5   -2.0   16.8  -18.3               
  506  506 A I              0   0   94     -6,-0.3    -1,-0.0    -5,-0.1    -5,-0.0  -0.568 360.0 360.0 -73.2  94.5    0.0   14.0  -20.0               
  507  507 A L              0   0  161     -2,-1.2    -2,-0.0     0, 0.0    -3,-0.0  -0.460 360.0 360.0 -71.7 360.0   -2.0   10.8  -19.5               
