==== Secondary Structure Definition by the program DSSP, CMBI version 2.0                          ==== DATE=2026-03-08        .
REFERENCE W. KABSCH AND C.SANDER, BIOPOLYMERS 22 (1983) 2577-2637                                                              .
HEADER                                            01-AUG-25                                                                    .
COMPND    MOL_ID: 1; MOLECULE: TAR DNA-BINDING PROTEIN 43; CHAIN: A                                                            .
SOURCE    MOL_ID: 1; ORGANISM_SCIENTIFIC: HOMO SAPIENS; ORGANISM_TAXID: 9606                                                   .
AUTHOR                                                                                                                         .
  414  1  0  0  0 TOTAL NUMBER OF RESIDUES, NUMBER OF CHAINS, NUMBER OF SS-BRIDGES(TOTAL,INTRACHAIN,INTERCHAIN)                .
 38979.9   ACCESSIBLE SURFACE OF PROTEIN (ANGSTROM**2)                                                                         .
  185 44.7   TOTAL NUMBER OF HYDROGEN BONDS OF TYPE O(I)-->H-N(J)  , SAME NUMBER PER 100 RESIDUES                              .
    4  1.0   TOTAL NUMBER OF HYDROGEN BONDS IN     PARALLEL BRIDGES, SAME NUMBER PER 100 RESIDUES                              .
   67 16.2   TOTAL NUMBER OF HYDROGEN BONDS IN ANTIPARALLEL BRIDGES, SAME NUMBER PER 100 RESIDUES                              .
    2  0.5   TOTAL NUMBER OF HYDROGEN BONDS OF TYPE O(I)-->H-N(I-5), SAME NUMBER PER 100 RESIDUES                              .
    1  0.2   TOTAL NUMBER OF HYDROGEN BONDS OF TYPE O(I)-->H-N(I-4), SAME NUMBER PER 100 RESIDUES                              .
    3  0.7   TOTAL NUMBER OF HYDROGEN BONDS OF TYPE O(I)-->H-N(I-3), SAME NUMBER PER 100 RESIDUES                              .
    0  0.0   TOTAL NUMBER OF HYDROGEN BONDS OF TYPE O(I)-->H-N(I-2), SAME NUMBER PER 100 RESIDUES                              .
    0  0.0   TOTAL NUMBER OF HYDROGEN BONDS OF TYPE O(I)-->H-N(I-1), SAME NUMBER PER 100 RESIDUES                              .
    0  0.0   TOTAL NUMBER OF HYDROGEN BONDS OF TYPE O(I)-->H-N(I+0), SAME NUMBER PER 100 RESIDUES                              .
    0  0.0   TOTAL NUMBER OF HYDROGEN BONDS OF TYPE O(I)-->H-N(I+1), SAME NUMBER PER 100 RESIDUES                              .
   43 10.4   TOTAL NUMBER OF HYDROGEN BONDS OF TYPE O(I)-->H-N(I+2), SAME NUMBER PER 100 RESIDUES                              .
   28  6.8   TOTAL NUMBER OF HYDROGEN BONDS OF TYPE O(I)-->H-N(I+3), SAME NUMBER PER 100 RESIDUES                              .
   40  9.7   TOTAL NUMBER OF HYDROGEN BONDS OF TYPE O(I)-->H-N(I+4), SAME NUMBER PER 100 RESIDUES                              .
    0  0.0   TOTAL NUMBER OF HYDROGEN BONDS OF TYPE O(I)-->H-N(I+5), SAME NUMBER PER 100 RESIDUES                              .
  1  2  3  4  5  6  7  8  9 10 11 12 13 14 15 16 17 18 19 20 21 22 23 24 25 26 27 28 29 30     *** HISTOGRAMS OF ***           .
  0  0  0  0  0  1  1  1  3  0  0  0  0  0  0  0  0  0  0  0  0  0  0  0  0  0  0  0  0  0    RESIDUES PER ALPHA HELIX         .
  0  0  1  0  0  0  0  0  0  0  0  0  0  0  0  0  0  0  0  0  0  0  0  0  0  0  0  0  0  0    PARALLEL BRIDGES PER LADDER      .
  0  0  4  7  1  1  0  0  0  0  0  0  0  0  0  0  0  0  0  0  0  0  0  0  0  0  0  0  0  0    ANTIPARALLEL BRIDGES PER LADDER  .
  0  1  0  3  0  0  0  0  0  0  0  0  0  0  0  0  0  0  0  0  0  0  0  0  0  0  0  0  0  0    LADDERS PER SHEET                .
  #  RESIDUE AA STRUCTURE BP1 BP2  ACC     N-H-->O    O-->H-N    N-H-->O    O-->H-N    TCO  KAPPA ALPHA  PHI   PSI    X-CA   Y-CA   Z-CA            CHAIN
    1    1 A M              0   0  232      0, 0.0     2,-0.3     0, 0.0    19,-0.0   0.000 360.0 360.0 360.0 125.7  -36.3   -0.4   44.4               
    2    2 A S        -     0   0   71     17,-0.0     2,-0.2     1,-0.0    19,-0.1  -0.576 360.0-147.3 -62.0 122.0  -35.6    0.8   40.9               
    3    3 A E        -     0   0  109     -2,-0.3    17,-2.7    18,-0.3     2,-0.4  -0.514  10.3-128.6 -78.3 160.8  -32.3   -0.9   39.8               
    4    4 A Y  E     -A   19   0A 143     15,-0.2     2,-0.4    -2,-0.2    13,-0.1  -0.974  16.3-153.9-115.5 131.3  -30.0    1.0   37.4               
    5    5 A I  E     -A   18   0A   0     13,-3.0    13,-2.8    -2,-0.4     2,-0.7  -0.835  16.2-127.5-104.1 138.4  -28.7   -0.7   34.2               
    6    6 A R  E     -Ab  17  72A 105     65,-0.8    67,-3.1    -2,-0.4     2,-0.4  -0.798  33.1-179.8 -91.8 112.1  -25.4    0.3   32.6               
    7    7 A V  E     +Ab  16  73A   0      9,-3.0     9,-2.5    -2,-0.7     2,-0.3  -0.891   4.6 177.3-113.8 139.2  -25.9    1.1   28.9               
    8    8 A T  E     - b   0  74A   5     65,-2.6    67,-2.5    -2,-0.4     3,-0.1  -0.968  32.3-142.0-135.4 155.1  -23.3    2.3   26.3               
    9    9 A E  S    S+     0   0   85     -2,-0.3     2,-0.3    65,-0.2    -1,-0.1   0.941  90.7   9.1 -73.6 -49.2  -23.2    3.1   22.6               
   10   10 A D  S >  S-     0   0   89     64,-0.1     3,-1.2     4,-0.1    -1,-0.2  -0.821  80.8-103.9-131.0 163.0  -19.8    1.5   22.1               
   11   11 A E  T 3  S+     0   0  128     -2,-0.3    63,-0.0     1,-0.2    61,-0.0   0.565 120.0  49.9 -63.7  -7.6  -17.3   -0.7   24.1               
   12   12 A N  T 3  S+     0   0  156      2,-0.1    -1,-0.2     0, 0.0     2,-0.1   0.504  91.9  92.0-108.9 -11.4  -15.1    2.5   24.6               
   13   13 A D  S <  S-     0   0   97     -3,-1.2     0, 0.0     1,-0.1     0, 0.0  -0.450  86.0 -93.9 -88.9 158.6  -17.7    5.1   25.9               
   14   14 A E        -     0   0  185     -2,-0.1     2,-0.4     1,-0.1    -5,-0.2  -0.560  46.8-118.0 -68.5 124.9  -18.8    5.9   29.5               
   15   15 A P        -     0   0   60      0, 0.0     2,-0.3     0, 0.0    -7,-0.2  -0.511  22.3-141.1 -72.5 127.5  -21.8    3.8   30.4               
   16   16 A I  E     -A    7   0A  63     -9,-2.5    -9,-3.0    -2,-0.4     2,-0.7  -0.605  15.6-125.0 -81.5 139.7  -25.0    5.7   31.2               
   17   17 A E  E     -A    6   0A  96     -2,-0.3   -11,-0.2   -11,-0.2    -1,-0.0  -0.801  27.9-170.2 -91.2 113.6  -27.2    4.5   34.1               
   18   18 A I  E     -A    5   0A   3    -13,-2.8   -13,-3.0    -2,-0.7     2,-0.1  -0.894  22.4-119.2-104.1 130.3  -30.8    3.9   33.0               
   19   19 A P  E     -A    4   0A  51      0, 0.0     2,-0.3     0, 0.0   -15,-0.2  -0.403  21.3-135.2 -68.6 144.8  -33.5    3.1   35.6               
   20   20 A S        -     0   0    5    -17,-2.7     6,-0.2     6,-0.1     2,-0.0  -0.696  21.2-111.6 -87.6 152.2  -35.5   -0.2   35.6               
   21   21 A E    >   -     0   0   67      4,-2.6     3,-1.5    -2,-0.3   -18,-0.3  -0.156  38.4 -97.4 -67.9 169.5  -39.3   -0.4   36.1               
   22   22 A D  T 3  S+     0   0  161      1,-0.3    -1,-0.1     2,-0.1    -2,-0.0   0.729 124.8  58.4 -71.3 -20.1  -40.7   -2.0   39.3               
   23   23 A D  T 3  S-     0   0  106      2,-0.1    -1,-0.3     0, 0.0     3,-0.1   0.408 122.4-106.6 -82.0  -1.4  -41.2   -5.4   37.5               
   24   24 A G  S <  S+     0   0   24     -3,-1.5    39,-0.5     1,-0.3     2,-0.1   0.583  83.0 120.8  79.2  13.1  -37.4   -5.4   36.7               
   25   25 A T  E     -E   62   0B   7     37,-0.2    -4,-2.6    38,-0.0     2,-0.4  -0.457  55.2-137.0 -91.1 171.6  -37.9   -4.6   33.0               
   26   26 A V  E     -E   61   0B   0     35,-2.1    35,-3.0    -6,-0.2     2,-0.3  -0.994  18.8-124.2-129.5 129.0  -36.5   -1.5   31.1               
   27   27 A L  E  >  -E   60   0B  50     -2,-0.4     4,-1.7    33,-0.2     3,-0.4  -0.535   6.2-143.0 -72.8 131.6  -38.5    0.5   28.6               
   28   28 A L  H  > S+     0   0   28     31,-3.2     4,-3.1    -2,-0.3     5,-0.2   0.846 104.0  64.3 -58.7 -32.1  -37.0    0.7   25.0               
   29   29 A S  H  > S+     0   0   72     30,-0.5     4,-1.4     2,-0.2    -1,-0.2   0.923 101.8  48.0 -55.5 -45.1  -38.5    4.3   25.1               
   30   30 A T  H  > S+     0   0   38     -3,-0.4     4,-0.7     2,-0.2    -2,-0.2   0.887 113.0  48.0 -65.8 -38.4  -36.1    5.2   28.0               
   31   31 A V  H >X S+     0   0    0     -4,-1.7     4,-2.9     1,-0.2     3,-1.1   0.946 112.2  49.0 -64.9 -46.4  -33.2    3.6   26.1               
   32   32 A T  H 3< S+     0   0   51     -4,-3.1    -2,-0.2     1,-0.2    -1,-0.2   0.710 101.7  63.9 -68.0 -21.5  -34.2    5.6   22.9               
   33   33 A A  H 3< S+     0   0   75     -4,-1.4    -1,-0.2    -5,-0.2    -2,-0.2   0.759 116.2  29.7 -71.7 -26.8  -34.4    8.8   24.9               
   34   34 A Q  H << S+     0   0  104     -3,-1.1    -2,-0.2    -4,-0.7    -1,-0.1   0.795 131.9  36.5 -93.4 -39.3  -30.6    8.5   25.6               
   35   35 A F  S >< S-     0   0   23     -4,-2.9     3,-2.2    -5,-0.1     2,-0.3  -0.834  82.9-146.1-120.5  87.7  -29.7    6.7   22.4               
   36   36 A P  T 3  S+     0   0  110      0, 0.0    -3,-0.1     0, 0.0    -4,-0.1  -0.379  86.9  20.9 -62.5 119.6  -31.8    8.0   19.4               
   37   37 A G  T 3  S+     0   0   46      1,-0.3     2,-0.2    -2,-0.3    -5,-0.1   0.343  81.6 155.2 100.0  -1.3  -32.4    5.0   17.0               
   38   38 A A    <   -     0   0    6     -3,-2.2    -1,-0.3     1,-0.2    39,-0.2  -0.368  20.3-178.3 -55.1 123.4  -31.7    2.2   19.6               
   39   39 A C        -     0   0   70     37,-3.1     2,-0.3     1,-0.3    38,-0.2   0.497  62.8 -43.6-102.5 -10.0  -33.6   -1.0   18.4               
   40   40 A G  E     -C   76   0A   7     36,-0.8    36,-2.6   -12,-0.1    -1,-0.3  -0.968  60.4 -86.4 170.1-173.1  -32.5   -3.0   21.5               
   41   41 A L  E     -C   75   0A   2     -2,-0.3    13,-2.8    34,-0.2     2,-0.3  -0.857  24.2-173.3-117.7 153.4  -29.7   -4.0   23.9               
   42   42 A R  E     -CD  74  53A  87     32,-2.3    32,-3.1    -2,-0.3     2,-0.3  -0.987   8.2-164.3-137.1 147.6  -26.9   -6.7   23.9               
   43   43 A Y  E     -CD  73  52A  16      9,-2.8     9,-3.2    -2,-0.3     2,-0.6  -0.927  25.5-111.5-130.8 155.8  -24.5   -7.6   26.7               
   44   44 A R  E     - D   0  51A 110     28,-0.8     7,-0.2    -2,-0.3    28,-0.2  -0.764  31.0-131.4 -86.7 119.5  -21.2   -9.6   27.0               
   45   45 A N     >  -     0   0   15      5,-2.8     4,-2.0    -2,-0.6     5,-0.1  -0.611   9.0-147.7 -69.0 120.6  -21.7  -12.8   28.9               
   46   46 A P  T  4 S+     0   0   81      0, 0.0    -1,-0.2     0, 0.0    -2,-0.0   0.843  95.4  44.2 -59.0 -33.1  -18.8  -13.0   31.5               
   47   47 A V  T  4 S+     0   0  131      1,-0.2    -2,-0.0     3,-0.1    -3,-0.0   0.934 125.7  26.1 -78.3 -51.3  -18.8  -16.9   31.2               
   48   48 A S  T  4 S-     0   0   56      2,-0.2    -1,-0.2     1,-0.0     3,-0.1   0.478  89.0-137.4 -94.5  -5.8  -19.0  -17.5   27.4               
   49   49 A Q     <  +     0   0  108     -4,-2.0     2,-0.2     1,-0.2    -1,-0.0   0.345  63.6 126.6  58.4  -1.7  -17.5  -14.1   26.2               
   50   50 A C        -     0   0   71     -5,-0.1    -5,-2.8    -6,-0.1     2,-0.4  -0.506  69.2-109.1 -76.4 149.5  -20.3  -14.0   23.5               
   51   51 A M  E     -D   44   0A  75     -7,-0.2     2,-0.4    -2,-0.2    -7,-0.2  -0.646  35.1-161.7 -71.3 128.6  -22.6  -11.1   23.0               
   52   52 A R  E     -D   43   0A 113     -9,-3.2    -9,-2.8    -2,-0.4     2,-0.2  -0.953  14.5-127.7-109.8 132.9  -26.2  -12.0   24.2               
   53   53 A G  E     -D   42   0A  60     -2,-0.4     2,-0.3   -11,-0.3   -11,-0.3  -0.550  20.4-122.8 -71.2 144.1  -29.2  -10.0   23.0               
   54   54 A V        -     0   0   17    -13,-2.8     2,-0.6    -2,-0.2   -13,-0.2  -0.680  36.7-103.6 -78.9 141.0  -31.6   -8.7   25.7               
   55   55 A R  E     -F   62   0B 182      7,-0.8     7,-2.8    -2,-0.3     2,-0.5  -0.621  37.6-164.3 -72.6 115.6  -35.2   -9.9   25.1               
   56   56 A L  E     +F   61   0B  70     -2,-0.6     2,-0.4     5,-0.2     5,-0.2  -0.882  13.4 170.7 -98.3 128.9  -37.4   -7.2   23.6               
   57   57 A V  E >  S-F   60   0B  63      3,-2.6     3,-2.8    -2,-0.5    -2,-0.0  -0.983  71.2 -25.2-136.8 121.9  -41.2   -7.6   23.7               
   58   58 A E  T 3  S-     0   0  196     -2,-0.4     3,-0.1     1,-0.3    -2,-0.0   0.670 127.6 -47.2  51.9  26.2  -43.7   -4.7   22.7               
   59   59 A G  T 3  S+     0   0   28      1,-0.3   -31,-3.2   -31,-0.1   -30,-0.5   0.461 116.2 116.0  91.5   5.1  -41.0   -2.0   23.5               
   60   60 A I  E <   -EF  27  57B  56     -3,-2.8    -3,-2.6   -33,-0.2     2,-0.7  -0.910  55.6-148.9-108.4 126.1  -40.1   -3.7   26.9               
   61   61 A L  E     -EF  26  56B   0    -35,-3.0   -35,-2.1    -2,-0.4     2,-0.4  -0.874  16.2-148.3 -94.7 113.5  -36.6   -5.1   27.6               
   62   62 A H  E     -EF  25  55B  71     -7,-2.8    -7,-0.8    -2,-0.7   -37,-0.2  -0.683  18.9-112.0 -84.3 135.8  -36.7   -8.1   29.9               
   63   63 A A        -     0   0   36    -39,-0.5     5,-0.1    -2,-0.4    -1,-0.1  -0.192  37.3-100.4 -54.1 147.7  -33.8   -8.7   32.3               
   64   64 A P    >   -     0   0   24      0, 0.0     3,-2.6     0, 0.0    -1,-0.1  -0.282  45.6 -91.4 -58.2 163.9  -31.7  -11.9   31.7               
   65   65 A D  T 3  S+     0   0  176      1,-0.3     3,-0.1     3,-0.0    -2,-0.1   0.578 130.7  52.1 -57.8 -11.8  -32.4  -15.0   34.0               
   66   66 A A  T 3  S-     0   0   96      1,-0.4    -1,-0.3     2,-0.0     3,-0.1   0.197 117.0-112.4-103.3   9.1  -29.7  -13.6   36.4               
   67   67 A G    <   -     0   0   28     -3,-2.6    -1,-0.4     1,-0.1   -43,-0.0  -0.190  44.9 -65.7  75.0-177.3  -31.2  -10.0   36.6               
   68   68 A W  S >  S+     0   0    3     -5,-0.1     3,-0.8    -3,-0.1    -1,-0.1   0.929  77.5 165.2 -69.5 -44.3  -29.5   -6.9   35.2               
   69   69 A G  T 3   -     0   0   45      1,-0.2     2,-0.7    -3,-0.1    -2,-0.1   0.075  61.0 -41.6  57.5-166.0  -26.6   -7.1   37.6               
   70   70 A N  T 3  S+     0   0  154    -65,-0.1     2,-0.3     2,-0.1    -1,-0.2  -0.170  98.2 130.9 -84.1  38.8  -23.3   -5.2   37.3               
   71   71 A L    <   -     0   0   44     -3,-0.8   -65,-0.8    -2,-0.7     2,-0.5  -0.720  57.2-128.0 -94.5 147.7  -23.2   -5.9   33.5               
   72   72 A V  E     -b    6   0A  67     -2,-0.3   -28,-0.8   -28,-0.2     2,-0.5  -0.858  20.6-154.5 -96.2 127.7  -22.6   -3.4   30.7               
   73   73 A Y  E     -bC   7  43A   0    -67,-3.1   -65,-2.6    -2,-0.5     2,-0.4  -0.901   4.4-150.2-105.3 121.5  -25.3   -3.4   27.9               
   74   74 A V  E     -bC   8  42A   8    -32,-3.1   -32,-2.3    -2,-0.5   -65,-0.2  -0.773  22.2-114.8 -92.0 137.1  -24.3   -2.2   24.4               
   75   75 A V  E     - C   0  41A   2    -67,-2.5     2,-0.5    -2,-0.4   -34,-0.2  -0.308  19.7-142.6 -66.5 146.7  -27.0   -0.5   22.2               
   76   76 A N  E     - C   0  40A  55    -36,-2.6   -37,-3.1    -2,-0.0   -36,-0.8  -0.961  13.0-162.8-110.7 116.9  -28.1   -2.2   18.9               
   77   77 A Y        -     0   0   81     -2,-0.5     2,-0.6   -39,-0.2   -39,-0.1  -0.669  33.8-100.2 -87.1 148.1  -28.9    0.1   16.0               
   78   78 A P        -     0   0   86      0, 0.0     2,-0.7     0, 0.0    -1,-0.1  -0.574  34.6-145.9 -66.7 112.8  -30.9   -1.1   13.0               
   79   79 A K        -     0   0  193     -2,-0.6     2,-0.9     1,-0.1    -3,-0.0  -0.773  22.0-119.3 -78.6 118.5  -28.4   -2.0   10.2               
   80   80 A D        -     0   0  168     -2,-0.7     2,-2.2     1,-0.1    -1,-0.1  -0.398  31.1-148.2 -60.3  96.5  -30.0   -1.2    6.9               
   81   81 A N        +     0   0  146     -2,-0.9     2,-2.0     1,-0.1    -1,-0.1  -0.360  25.7 173.6 -86.0  67.6  -29.8   -4.7    5.6               
   82   82 A K        -     0   0  205     -2,-2.2    -1,-0.1     1,-0.1    -2,-0.1  -0.547  46.0-101.8 -76.0  74.1  -29.3   -4.3    1.8               
   83   83 A R        +     0   0  221     -2,-2.0    -1,-0.1     0, 0.0    -2,-0.0   0.408  56.4  78.8   6.1 134.6  -28.8   -8.1    1.0               
   84   84 A K        -     0   0  178     -3,-0.0    -2,-0.0     0, 0.0    -3,-0.0   0.735  37.7 -33.7-178.3 146.6  -26.8  -10.5    0.3               
   85   85 A M        +     0   0  144      0, 0.0     0, 0.0     0, 0.0     0, 0.0   0.709  45.5  64.9  60.3 144.9  -24.2  -13.4    1.0               
   86   86 A D        -     0   0  143      1,-0.0     2,-0.2     0, 0.0     0, 0.0   0.651  28.8-176.0-131.4 158.1  -21.8  -15.2    2.2               
   87   87 A E        +     0   0  181      2,-0.0    -1,-0.0     0, 0.0     0, 0.0  -0.493  20.3 127.2 -78.0 156.7  -21.1  -16.8    5.7               
   88   88 A T        -     0   0  119     -2,-0.2     0, 0.0     2,-0.0     0, 0.0   0.323  50.7 -16.6 156.1 125.6  -18.2  -18.6    7.2               
   89   89 A D        -     0   0  152      1,-0.2     2,-0.7     2,-0.0    -2,-0.0   0.944  30.7-178.9  67.4  82.8  -15.8  -18.8   10.2               
   90   90 A A        +     0   0  100      1,-0.1    -1,-0.2     3,-0.0     3,-0.1  -0.857  33.1 131.7 -83.0 114.6  -15.0  -16.2   12.7               
   91   91 A S        +     0   0  120     -2,-0.7    -1,-0.1     1,-0.1    -2,-0.0  -0.170  43.3  62.3-167.6  75.2  -12.3  -17.6   15.2               
   92   92 A S        -     0   0  123      0, 0.0    -1,-0.1     0, 0.0     2,-0.1  -0.104  53.5-177.8-175.1  91.2   -9.2  -15.7   16.1               
   93   93 A A        +     0   0   94      1,-0.1    -3,-0.0    -3,-0.1     0, 0.0  -0.357  42.0  64.6 -73.4 166.4   -9.5  -12.3   17.9               
   94   94 A V        +     0   0  127     -2,-0.1    -1,-0.1     1,-0.0     2,-0.1   0.986  65.7  71.6  75.1  85.9   -6.6  -10.0   18.9               
   95   95 A K        -     0   0  191      2,-0.0     2,-0.4     0, 0.0    -1,-0.0  -0.155  69.5-109.0 168.7 139.0   -4.2   -8.1   16.6               
   96   96 A V        +     0   0  150     -2,-0.1     2,-0.2     1,-0.0     0, 0.0  -0.429  65.2 136.1 -51.0 106.3   -4.2   -5.1   14.2               
   97   97 A K        -     0   0  141     -2,-0.4     3,-0.1     3,-0.0    -2,-0.0  -0.630  40.7 -48.8-170.8 130.2   -3.9   -6.8   10.7               
   98   98 A R        -     0   0  132     -2,-0.2     2,-0.2     1,-0.1    -2,-0.0   0.839  25.6-130.0  53.7  99.7   -4.9   -7.1    7.2               
   99   99 A A        -     0   0   79      1,-0.1     2,-2.1     3,-0.0    -1,-0.1  -0.548  66.4 -94.5 -41.5 131.0   -7.8   -7.4    5.0               
  100  100 A V        -     0   0  131     -2,-0.2     2,-1.3    -3,-0.1    -1,-0.1  -0.510  47.2-159.8 -69.3  81.5   -6.4  -10.4    3.2               
  101  101 A Q        -     0   0   89     -2,-2.1    54,-0.1     1,-0.1     2,-0.1  -0.586  18.7-132.5 -70.1  91.2   -4.9   -8.2    0.4               
  102  102 A K        -     0   0  172     -2,-1.3     2,-0.1     1,-0.1    -1,-0.1  -0.355  25.1-106.1 -53.8 121.7   -4.6  -11.0   -2.1               
  103  103 A T        -     0   0   26     50,-0.2     2,-0.3    -2,-0.1    -1,-0.1  -0.322  42.2-156.9 -59.0 123.3   -1.1  -10.8   -3.6               
  104  104 A S        -     0   0   28     -3,-0.1     2,-0.6    -2,-0.1    48,-0.4  -0.834  23.9-103.8-109.0 142.4   -1.5   -9.4   -7.1               
  105  105 A D        -     0   0   38     -2,-0.3     2,-0.3    46,-0.1    46,-0.2  -0.543  40.1-141.2 -67.3 109.7    0.9   -9.8  -10.0               
  106  106 A L  E     -G  150   0C   0     44,-2.7    44,-2.3    -2,-0.6     2,-0.5  -0.598   6.6-133.4 -72.6 135.0    2.7   -6.4  -10.3               
  107  107 A I  E     -GH 149 176C  28     69,-2.6    69,-2.6    -2,-0.3     2,-0.6  -0.802  15.0-152.0 -84.5 125.4    3.3   -5.1  -13.8               
  108  108 A V  E     -GH 148 175C   0     40,-2.8    40,-1.9    -2,-0.5     3,-0.3  -0.908  17.5-166.2-100.8 111.6    6.9   -3.8  -14.1               
  109  109 A L  E     +GH 147 174C  68     65,-2.9    65,-2.3    -2,-0.6    38,-0.2  -0.786  59.1  31.9-102.6 145.4    7.1   -1.1  -16.8               
  110  110 A G  S    S+     0   0   26     36,-1.3    37,-0.2    -2,-0.3    -1,-0.2   0.530  71.8 163.6  90.9  11.5   10.2    0.4  -18.5               
  111  111 A L        -     0   0    5     35,-1.4    -1,-0.2    -3,-0.3     2,-0.1  -0.285  43.2-111.0 -60.3 138.0   12.4   -2.7  -18.4               
  112  112 A P    >   -     0   0   14      0, 0.0     3,-1.5     0, 0.0    34,-0.1  -0.424  27.3-118.0 -66.7 147.1   15.5   -2.6  -20.8               
  113  113 A W  T 3  S+     0   0  184      1,-0.3    31,-0.5    -2,-0.1    33,-0.1   0.721 111.2  59.2 -66.6 -20.5   15.1   -5.1  -23.6               
  114  114 A K  T 3  S+     0   0  137     29,-0.1    -1,-0.3    55,-0.1     2,-0.1   0.704  79.9 110.6 -73.0 -25.7   18.2   -7.1  -22.5               
  115  115 A T    <   -     0   0    3     -3,-1.5     2,-0.1     1,-0.1    31,-0.1  -0.294  54.4-155.2 -66.8 131.6   16.8   -7.9  -19.0               
  116  116 A T     >  -     0   0   56     -2,-0.1     4,-1.7     1,-0.1     5,-0.1  -0.413  31.8-105.0 -95.6 170.6   15.8  -11.5  -18.4               
  117  117 A E  H  > S+     0   0   84      2,-0.2     4,-1.7     1,-0.2     5,-0.1   0.807 122.3  54.9 -65.0 -27.6   13.3  -13.2  -16.0               
  118  118 A Q  H  > S+     0   0  102      2,-0.2     4,-2.9     3,-0.2     5,-0.2   0.953 104.9  49.7 -72.3 -47.9   16.4  -14.2  -13.8               
  119  119 A D  H  > S+     0   0   64      1,-0.2     4,-2.5     2,-0.2     5,-0.2   0.897 113.7  47.9 -58.8 -41.7   17.7  -10.6  -13.5               
  120  120 A L  H  X S+     0   0    0     -4,-1.7     4,-2.8     2,-0.2    -1,-0.2   0.899 111.8  49.6 -61.2 -45.1   14.2   -9.5  -12.4               
  121  121 A K  H  X S+     0   0   97     -4,-1.7     4,-2.2     2,-0.2    -2,-0.2   0.934 112.8  46.3 -63.1 -46.8   13.9  -12.4   -9.9               
  122  122 A E  H  X S+     0   0  113     -4,-2.9     4,-0.6     2,-0.2    -2,-0.2   0.942 115.7  46.4 -61.5 -47.2   17.4  -11.7   -8.4               
  123  123 A Y  H >< S+     0   0   62     -4,-2.5     3,-1.1    -5,-0.2     4,-0.2   0.939 116.5  42.9 -61.1 -49.8   16.6   -7.9   -8.1               
  124  124 A F  H >X S+     0   0    0     -4,-2.8     3,-1.8     1,-0.2     4,-0.7   0.798  99.4  72.1 -73.6 -23.8   13.0   -8.4   -6.7               
  125  125 A S  H 3< S+     0   0   59     -4,-2.2    -1,-0.2     1,-0.3     3,-0.2   0.710  85.0  70.6 -61.9 -18.8   14.2  -11.1   -4.2               
  126  126 A T  T << S+     0   0  104     -3,-1.1    -1,-0.3    -4,-0.6    -2,-0.2   0.737 101.5  43.5 -67.9 -22.1   16.0   -8.3   -2.3               
  127  127 A F  T <4 S-     0   0   59     -3,-1.8     2,-0.2     1,-0.4    -1,-0.2   0.610 131.1 -58.0 -96.5 -18.2   12.5   -7.0   -1.2               
  128  128 A G  S  < S-     0   0   23     -4,-0.7    -1,-0.4    -3,-0.2     2,-0.2  -0.871  80.0 -32.9 155.2 176.5   11.0  -10.4   -0.3               
  129  129 A E        -     0   0  132     -2,-0.2    24,-2.3    -3,-0.1     2,-0.7  -0.377  51.1-148.2 -67.5 124.8   10.1  -13.9   -1.7               
  130  130 A V  E     -I  152   0C  15     22,-0.2    22,-0.3    -2,-0.2     3,-0.1  -0.832  14.3-175.2 -97.1 110.5    9.1  -13.9   -5.4               
  131  131 A L  E    S+     0   0C  88     20,-1.6     2,-0.3    -2,-0.7    21,-0.2   0.822  71.7   4.6 -69.4 -38.2    6.6  -16.6   -6.3               
  132  132 A M  E     -I  151   0C  95     19,-1.5    19,-2.8   -11,-0.0     2,-0.3  -0.981  53.4-172.1-153.4 141.0    6.7  -15.8  -10.0               
  133  133 A V  E     +I  150   0C  23     -2,-0.3     2,-0.3    17,-0.2    17,-0.2  -0.980  11.0 175.1-125.7 142.7    8.4  -13.7  -12.6               
  134  134 A Q  E     -I  149   0C  69     15,-2.4    15,-2.5    -2,-0.3     2,-0.5  -0.829  15.3-157.9-148.9 115.2    7.4  -13.4  -16.3               
  135  135 A V  E     -I  148   0C  10     -2,-0.3     2,-0.9    13,-0.3    13,-0.3  -0.756  23.2-131.1 -88.7 123.9    8.9  -11.0  -18.9               
  136  136 A K  E     -     0   0C  77     11,-1.8     9,-2.8    -2,-0.5    11,-0.5  -0.658  31.0-177.8 -80.6 109.2    6.6  -10.4  -21.9               
  137  137 A K  E     -I  144   0C  98     -2,-0.9     2,-0.4     7,-0.3     7,-0.3  -0.624  34.5-101.4 -95.7 156.1    8.5  -10.9  -25.1               
  138  138 A D     >  -     0   0   43      5,-2.8     4,-2.2    -2,-0.2     3,-0.1  -0.731  24.0-144.5 -79.0 128.9    7.1  -10.4  -28.6               
  139  139 A L  T  4 S+     0   0  169     -2,-0.4    -1,-0.1     1,-0.2    -2,-0.0   0.694  95.7  47.0 -71.7 -21.2    6.1  -13.8  -30.2               
  140  140 A K  T  4 S+     0   0  200      3,-0.1    -1,-0.2     1,-0.1    -2,-0.0   0.807 127.7  21.1 -86.7 -35.9    7.2  -12.7  -33.8               
  141  141 A T  T  4 S-     0   0   83      2,-0.2    -2,-0.2    -3,-0.1     3,-0.1   0.501  89.5-130.1-112.4 -13.4   10.6  -11.2  -33.0               
  142  142 A G     <  +     0   0   49     -4,-2.2     2,-0.1     1,-0.2    -3,-0.1   0.274  62.6 137.8  72.8  -9.3   11.6  -12.7  -29.6               
  143  143 A H        -     0   0  134     -6,-0.1    -5,-2.8     1,-0.1    -1,-0.2  -0.403  62.4-107.1 -71.4 139.0   12.4   -9.1  -28.4               
  144  144 A S  E     - I   0 137C  12    -31,-0.5    -7,-0.3    -7,-0.3    -1,-0.1  -0.448  18.6-138.3 -62.6 130.4   11.3   -8.1  -24.8               
  145  145 A K  E     -     0   0C 108     -9,-2.8    -1,-0.1     2,-0.3    -8,-0.1   0.328  46.0-105.7 -73.1   7.7    8.3   -5.7  -24.9               
  146  146 A G  E    S+     0   0C  12      1,-0.2   -35,-1.4   -10,-0.1   -36,-1.3   0.655  93.3  83.5  70.9  17.8    9.9   -3.6  -22.1               
  147  147 A F  E     +G  109   0C  56    -11,-0.5   -11,-1.8   -38,-0.2    -2,-0.3  -0.994  48.0 170.5-145.7 155.5    7.5   -5.0  -19.4               
  148  148 A G  E     -GI 108 135C   0    -40,-1.9   -40,-2.8    -2,-0.3     2,-0.4  -0.855  28.2-112.7-145.4 179.2    7.1   -8.0  -17.2               
  149  149 A F  E     -GI 107 134C  50    -15,-2.5   -15,-2.4    -2,-0.3     2,-0.4  -0.971  22.5-172.1-120.8 139.9    5.0   -9.4  -14.2               
  150  150 A V  E     -GI 106 133C   1    -44,-2.3   -44,-2.7    -2,-0.4     2,-0.5  -1.000   4.0-164.4-131.5 131.9    6.3  -10.1  -10.7               
  151  151 A R  E     - I   0 132C 101    -19,-2.8   -20,-1.6    -2,-0.4   -19,-1.5  -0.979   7.9-157.7-118.7 125.5    4.3  -11.9   -7.9               
  152  152 A F  E     - I   0 130C   0     -2,-0.5   -22,-0.2   -48,-0.4   -23,-0.1  -0.608  21.9-137.1 -94.9 155.7    5.3  -11.8   -4.3               
  153  153 A T  S    S+     0   0   61    -24,-2.3     2,-0.4    -2,-0.2   -50,-0.2   0.884  93.7  54.1 -73.2 -37.9    4.4  -14.2   -1.4               
  154  154 A E     >  -     0   0  105    -25,-0.4     4,-1.6     1,-0.1    -2,-0.1  -0.783  67.4-152.1-102.8 137.3    3.8  -11.2    0.9               
  155  155 A Y  H  > S+     0   0   62     -2,-0.4     4,-2.4     2,-0.2     5,-0.2   0.822  98.4  62.0 -70.8 -30.1    1.5   -8.2    0.3               
  156  156 A E  H  > S+     0   0   79      2,-0.2     4,-2.0     1,-0.2    -1,-0.2   0.910 105.4  47.0 -68.3 -35.6    3.7   -6.0    2.5               
  157  157 A T  H  > S+     0   0    8      2,-0.2     4,-2.3     1,-0.2     5,-0.2   0.932 109.3  55.8 -61.7 -45.4    6.6   -6.6    0.0               
  158  158 A Q  H  X S+     0   0    1     -4,-1.6     4,-1.9     2,-0.2    -2,-0.2   0.910 109.5  44.8 -55.9 -46.5    4.2   -5.8   -2.9               
  159  159 A V  H  X S+     0   0   56     -4,-2.4     4,-1.9     2,-0.2    -1,-0.2   0.942 111.5  52.4 -65.2 -46.0    3.2   -2.4   -1.4               
  160  160 A K  H  < S+     0   0  132     -4,-2.0     4,-0.4     1,-0.2    -1,-0.2   0.864 111.3  48.1 -56.8 -38.8    6.9   -1.5   -0.6               
  161  161 A V  H >< S+     0   0    0     -4,-2.3     3,-0.6     1,-0.2    14,-0.4   0.853 111.5  49.8 -71.0 -35.7    7.8   -2.3   -4.3               
  162  162 A M  H 3< S+     0   0   66     -4,-1.9    -2,-0.2    -5,-0.2    -1,-0.2   0.791 106.0  57.1 -71.1 -28.7    4.8   -0.2   -5.6               
  163  163 A S  T 3< S+     0   0   95     -4,-1.9     2,-0.3    -5,-0.1    -1,-0.2   0.583 105.4  56.2 -79.7 -12.3    5.9    2.8   -3.4               
  164  164 A Q  S <  S-     0   0   74     -3,-0.6    11,-0.5    -4,-0.4     2,-0.4  -0.833  78.7-120.8-120.3 156.3    9.4    3.1   -4.9               
  165  165 A R  E     -J  174   0C 141     -2,-0.3     2,-0.4     9,-0.1     9,-0.2  -0.826  31.9-139.5 -91.9 138.6   11.0    3.5   -8.4               
  166  166 A H  E     -J  173   0C   0      7,-2.6     7,-2.9    -2,-0.4     2,-0.8  -0.822   6.2-150.4-105.8 131.7   13.4    0.7   -9.3               
  167  167 A M  E     +J  172   0C 112     -2,-0.4     2,-0.4     5,-0.2     5,-0.2  -0.885  26.2 173.3 -99.6 106.7   16.7    1.0  -11.2               
  168  168 A I  E >   -J  171   0C   7      3,-2.5     3,-2.4    -2,-0.8   -53,-0.1  -0.958  66.8 -15.2-116.8 127.2   17.2   -2.2  -13.2               
  169  169 A D  T 3  S-     0   0   71     -2,-0.4    -1,-0.1     1,-0.3     3,-0.1   0.653 129.1 -52.8  59.9  18.3   20.2   -2.6  -15.6               
  170  170 A G  T 3  S+     0   0   71      1,-0.2     2,-0.4   -58,-0.0    -1,-0.3   0.508 118.8 106.8  89.4  10.0   20.8    1.2  -15.6               
  171  171 A R  E <  S- J   0 168C 125     -3,-2.4    -3,-2.5   -59,-0.0     2,-0.3  -0.967  72.6-117.6-123.5 136.3   17.1    2.1  -16.4               
  172  172 A W  E     - J   0 167C 150     -2,-0.4     2,-0.3    -5,-0.2    -5,-0.2  -0.565  35.6-172.0 -71.0 129.1   14.3    3.5  -14.3               
  173  173 A C  E     - J   0 166C   0     -7,-2.9    -7,-2.6    -2,-0.3     2,-0.5  -0.949  13.2-144.8-129.3 141.6   11.4    1.0  -14.0               
  174  174 A D  E     -HJ 109 165C  46    -65,-2.3   -65,-2.9    -2,-0.3     2,-0.5  -0.934   5.9-150.9-116.0 125.8    7.9    1.5  -12.4               
  175  175 A C  E     +H  108   0C   6    -11,-0.5     2,-0.3    -2,-0.5   -67,-0.2  -0.837  30.7 154.8 -97.6 125.1    6.0   -1.2  -10.5               
  176  176 A K  E     -H  107   0C 119    -69,-2.6   -69,-2.6    -2,-0.5   -13,-0.0  -0.909  47.8 -93.1-139.2 166.4    2.1   -1.0  -10.7               
  177  177 A L        -     0   0   63     -2,-0.3     2,-0.3   -71,-0.2   -71,-0.2  -0.695  49.4-112.0 -76.9 135.5   -1.1   -3.1  -10.4               
  178  178 A P    >   -     0   0   20      0, 0.0     3,-1.6     0, 0.0     4,-0.2  -0.579  19.5-127.7 -73.2 133.3   -2.2   -4.3  -13.9               
  179  179 A N  G >  S+     0   0  121     -2,-0.3     3,-0.6     1,-0.3    -2,-0.0   0.535  97.5  79.2 -57.8 -13.9   -5.5   -2.6  -14.9               
  180  180 A S  G 3  S+     0   0  121      1,-0.2    -1,-0.3     3,-0.0    -3,-0.0   0.433  93.6  47.3 -79.3  -4.8   -7.2   -6.1  -15.7               
  181  181 A K  G <  S+     0   0  131     -3,-1.6     2,-0.7     2,-0.1    -1,-0.2   0.358  85.5  99.2-116.5  -0.3   -7.9   -6.8  -11.9               
  182  182 A Q  S <  S-     0   0  118     -3,-0.6     0, 0.0    -4,-0.2     0, 0.0  -0.831  82.3-118.7 -85.6 116.5   -9.5   -3.4  -11.0               
  183  183 A S    >   -     0   0  106     -2,-0.7     3,-0.9     1,-0.1    -2,-0.1  -0.291  20.4-125.7 -51.8 135.7  -13.3   -3.7  -11.0               
  184  184 A Q  T 3  S+     0   0  192      1,-0.2    -1,-0.1     4,-0.0     4,-0.1   0.208  92.6  73.7 -79.8  16.5  -14.7   -1.3  -13.6               
  185  185 A D  T 3   +     0   0  152      2,-0.1    -1,-0.2     0, 0.0    -2,-0.0   0.399  69.0  85.1-122.4  -0.6  -17.2    0.5  -11.3               
  186  186 A E  S <  S-     0   0  113     -3,-0.9     2,-0.2     3,-0.0     3,-0.0  -0.911  86.6-115.0 -93.5 128.9  -15.1    2.8   -9.0               
  187  187 A P        -     0   0   93      0, 0.0     2,-0.1     0, 0.0    -2,-0.1  -0.488  50.5 -93.9 -58.3 121.3  -14.4    6.3  -10.7               
  188  188 A L        -     0   0  122     -2,-0.2     2,-1.4     1,-0.2    -4,-0.0  -0.220  39.2-130.4 -50.3 106.6  -10.6    6.0  -11.0               
  189  189 A R        -     0   0  119     -2,-0.1     2,-1.3     1,-0.1    -1,-0.2  -0.420  25.2-154.7 -69.7  88.8   -9.6    7.8   -7.7               
  190  190 A S        -     0   0   24     -2,-1.4    70,-0.3     1,-0.2    -1,-0.1  -0.597  18.9-168.2 -76.8  98.3   -7.0   10.1   -9.3               
  191  191 A R  S    S+     0   0  120     -2,-1.3    43,-2.9    44,-0.1     2,-0.5   0.542  74.6  85.0 -53.5 -10.5   -4.5   11.1   -6.7               
  192  192 A K  E     -K  233   0D  64     41,-0.3    68,-1.6    68,-0.2     2,-0.3  -0.913  65.4-167.6 -98.2 125.8   -3.6   13.6   -9.5               
  193  193 A V  E     -KL 232 259D   0     39,-2.9    39,-1.9    -2,-0.5     2,-0.5  -0.792  18.8-129.7-104.6 150.5   -5.6   16.9   -9.7               
  194  194 A F  E     -KL 231 258D  61     64,-3.1    64,-2.7    -2,-0.3     2,-0.7  -0.913  16.6-157.3 -96.5 125.9   -5.5   19.4  -12.5               
  195  195 A V  E     -KL 230 257D   0     35,-2.9    35,-2.5    -2,-0.5     3,-0.4  -0.917  17.1-173.9-109.0 100.6   -4.9   23.0  -11.4               
  196  196 A G  E     +KL 229 256D   7     60,-3.1    60,-2.0    -2,-0.7    33,-0.2  -0.531  57.7  34.4 -90.2 164.9   -6.3   25.4  -14.0               
  197  197 A R  S    S+     0   0  148     31,-1.6    32,-0.2    58,-0.2    -1,-0.2   0.610  75.2 150.8  61.8  19.3   -6.0   29.3  -14.2               
  198  198 A C        -     0   0    5     30,-0.7    -1,-0.2    -3,-0.4     2,-0.2  -0.423  39.2-132.3 -65.1 153.4   -2.5   29.4  -12.7               
  199  199 A T    >   -     0   0   44     -2,-0.1     3,-1.6     1,-0.1    28,-0.1  -0.615  24.1-106.6 -98.8 166.2   -0.3   32.3  -13.8               
  200  200 A E  T 3  S+     0   0  154      1,-0.3    -1,-0.1    -2,-0.2    -2,-0.0   0.749 117.1  68.7 -65.4 -20.7    3.4   32.1  -15.0               
  201  201 A D  T 3  S+     0   0  118      2,-0.1     2,-0.7     1,-0.0    -1,-0.3   0.545  79.3  95.2 -69.4 -13.0    4.4   33.7  -11.6               
  202  202 A M    <   -     0   0    7     -3,-1.6     2,-0.1     4,-0.1    -1,-0.0  -0.772  63.9-160.1 -92.0 110.1    3.3   30.4   -9.8               
  203  203 A T     >  -     0   0   59     -2,-0.7     4,-2.1     1,-0.1     5,-0.2  -0.308  30.3-112.3 -84.4 166.3    6.2   28.0   -9.3               
  204  204 A E  H  > S+     0   0  110      2,-0.2     4,-2.1     1,-0.2     5,-0.1   0.890 119.5  52.2 -65.3 -35.6    6.2   24.2   -8.6               
  205  205 A D  H  > S+     0   0  103      2,-0.2     4,-3.0     1,-0.2     5,-0.2   0.896 108.8  49.6 -65.5 -41.4    7.5   24.9   -5.0               
  206  206 A E  H  > S+     0   0   52      2,-0.2     4,-2.6     1,-0.2     5,-0.2   0.903 112.0  47.2 -68.8 -41.4    4.7   27.4   -4.3               
  207  207 A L  H  X S+     0   0    1     -4,-2.1     4,-2.5     2,-0.2    -1,-0.2   0.925 114.7  48.9 -60.1 -44.4    2.0   25.0   -5.6               
  208  208 A R  H  X S+     0   0  138     -4,-2.1     4,-1.9     2,-0.2    -2,-0.2   0.930 113.5  44.6 -62.1 -48.8    3.7   22.3   -3.4               
  209  209 A E  H  X S+     0   0  154     -4,-3.0     4,-0.6     2,-0.2    -2,-0.2   0.945 115.5  47.9 -62.4 -47.1    3.9   24.5   -0.3               
  210  210 A F  H >< S+     0   0   47     -4,-2.6     3,-0.8     1,-0.2     4,-0.2   0.891 115.2  44.4 -62.8 -41.4    0.2   25.7   -0.7               
  211  211 A F  H >X S+     0   0    0     -4,-2.5     3,-1.7     1,-0.2     4,-1.3   0.791  98.0  73.7 -76.7 -21.5   -1.1   22.1   -1.3               
  212  212 A S  H 3< S+     0   0   61     -4,-1.9    -1,-0.2     1,-0.3    -2,-0.2   0.702  85.8  66.2 -63.7 -19.0    0.9   20.7    1.6               
  213  213 A Q  T << S+     0   0  124     -3,-0.8    -1,-0.3    -4,-0.6    -2,-0.2   0.737 107.7  39.5 -70.4 -23.9   -1.6   22.5    4.0               
  214  214 A Y  T <4 S-     0   0   88     -3,-1.7     2,-0.2     1,-0.3    -2,-0.2   0.689 131.8 -44.2 -96.9 -26.4   -4.3   20.1    2.7               
  215  215 A G  S  < S-     0   0   14     -4,-1.3     2,-0.4    24,-0.0    -1,-0.3  -0.923  78.4 -46.0 170.8 171.1   -2.2   16.9    2.5               
  216  216 A D        -     0   0  130     -2,-0.2    19,-2.6    -3,-0.1     2,-0.6  -0.358  49.7-149.5 -62.1 115.0    1.1   15.2    1.5               
  217  217 A V  E     +M  234   0D  18     -2,-0.4    17,-0.3    17,-0.2     3,-0.1  -0.774  17.7 179.1 -88.3 117.7    2.1   16.3   -2.0               
  218  218 A M  E     +     0   0D 121     15,-2.4     2,-0.3    -2,-0.6    16,-0.2   0.827  66.2   3.4 -81.7 -41.2    4.1   13.6   -3.9               
  219  219 A D  E     -M  233   0D  76     14,-1.5    14,-2.8     2,-0.0     2,-0.4  -0.966  52.8-162.7-156.5 133.9    4.7   15.4   -7.3               
  220  220 A V  E     -M  232   0D  19     -2,-0.3     2,-0.4    12,-0.2    12,-0.2  -0.983  13.3-172.3-121.3 130.0    4.0   18.8   -9.0               
  221  221 A F  E     -M  231   0D 108     10,-3.0    10,-2.0    -2,-0.4    -2,-0.0  -0.927  10.2-178.7-132.2 110.7    4.2   19.1  -12.8               
  222  222 A I        -     0   0   28     -2,-0.4     8,-0.2     8,-0.2     2,-0.1  -0.920  28.1-134.5-103.2 110.2    4.0   22.4  -14.7               
  223  223 A P        -     0   0   22      0, 0.0     4,-0.3     0, 0.0     6,-0.2  -0.430  26.9-108.6 -64.2 140.9    4.2   21.8  -18.5               
  224  224 A K  S    S+     0   0  196      2,-0.1     2,-0.2    -2,-0.1     3,-0.0  -0.919 100.2  49.3-110.7 140.3    6.5   24.1  -20.6               
  225  225 A P  S    S-     0   0  109      0, 0.0     0, 0.0     0, 0.0     0, 0.0   0.625 111.8-102.4 -60.6 158.9    5.8   26.3  -22.5               
  226  226 A F        +     0   0   63     -2,-0.2    -2,-0.1     1,-0.1   -26,-0.1  -0.277  44.3 175.3 -60.4 137.3    3.4   27.7  -19.9               
  227  227 A R        -     0   0  169      2,-0.4   -30,-0.2    -4,-0.3    -1,-0.1   0.145  54.1-101.0-131.4  18.4   -0.3   26.9  -20.5               
  228  228 A A  S    S+     0   0   45      1,-0.1   -31,-1.6   -32,-0.1   -30,-0.7   0.759  95.4  89.7  56.0  29.4   -2.2   28.4  -17.5               
  229  229 A F  E     +K  196   0D  35    -33,-0.2    -2,-0.4   -32,-0.2     2,-0.3  -0.984  47.7 178.9-147.0 152.2   -2.4   24.9  -15.9               
  230  230 A A  E     -K  195   0D   0    -35,-2.5   -35,-2.9    -2,-0.3     2,-0.4  -0.820  21.2-130.6-130.5 170.2   -0.4   22.6  -13.6               
  231  231 A F  E     -KM 194 221D  25    -10,-2.0   -10,-3.0    -2,-0.3     2,-0.4  -0.999  15.3-166.1-125.6 140.8   -0.9   19.1  -12.1               
  232  232 A V  E     -KM 193 220D   0    -39,-1.9   -39,-2.9    -2,-0.4     2,-0.5  -0.959   6.2-155.5-124.8 134.9   -0.5   18.1   -8.4               
  233  233 A T  E     -KM 192 219D  23    -14,-2.8   -15,-2.4    -2,-0.4   -14,-1.5  -0.968  11.3-160.2-115.3 115.2   -0.2   14.5   -7.2               
  234  234 A F  E     - M   0 217D   0    -43,-2.9   -17,-0.2    -2,-0.5   -18,-0.1  -0.469  25.0-130.1 -85.6 159.5   -1.2   13.8   -3.6               
  235  235 A A  S    S+     0   0   42    -19,-2.6     2,-0.3    -2,-0.2   -18,-0.1   0.901  96.2  55.0 -68.3 -41.4   -0.2   10.8   -1.5               
  236  236 A D     >  -     0   0   64    -20,-0.3     4,-0.9     1,-0.1    -2,-0.2  -0.657  68.8-150.7 -98.8 141.8   -4.0   10.3   -0.6               
  237  237 A D  H  > S+     0   0   44     -2,-0.3     4,-1.3     2,-0.2     5,-0.1   0.796  95.7  59.7 -80.0 -28.6   -6.9    9.9   -3.0               
  238  238 A Q  H  > S+     0   0  124      2,-0.2     4,-2.8     1,-0.2     3,-0.2   0.914 104.2  49.8 -68.1 -40.2   -9.5   11.4   -0.6               
  239  239 A I  H  > S+     0   0   40      1,-0.2     4,-2.0     2,-0.2    -1,-0.2   0.923 109.9  51.1 -65.2 -42.5   -7.6   14.8   -0.4               
  240  240 A A  H  < S+     0   0    0     -4,-0.9    -1,-0.2     1,-0.2    -2,-0.2   0.781 113.8  45.9 -64.2 -29.5   -7.4   14.9   -4.3               
  241  241 A Q  H >< S+     0   0   76     -4,-1.3     3,-1.4    -3,-0.2    -2,-0.2   0.911 109.7  52.0 -78.2 -45.3  -11.2   14.3   -4.4               
  242  242 A S  H 3< S+     0   0   88     -4,-2.8    -2,-0.2     1,-0.3    -3,-0.2   0.860 110.1  49.8 -61.5 -36.8  -12.2   16.9   -1.7               
  243  243 A L  T >< S+     0   0    4     -4,-2.0     3,-1.2    -5,-0.2     2,-0.5   0.527  87.5 109.0 -75.3 -10.2  -10.2   19.6   -3.5               
  244  244 A C  T <  S+     0   0   34     -3,-1.4    14,-0.2     1,-0.2     3,-0.1  -0.622  85.4  13.8 -79.4 124.7  -11.9   18.8   -6.8               
  245  245 A G  T 3  S+     0   0   53     12,-2.5     2,-0.3    -2,-0.5    -1,-0.2   0.268  97.5 126.2  91.6  -4.9  -14.3   21.5   -8.0               
  246  246 A E    <   -     0   0   89     -3,-1.2    11,-2.3    -4,-0.1     2,-0.8  -0.627  56.4-141.7 -80.8 138.5  -13.0   24.0   -5.4               
  247  247 A D  E     -N  256   0D  90     -2,-0.3     2,-0.3     9,-0.2     9,-0.2  -0.890  27.1-166.2 -93.7 105.4  -11.8   27.5   -6.6               
  248  248 A L  E     -N  255   0D  15      7,-1.8     7,-2.8    -2,-0.8     2,-0.7  -0.660  16.7-134.5 -94.2 151.5   -8.7   28.2   -4.4               
  249  249 A I  E     -N  254   0D 118     -2,-0.3     2,-0.5     5,-0.2     5,-0.2  -0.882  23.1-178.5-109.8 104.4   -7.0   31.6   -4.0               
  250  250 A I  E >  S-N  253   0D   6      3,-2.5     3,-2.4    -2,-0.7   -43,-0.0  -0.903  77.1 -20.4-103.7 119.6   -3.2   31.4   -4.3               
  251  251 A K  T 3  S-     0   0  139     -2,-0.5    -1,-0.2     1,-0.3     3,-0.1   0.758 128.5 -52.6  52.2  29.9   -1.5   34.8   -3.9               
  252  252 A G  T 3  S+     0   0   68      1,-0.3     2,-0.5    -3,-0.1    -1,-0.3   0.456 115.6 119.4  84.1   3.8   -4.8   36.6   -4.7               
  253  253 A I  E <   - N   0 250D  47     -3,-2.4    -3,-2.5   -54,-0.0     2,-0.8  -0.885  64.6-131.0-103.0 123.9   -5.1   34.5   -8.0               
  254  254 A S  E     - N   0 249D  52     -2,-0.5     2,-0.4    -5,-0.2    -5,-0.2  -0.685  26.8-171.9 -77.2 108.4   -8.2   32.3   -8.4               
  255  255 A V  E     - N   0 248D   0     -7,-2.8    -7,-1.8    -2,-0.8     2,-0.5  -0.825  15.2-138.9 -96.7 141.3   -7.1   28.8   -9.5               
  256  256 A H  E     -LN 196 247D  61    -60,-2.0   -60,-3.1    -2,-0.4     2,-0.5  -0.895  12.6-151.4-104.8 123.6   -9.7   26.2  -10.5               
  257  257 A I  E     +L  195   0D   0    -11,-2.3   -12,-2.5    -2,-0.5     2,-0.3  -0.809  23.1 162.9 -99.7 132.4   -9.1   22.6   -9.3               
  258  258 A S  E     -L  194   0D  47    -64,-2.7   -64,-3.1    -2,-0.5     2,-0.2  -0.913  47.5 -79.5-136.7 163.7  -10.5   19.6  -11.3               
  259  259 A N  E     -L  193   0D  78     -2,-0.3     2,-1.2   -66,-0.2   -66,-0.2  -0.463  48.5-119.7 -59.5 129.5   -9.9   15.9  -11.6               
  260  260 A A        -     0   0    6    -68,-1.6   -68,-0.2   -70,-0.3    -1,-0.1  -0.651  24.1-137.9 -71.7 103.3   -6.8   15.2  -13.6               
  261  261 A E        -     0   0  171     -2,-1.2     2,-0.4     1,-0.1    -1,-0.0  -0.447  26.8-116.2 -50.4 118.0   -8.2   13.2  -16.5               
  262  262 A P        -     0   0   93      0, 0.0     2,-2.2     0, 0.0    -1,-0.1  -0.555  26.6-116.9 -60.8 124.1   -5.5   10.5  -16.9               
  263  263 A K        -     0   0  181     -2,-0.4     2,-0.3     2,-0.0    -2,-0.0  -0.475  33.2-159.5 -61.9  81.8   -3.9   11.1  -20.3               
  264  264 A H        -     0   0  131     -2,-2.2     2,-0.8     1,-0.1     4,-0.1  -0.563  36.9 -99.2 -60.3 125.7   -5.0    7.7  -21.7               
  265  265 A N        -     0   0  117     -2,-0.3     3,-0.2     1,-0.2    -1,-0.1  -0.429  34.4-156.0 -58.5  99.5   -2.6    7.3  -24.6               
  266  266 A S  S >  S+     0   0  107     -2,-0.8     3,-1.1     1,-0.3     2,-0.6   0.545  75.3  96.0 -63.5  -3.8   -5.0    8.4  -27.5               
  267  267 A N  T 3   +     0   0  138      1,-0.2    -1,-0.3     2,-0.1    -2,-0.1   0.002  68.8  75.1 -72.5  29.7   -2.9    6.3  -29.9               
  268  268 A R  T 3  S+     0   0  202     -2,-0.6    -1,-0.2    -3,-0.2     3,-0.1   0.218  76.9  71.9-123.5  13.9   -5.4    3.4  -29.4               
  269  269 A Q  S <  S+     0   0  174     -3,-1.1     3,-0.3     1,-0.1    -2,-0.1   0.317  73.7  79.8-113.0   7.3   -8.3    4.7  -31.5               
  270  270 A L  S    S+     0   0  169      1,-0.2     3,-0.2    -4,-0.1    -1,-0.1   0.568  86.6  60.5 -89.7  -6.7   -6.9    4.3  -35.1               
  271  271 A E  S    S+     0   0  184      1,-0.2    -1,-0.2    -3,-0.1     3,-0.1  -0.453  98.2  40.8-129.5  59.7   -7.7    0.5  -35.4               
  272  272 A R  S    S+     0   0  249     -3,-0.3     2,-0.2     1,-0.2    -1,-0.2   0.303  80.3  81.8 174.3  62.4  -11.5   -0.2  -35.0               
  273  273 A S        +     0   0  129     -3,-0.2    -1,-0.2     1,-0.1    -4,-0.0  -0.723  57.3  94.3-149.8 110.3  -14.0    2.0  -36.7               
  274  274 A G        +     0   0   75     -2,-0.2     2,-1.2    -3,-0.1    -1,-0.1   0.145  32.4 150.8 173.8  32.2  -14.6    1.2  -40.4               
  275  275 A R        +     0   0  247     -3,-0.1     2,-0.2     2,-0.0     0, 0.0  -0.764  21.5 145.6 -82.6  92.4  -17.5   -1.2  -40.9               
  276  276 A F        +     0   0  202     -2,-1.2     2,-0.2     0, 0.0     0, 0.0  -0.731  19.4 177.0-157.3 117.1  -18.9   -0.3  -44.3               
  277  277 A G        +     0   0   72     -2,-0.2    -2,-0.0     2,-0.1    -3,-0.0  -0.666  22.1 121.8  93.7  63.2  -20.0   -2.6  -46.1               
  278  278 A G        +     0   0   77     -2,-0.2     0, 0.0     0, 0.0     0, 0.0   0.171  16.3 155.8 161.6  79.2  -21.5   -1.7  -49.5               
  279  279 A N        +     0   0  148      1,-0.0    -2,-0.1     0, 0.0     0, 0.0  -0.898  14.8 129.2 -86.9 137.9  -20.8   -2.9  -53.1               
  280  280 A P        +     0   0  126      0, 0.0     2,-0.1     0, 0.0    -1,-0.0  -0.042  23.1 110.5-154.6 137.6  -22.8   -3.0  -55.9               
  281  281 A G        -     0   0   71      2,-0.0     2,-0.1     0, 0.0     0, 0.0  -0.217  33.6-148.5 154.1 129.5  -22.3   -1.7  -59.4               
  282  282 A G        +     0   0   65     -2,-0.1     2,-0.3     0, 0.0     0, 0.0  -0.958  22.4 140.9 153.2  12.7  -21.9   -2.7  -62.3               
  283  283 A F        -     0   0  217     -2,-0.1     2,-0.1     1,-0.0    -2,-0.0  -0.980  25.0-160.6-144.3 141.5  -20.3   -2.1  -65.8               
  284  284 A G        +     0   0   71     -2,-0.3    -1,-0.0     2,-0.0     0, 0.0  -0.091  15.6  42.5 135.0  97.4  -18.9   -3.7  -68.0               
  285  285 A N        -     0   0  139     -2,-0.1     0, 0.0     0, 0.0     0, 0.0   0.987  41.1 -29.9  77.5 110.9  -16.9   -4.8  -71.0               
  286  286 A Q        -     0   0  165      0, 0.0    -2,-0.0     0, 0.0     0, 0.0   0.785  42.0 -67.2  68.2  95.5  -14.1   -4.9  -73.2               
  287  287 A G        +     0   0   83      1,-0.1     0, 0.0     0, 0.0     0, 0.0   0.764  18.6 177.3  72.7 157.6  -11.1   -3.5  -75.0               
  288  288 A G        -     0   0   76      0, 0.0     2,-0.1     0, 0.0    -1,-0.1   0.228  20.7-137.2 141.5 102.4   -9.8   -1.0  -77.6               
  289  289 A F        -     0   0  218      2,-0.0     0, 0.0     0, 0.0     0, 0.0  -0.297  32.5 -70.5 -60.1 148.0   -6.3   -0.0  -78.7               
  290  290 A G        +     0   0   75     -2,-0.1     0, 0.0     0, 0.0     0, 0.0   0.295  24.2 172.5  80.2 170.3   -4.6    3.3  -79.5               
  291  291 A N        -     0   0  150      0, 0.0    -2,-0.0     0, 0.0     0, 0.0   0.697  10.1 -28.5-165.5 163.3   -3.4    6.0  -80.3               
  292  292 A S        -     0   0   85      0, 0.0     2,-0.0     0, 0.0     0, 0.0   0.526  19.4 -69.5  67.0 158.8   -1.6    9.4  -81.1               
  293  293 A R        +     0   0  241      0, 0.0     0, 0.0     0, 0.0     0, 0.0   0.376  15.5  96.1-172.5 147.2   -0.2   12.4  -80.7               
  294  294 A G        -     0   0   84     -2,-0.0     2,-0.0     0, 0.0     0, 0.0   0.306   6.8-174.5  85.4 152.7    1.2   16.0  -80.2               
  295  295 A G        -     0   0   84      0, 0.0     0, 0.0     0, 0.0     0, 0.0   0.416  14.9-162.6 154.2 141.7    2.5   18.6  -79.3               
  296  296 A G        -     0   0   78     -2,-0.0     2,-0.1     0, 0.0     0, 0.0   0.498  16.7-155.1 100.2 110.6    3.8   22.2  -78.7               
  297  297 A A        -     0   0  112      0, 0.0     0, 0.0     0, 0.0     0, 0.0   0.164   7.9-176.4  87.7 119.8    6.1   23.8  -76.8               
  298  298 A G        -     0   0   69     -2,-0.1     0, 0.0     2,-0.0     0, 0.0   0.049  17.8-146.1 150.1  71.8    6.7   27.4  -75.4               
  299  299 A L        +     0   0  185      0, 0.0     2,-0.1     0, 0.0     0, 0.0   0.176  22.7 163.1  56.2 105.8    9.5   28.4  -73.5               
  300  300 A G        -     0   0   76      0, 0.0    -2,-0.0     0, 0.0     0, 0.0  -0.350  25.9-132.7 177.2  95.6    9.7   31.0  -70.7               
  301  301 A N        +     0   0  164     -2,-0.1     2,-0.0     2,-0.0     0, 0.0  -0.173  36.6 130.9 -40.5 140.0   12.5   31.5  -68.1               
  302  302 A N        -     0   0  149      0, 0.0     2,-0.0     0, 0.0    -1,-0.0  -0.029  26.9-153.5-171.9 145.0   13.3   31.9  -64.8               
  303  303 A Q        +     0   0  188     -2,-0.0    -2,-0.0     1,-0.0     0, 0.0  -0.176  30.4 135.7 -58.7 143.5   15.7   30.3  -62.3               
  304  304 A G        -     0   0   74     -2,-0.0     2,-0.0     0, 0.0    -1,-0.0   0.198  31.1-148.1 162.2  76.2   15.3   30.0  -58.5               
  305  305 A S        -     0   0  126      1,-0.1    -2,-0.0     0, 0.0     0, 0.0  -0.301  25.0 -57.1 -54.4 158.8   15.9   27.0  -56.0               
  306  306 A N        +     0   0  132     -2,-0.0    -1,-0.1     0, 0.0     0, 0.0   0.838  43.2  98.7 172.1 155.9   14.6   25.8  -53.1               
  307  307 A M        +     0   0  175      0, 0.0     2,-0.0     0, 0.0     0, 0.0   0.797  39.7 140.1  67.1 124.8   13.3   25.2  -49.5               
  308  308 A G        +     0   0   78      2,-0.0     0, 0.0     0, 0.0     0, 0.0   0.371  38.5 171.3 164.4 136.3   10.5   25.2  -48.0               
  309  309 A G        -     0   0   84      2,-0.0     2,-0.1     1,-0.0     0, 0.0   0.975  32.6-164.2  89.9  87.4    7.3   24.9  -46.0               
  310  310 A G        -     0   0   63      1,-0.1    -2,-0.0     2,-0.0    -1,-0.0  -0.374  11.5 -68.6 -76.0 156.3    4.3   27.3  -45.7               
  311  311 A M        +     0   0  187     -2,-0.1    -1,-0.1     2,-0.0    -2,-0.0   0.804  41.9   4.8  80.1 112.5    1.5   28.2  -43.9               
  312  312 A N        -     0   0  150      1,-0.1     2,-1.1     0, 0.0    -2,-0.0   0.715  46.4-103.4  85.0 108.9   -1.7   28.4  -42.5               
  313  313 A F        +     0   0  220      0, 0.0     2,-0.3     0, 0.0    -1,-0.1  -0.686  65.1 121.4 -88.0  93.5   -5.0   26.6  -41.9               
  314  314 A G        +     0   0   59     -2,-1.1     0, 0.0     1,-0.4     0, 0.0  -0.914  48.5  30.1-157.0 134.1   -7.6   28.1  -44.2               
  315  315 A A        +     0   0   81     -2,-0.3    -1,-0.4     1,-0.0     0, 0.0   0.341  42.7 110.7  65.9 145.4   -9.6   26.2  -46.9               
  316  316 A F        -     0   0  191      2,-0.0    -1,-0.0     0, 0.0     0, 0.0   0.489  47.3-119.4-137.4 145.3  -11.0   23.6  -47.9               
  317  317 A S        -     0   0  113      1,-0.1     2,-0.4     0, 0.0     0, 0.0   0.391  16.4-170.4  11.3 114.7  -14.6   22.6  -48.4               
  318  318 A I        -     0   0  145      0, 0.0    -1,-0.1     0, 0.0    -2,-0.0  -0.996  41.8 -96.8-126.7 136.4  -16.5   19.7  -46.7               
  319  319 A N    >   -     0   0  120     -2,-0.4     3,-1.6     1,-0.1     4,-0.5  -0.189  17.5-133.6 -62.1 139.8  -20.0   19.0  -48.1               
  320  320 A P  T >> S+     0   0  114      0, 0.0     4,-1.0     0, 0.0     3,-0.7   0.734  97.9  75.4 -63.3 -22.2  -23.2   20.5  -46.4               
  321  321 A A  H 3> S+     0   0   80      1,-0.2     4,-1.0     2,-0.2    -2,-0.1   0.771  89.4  56.9 -62.3 -27.0  -25.0   17.1  -46.6               
  322  322 A M  H <> S+     0   0  145     -3,-1.6     4,-1.3     1,-0.2    -1,-0.2   0.806  99.5  58.6 -77.2 -26.7  -22.9   15.7  -43.6               
  323  323 A M  H <> S+     0   0  146     -3,-0.7     4,-1.2    -4,-0.5    -2,-0.2   0.871 102.5  53.3 -73.0 -33.4  -23.9   18.5  -41.2               
  324  324 A A  H  X S+     0   0   65     -4,-1.0     4,-2.0     1,-0.2    -1,-0.2   0.890 105.4  54.0 -67.0 -38.9  -27.7   17.6  -41.6               
  325  325 A A  H  X S+     0   0   65     -4,-1.0     4,-1.6     1,-0.2    -1,-0.2   0.874 104.7  54.9 -64.8 -35.8  -27.1   13.9  -40.7               
  326  326 A A  H  X S+     0   0   63     -4,-1.3     4,-0.5     1,-0.2    -1,-0.2   0.847 110.3  45.7 -67.0 -33.9  -25.3   14.9  -37.4               
  327  327 A Q  H >< S+     0   0  143     -4,-1.2     3,-0.5    -3,-0.2     4,-0.3   0.856 108.9  55.2 -78.1 -33.2  -28.4   17.0  -36.3               
  328  328 A A  H >< S+     0   0   68     -4,-2.0     3,-1.2     1,-0.2     4,-0.4   0.881 101.1  59.2 -65.8 -36.3  -30.9   14.2  -37.2               
  329  329 A A  H >< S+     0   0   66     -4,-1.6     3,-0.7     1,-0.2    -1,-0.2   0.798  97.6  61.5 -63.1 -27.3  -29.1   11.6  -35.0               
  330  330 A L  T << S+     0   0  153     -4,-0.5    -1,-0.2    -3,-0.5     3,-0.2   0.569 101.0  51.1 -81.1  -9.1  -29.6   13.8  -31.9               
  331  331 A Q  T X  S+     0   0  175     -3,-1.2     3,-0.5    -4,-0.3    -1,-0.2   0.506  91.1  78.0-100.7  -5.0  -33.5   13.7  -32.0               
  332  332 A S  T <  S+     0   0  100     -3,-0.7    -1,-0.1    -4,-0.4     3,-0.1   0.397  76.9  69.1 -92.7   3.1  -34.0    9.9  -32.2               
  333  333 A S  T 3  S+     0   0  106     -3,-0.2     2,-0.5     1,-0.2    -1,-0.2   0.537  86.6  66.0-101.6  -8.7  -33.4    8.7  -28.6               
  334  334 A W  S <  S+     0   0  249     -3,-0.5    -1,-0.2     1,-0.2     0, 0.0  -0.780  94.9  35.0-120.8  86.7  -36.5   10.1  -26.8               
  335  335 A G        +     0   0   76     -2,-0.5     2,-0.4    -3,-0.1    -1,-0.2   0.679  44.6 132.4 134.1  65.4  -39.7    8.5  -28.0               
  336  336 A M        -     0   0  196     -3,-0.2     3,-0.1     0, 0.0    -1,-0.1  -0.755  40.1-177.2-114.8  81.9  -40.4    5.0  -29.0               
  337  337 A M        -     0   0  183     -2,-0.4     0, 0.0     1,-0.2     0, 0.0  -0.376  36.3 -55.3 -69.6 155.0  -43.6    4.5  -26.9               
  338  338 A G        +     0   0   73     -2,-0.1     2,-0.2     0, 0.0    -1,-0.2   0.010  48.3 171.8 -54.6 136.3  -45.3    1.1  -27.0               
  339  339 A M        -     0   0  180     -3,-0.1     0, 0.0     1,-0.0     0, 0.0  -0.828  31.7 -73.0-150.0 149.8  -46.6   -1.2  -29.6               
  340  340 A L        -     0   0  141     -2,-0.2    -1,-0.0     1,-0.1     0, 0.0   0.439  31.1 -60.0 171.6 123.3  -47.7   -4.2  -29.4               
  341  341 A A        +     0   0   87      1,-0.0     2,-0.2     0, 0.0    -1,-0.1   0.617  28.4 145.8  23.1 121.7  -48.1   -8.1  -29.0               
  342  342 A S        +     0   0  107      1,-0.3    -1,-0.0     2,-0.0     0, 0.0  -0.534  37.5  19.6-167.3 145.9  -47.2  -11.2  -30.5               
  343  343 A Q        +     0   0  168     -2,-0.2    -1,-0.3     0, 0.0     0, 0.0   0.714  55.3  35.0  62.1 148.5  -46.3  -14.8  -29.3               
  344  344 A Q        +     0   0  158      0, 0.0    -2,-0.0     0, 0.0     0, 0.0   0.514  26.0 179.6-161.4 120.8  -46.3  -17.3  -27.2               
  345  345 A N        +     0   0  138      0, 0.0     0, 0.0     0, 0.0     0, 0.0   0.974   8.9 155.8  94.9 151.3  -47.7  -19.3  -24.7               
  346  346 A Q        +     0   0  178      2,-0.0     0, 0.0     0, 0.0     0, 0.0   0.613  37.0  64.1  79.4 127.2  -47.9  -22.3  -22.1               
  347  347 A S        -     0   0  122      0, 0.0     0, 0.0     0, 0.0     0, 0.0   0.717  57.0 -38.7-150.7 140.2  -49.4  -23.1  -19.4               
  348  348 A G        -     0   0   71      0, 0.0     2,-0.1     0, 0.0    -2,-0.0   0.709  35.1-125.8 132.4 153.1  -52.3  -23.9  -17.6               
  349  349 A P        +     0   0  121      0, 0.0     0, 0.0     0, 0.0     0, 0.0  -0.402  19.7  72.5-130.7 170.1  -55.9  -23.5  -16.8               
  350  350 A S        +     0   0  127     -2,-0.1     0, 0.0     0, 0.0     0, 0.0   0.818  21.1 108.0  66.9 140.7  -59.5  -23.0  -15.4               
  351  351 A G        +     0   0   73      0, 0.0     0, 0.0     0, 0.0     0, 0.0   0.632  12.3 179.8 173.1 162.7  -62.0  -21.5  -14.3               
  352  352 A N        +     0   0  160      0, 0.0     0, 0.0     0, 0.0     0, 0.0   0.932  17.6  49.2  57.0 118.4  -65.4  -19.8  -13.9               
  353  353 A N        +     0   0  114      0, 0.0     0, 0.0     0, 0.0     0, 0.0   0.636  24.3  34.8 128.1 144.2  -68.1  -18.1  -12.3               
  354  354 A Q        +     0   0  165      0, 0.0     0, 0.0     0, 0.0     0, 0.0   0.664  26.5  58.8  66.9 145.3  -70.5  -15.7  -10.4               
  355  355 A N        -     0   0  115      0, 0.0     0, 0.0     0, 0.0     0, 0.0   0.822  27.3 -97.9-162.6 161.2  -72.0  -13.1   -9.1               
  356  356 A Q        -     0   0  169      0, 0.0     0, 0.0     0, 0.0     0, 0.0   0.820  16.6-159.8  34.8 127.7  -73.7   -9.6   -8.6               
  357  357 A G        -     0   0   80      0, 0.0     0, 0.0     0, 0.0     0, 0.0   0.969  11.7-115.0 101.6 150.3  -74.0   -6.2   -8.0               
  358  358 A N        -     0   0  137      0, 0.0     0, 0.0     0, 0.0     0, 0.0   0.715  13.2-147.0-159.2 146.8  -74.9   -3.2   -7.2               
  359  359 A M        +     0   0  127      0, 0.0     0, 0.0     0, 0.0     0, 0.0   0.530  22.7 102.0   0.5 149.1  -75.4    0.6   -8.2               
  360  360 A Q        +     0   0  151      0, 0.0     0, 0.0     0, 0.0     0, 0.0   0.698  16.0  38.7  76.4 146.5  -75.4    4.2   -7.1               
  361  361 A R        +     0   0  222      0, 0.0     0, 0.0     0, 0.0     0, 0.0   0.709  23.9 169.9-158.2 154.6  -75.1    7.4   -6.3               
  362  362 A E        +     0   0  176      0, 0.0     0, 0.0     0, 0.0     0, 0.0   0.246   0.2 155.7 -51.8-172.7  -74.0   11.0   -7.3               
  363  363 A P        -     0   0   98      0, 0.0     0, 0.0     0, 0.0     0, 0.0   0.696   8.9 -51.5-143.7-173.5  -73.6   14.3   -7.2               
  364  364 A N        -     0   0  120      0, 0.0     0, 0.0     0, 0.0     0, 0.0   0.933   9.7-143.9  81.8 120.0  -72.5   18.0   -7.5               
  365  365 A Q        -     0   0  170      0, 0.0     0, 0.0     0, 0.0     0, 0.0   0.941  12.7-157.0  80.6 145.0  -71.0   21.3   -7.6               
  366  366 A A        -     0   0   86      0, 0.0     0, 0.0     0, 0.0     0, 0.0   0.796  14.3-159.3-153.5 137.8  -69.9   24.5   -7.5               
  367  367 A F        -     0   0  227      0, 0.0     2,-0.1     0, 0.0     0, 0.0   0.639   5.5-175.9  66.5 128.6  -67.5   27.0   -8.8               
  368  368 A G        -     0   0   75      2,-0.0     0, 0.0     0, 0.0     0, 0.0  -0.263  17.0  -5.4 136.8 148.4  -65.7   30.5   -8.4               
  369  369 A S        -     0   0  129     -2,-0.1     0, 0.0     0, 0.0     0, 0.0   0.604  32.0  -3.4-168.6 150.7  -63.7   32.8   -9.4               
  370  370 A G        -     0   0   72      0, 0.0     2,-0.1     0, 0.0    -2,-0.0   0.430  14.5-165.4  86.3 160.2  -61.3   35.4  -11.1               
  371  371 A N        +     0   0  147      2,-0.0     0, 0.0     0, 0.0     0, 0.0   0.225  11.7 146.2 176.1 159.8  -59.0   36.6  -13.3               
  372  372 A N        -     0   0  133     -2,-0.1     2,-0.1     0, 0.0     0, 0.0   0.588  17.0-158.4  70.9 152.7  -56.2   39.0  -14.9               
  373  373 A S        -     0   0   97      0, 0.0     2,-0.2     0, 0.0    -2,-0.0  -0.386  10.9-149.5 158.1 114.2  -53.4   39.2  -16.8               
  374  374 A Y        -     0   0  237     -2,-0.1     2,-0.1     2,-0.0     0, 0.0  -0.791  29.6 -89.7-175.2 165.0  -50.1   40.7  -18.3               
  375  375 A S        +     0   0  115     -2,-0.2     0, 0.0     0, 0.0     0, 0.0  -0.108  28.0  69.4-167.7 129.5  -48.3   40.8  -21.2               
  376  376 A G        +     0   0   68     -2,-0.1    -2,-0.0     0, 0.0     0, 0.0   0.387  26.8  36.0  91.1 149.5  -46.0   40.5  -24.3               
  377  377 A S        -     0   0  121      0, 0.0     0, 0.0     0, 0.0     0, 0.0   0.447  28.2-126.9-161.2 132.4  -44.5   39.7  -27.0               
  378  378 A N        +     0   0  158      0, 0.0     2,-0.0     0, 0.0     0, 0.0   0.679  19.3 139.0  37.5 115.1  -44.4   38.3  -30.6               
  379  379 A S        +     0   0  113      0, 0.0     0, 0.0     0, 0.0     0, 0.0   0.341  18.0 138.1 172.2 177.6  -43.3   36.3  -33.1               
  380  380 A G        +     0   0   69     -2,-0.0     0, 0.0     2,-0.0     0, 0.0   0.666  21.5 149.3 168.0 154.3  -43.8   34.3  -35.8               
  381  381 A A        -     0   0  103      0, 0.0     2,-0.1     0, 0.0     0, 0.0   0.831  21.1-159.2  61.3 120.6  -44.2   32.1  -39.1               
  382  382 A A        -     0   0   90      0, 0.0     2,-0.0     0, 0.0    -2,-0.0   0.202  10.0-173.0  81.0 111.7  -45.3   29.1  -40.4               
  383  383 A I        -     0   0  176     -2,-0.1     2,-0.0     0, 0.0     0, 0.0   0.337  21.0-170.1 177.7 157.6  -45.4   26.5  -42.9               
  384  384 A G        +     0   0   58     -2,-0.0     0, 0.0     2,-0.0     0, 0.0   0.020  13.0  73.7 151.3 116.9  -47.1   23.7  -43.7               
  385  385 A W        -     0   0  272     -2,-0.0     2,-0.0     0, 0.0     0, 0.0   0.527  11.6-161.2  65.1 157.4  -48.5   20.3  -45.1               
  386  386 A G        +     0   0   65      0, 0.0    -2,-0.0     0, 0.0     0, 0.0   0.211   9.1 131.2 148.4 135.5  -49.0   17.1  -45.8               
  387  387 A S        -     0   0  131     -2,-0.0     0, 0.0     0, 0.0     0, 0.0   0.527  11.2-176.3  66.4 157.8  -50.2   13.7  -47.4               
  388  388 A A        -     0   0   78      0, 0.0     0, 0.0     0, 0.0     0, 0.0   0.752   9.8-162.9-171.7 170.7  -50.3   10.7  -48.7               
  389  389 A S        +     0   0  119      0, 0.0     0, 0.0     0, 0.0     0, 0.0   0.674  10.3 118.9  65.2 156.1  -50.7    7.1  -50.4               
  390  390 A N        +     0   0  155      0, 0.0     0, 0.0     0, 0.0     0, 0.0   0.622  13.5 179.7-172.5 155.9  -50.3    4.0  -51.4               
  391  391 A A        +     0   0   88      0, 0.0     0, 0.0     0, 0.0     0, 0.0   0.931  13.1 145.1  66.2 139.2  -50.1    0.2  -52.5               
  392  392 A G        -     0   0   75      0, 0.0     2,-0.1     0, 0.0     0, 0.0   0.433  18.4-173.0 118.3 135.9  -48.6   -2.8  -54.2               
  393  393 A S        +     0   0  122      0, 0.0     0, 0.0     0, 0.0     0, 0.0   0.088  11.4 106.2 164.3 131.2  -48.1   -6.1  -54.1               
  394  394 A G        -     0   0   75     -2,-0.1     2,-0.0     0, 0.0     0, 0.0   0.374  20.0-111.3  85.0 151.7  -47.0   -9.8  -54.7               
  395  395 A S        -     0   0  113      0, 0.0     0, 0.0     0, 0.0     0, 0.0   0.309   6.8-169.6 160.5 127.9  -45.4  -12.7  -54.5               
  396  396 A G        -     0   0   55      1,-0.1     0, 0.0    -2,-0.0     0, 0.0   0.163  23.0 -84.0 161.9 106.0  -43.1  -15.7  -55.1               
  397  397 A F        -     0   0  212      1,-0.1     2,-0.3     0, 0.0    -1,-0.1   0.672  15.9-134.6  71.9 161.2  -41.8  -19.2  -54.5               
  398  398 A N        +     0   0  167      0, 0.0     2,-0.1     0, 0.0    -1,-0.1  -0.928  13.6 171.6-148.9 157.1  -39.6  -21.8  -52.7               
  399  399 A G        +     0   0   65     -2,-0.3     0, 0.0     1,-0.2     0, 0.0  -0.303  13.4 105.2 170.1 124.1  -37.3  -24.9  -52.9               
  400  400 A G        -     0   0   69     -2,-0.1    -1,-0.2     0, 0.0     0, 0.0   0.401  19.8 -51.7  83.7 170.5  -34.8  -27.4  -51.2               
  401  401 A F        -     0   0  205      0, 0.0    -2,-0.0     0, 0.0     0, 0.0   0.244  14.3 -90.8-164.4 133.9  -32.9  -29.6  -49.9               
  402  402 A G        -     0   0   76      0, 0.0     2,-0.0     0, 0.0     0, 0.0   0.682   9.0-142.4  51.2 169.9  -31.2  -32.4  -47.6               
  403  403 A S        +     0   0  118      0, 0.0     0, 0.0     0, 0.0     0, 0.0   0.464  10.2 157.7 178.5 158.4  -29.6  -34.3  -45.3               
  404  404 A S        -     0   0  105     -2,-0.0     0, 0.0     0, 0.0     0, 0.0   0.666  14.2-135.6  77.4 124.9  -27.5  -36.8  -43.1               
  405  405 A M        -     0   0  166      0, 0.0     0, 0.0     0, 0.0     0, 0.0   0.795  10.1-161.3  76.8 137.2  -25.5  -37.9  -40.3               
  406  406 A D        -     0   0  139      0, 0.0     2,-0.0     0, 0.0     0, 0.0   0.707  13.4-167.4-153.0 146.3  -23.1  -39.4  -38.2               
  407  407 A S        +     0   0   98      0, 0.0     2,-0.0     0, 0.0     0, 0.0   0.287   9.7 165.1  79.4 111.0  -22.5  -40.6  -34.9               
  408  408 A K        -     0   0  198     -2,-0.0     0, 0.0     0, 0.0     0, 0.0   0.030  16.1-170.9 156.3 109.6  -19.9  -41.8  -32.2               
  409  409 A S        +     0   0  108     -2,-0.0     0, 0.0     0, 0.0     0, 0.0   0.500  10.9 150.7  60.9 134.7  -19.6  -42.4  -28.7               
  410  410 A S        -     0   0  110      0, 0.0     0, 0.0     0, 0.0     0, 0.0   0.760  12.4 -65.5-176.4 152.9  -18.3  -43.0  -25.7               
  411  411 A G        +     0   0   69      0, 0.0     0, 0.0     0, 0.0     0, 0.0   0.656  25.6 114.4  67.9 150.7  -17.5  -43.2  -21.9               
  412  412 A W        -     0   0  261      0, 0.0     2,-0.1     0, 0.0     0, 0.0   0.828  29.1-170.6-145.3 165.8  -16.7  -42.8  -18.7               
  413  413 A G              0   0   62      0, 0.0     0, 0.0     0, 0.0     0, 0.0  -0.076 360.0 360.0 136.5 102.7  -18.2  -42.9  -15.8               
  414  414 A M              0   0  274     -2,-0.1     0, 0.0     0, 0.0     0, 0.0   0.649 360.0 360.0  72.9 360.0  -18.6  -42.4  -12.0               
