==== Secondary Structure Definition by the program DSSP, CMBI version 2.0                          ==== DATE=2026-03-08        .
REFERENCE W. KABSCH AND C.SANDER, BIOPOLYMERS 22 (1983) 2577-2637                                                              .
HEADER                                            01-AUG-25                                                                    .
COMPND    MOL_ID: 1; MOLECULE: DELETED IN AZOOSPERMIA PROTEIN 2; CHAIN: A                                                      .
SOURCE    MOL_ID: 1; ORGANISM_SCIENTIFIC: HOMO SAPIENS; ORGANISM_TAXID: 9606                                                   .
AUTHOR                                                                                                                         .
  558  1  0  0  0 TOTAL NUMBER OF RESIDUES, NUMBER OF CHAINS, NUMBER OF SS-BRIDGES(TOTAL,INTRACHAIN,INTERCHAIN)                .
 35722.1   ACCESSIBLE SURFACE OF PROTEIN (ANGSTROM**2)                                                                         .
  400 71.7   TOTAL NUMBER OF HYDROGEN BONDS OF TYPE O(I)-->H-N(J)  , SAME NUMBER PER 100 RESIDUES                              .
  161 28.9   TOTAL NUMBER OF HYDROGEN BONDS IN     PARALLEL BRIDGES, SAME NUMBER PER 100 RESIDUES                              .
   29  5.2   TOTAL NUMBER OF HYDROGEN BONDS IN ANTIPARALLEL BRIDGES, SAME NUMBER PER 100 RESIDUES                              .
    0  0.0   TOTAL NUMBER OF HYDROGEN BONDS OF TYPE O(I)-->H-N(I-5), SAME NUMBER PER 100 RESIDUES                              .
    1  0.2   TOTAL NUMBER OF HYDROGEN BONDS OF TYPE O(I)-->H-N(I-4), SAME NUMBER PER 100 RESIDUES                              .
    1  0.2   TOTAL NUMBER OF HYDROGEN BONDS OF TYPE O(I)-->H-N(I-3), SAME NUMBER PER 100 RESIDUES                              .
    0  0.0   TOTAL NUMBER OF HYDROGEN BONDS OF TYPE O(I)-->H-N(I-2), SAME NUMBER PER 100 RESIDUES                              .
    0  0.0   TOTAL NUMBER OF HYDROGEN BONDS OF TYPE O(I)-->H-N(I-1), SAME NUMBER PER 100 RESIDUES                              .
    0  0.0   TOTAL NUMBER OF HYDROGEN BONDS OF TYPE O(I)-->H-N(I+0), SAME NUMBER PER 100 RESIDUES                              .
    0  0.0   TOTAL NUMBER OF HYDROGEN BONDS OF TYPE O(I)-->H-N(I+1), SAME NUMBER PER 100 RESIDUES                              .
   99 17.7   TOTAL NUMBER OF HYDROGEN BONDS OF TYPE O(I)-->H-N(I+2), SAME NUMBER PER 100 RESIDUES                              .
   34  6.1   TOTAL NUMBER OF HYDROGEN BONDS OF TYPE O(I)-->H-N(I+3), SAME NUMBER PER 100 RESIDUES                              .
   10  1.8   TOTAL NUMBER OF HYDROGEN BONDS OF TYPE O(I)-->H-N(I+4), SAME NUMBER PER 100 RESIDUES                              .
    0  0.0   TOTAL NUMBER OF HYDROGEN BONDS OF TYPE O(I)-->H-N(I+5), SAME NUMBER PER 100 RESIDUES                              .
  1  2  3  4  5  6  7  8  9 10 11 12 13 14 15 16 17 18 19 20 21 22 23 24 25 26 27 28 29 30     *** HISTOGRAMS OF ***           .
  0  0  0  0  1  0  0  1  0  0  0  0  0  0  0  0  0  0  0  0  0  0  0  0  0  0  0  0  0  0    RESIDUES PER ALPHA HELIX         .
 36  0  0  1 14  0  0  0  0  0  0  0  0  0  0  0  0  0  0  0  0  0  0  0  0  0  0  0  0  0    PARALLEL BRIDGES PER LADDER      .
  0  1  0  0  1  2  0  0  0  0  0  0  0  0  0  0  0  0  0  0  0  0  0  0  0  0  0  0  0  0    ANTIPARALLEL BRIDGES PER LADDER  .
  1  0  1  0  0  0  0  0  0  0  0  1  0  1  0  0  0  0  0  0  0  0  0  0  1  0  0  0  0  0    LADDERS PER SHEET                .
  #  RESIDUE AA STRUCTURE BP1 BP2  ACC     N-H-->O    O-->H-N    N-H-->O    O-->H-N    TCO  KAPPA ALPHA  PHI   PSI    X-CA   Y-CA   Z-CA            CHAIN
    1    1 A M              0   0  248      0, 0.0     2,-0.1     0, 0.0     0, 0.0   0.000 360.0 360.0 360.0 128.9  -79.6   27.8   47.6               
    2    2 A S        -     0   0  119      1,-0.1     0, 0.0     2,-0.0     0, 0.0  -0.396 360.0 -81.6 -85.3 145.5  -76.0   26.4   47.5               
    3    3 A A        +     0   0   97     -2,-0.1    -1,-0.1     0, 0.0     0, 0.0   0.823  36.1  77.9  52.2 133.5  -73.3   24.9   45.5               
    4    4 A A        -     0   0  100      0, 0.0    -2,-0.0     0, 0.0     0, 0.0   0.958  16.4-164.1  93.7 119.0  -71.3   22.3   43.9               
    5    5 A N        +     0   0  156      0, 0.0     2,-0.0     0, 0.0     0, 0.0  -0.153  14.2 170.4 -61.2 177.8  -70.2   19.7   41.3               
    6    6 A P        -     0   0   95      0, 0.0     0, 0.0     0, 0.0     0, 0.0   0.287  13.7 -14.6-153.3-175.9  -68.3   17.1   40.7               
    7    7 A E        +     0   0  182     -2,-0.0     0, 0.0     0, 0.0     0, 0.0   0.835  22.5 175.0  93.2 134.5  -66.8   14.0   38.9               
    8    8 A T        -     0   0  130      0, 0.0     0, 0.0     0, 0.0     0, 0.0   0.238   7.6-143.8 -85.9-166.5  -66.5   11.1   36.3               
    9    9 A P        -     0   0  107      0, 0.0     0, 0.0     0, 0.0     0, 0.0   0.520  15.3 -54.1-153.5 175.8  -65.3    8.5   34.5               
   10   10 A N        +     0   0  154      0, 0.0     0, 0.0     0, 0.0     0, 0.0   0.909  24.7  90.9  95.7 137.4  -64.7    6.2   31.5               
   11   11 A S        -     0   0  109      0, 0.0     0, 0.0     0, 0.0     0, 0.0   0.640  27.4-109.7  96.3 138.8  -64.5    3.9   28.5               
   12   12 A T        +     0   0  125      0, 0.0     0, 0.0     0, 0.0     0, 0.0   0.802  28.1 122.4-173.5 158.3  -64.3    3.3   25.1               
   13   13 A I        -     0   0  146      2,-0.0     0, 0.0     0, 0.0     0, 0.0   0.772  35.4 -74.0 119.7 101.1  -64.5    2.6   21.2               
   14   14 A S        +     0   0  108      1,-0.1     2,-0.2     0, 0.0     0, 0.0   0.929  25.1 164.7  68.7 117.3  -64.1    3.9   17.8               
   15   15 A R        -     0   0  250      2,-0.0    -1,-0.1     0, 0.0     2,-0.1  -0.700  39.6-133.8-153.2 125.1  -64.8    5.7   14.6               
   16   16 A E        -     0   0  192     -2,-0.2     2,-0.7     1,-0.1     0, 0.0  -0.290   3.8-136.8 -65.2 140.6  -61.9    6.1   12.1               
   17   17 A A        -     0   0   95     -2,-0.1     2,-0.7     2,-0.0    -1,-0.1  -0.906  16.6-155.0 -96.2 112.1  -60.9    9.2   10.3               
   18   18 A S        -     0   0  115     -2,-0.7     2,-0.6     2,-0.0    -2,-0.0  -0.825   9.3-171.1 -82.0 110.4  -60.1    8.5    6.6               
   19   19 A T        -     0   0  138     -2,-0.7    -2,-0.0     0, 0.0     2,-0.0  -0.950  24.5-127.1-107.1 115.4  -57.7   11.1    5.2               
   20   20 A Q        -     0   0  177     -2,-0.6     2,-0.4     1,-0.1    -2,-0.0  -0.233  11.0-116.1 -60.3 139.0  -57.3   10.7    1.4               
   21   21 A S        -     0   0  126      2,-0.0     2,-0.4    -2,-0.0    -1,-0.1  -0.651  30.6-170.6 -65.8 123.7  -54.1   10.3   -0.6               
   22   22 A S        +     0   0  117     -2,-0.4     2,-0.8     2,-0.0    -1,-0.0  -0.867   7.9 178.9-124.8  97.8  -53.7   13.2   -3.0               
   23   23 A S        +     0   0  122     -2,-0.4     2,-0.1     1,-0.0    -2,-0.0  -0.895  38.6 105.1 -86.1 102.9  -50.9   12.8   -5.5               
   24   24 A A        +     0   0  101     -2,-0.8    -1,-0.0     1,-0.1    -2,-0.0  -0.268  18.3 113.9-176.8 108.5  -50.9   15.9   -7.7               
   25   25 A A        +     0   0  100     -2,-0.1     2,-0.9     0, 0.0    -1,-0.1  -0.285  20.0 156.0-159.6  80.8  -48.7   19.0   -8.0               
   26   26 A A        +     0   0  111      3,-0.0     2,-0.2     2,-0.0     3,-0.0  -0.900  30.0 122.0 -85.9 101.8  -46.7   19.2  -11.2               
   27   27 A S        +     0   0  104     -2,-0.9     3,-0.0     3,-0.1     0, 0.0  -0.643  59.5  29.1-159.7 119.8  -46.0   23.0  -11.5               
   28   28 A Q  S    S-     0   0  155     -2,-0.2     2,-0.9     1,-0.1    -1,-0.0   0.864  88.4-103.7  87.0  61.2  -42.4   24.3  -11.7               
   29   29 A G        +     0   0   84      1,-0.1     2,-0.6    -3,-0.0    -1,-0.1   0.159  67.1 130.8  57.2  11.7  -39.8   22.2  -13.2               
   30   30 A W        -     0   0  168     -2,-0.9     2,-0.7    -3,-0.0    -3,-0.1  -0.897  39.3-159.1-114.5 104.0  -37.6   20.7  -10.4               
   31   31 A V        -     0   0  141     -2,-0.6    -2,-0.0     1,-0.0     0, 0.0  -0.722  33.8-125.1 -66.3 110.7  -37.0   16.9  -10.3               
   32   32 A L        -     0   0  100     -2,-0.7     2,-0.1     1,-0.1     3,-0.1  -0.517  23.4-122.5 -61.3 121.0  -36.1   16.6   -6.6               
   33   33 A P        -     0   0   61      0, 0.0    -1,-0.1     0, 0.0     2,-0.1  -0.467  39.6 -87.7 -63.7 142.4  -32.6   14.9   -6.5               
   34   34 A E  S    S+     0   0  164     -2,-0.1    83,-0.3    82,-0.1     2,-0.3  -0.259  84.1 100.2 -53.5 120.5  -32.7   11.7   -4.4               
   35   35 A G  S    S-     0   0   34     81,-0.2     2,-0.4    -3,-0.1    81,-0.3  -0.934  75.4 -71.0 172.2 167.5  -32.0   12.7   -0.7               
   36   36 A K  E     -A  115   0A 154     79,-1.9    79,-2.8    -2,-0.3     2,-0.2  -0.690  46.5-124.0 -79.9 125.9  -33.5   13.3    2.7               
   37   37 A I  E     -A  114   0A  98     -2,-0.4    77,-0.2    77,-0.2    -1,-0.0  -0.519  23.3-134.5 -63.6 128.7  -35.6   16.6    3.0               
   38   38 A V  E >   -     0   0A  46     75,-3.0     3,-1.2    -2,-0.2    75,-0.4  -0.847  21.4-127.6 -88.2 116.6  -34.1   18.7    5.8               
   39   39 A P  E 3  S+     0   0A  95      0, 0.0     3,-0.1     0, 0.0    51,-0.0  -0.355  88.0  11.5 -64.5 148.1  -37.0   20.0    8.0               
   40   40 A N  E 3  S+     0   0A  34     51,-0.3    47,-2.7     1,-0.2     2,-0.4   0.637 104.5 112.6  57.5  20.9  -37.1   23.8    8.6               
   41   41 A T  E <   - B   0  86A  12     -3,-1.2    72,-1.7    45,-0.2     2,-0.4  -0.985  49.3-160.9-125.8 132.6  -34.4   24.4    6.0               
   42   42 A V  E     -AB 112  85A   0     43,-2.8    43,-2.4    -2,-0.4     2,-0.4  -0.900  16.7-132.5-110.4 132.7  -34.8   26.2    2.6               
   43   43 A F  E     -AB 111  84A  58     68,-3.0    68,-1.8    -2,-0.4     2,-0.5  -0.750  21.4-164.1 -78.2 131.2  -32.5   25.9   -0.4               
   44   44 A V  E     +AB 110  83A   1     39,-2.8    39,-2.7    -2,-0.4     2,-0.2  -0.960  12.4 175.3-123.0 108.4  -31.6   29.4   -1.8               
   45   45 A G  E     +AB 109  82A   4     64,-2.9    64,-2.9    -2,-0.5    37,-0.2  -0.747  54.2  48.8-109.0 163.1  -30.1   29.4   -5.4               
   46   46 A G        +     0   0   37     35,-1.8     2,-0.3    -2,-0.2    36,-0.2   0.733  68.2 165.2  78.9  24.0  -29.2   32.3   -7.7               
   47   47 A I        -     0   0   10     34,-1.7    -1,-0.2    -3,-0.2     2,-0.1  -0.579  34.2-128.2 -70.8 127.8  -27.2   34.2   -4.9               
   48   48 A D    >   -     0   0   42     -2,-0.3     3,-1.9     1,-0.1    33,-0.1  -0.423  18.9-114.3 -74.1 155.3  -25.0   36.9   -6.4               
   49   49 A A  T 3  S+     0   0   91      1,-0.3    30,-0.1    -2,-0.1    -1,-0.1   0.655 116.7  58.8 -65.2 -15.3  -21.3   37.0   -5.5               
   50   50 A R  T 3  S+     0   0  207      2,-0.1     2,-0.5     0, 0.0    -1,-0.3   0.327  84.0 105.4 -90.6  -1.5  -22.0   40.4   -3.7               
   51   51 A M    <   -     0   0    9     -3,-1.9     2,-0.2    52,-0.0    -4,-0.0  -0.800  54.6-157.5 -93.1 128.1  -24.6   38.9   -1.3               
   52   52 A D    >>  -     0   0  101     -2,-0.5     4,-1.8     1,-0.1     3,-0.6  -0.563  29.8-113.5-100.4 156.9  -23.8   38.3    2.3               
   53   53 A E  H 3> S+     0   0   92      1,-0.2     4,-2.6    -2,-0.2     5,-0.1   0.797 114.2  60.4 -59.5 -28.2  -25.4   35.9    4.8               
   54   54 A T  H 3> S+     0   0  100      2,-0.2     4,-2.5     1,-0.2    -1,-0.2   0.885 104.5  46.6 -68.4 -41.7  -26.7   38.9    6.9               
   55   55 A E  H <> S+     0   0   78     -3,-0.6     4,-1.8     2,-0.2    -2,-0.2   0.915 114.8  47.3 -69.6 -42.1  -28.8   40.3    4.0               
   56   56 A I  H  X S+     0   0    3     -4,-1.8     4,-2.1     2,-0.2     3,-0.2   0.963 113.1  49.3 -61.3 -50.4  -30.2   36.8    3.2               
   57   57 A G  H  X S+     0   0   15     -4,-2.6     4,-1.8     1,-0.2    -2,-0.2   0.915 109.2  52.1 -56.9 -44.8  -31.0   36.3    6.9               
   58   58 A S  H  < S+     0   0   99     -4,-2.5     4,-0.4     1,-0.2    -1,-0.2   0.869 110.7  48.0 -61.2 -38.1  -32.7   39.7    7.3               
   59   59 A C  H >< S+     0   0   13     -4,-1.8     3,-0.7    -3,-0.2    -1,-0.2   0.893 113.5  46.0 -72.6 -37.9  -35.0   38.9    4.3               
   60   60 A F  H >X S+     0   0    0     -4,-2.1     3,-2.4     1,-0.2     4,-0.6   0.709  90.3  85.4 -78.2 -17.4  -36.0   35.4    5.5               
   61   61 A G  G >< S+     0   0   39     -4,-1.8     3,-0.6     1,-0.3    -1,-0.2   0.752  77.1  69.7 -53.7 -25.3  -36.6   36.8    9.1               
   62   62 A R  G <4 S+     0   0  177     -3,-0.7    -1,-0.3    -4,-0.4    -2,-0.1   0.662 100.5  46.2 -65.3 -20.9  -40.2   37.7    7.9               
   63   63 A Y  G <4 S-     0   0   69     -3,-2.4     2,-0.2     1,-0.4    -1,-0.2   0.561 130.4 -49.0 -98.6 -14.2  -41.0   34.0    7.8               
   64   64 A G  S << S-     0   0   18     -3,-0.6     2,-0.4    -4,-0.6    -1,-0.4  -0.873  78.1 -48.1 160.7 170.6  -39.5   33.0   11.2               
   65   65 A S        -     0   0   71     -2,-0.2    23,-2.9    -3,-0.1    24,-0.6  -0.532  59.6-131.4 -66.9 117.5  -36.5   33.3   13.5               
   66   66 A V  E     -C   87   0A  40     -2,-0.4    21,-0.3    21,-0.2     3,-0.1  -0.643  24.1-175.9 -78.1 123.3  -33.5   32.4   11.3               
   67   67 A K  E     -     0   0A 153     19,-2.5     2,-0.3    -2,-0.4    20,-0.2   0.871  68.1  -6.0 -81.0 -48.6  -31.1   29.8   13.0               
   68   68 A E  E     -C   86   0A  94     18,-1.6    18,-3.0     2,-0.0     2,-0.4  -0.967  49.9-159.7-154.2 135.3  -28.4   29.7   10.4               
   69   69 A V  E     -C   85   0A  22     -2,-0.3     2,-0.4    16,-0.2    16,-0.2  -0.989  20.4-176.0-112.2 128.8  -27.7   31.1    6.9               
   70   70 A K  E     -C   84   0A 107     14,-2.7    14,-2.2    -2,-0.4     2,-0.4  -0.922  13.0-161.2-132.6 108.6  -25.0   29.1    5.0               
   71   71 A I  E     -C   83   0A  22     -2,-0.4     2,-0.8    12,-0.3    12,-0.3  -0.714  24.9-128.4 -83.7 128.6  -23.6   30.1    1.6               
   72   72 A I  E     -     0   0A  35     10,-2.5     8,-3.1    -2,-0.4    10,-0.5  -0.707  32.4-176.3 -83.6 113.7  -21.9   27.2   -0.1               
   73   73 A T  E     -C   79   0A  70     -2,-0.8     6,-0.3     6,-0.3     2,-0.1  -0.549  24.3-114.6 -98.7 160.1  -18.4   28.2   -1.3               
   74   74 A N    >   -     0   0   83      4,-2.7     3,-2.3    -2,-0.2    -1,-0.1  -0.456  45.2 -89.0 -78.6 172.0  -15.8   26.2   -3.3               
   75   75 A R  T 3  S+     0   0  251      1,-0.3    -1,-0.0    -2,-0.1    -2,-0.0   0.690 129.6  58.2 -55.9 -21.4  -12.4   25.2   -1.8               
   76   76 A T  T 3  S-     0   0  111      2,-0.2    -1,-0.3     3,-0.0     3,-0.1   0.219 121.0-106.5 -91.5   6.3  -11.1   28.6   -3.1               
   77   77 A G  S <  S+     0   0   54     -3,-2.3     2,-0.3     1,-0.3    -2,-0.1   0.285  76.5 136.8  82.3  -6.4  -13.7   30.7   -1.1               
   78   78 A V        -     0   0   97     -5,-0.1    -4,-2.7     1,-0.1    -1,-0.3  -0.560  60.0-112.0 -75.4 128.5  -15.7   31.5   -4.2               
   79   79 A S  E     - C   0  73A  37     -2,-0.3    -6,-0.3    -6,-0.3    -1,-0.1  -0.306  10.2-145.9 -58.0 135.1  -19.5   31.2   -3.8               
   80   80 A K  E     -     0   0A 109     -8,-3.1    -1,-0.1     2,-0.3    -7,-0.1   0.317  48.1-108.5 -80.1   5.2  -21.3   28.4   -5.7               
   81   81 A G  E    S+     0   0A  20     -9,-0.2   -35,-1.8     1,-0.2   -34,-1.7   0.650  90.8  81.5  73.5  17.2  -24.3   30.8   -6.1               
   82   82 A Y  E     +B   45   0A  73    -10,-0.5   -10,-2.5   -37,-0.2    -2,-0.3  -0.990  47.4 163.9-147.4 158.6  -26.4   28.8   -3.6               
   83   83 A G  E     -BC  44  71A   2    -39,-2.7   -39,-2.8    -2,-0.3     2,-0.4  -0.851  29.6-108.6-155.0-176.3  -27.0   28.4    0.1               
   84   84 A F  E     -BC  43  70A  56    -14,-2.2   -14,-2.7    -2,-0.2     2,-0.5  -0.994  14.3-158.2-131.2 137.4  -29.3   27.1    2.9               
   85   85 A V  E     -BC  42  69A   1    -43,-2.4   -43,-2.8    -2,-0.4     2,-0.4  -0.981  12.8-165.9-116.6 118.0  -31.4   29.0    5.4               
   86   86 A S  E     -BC  41  68A  21    -18,-3.0   -19,-2.5    -2,-0.5   -18,-1.6  -0.875   7.0-148.3-104.0 139.8  -32.4   27.1    8.6               
   87   87 A F  E     - C   0  66A   8    -47,-2.7   -21,-0.2    -2,-0.4     4,-0.1  -0.717  15.9-145.2-106.2 151.9  -35.2   28.3   10.9               
   88   88 A V  S    S+     0   0   88    -23,-2.9     2,-0.2    -2,-0.3   -22,-0.1   0.857  87.9  57.0 -76.5 -39.8  -35.5   27.9   14.7               
   89   89 A N  S    S-     0   0   91    -24,-0.6     2,-0.5     1,-0.1    -2,-0.1  -0.554 103.6 -91.5 -90.7 155.8  -39.4   27.6   14.5               
   90   90 A D        -     0   0  149     -2,-0.2     2,-0.4     2,-0.0    -1,-0.1  -0.547  54.8-171.2 -63.3 114.5  -41.4   25.0   12.4               
   91   91 A V        -     0   0   19     -2,-0.5     2,-1.5    -4,-0.1   -51,-0.3  -0.913  33.2-114.1-114.6 142.6  -41.9   26.9    9.1               
   92   92 A D     >  -     0   0  102     -2,-0.4     4,-2.0     1,-0.2     3,-0.2  -0.581  31.9-172.2 -73.4  90.8  -44.1   26.0    6.1               
   93   93 A V  H  > S+     0   0   23     -2,-1.5     4,-2.5     1,-0.2    -1,-0.2   0.841  82.8  56.6 -55.7 -34.7  -41.2   25.4    3.7               
   94   94 A Q  H  > S+     0   0  132      2,-0.2     4,-1.8     1,-0.2    -1,-0.2   0.922 106.6  48.8 -67.9 -40.0  -43.7   25.0    0.8               
   95   95 A K  H  4 S+     0   0  153     -3,-0.2     4,-0.5     2,-0.2    -2,-0.2   0.901 113.7  46.4 -63.2 -41.5  -45.2   28.5    1.6               
   96   96 A I  H >< S+     0   0    4     -4,-2.0     3,-1.1     1,-0.2    -2,-0.2   0.899 110.2  52.8 -68.7 -40.8  -41.6   30.0    1.6               
   97   97 A V  H 3< S+     0   0   35     -4,-2.5    13,-0.3     1,-0.3    -2,-0.2   0.835 104.5  57.3 -64.8 -31.9  -40.6   28.2   -1.6               
   98   98 A G  T 3< S+     0   0   62     -4,-1.8     2,-0.3    -5,-0.2    -1,-0.3   0.672  88.0 100.9 -68.9 -18.0  -43.8   29.7   -3.3               
   99   99 A S  S <  S-     0   0   32     -3,-1.1     2,-1.0    -4,-0.5    11,-0.2  -0.504  70.8-138.0 -75.4 132.5  -42.5   33.2   -2.4               
  100  100 A Q        -     0   0  122     -2,-0.3     2,-0.6     9,-0.1     9,-0.1  -0.745  23.6-173.5 -89.9  99.2  -40.9   35.3   -5.2               
  101  101 A I        -     0   0   12     -2,-1.0     7,-2.8     7,-0.3     2,-0.4  -0.853   4.7-163.1 -96.5 119.8  -37.8   37.0   -3.5               
  102  102 A H  E     +D  107   0B 113     -2,-0.6     2,-0.4     5,-0.2     5,-0.2  -0.881  11.3 175.9-105.3 136.8  -36.0   39.5   -5.8               
  103  103 A F  E >   -D  106   0B  41      3,-2.7     3,-2.0    -2,-0.4   -52,-0.0  -0.988  69.1 -11.5-153.2 117.4  -32.6   40.6   -4.8               
  104  104 A H  T 3  S-     0   0  122     -2,-0.4     3,-0.1     1,-0.3    -1,-0.1   0.859 127.4 -58.0  46.9  42.6  -30.3   42.9   -6.9               
  105  105 A G  T 3  S+     0   0   79      1,-0.2     2,-0.4     0, 0.0    -1,-0.3   0.438 119.0 108.9  72.7   0.9  -32.8   42.5   -9.8               
  106  106 A K  E <   -D  103   0B 117     -3,-2.0    -3,-2.7   -60,-0.1     2,-0.5  -0.891  69.6-127.7-106.6 135.8  -32.3   38.7   -9.8               
  107  107 A K  E     -D  102   0B  93     -2,-0.4    -5,-0.2    -5,-0.2     2,-0.2  -0.727  26.1-127.1 -78.2 124.3  -35.1   36.3   -8.7               
  108  108 A L        -     0   0    5     -7,-2.8     2,-0.8    -2,-0.5    -7,-0.3  -0.460  15.6-128.1 -69.9 141.0  -33.8   33.8   -6.0               
  109  109 A K  E     -A   45   0A 120    -64,-2.9   -64,-2.9    -2,-0.2     2,-0.3  -0.839  29.9-166.8 -93.4 102.3  -34.5   30.1   -6.7               
  110  110 A L  E     +A   44   0A  18     -2,-0.8   -66,-0.2   -13,-0.3   -13,-0.0  -0.691  16.8 152.6 -92.1 143.5  -36.2   28.7   -3.6               
  111  111 A G  E     -A   43   0A  11    -68,-1.8   -68,-3.0    -2,-0.3     2,-0.1  -0.979  51.0 -76.8-155.4 165.2  -36.6   25.0   -3.0               
  112  112 A P  E     -A   42   0A  25      0, 0.0     2,-0.6     0, 0.0   -70,-0.2  -0.462  56.7-109.4 -59.0 135.1  -36.9   22.4   -0.2               
  113  113 A A  E     -     0   0A   1    -72,-1.7   -75,-3.0   -75,-0.4     2,-0.6  -0.603  39.2-168.3 -71.8 117.9  -33.5   21.7    1.3               
  114  114 A I  E     -A   37   0A  26     -2,-0.6     2,-0.9   -77,-0.2   -77,-0.2  -0.931  13.7-152.6-112.4 119.4  -32.4   18.2    0.2               
  115  115 A R  E     -A   36   0A 196    -79,-2.8   -79,-1.9    -2,-0.6     2,-0.4  -0.792  21.4-137.5 -87.4 104.5  -29.4   16.5    1.8               
  116  116 A K        -     0   0  149     -2,-0.9     2,-0.5   -81,-0.3   -81,-0.2  -0.489  10.7-140.2 -58.9 117.0  -28.1   14.1   -0.9               
  117  117 A Q        -     0   0  157     -2,-0.4     2,-0.7   -83,-0.3    -1,-0.1  -0.738  19.7-124.6 -70.4 122.8  -27.2   10.8    0.7               
  118  118 A K        -     0   0  201     -2,-0.5     2,-0.9     1,-0.1   -83,-0.0  -0.703  33.0-120.1 -61.4 111.8  -23.9    9.6   -0.9               
  119  119 A L        -     0   0  119     -2,-0.7     2,-0.4     3,-0.0    -1,-0.1  -0.539  16.5-149.1 -54.2 102.3  -25.1    6.2   -2.1               
  120  120 A C        -     0   0   85     -2,-0.9    -3,-0.0     1,-0.1     3,-0.0  -0.712  52.9 -83.7 -53.0 125.4  -22.9    3.7   -0.4               
  121  121 A A        -     0   0  100     -2,-0.4     2,-0.8     1,-0.1     3,-0.1  -0.233  51.8-123.9 -41.6 110.5  -23.0    1.1   -3.3               
  122  122 A R        -     0   0  217      1,-0.2    -1,-0.1    -3,-0.0    -3,-0.0  -0.671  42.1 -79.2 -67.0 109.0  -26.3   -0.8   -2.7               
  123  123 A H        -     0   0  155     -2,-0.8     2,-0.8     1,-0.1    -1,-0.2   0.372  27.6-145.6  35.1  86.4  -25.8   -4.4   -2.4               
  124  124 A V        -     0   0  136     -3,-0.1    -1,-0.1     3,-0.0    -3,-0.0  -0.853  29.6-136.8 -71.6 112.0  -25.3   -6.7   -5.5               
  125  125 A Q        -     0   0  152     -2,-0.8     2,-0.7     1,-0.1     0, 0.0  -0.650  16.9-120.2 -65.3 133.7  -27.1   -9.8   -4.2               
  126  126 A P        -     0   0  115      0, 0.0    -1,-0.1     0, 0.0     3,-0.0  -0.697  23.5-155.3 -73.7 113.3  -25.0  -12.9   -5.0               
  127  127 A R        -     0   0  228     -2,-0.7     2,-0.2     1,-0.1    -3,-0.0  -0.698  39.9 -90.1 -72.3 145.3  -27.2  -15.2   -7.2               
  128  128 A P        -     0   0  118      0, 0.0     2,-1.1     0, 0.0    -1,-0.1  -0.413  43.7-122.2 -60.9 125.7  -26.0  -18.8   -6.9               
  129  129 A L        +     0   0  161     -2,-0.2     2,-0.5     2,-0.1     0, 0.0  -0.659  46.1 156.1 -73.3 100.9  -23.3  -19.5   -9.5               
  130  130 A V        +     0   0  135     -2,-1.1     2,-0.4     2,-0.1    -3,-0.0  -0.955  20.5 162.0-110.5 105.1  -24.3  -22.4  -11.7               
  131  131 A V        -     0   0  112     -2,-0.5    -2,-0.1     3,-0.0     0, 0.0  -0.909  22.9-179.4-126.8 102.0  -22.2  -21.5  -14.8               
  132  132 A N        -     0   0  145     -2,-0.4    -2,-0.1     1,-0.1     0, 0.0  -0.779  51.3 -97.9 -75.4 143.0  -21.5  -24.1  -17.5               
  133  133 A P        -     0   0  115      0, 0.0    -1,-0.1     0, 0.0    -2,-0.0  -0.317  42.4-119.9 -76.2 153.7  -19.4  -22.0  -20.0               
  134  134 A P        -     0   0  119      0, 0.0    -3,-0.0     0, 0.0     0, 0.0  -0.537   3.1-132.1 -96.8 155.7  -21.1  -20.5  -23.1               
  135  135 A P        -     0   0  119      0, 0.0     0, 0.0     0, 0.0     0, 0.0  -0.693  51.7 -82.0 -91.8 159.0  -20.8  -20.8  -26.9               
  136  136 A P        -     0   0  123      0, 0.0     0, 0.0     0, 0.0     0, 0.0  -0.104  51.3 -66.7 -98.8-175.3  -20.7  -17.4  -28.8               
  137  137 A P        +     0   0  114      0, 0.0     2,-0.0     0, 0.0     0, 0.0   0.557  28.1 150.6-106.6 176.4  -22.9  -14.9  -30.0               
  138  138 A Q        -     0   0  168      0, 0.0     0, 0.0     0, 0.0     0, 0.0   0.002  33.0 -91.3 167.8 126.6  -25.5  -12.8  -31.8               
  139  139 A F        +     0   0  175     -2,-0.0     0, 0.0     0, 0.0     0, 0.0   0.775  38.8  67.6  30.1 137.4  -28.0   -9.8  -31.5               
  140  140 A Q        -     0   0  170      0, 0.0     0, 0.0     0, 0.0     0, 0.0   0.977  32.0-115.8  91.8 108.5  -31.3   -8.1  -30.8               
  141  141 A N        +     0   0  144      0, 0.0     2,-0.1     0, 0.0     0, 0.0   0.487  16.9 165.4  18.6 131.4  -34.2   -6.9  -28.7               
  142  142 A V        -     0   0  134      0, 0.0     0, 0.0     0, 0.0     0, 0.0  -0.230  25.7-139.6-169.4 125.6  -37.8   -7.0  -27.9               
  143  143 A W        +     0   0  231     -2,-0.1     0, 0.0     0, 0.0     0, 0.0   0.200  25.2 145.4  -6.0 137.4  -39.8   -5.7  -24.8               
  144  144 A R        -     0   0  232      0, 0.0     0, 0.0     0, 0.0     0, 0.0   0.554  24.0-121.3 161.1 112.2  -42.4   -6.1  -22.4               
  145  145 A N        -     0   0  150      0, 0.0     0, 0.0     0, 0.0     0, 0.0   0.893  16.9 -59.4  52.2 170.1  -43.4   -5.5  -18.8               
  146  146 A P        -     0   0   90      0, 0.0     2,-0.1     0, 0.0     0, 0.0   0.526   6.1-158.8-122.7-178.8  -44.4   -6.1  -15.5               
  147  147 A N        -     0   0  150      2,-0.0     0, 0.0     0, 0.0     0, 0.0  -0.264  32.5-123.9 179.4 104.8  -46.1   -7.1  -12.1               
  148  148 A T        +     0   0  118     -2,-0.1     2,-0.2     0, 0.0     0, 0.0   0.167  21.8 177.8  50.1 104.0  -45.7   -6.0   -8.6               
  149  149 A E        -     0   0  201      2,-0.0     2,-0.4     0, 0.0    -2,-0.0  -0.830  24.1-151.5-142.2 129.6  -45.0   -7.2   -5.2               
  150  150 A T        -     0   0  122     -2,-0.2     2,-0.6     2,-0.0     0, 0.0  -0.740   6.2-163.9 -85.0 125.1  -44.9   -4.5   -2.5               
  151  151 A Y        -     0   0  231     -2,-0.4     2,-0.2     0, 0.0    -2,-0.0  -0.953  14.4-147.6-113.9 111.8  -42.8   -4.9    0.6               
  152  152 A L        -     0   0  147     -2,-0.6     3,-0.0     1,-0.1    -2,-0.0  -0.527  17.5-120.6 -67.0 133.4  -43.8   -2.5    3.4               
  153  153 A Q        -     0   0  182     -2,-0.2     2,-0.2     1,-0.1    -1,-0.1  -0.651  36.6-112.8 -67.6 129.2  -41.0   -1.2    5.7               
  154  154 A P        -     0   0  112      0, 0.0     2,-0.2     0, 0.0    -1,-0.1  -0.506  28.6-114.1 -68.8 134.9  -41.9   -2.2    9.3               
  155  155 A Q        -     0   0  188     -2,-0.2     2,-1.5     1,-0.1    -3,-0.0  -0.502  26.7-122.6 -58.5 129.3  -42.8    0.7   11.6               
  156  156 A I        -     0   0  164     -2,-0.2    -1,-0.1     2,-0.0     0, 0.0  -0.699  30.7-175.5 -77.9  90.3  -40.2    1.0   14.4               
  157  157 A T        -     0   0  109     -2,-1.5     2,-0.9     1,-0.0     0, 0.0  -0.801  40.8-109.5 -66.4 128.8  -42.3    0.7   17.5               
  158  158 A P        -     0   0  120      0, 0.0     4,-0.1     0, 0.0    -2,-0.0  -0.587  35.6-145.0 -64.0 104.5  -39.7    1.3   20.3               
  159  159 A N        -     0   0  120     -2,-0.9     2,-1.9     1,-0.1     3,-0.1  -0.620  16.4-120.9 -67.8 135.8  -39.5   -2.2   21.7               
  160  160 A P  S    S+     0   0  124      0, 0.0    -1,-0.1     0, 0.0     0, 0.0  -0.220  89.8  97.4 -78.4  48.9  -39.0   -2.0   25.6               
  161  161 A V        +     0   0  105     -2,-1.9     2,-1.3     2,-0.1    -2,-0.1  -0.266  31.3 130.9-132.5  45.2  -35.7   -4.0   25.3               
  162  162 A T        -     0   0  125     -3,-0.1     2,-1.2    -4,-0.1     0, 0.0  -0.825  47.3-160.9 -77.2  84.3  -33.2   -1.2   25.3               
  163  163 A Q        -     0   0  160     -2,-1.3     2,-0.9     2,-0.0    -2,-0.1  -0.733  12.7-139.8 -65.4 103.2  -31.2   -3.0   27.9               
  164  164 A H        -     0   0  137     -2,-1.2     2,-1.3     1,-0.1    -2,-0.0  -0.657  18.1-134.0 -48.4 102.7  -29.1   -0.3   29.4               
  165  165 A V        -     0   0   66     -2,-0.9     2,-1.3     1,-0.0    -1,-0.1  -0.725  19.5-140.9 -64.1  97.6  -26.0   -2.4   29.7               
  166  166 A Q        -     0   0  170     -2,-1.3     2,-0.5     3,-0.0    -1,-0.0  -0.670  10.9-143.8 -64.3  94.8  -25.3   -1.1   33.2               
  167  167 A A        -     0   0   43     -2,-1.3     2,-0.2     1,-0.1    11,-0.1  -0.629  24.7-116.7 -56.0 114.1  -21.6   -0.9   32.9               
  168  168 A Y        -     0   0  220     -2,-0.5     2,-0.6     9,-0.2     9,-0.1  -0.514  33.5-105.2 -52.5 124.0  -20.6   -1.9   36.4               
  169  169 A S        -     0   0  105     -2,-0.2     2,-0.4     1,-0.1    -1,-0.1  -0.496  37.7-130.5 -51.1 103.9  -18.9    1.2   37.9               
  170  170 A A        -     0   0   20     -2,-0.6     3,-0.1    23,-0.3     6,-0.1  -0.574  22.1-124.0 -59.7 118.7  -15.3   -0.1   37.7               
  171  171 A Y    >   -     0   0  193     -2,-0.4     3,-2.6     1,-0.1    24,-0.1  -0.352  47.4 -74.1 -50.8 151.2  -13.9    0.6   41.2               
  172  172 A P  T 3  S+     0   0   90      0, 0.0    -1,-0.1     0, 0.0    -3,-0.0  -0.376 128.4  18.7 -50.6 124.7  -10.7    2.8   41.1               
  173  173 A H  T 3  S+     0   0  166     23,-0.3    26,-0.1     1,-0.2    -2,-0.1   0.440  95.7 119.4  80.7   9.8   -8.1    0.2   39.7               
  174  174 A S    <   -     0   0   37     -3,-2.6     2,-0.3    24,-0.1    -1,-0.2  -0.872  68.3-116.1-100.6 134.1  -10.5   -2.4   38.2               
  175  175 A P        -     0   0   89      0, 0.0     2,-0.4     0, 0.0    25,-0.2  -0.510  28.7-129.9 -66.9 126.0  -10.3   -3.2   34.5               
  176  176 A G  E     -e  200   0C  15     23,-1.4    25,-2.5    -2,-0.3     2,-0.4  -0.650  28.3-175.0 -76.6 126.2  -13.6   -2.2   32.7               
  177  177 A Q  E     -e  201   0C 123     -2,-0.4     2,-0.5    23,-0.2    -9,-0.2  -0.991  14.7-173.3-124.1 130.8  -15.0   -4.9   30.5               
  178  178 A V  E     +e  202   0C   7     23,-2.7    25,-3.1    -2,-0.4     2,-0.5  -0.952  15.7 170.7-116.4 106.1  -18.1   -4.7   28.2               
  179  179 A I  E     +e  203   0C 116     -2,-0.5     2,-0.3    23,-0.2    25,-0.2  -0.977   4.4 170.4-115.7 126.5  -18.9   -8.1   26.8               
  180  180 A T  E     -e  204   0C  30     23,-2.4    25,-1.4    -2,-0.5    26,-0.2  -0.999  35.7-157.1-137.7 142.6  -22.2   -8.6   24.8               
  181  181 A G  S    S+     0   0   58     -2,-0.3     2,-0.2    23,-0.2    23,-0.1   0.325  81.4  67.9 -85.9   2.6  -23.8  -11.3   22.7               
  182  182 A C  S    S-     0   0   86     24,-0.1    24,-0.4     1,-0.0     2,-0.4  -0.693 101.5 -73.8-117.8 171.4  -26.0   -8.7   20.9               
  183  183 A Q        -     0   0  101     -2,-0.2     2,-0.7    22,-0.1    25,-0.2  -0.538  45.1-152.4 -63.4 122.3  -25.7   -5.7   18.6               
  184  184 A L        -     0   0   12     23,-1.1     2,-0.6    -2,-0.4    -1,-0.1  -0.888   9.5-164.6-105.0 103.6  -24.1   -2.9   20.6               
  185  185 A L        -     0   0   81     -2,-0.7     2,-0.9    23,-0.2    25,-0.1  -0.835   6.7-154.5 -92.2 121.2  -25.2    0.5   19.1               
  186  186 A V  B     +s  210   0D   6     23,-1.9    25,-1.8    -2,-0.6     2,-0.4  -0.796  28.5 159.3-100.1  93.7  -23.2    3.5   20.3               
  187  187 A Y        -     0   0  139     -2,-0.9     3,-0.3     1,-0.2    25,-0.1  -0.961  46.6 -29.4-111.3 134.3  -25.5    6.6   20.0               
  188  188 A N  S    S-     0   0  118     -2,-0.4    -1,-0.2    23,-0.2    24,-0.1   0.850 102.6 -13.8  35.5 123.4  -25.0   10.0   21.9               
  189  189 A Y  S    S+     0   0  204     24,-0.1     2,-0.8     1,-0.1    -1,-0.2   0.394  77.6 119.8  42.1  23.6  -23.5   10.9   25.3               
  190  190 A Q        -     0   0  116     -3,-0.3     2,-0.3     2,-0.0    -1,-0.1  -0.872  47.9-164.2 -98.3  93.6  -23.0    7.7   27.4               
  191  191 A E        -     0   0  122     -2,-0.8    25,-0.2    25,-0.1    23,-0.0  -0.607  19.9-133.0 -58.2 130.7  -19.3    7.9   27.9               
  192  192 A Y        -     0   0   33     23,-1.6     2,-0.7    -2,-0.3   -16,-0.0  -0.878  31.7-132.6 -82.2 103.6  -18.0    4.5   29.0               
  193  193 A P        -     0   0   81      0, 0.0     2,-0.4     0, 0.0   -23,-0.3  -0.506  26.4-172.7 -71.5 108.7  -15.9    5.9   31.8               
  194  194 A T        -     0   0    8     -2,-0.7     6,-0.1    23,-0.3     3,-0.1  -0.827  19.6-134.1 -84.5 139.2  -12.4    4.4   31.7               
  195  195 A Y    >   -     0   0  100     -2,-0.4     3,-1.3   -21,-0.2    24,-0.2  -0.674  30.5 -90.8 -87.1 152.3  -10.3    5.4   34.7               
  196  196 A P  T 3  S+     0   0   65      0, 0.0   -23,-0.3     0, 0.0    25,-0.1  -0.229 113.1  16.6 -50.6 149.3   -6.6    6.6   34.3               
  197  197 A D  T 3  S+     0   0  101     23,-1.2     2,-0.4     1,-0.2    25,-0.1   0.670 103.7 121.3  55.4  21.8   -4.1    3.7   34.5               
  198  198 A S    <   -     0   0   10     -3,-1.3    -1,-0.2    21,-0.1    21,-0.1  -0.947  62.4-127.1-120.3 129.8   -6.9    1.2   34.0               
  199  199 A A        -     0   0   40     -2,-0.4   -23,-1.4    23,-0.1     2,-0.4  -0.466  27.1-165.0 -68.8 144.1   -7.2   -1.4   31.2               
  200  200 A F  E     -ef 176 224C  11     23,-2.3    25,-2.3   -25,-0.2     2,-0.4  -0.996   7.9-175.6-135.5 138.8  -10.5   -1.4   29.2               
  201  201 A Q  E     -ef 177 225C  62    -25,-2.5   -23,-2.7    -2,-0.4     2,-0.4  -0.994  10.2-169.0-134.4 138.6  -12.1   -3.9   26.8               
  202  202 A V  E     +ef 178 226C   1     23,-2.5    25,-2.9    -2,-0.4     2,-0.4  -0.990  13.9 175.7-119.5 126.2  -15.2   -4.0   24.5               
  203  203 A T  E     +ef 179 227C  47    -25,-3.1   -23,-2.4    -2,-0.4     2,-0.3  -0.991   4.0 167.0-131.4 126.1  -16.2   -7.3   22.9               
  204  204 A T  E     -ef 180 228C   2     23,-2.5    25,-2.9    -2,-0.4   -23,-0.2  -0.998  32.1-146.4-131.5 142.8  -19.3   -8.0   20.8               
  205  205 A G  S    S+     0   0   47    -25,-1.4   -24,-0.1    -2,-0.3   -22,-0.1   0.592  88.1  34.5 -73.7 -11.9  -20.2  -11.0   18.6               
  206  206 A Y  S    S-     0   0  138    -24,-0.4    24,-2.2   -26,-0.2     2,-0.4   0.119 110.2 -33.7-117.4-141.6  -22.1   -8.7   16.1               
  207  207 A Q        -     0   0   43     23,-0.2   -23,-1.1    22,-0.2    25,-0.2  -0.791  38.1-164.1 -90.2 139.1  -21.8   -5.2   14.7               
  208  208 A L        -     0   0    0     23,-2.7     2,-0.4    -2,-0.4   -23,-0.2  -0.805  14.2-169.6-117.0  77.9  -20.4   -2.2   16.8               
  209  209 A P        -     0   0    1      0, 0.0   -23,-1.9     0, 0.0     2,-0.6  -0.646   7.9-152.7 -75.3 129.8  -21.5    0.9   14.9               
  210  210 A V  B     +st 186 234D   0     23,-2.7    25,-2.7    -2,-0.4    26,-0.3  -0.898  32.9 152.4-110.7 111.2  -19.9    4.0   16.3               
  211  211 A Y        +     0   0   76    -25,-1.8     2,-0.2    -2,-0.6   -23,-0.2   0.211  50.4  87.7-117.0   6.6  -21.8    7.3   15.8               
  212  212 A N  S    S-     0   0   13    -26,-0.2     2,-0.4   -25,-0.1    24,-0.2  -0.700  79.0-108.7-109.1 158.0  -20.4    9.3   18.8               
  213  213 A Y  S    S-     0   0  107     -2,-0.2    26,-0.2     1,-0.2    25,-0.2  -0.746  98.9 -14.1 -76.9 133.9  -17.4   11.5   19.5               
  214  214 A Q  S    S+     0   0   37     24,-1.1    -1,-0.2    23,-0.7    25,-0.2   0.785  74.0 173.8  38.4  49.9  -14.9    9.8   21.8               
  215  215 A P  S    S+     0   0    0      0, 0.0   -23,-1.6     0, 0.0    -1,-0.1   0.761  81.1  28.8 -53.6 -26.6  -17.3    7.0   22.9               
  216  216 A F  S    S-     0   0    0     23,-0.9     2,-1.3   -25,-0.2    -2,-0.1  -0.762  78.4-167.4-136.0  83.1  -14.4    5.4   24.8               
  217  217 A P        -     0   0   11      0, 0.0     2,-0.6     0, 0.0   -23,-0.3  -0.616  12.9-152.4 -77.0  94.7  -11.8    8.0   25.9               
  218  218 A A  B     -r  242   0E   0     -2,-1.3    25,-0.7    23,-0.7     3,-0.1  -0.548  15.9-137.5 -66.2 111.7   -8.8    5.9   26.9               
  219  219 A Y    >   -     0   0   96     -2,-0.6     3,-1.5   -24,-0.2    24,-0.1  -0.257  39.6 -69.5 -64.4 159.5   -7.0    8.0   29.6               
  220  220 A P  T 3  S+     0   0   62      0, 0.0   -23,-1.2     0, 0.0    25,-0.2  -0.162 122.9  15.2 -47.5 144.2   -3.1    8.3   29.4               
  221  221 A R  T 3  S+     0   0  167     23,-1.9    25,-0.2    22,-0.3    24,-0.1   0.625  96.3 127.7  61.3  20.5   -1.3    5.0   30.3               
  222  222 A S    <   -     0   0    2     -3,-1.5    -1,-0.2    22,-0.2    21,-0.2  -0.885  54.6-141.0-112.8 103.7   -4.6    3.1   29.9               
  223  223 A P        -     0   0   54      0, 0.0   -23,-2.3     0, 0.0     2,-0.4  -0.398  23.9-164.2 -64.7 139.5   -4.4    0.0   27.5               
  224  224 A F  E     -fg 200 248C   3     23,-2.5    25,-2.4   -25,-0.2     2,-0.4  -0.976  12.8-175.1-135.3 136.1   -7.6   -0.3   25.4               
  225  225 A Q  E     -fg 201 249C  60    -25,-2.3   -23,-2.5    -2,-0.4     2,-0.4  -0.994   5.2-173.0-134.0 138.9   -9.1   -3.1   23.2               
  226  226 A V  E     -fg 202 250C   0     23,-2.3    25,-2.8    -2,-0.4     2,-0.4  -0.989   6.1-179.3-127.0 125.8  -12.1   -3.4   20.9               
  227  227 A T  E     -fg 203 251C  55    -25,-2.9   -23,-2.5    -2,-0.4     2,-0.5  -0.985   3.0-179.6-125.8 123.3  -13.4   -6.7   19.3               
  228  228 A A  E     -fg 204 252C   0     23,-2.6    25,-2.1    -2,-0.4    26,-0.3  -0.972  19.1-152.7-121.1 118.3  -16.4   -6.9   16.9               
  229  229 A G  S    S+     0   0   40    -25,-2.9   -23,-0.2    -2,-0.5   -24,-0.2   0.791  89.7   7.5 -61.9 -27.6  -17.3  -10.4   15.6               
  230  230 A Y  S    S-     0   0  113    -24,-2.2    24,-1.7     1,-0.3    25,-0.8   0.689 124.0  -3.3-116.5 -79.4  -18.9   -8.9   12.4               
  231  231 A Q  B     -u  255   0D  31    -25,-0.3   -23,-2.7    23,-0.2    -1,-0.3  -0.954  34.6-170.8-131.6 144.5  -18.5   -5.2   11.6               
  232  232 A L        -     0   0    0     23,-2.0     2,-0.4    -2,-0.4   -25,-0.1  -0.671  19.7-177.9-126.0  70.5  -17.1   -2.0   13.3               
  233  233 A P        -     0   0    3      0, 0.0   -23,-2.7     0, 0.0     2,-0.6  -0.641  10.4-157.9 -75.3 128.1  -18.3    0.9   11.1               
  234  234 A V  B     +tv 210 258D   0     23,-2.5    25,-3.0    -2,-0.4    26,-0.4  -0.921  21.1 167.9-112.4 116.0  -16.9    4.3   12.4               
  235  235 A Y        +     0   0   71    -25,-2.7     2,-0.2    -2,-0.6   -24,-0.1   0.352  52.6  65.7-106.3   2.5  -18.8    7.4   11.4               
  236  236 A N  S >  S-     0   0   44    -26,-0.3     3,-0.6   -24,-0.2    24,-0.3  -0.713  80.5 -90.0-130.7 170.3  -17.3   10.1   13.6               
  237  237 A Y  T 3  S-     0   0   86      1,-0.2   -23,-0.7    -2,-0.2    25,-0.2  -0.588 102.8  -3.5 -76.1 140.9  -14.3   12.1   14.6               
  238  238 A Q  T 3  S+     0   0   17     24,-1.4   -24,-1.1    23,-0.7    -1,-0.2   0.835  75.1 161.5  42.8  48.3  -11.8   10.8   17.3               
  239  239 A A  S <  S+     0   0    0     -3,-0.6   -23,-0.9     1,-0.3    25,-0.2   0.835  76.0  18.4 -60.1 -32.9  -14.0    7.7   18.0               
  240  240 A F  S    S-     0   0    0     23,-3.0     2,-0.4    22,-0.2    -1,-0.3  -0.615  76.8-174.3-147.4  68.0  -11.0    5.9   19.6               
  241  241 A P        -     0   0    0      0, 0.0     2,-0.9     0, 0.0   -23,-0.7  -0.610  16.0-150.3 -70.4 127.4   -8.2    8.2   20.7               
  242  242 A A  B     -rs 218 266E   0     23,-2.8    25,-2.7    -2,-0.4     3,-0.1  -0.855  23.4-153.7 -93.5  95.8   -5.1    6.3   22.1               
  243  243 A Y    >   -     0   0   66     -2,-0.9     3,-1.3   -25,-0.7   -22,-0.3  -0.297  41.5 -51.1 -69.2 163.0   -3.8    9.0   24.5               
  244  244 A P  T 3  S+     0   0   44      0, 0.0   -23,-1.9     0, 0.0    25,-0.2   0.056 125.6   2.6 -47.9 136.2   -0.1    9.1   25.5               
  245  245 A N  T 3  S+     0   0   87     23,-1.4    25,-0.2    22,-0.3    24,-0.1   0.693  98.8 126.8  61.9  24.4    1.5    5.8   26.6               
  246  246 A S    <   -     0   0    2     -3,-1.3    -1,-0.2    22,-0.2     2,-0.1  -0.897  52.8-145.8-116.1 101.0   -1.8    3.9   25.9               
  247  247 A P        -     0   0   53      0, 0.0   -23,-2.5     0, 0.0     2,-0.4  -0.451  20.6-162.5 -66.7 139.0   -1.5    0.9   23.7               
  248  248 A F  E     -gh 224 272C   2     23,-2.5    25,-2.3   -25,-0.2     2,-0.4  -0.977  11.2-175.6-132.7 132.3   -4.6    0.4   21.6               
  249  249 A Q  E     -gh 225 273C  90    -25,-2.4   -23,-2.3    -2,-0.4     2,-0.4  -0.988   4.9-174.8-131.8 140.1   -6.0   -2.6   19.6               
  250  250 A V  E     +gh 226 274C   3     23,-2.3    25,-2.8    -2,-0.4     2,-0.4  -0.997   5.9 179.5-131.0 131.4   -9.0   -3.1   17.3               
  251  251 A A  E     +gh 227 275C  35    -25,-2.8   -23,-2.6    -2,-0.4     2,-0.3  -0.990   2.6 178.8-129.2 136.7  -10.2   -6.4   15.8               
  252  252 A T  E     -gh 228 276C   7     23,-2.1    25,-2.7    -2,-0.4   -23,-0.2  -0.998  24.9-146.1-132.8 143.2  -13.1   -7.1   13.5               
  253  253 A G  S    S-     0   0   47    -25,-2.1   -23,-0.2    -2,-0.3   -24,-0.1   0.723  89.7  -0.3 -76.4 -21.7  -14.2  -10.5   12.0               
  254  254 A Y  S    S+     0   0   82    -24,-1.7    24,-2.2   -26,-0.3    25,-1.7   0.450 118.8   7.3-131.7 -92.1  -15.5   -9.0    8.7               
  255  255 A Q  B     -uw 231 279D  45    -25,-0.8   -23,-2.0    23,-0.2    -1,-0.3  -0.844  37.0-176.4-112.4 147.0  -15.6   -5.3    7.7               
  256  256 A F        -     0   0    0     23,-2.7     2,-0.4    -2,-0.4   -25,-0.1  -0.686  17.7-174.8-132.2  73.7  -14.1   -2.1    9.4               
  257  257 A P        -     0   0    5      0, 0.0   -23,-2.5     0, 0.0     2,-0.6  -0.616  11.6-153.7 -78.8 133.1  -15.3    0.8    7.2               
  258  258 A V  B     +vx 234 282D   0     23,-2.7    25,-2.5    -2,-0.4    26,-0.3  -0.903  21.1 167.6-111.3 110.8  -13.9    4.3    8.3               
  259  259 A Y        +     0   0   54    -25,-3.0     2,-0.2    -2,-0.6   -24,-0.2   0.465  51.8  45.2-110.4  -2.6  -16.2    7.1    7.3               
  260  260 A N  S    S-     0   0   62    -26,-0.4    24,-0.2   -24,-0.3     2,-0.2  -0.761  88.2 -70.5-137.5 178.1  -14.9   10.3    9.1               
  261  261 A Y  S    S-     0   0  125     -2,-0.2   -23,-0.7     1,-0.2    25,-0.2  -0.493 100.0 -16.4 -69.4 135.7  -11.8   12.3   10.0               
  262  262 A Q        +     0   0   16     23,-1.3   -24,-1.4    24,-0.9    -1,-0.2   0.777  67.6 161.2  40.7  51.2   -9.2   11.0   12.6               
  263  263 A P  S    S+     0   0    0      0, 0.0   -23,-3.0     0, 0.0    25,-0.1   0.800  76.2  37.5 -64.7 -26.2  -11.3    8.3   14.3               
  264  264 A F  S    S+     0   0    1     23,-1.8     2,-0.5    22,-0.2    -2,-0.1  -0.616  71.6 172.6-129.9  66.4   -8.1    6.6   15.6               
  265  265 A P        -     0   0    0      0, 0.0   -23,-2.8     0, 0.0     2,-0.8  -0.686  19.3-154.7 -72.8 127.7   -5.4    9.2   16.6               
  266  266 A A  B     -st 242 290E   2     23,-2.8    25,-2.8    -2,-0.5   -23,-0.2  -0.889  15.3-153.3-100.3  98.1   -2.4    7.5   18.3               
  267  267 A Y    >   -     0   0   57    -25,-2.7     3,-0.9    -2,-0.8   -22,-0.3  -0.265  46.1 -48.1 -67.2 163.3   -1.0   10.3   20.6               
  268  268 A P  T 3  S+     0   0   51      0, 0.0   -23,-1.4     0, 0.0    25,-0.2   0.115 125.2   5.5 -48.7 141.7    2.8   10.1   21.4               
  269  269 A S  T 3  S+     0   0   49     23,-1.5    25,-0.2    22,-0.3    24,-0.1   0.726  95.4 126.1  62.3  26.2    4.3    6.8   22.7               
  270  270 A S    <   -     0   0    0     -3,-0.9    -1,-0.1    21,-0.2    21,-0.1  -0.836  51.0-149.7-119.5  90.6    0.9    4.9   22.0               
  271  271 A P        -     0   0   56      0, 0.0   -23,-2.5     0, 0.0     2,-0.4  -0.378  16.4-159.0 -65.2 139.8    1.3    1.8   19.8               
  272  272 A F  E     -hi 248 296C   2     23,-2.6    25,-2.4   -25,-0.2     2,-0.4  -0.960  11.5-172.8-130.5 135.5   -1.8    1.1   17.7               
  273  273 A Q  E     -hi 249 297C  63    -25,-2.3   -23,-2.3    -2,-0.4     2,-0.4  -0.991   2.8-175.5-131.8 133.5   -3.0   -2.1   16.0               
  274  274 A V  E     -hi 250 298C   0     23,-2.4    25,-2.7    -2,-0.4     2,-0.4  -0.990   2.9-179.4-128.4 129.1   -6.0   -2.8   13.6               
  275  275 A T  E     -hi 251 299C  65    -25,-2.8   -23,-2.1    -2,-0.4     2,-0.4  -0.989   2.3-179.0-124.1 131.0   -7.1   -6.2   12.3               
  276  276 A A  E     -hi 252 300C   1     23,-2.4    25,-2.1    -2,-0.4    26,-0.3  -0.984  20.6-149.8-127.4 123.6  -10.0   -6.8    9.9               
  277  277 A G  S    S+     0   0   40    -25,-2.7   -23,-0.2    -2,-0.4   -24,-0.1   0.816  91.6   3.0 -62.6 -30.2  -10.9  -10.3    8.8               
  278  278 A Y  S    S-     0   0   73    -24,-2.2    24,-1.7     1,-0.2    25,-1.1   0.700 124.5  -1.5-119.7 -72.2  -12.2   -9.2    5.4               
  279  279 A Q  B     -wy 255 303D  29    -25,-1.7   -23,-2.7    23,-0.2    -1,-0.2  -0.979  32.2-170.2-137.8 146.5  -12.0   -5.4    4.5               
  280  280 A L        -     0   0    0     23,-1.7     2,-0.5    -2,-0.3   -25,-0.1  -0.723  22.0-173.3-124.7  72.8  -10.9   -2.1    6.0               
  281  281 A P        -     0   0    6      0, 0.0   -23,-2.7     0, 0.0     2,-0.7  -0.626   7.7-158.5 -74.3 123.7  -12.2    0.6    3.5               
  282  282 A V  B     +xz 258 306D   0     23,-2.6    25,-2.7    -2,-0.5    26,-0.5  -0.890  18.6 170.4-106.1 112.8  -10.9    4.1    4.4               
  283  283 A Y        +     0   0   80    -25,-2.5     2,-0.2    -2,-0.7   -24,-0.1   0.344  53.4  52.8 -99.9   0.9  -13.0    6.8    2.9               
  284  284 A N  S    S-     0   0   26    -26,-0.3     3,-0.5   -24,-0.2     2,-0.3  -0.710  85.0 -73.1-140.5 177.6  -11.6    9.9    4.7               
  285  285 A Y  S    S-     0   0   71      1,-0.2   -23,-1.3    -2,-0.2    25,-0.2  -0.635 103.3  -7.9 -80.1 132.7   -8.6   12.1    5.6               
  286  286 A Q        +     0   0   15     23,-1.0   -24,-0.9    24,-1.0    25,-0.2   0.923  68.9 170.7  48.5  60.4   -6.1   11.0    8.3               
  287  287 A A  S    S+     0   0    0     -3,-0.5   -23,-1.8    24,-0.4    25,-0.2   0.899  77.6  20.4 -63.4 -38.4   -8.0    7.9    9.4               
  288  288 A F  S    S-     0   0    2     23,-2.4     2,-0.6    22,-0.2    -1,-0.3  -0.688  74.9-177.1-135.3  70.0   -5.1    6.7   11.6               
  289  289 A P        -     0   0    1      0, 0.0   -23,-2.8     0, 0.0     2,-0.8  -0.676  12.1-156.8 -73.6 121.7   -2.6    9.5   12.5               
  290  290 A A  B     -tu 266 314E   1     23,-2.5    25,-2.7    -2,-0.6   -23,-0.2  -0.870  10.9-153.3-100.2  99.5    0.3    8.1   14.4               
  291  291 A Y    >   -     0   0   56    -25,-2.8     3,-0.8    -2,-0.8   -22,-0.3  -0.268  48.2 -46.2 -68.7 163.9    1.9   10.9   16.5               
  292  292 A P  T 3  S+     0   0   43      0, 0.0   -23,-1.5     0, 0.0    25,-0.2   0.123 126.3   7.3 -49.4 141.9    5.6   10.7   17.4               
  293  293 A N  T 3  S+     0   0   80     23,-1.5    25,-0.2    22,-0.3    24,-0.1   0.734  93.5 128.2  62.7  27.4    7.0    7.4   18.8               
  294  294 A S    <   -     0   0    0     -3,-0.8    -1,-0.1    21,-0.3    24,-0.1  -0.792  49.8-149.8-116.9  87.0    3.7    5.6   18.1               
  295  295 A P        -     0   0   55      0, 0.0   -23,-2.6     0, 0.0     2,-0.4  -0.278  15.9-157.4 -55.6 141.0    4.3    2.3   16.1               
  296  296 A F  E     -ij 272 320C   4     23,-3.0    25,-2.3   -25,-0.2     2,-0.4  -0.974  13.7-178.5-132.1 128.9    1.3    1.5   13.9               
  297  297 A Q  E     -ij 273 321C  85    -25,-2.4   -23,-2.4    -2,-0.4     2,-0.4  -0.993   2.9-177.2-131.2 139.4    0.1   -1.9   12.4               
  298  298 A V  E     -ij 274 322C   3     23,-2.6    25,-3.0    -2,-0.4     2,-0.4  -0.992   2.4-178.1-133.4 129.9   -2.8   -2.8   10.2               
  299  299 A A  E     +ij 275 323C  36    -25,-2.7   -23,-2.4    -2,-0.4     2,-0.3  -0.978   1.4 178.6-124.7 136.4   -3.8   -6.3    8.9               
  300  300 A T  E     -ij 276 324C  10     23,-2.1    25,-2.0    -2,-0.4   -23,-0.2  -0.999  24.7-148.0-132.9 141.8   -6.6   -7.3    6.6               
  301  301 A G  S    S-     0   0   45    -25,-2.1   -23,-0.2    -2,-0.3   -24,-0.1   0.782  89.5  -1.4 -75.5 -26.0   -7.6  -10.7    5.3               
  302  302 A Y  S    S+     0   0   79    -24,-1.7    24,-1.6   -26,-0.3    25,-1.3   0.531 118.7   7.3-129.8 -87.4   -8.9   -9.5    1.8               
  303  303 A Q  B     -ya 279 327D  41    -25,-1.1   -23,-1.7    23,-0.2    -1,-0.2  -0.908  35.4-175.6-118.9 143.3   -9.0   -5.8    0.7               
  304  304 A F        -     0   0    0     23,-2.8     2,-0.4    -2,-0.4   -25,-0.1  -0.689  19.1-173.7-124.9  73.1   -7.8   -2.5    2.1               
  305  305 A P        -     0   0    6      0, 0.0   -23,-2.6     0, 0.0     2,-0.6  -0.593   8.7-160.7 -76.5 128.8   -9.1    0.2   -0.3               
  306  306 A V  B     +zb 282 330D   0     23,-2.7    25,-2.6    -2,-0.4    26,-0.6  -0.912  17.0 169.4-109.7 107.2   -7.7    3.7    0.5               
  307  307 A Y        +     0   0   82    -25,-2.7     2,-0.2    -2,-0.6   -24,-0.2   0.543  52.3  48.4 -94.3 -12.2  -10.0    6.3   -1.2               
  308  308 A N  S >  S-     0   0   58    -26,-0.5     3,-0.6   -24,-0.3    24,-0.3  -0.692  85.9 -68.5-139.2 177.6   -8.8    9.6    0.3               
  309  309 A Y  T 3  S-     0   0   83      1,-0.2   -23,-1.0    -2,-0.2    25,-0.2  -0.474 101.6  -9.2 -76.6 132.9   -5.9   12.0    1.3               
  310  310 A Q  T 3   +     0   0   13     23,-1.5   -24,-1.0    24,-0.6    25,-0.2   0.899  69.5 167.3  51.2  51.9   -3.3   11.1    4.0               
  311  311 A A  S <  S+     0   0    0     -3,-0.6   -23,-2.4     1,-0.2   -24,-0.4   0.879  74.2  24.9 -62.3 -35.7   -5.1    8.0    5.4               
  312  312 A F  S    S+     0   0    2     23,-2.5     2,-0.5    22,-0.2    -1,-0.2  -0.633  72.7 179.3-133.1  65.6   -2.0    6.9    7.5               
  313  313 A P        -     0   0    1      0, 0.0   -23,-2.5     0, 0.0     2,-0.8  -0.648  12.4-159.5 -73.7 122.8    0.3    9.8    8.4               
  314  314 A A  B     -uv 290 338E   1     23,-2.6    25,-2.7    -2,-0.5   -23,-0.2  -0.888   9.3-153.2-103.7  99.8    3.2    8.5   10.5               
  315  315 A Y    >   -     0   0   55    -25,-2.7     3,-0.6    -2,-0.8   -22,-0.3  -0.292  49.3 -45.4 -69.1 163.0    4.7   11.4   12.4               
  316  316 A P  T 3  S+     0   0   43      0, 0.0   -23,-1.5     0, 0.0   -22,-0.2   0.171 126.0   7.4 -47.7 142.8    8.5   11.2   13.4               
  317  317 A N  T 3  S+     0   0   74     23,-1.4    25,-0.2    22,-0.3    24,-0.1   0.755  93.3 127.3  61.1  29.3    9.8    7.9   14.9               
  318  318 A S    <   -     0   0    0     -3,-0.6    -1,-0.1    21,-0.3    21,-0.1  -0.806  49.1-151.1-118.6  88.4    6.5    6.0   14.3               
  319  319 A P        -     0   0   48      0, 0.0   -23,-3.0     0, 0.0     2,-0.4  -0.316  10.4-151.7 -59.0 141.4    7.1    2.8   12.3               
  320  320 A V  E     -jk 296 344C   2     23,-2.8    25,-2.5   -25,-0.2     2,-0.4  -0.951  14.3-176.3-118.7 134.0    4.2    1.6   10.1               
  321  321 A Q  E     +jk 297 345C  53    -25,-2.3   -23,-2.6    -2,-0.4     2,-0.4  -0.992   4.2 179.2-125.9 123.3    3.3   -2.0    9.0               
  322  322 A V  E     +jk 298 346C   1     23,-2.6    25,-3.0    -2,-0.4     2,-0.4  -0.973   4.0 177.3-126.7 120.7    0.4   -2.6    6.6               
  323  323 A T  E     +jk 299 347C  66    -25,-3.0   -23,-2.1    -2,-0.4     2,-0.4  -0.963   3.1 176.6-123.8 132.9   -0.5   -6.2    5.5               
  324  324 A T  E     -jk 300 348C   3     23,-2.3    25,-2.1    -2,-0.4   -23,-0.2  -1.000  27.7-145.0-135.3 138.7   -3.3   -7.4    3.3               
  325  325 A G  S    S+     0   0   46    -25,-2.0   -23,-0.2    -2,-0.4   -24,-0.1   0.727  92.7   1.1 -70.9 -21.9   -4.2  -10.9    2.0               
  326  326 A Y  S    S-     0   0   72    -24,-1.6    24,-1.9    23,-0.2    25,-1.1   0.520 117.9  -0.2-130.4 -83.4   -5.4   -9.7   -1.4               
  327  327 A Q  B     -ac 303 351D  30    -25,-1.3   -23,-2.8    23,-0.2    25,-0.2  -0.957  29.1-172.1-131.1 142.1   -5.4   -6.0   -2.6               
  328  328 A L        -     0   0    0     23,-1.9     2,-0.4    -2,-0.4   -25,-0.1  -0.744  23.3-170.7-119.1  74.7   -4.5   -2.4   -1.3               
  329  329 A P        -     0   0    6      0, 0.0   -23,-2.7     0, 0.0     2,-0.7  -0.605   6.4-158.6 -71.6 125.4   -5.9   -0.1   -4.0               
  330  330 A V  B     +bd 306 354D   0     23,-2.7    25,-2.6    -2,-0.4    26,-0.5  -0.907  19.1 168.9-108.1 108.0   -4.7    3.5   -3.5               
  331  331 A Y        +     0   0   85    -25,-2.6     2,-0.2    -2,-0.7   -24,-0.2   0.595  54.5  41.1 -93.6 -16.7   -7.0    5.9   -5.3               
  332  332 A N  S >  S-     0   0   52    -26,-0.6     3,-0.5   -24,-0.3    24,-0.2  -0.725  89.6 -58.4-139.7 177.0   -5.9    9.3   -3.9               
  333  333 A Y  T 3  S-     0   0   64      1,-0.2   -23,-1.5    -2,-0.2    25,-0.2  -0.313 102.5 -10.7 -66.5 133.1   -3.0   11.6   -2.8               
  334  334 A Q  T 3   +     0   0    9     23,-1.3   -24,-0.6    24,-0.4   -22,-0.2   0.898  64.8 172.4  49.4  58.2   -0.5   10.7    0.0               
  335  335 A A  S <  S+     0   0    0     -3,-0.5   -23,-2.5     1,-0.2    25,-0.2   0.917  77.9  20.4 -59.4 -41.7   -2.1    7.5    1.4               
  336  336 A F  S    S-     0   0    3     23,-2.4     2,-0.5   -25,-0.2    -1,-0.2  -0.679  74.0-177.8-132.6  71.4    0.9    6.7    3.7               
  337  337 A P        -     0   0    1      0, 0.0   -23,-2.6     0, 0.0     2,-0.8  -0.664  12.4-156.8 -75.4 123.6    3.1    9.7    4.4               
  338  338 A A  B     -vw 314 362E   0     23,-2.7    25,-2.7    -2,-0.5   -23,-0.2  -0.874   8.2-154.4-103.1  99.2    6.1    8.6    6.5               
  339  339 A Y    >   -     0   0   54    -25,-2.7     3,-0.7    -2,-0.8   -22,-0.3  -0.328  50.0 -45.5 -71.1 163.1    7.6   11.7    8.3               
  340  340 A P  T 3  S+     0   0   46      0, 0.0   -23,-1.4     0, 0.0    25,-0.2   0.182 126.2   5.8 -47.2 141.7   11.3   11.6    9.4               
  341  341 A N  T 3  S+     0   0   79     23,-1.2    25,-0.2    22,-0.3    24,-0.1   0.747  93.5 127.5  60.2  28.7   12.7    8.4   11.0               
  342  342 A S    <   -     0   0    0     -3,-0.7    -1,-0.1    21,-0.2    21,-0.1  -0.808  48.5-153.1-116.3  88.1    9.4    6.5   10.4               
  343  343 A P        -     0   0   51      0, 0.0   -23,-2.8     0, 0.0     2,-0.4  -0.354  11.8-160.5 -59.1 138.9   10.1    3.1    8.6               
  344  344 A V  E     -kl 320 368C   2     23,-2.7    25,-2.7   -25,-0.2     2,-0.4  -0.982  12.0-175.1-125.4 132.9    7.1    1.9    6.5               
  345  345 A Q  E     -kl 321 369C  72    -25,-2.5   -23,-2.6    -2,-0.4     2,-0.4  -0.994   1.7-173.5-124.3 133.0    6.5   -1.7    5.3               
  346  346 A V  E     -kl 322 370C   1     23,-2.6    25,-2.9    -2,-0.4     2,-0.4  -0.983   5.0-177.5-126.0 118.3    3.5   -2.5    3.0               
  347  347 A T  E     -kl 323 371C  55    -25,-3.0   -23,-2.3    -2,-0.4     2,-0.4  -0.967   1.8-179.9-121.1 128.0    2.8   -6.2    2.1               
  348  348 A T  E     -kl 324 372C   3     23,-2.6    25,-1.9    -2,-0.4   -23,-0.2  -0.989  25.2-148.2-126.8 136.8    0.0   -7.4   -0.2               
  349  349 A G  S    S-     0   0   45    -25,-2.1   -23,-0.2    -2,-0.4   -24,-0.1   0.753  92.3  -0.0 -72.3 -23.1   -0.8  -11.0   -1.2               
  350  350 A Y  S    S+     0   0   75    -24,-1.9    24,-2.0     1,-0.2    25,-1.0   0.528 118.9   0.9-129.2 -84.3   -2.0  -10.0   -4.7               
  351  351 A Q  B     -ce 327 375D  32    -25,-1.1   -23,-1.9    23,-0.2    25,-0.2  -0.938  29.9-169.2-128.4 145.9   -2.0   -6.4   -6.0               
  352  352 A L        -     0   0    0     23,-2.1     2,-0.5    -2,-0.4   -25,-0.1  -0.761  22.9-171.8-119.7  77.0   -1.1   -2.8   -5.0               
  353  353 A P        -     0   0    6      0, 0.0   -23,-2.7     0, 0.0     2,-0.6  -0.649   5.8-161.4 -75.8 126.7   -2.6   -0.6   -7.7               
  354  354 A V  B     +df 330 378D   1     23,-2.8    25,-2.7    -2,-0.5    26,-0.5  -0.913  17.2 169.1-111.3 106.6   -1.6    3.0   -7.4               
  355  355 A Y        +     0   0   87    -25,-2.6     2,-0.2    -2,-0.6   -24,-0.2   0.596  54.3  36.9 -92.2 -16.7   -3.9    5.3   -9.3               
  356  356 A N  S >  S-     0   0   49    -26,-0.5     3,-0.7   -24,-0.2    24,-0.3  -0.693  88.2 -53.5-143.0-179.1   -2.9    8.8   -8.1               
  357  357 A Y  T 3  S-     0   0   66      1,-0.2   -23,-1.3    -2,-0.2    25,-0.2  -0.312 101.9 -13.8 -71.1 136.8   -0.2   11.3   -6.9               
  358  358 A Q  T 3   +     0   0   12     23,-1.5   -24,-0.4    24,-0.3    25,-0.2   0.835  69.0 168.1  46.7  47.2    2.4   10.7   -4.1               
  359  359 A A  S <  S+     0   0    0     -3,-0.7   -23,-2.4     1,-0.2   -24,-0.2   0.850  74.4  23.2 -57.2 -35.0    0.7    7.6   -2.7               
  360  360 A F  S    S-     0   0    0     23,-2.6     2,-0.5    22,-0.2    -1,-0.2  -0.648  73.9-179.6-137.6  69.5    3.7    6.7   -0.4               
  361  361 A P        -     0   0    0      0, 0.0   -23,-2.7     0, 0.0     2,-0.8  -0.674  12.3-158.6 -78.5 125.9    6.0    9.7    0.3               
  362  362 A A  B     -wx 338 386E   0     23,-2.7    25,-2.7    -2,-0.5   -23,-0.2  -0.887  12.1-153.9-103.2  98.6    9.0    8.7    2.5               
  363  363 A Y    >   -     0   0   52    -25,-2.7     3,-0.9    -2,-0.8   -22,-0.3  -0.290  48.7 -44.8 -70.0 164.4   10.4   11.9    4.2               
  364  364 A P  T 3  S+     0   0   50      0, 0.0   -23,-1.2     0, 0.0    25,-0.2   0.176 126.3   4.4 -47.4 141.1   14.1   12.0    5.2               
  365  365 A S  T 3  S+     0   0   54     23,-1.5    25,-0.2    22,-0.3    24,-0.1   0.734  94.5 127.6  60.1  27.0   15.6    9.0    7.0               
  366  366 A S    <   -     0   0    0     -3,-0.9    -1,-0.1    21,-0.2    21,-0.1  -0.829  51.0-148.3-115.7  91.1   12.4    6.9    6.6               
  367  367 A P        -     0   0   53      0, 0.0   -23,-2.7     0, 0.0     2,-0.4  -0.328  14.9-160.8 -56.7 137.4   13.1    3.5    5.0               
  368  368 A F  E     -lm 344 392C   0     23,-2.6    25,-2.5   -25,-0.2     2,-0.4  -0.982   9.9-175.7-128.0 128.2   10.1    2.3    2.8               
  369  369 A Q  E     -lm 345 393C  65    -25,-2.7   -23,-2.6    -2,-0.4     2,-0.4  -0.984   4.3-173.7-126.3 135.4    9.4   -1.3    1.7               
  370  370 A V  E     -lm 346 394C   0     23,-2.6    25,-2.9    -2,-0.4     2,-0.4  -0.988   4.4-179.8-126.6 122.8    6.7   -2.6   -0.6               
  371  371 A T  E     +lm 347 395C  56    -25,-2.9   -23,-2.6    -2,-0.4     2,-0.4  -0.984   1.8 179.5-122.8 129.2    6.1   -6.3   -1.3               
  372  372 A T  E     -lm 348 396C   3     23,-2.5    25,-1.9    -2,-0.4   -23,-0.2  -0.993  26.9-147.1-128.2 137.4    3.4   -7.7   -3.6               
  373  373 A G  S    S-     0   0   46    -25,-1.9   -23,-0.2    -2,-0.4   -22,-0.1   0.738  92.9  -0.8 -71.0 -22.2    2.6  -11.3   -4.4               
  374  374 A Y  S    S+     0   0   75    -24,-2.0    24,-2.0     1,-0.2    25,-1.0   0.508 117.9   0.3-131.1 -84.8    1.5  -10.4   -8.0               
  375  375 A Q  B     -eg 351 399D  31    -25,-1.0   -23,-2.1    23,-0.2    25,-0.2  -0.941  29.2-168.6-129.4 146.5    1.4   -6.8   -9.5               
  376  376 A L        -     0   0    0     23,-2.0     2,-0.5    -2,-0.4   -25,-0.1  -0.763  22.4-170.8-120.7  77.4    2.1   -3.2   -8.5               
  377  377 A P        -     0   0    6      0, 0.0   -23,-2.8     0, 0.0     2,-0.6  -0.640   5.0-161.5 -74.4 125.6    0.6   -1.1  -11.4               
  378  378 A V  B     +fh 354 402D   0     23,-2.7    25,-2.6    -2,-0.5    26,-0.5  -0.916  17.4 168.9-110.5 107.0    1.7    2.6  -11.1               
  379  379 A Y        +     0   0   89    -25,-2.7     2,-0.2    -2,-0.6   -24,-0.2   0.599  54.0  36.7 -93.2 -16.8   -0.7    4.7  -13.2               
  380  380 A N  S >  S-     0   0   52    -26,-0.5     3,-0.6   -24,-0.3    24,-0.2  -0.681  88.4 -52.7-142.3-178.6    0.2    8.3  -12.1               
  381  381 A Y  T 3  S-     0   0   65      1,-0.2   -23,-1.5    -2,-0.2    25,-0.2  -0.332 101.8 -14.6 -71.5 135.8    2.9   10.9  -11.0               
  382  382 A Q  T 3   +     0   0   11     23,-1.3   -24,-0.3    24,-0.3    25,-0.2   0.844  68.6 167.8  46.2  49.1    5.4   10.4   -8.1               
  383  383 A A  S <  S+     0   0    0     -3,-0.6   -23,-2.6     1,-0.2    25,-0.2   0.863  74.9  24.5 -57.0 -36.8    3.7    7.4   -6.6               
  384  384 A F  S    S-     0   0    0     23,-2.6     2,-0.5    22,-0.2    -1,-0.2  -0.661  73.8-179.9-135.5  69.0    6.8    6.6   -4.3               
  385  385 A P        -     0   0    0      0, 0.0   -23,-2.7     0, 0.0     2,-0.8  -0.675  12.2-158.9 -78.2 123.8    9.0    9.6   -3.6               
  386  386 A A  B     -xy 362 410E   0     23,-2.7    25,-2.7    -2,-0.5   -23,-0.2  -0.881  12.0-153.9-102.3  98.6   12.0    8.8   -1.4               
  387  387 A Y    >   -     0   0   52    -25,-2.7     3,-0.9    -2,-0.8   -22,-0.3  -0.278  47.9 -45.6 -69.6 164.8   13.3   12.0    0.2               
  388  388 A P  T 3  S+     0   0   49      0, 0.0   -23,-1.5     0, 0.0    25,-0.2   0.153 126.3   4.9 -47.6 140.9   17.0   12.3    1.3               
  389  389 A S  T 3  S+     0   0   61     23,-1.5    25,-0.2    22,-0.3    24,-0.1   0.722  94.1 129.0  60.9  26.0   18.6    9.3    3.2               
  390  390 A S    <   -     0   0    0     -3,-0.9    -1,-0.1    21,-0.2    21,-0.1  -0.837  50.7-147.1-114.2  92.6   15.4    7.2    2.8               
  391  391 A P        -     0   0   54      0, 0.0   -23,-2.6     0, 0.0     2,-0.4  -0.338  15.7-160.0 -57.6 136.8   16.2    3.7    1.4               
  392  392 A F  E     -mn 368 416C   1     23,-2.7    25,-2.2   -25,-0.2     2,-0.4  -0.973  10.9-176.0-125.7 130.0   13.3    2.4   -0.8               
  393  393 A Q  E     -mn 369 417C  80    -25,-2.5   -23,-2.6    -2,-0.4     2,-0.4  -0.992   3.6-174.8-128.2 133.2   12.6   -1.3   -1.8               
  394  394 A V  E     +mn 370 418C   1     23,-2.6    25,-2.9    -2,-0.4     2,-0.4  -0.982   5.2 179.0-126.2 120.9   10.0   -2.7   -4.2               
  395  395 A T  E     +mn 371 419C  53    -25,-2.9   -23,-2.5    -2,-0.4     2,-0.4  -0.977   0.8 179.3-123.1 127.9    9.4   -6.4   -4.7               
  396  396 A T  E     -mn 372 420C   3     23,-2.5    25,-2.0    -2,-0.4   -23,-0.2  -0.992  26.7-147.5-127.6 137.4    6.8   -7.9   -6.9               
  397  397 A G  S    S-     0   0   45    -25,-1.9   -23,-0.2    -2,-0.4   -22,-0.1   0.752  93.6  -0.0 -71.0 -23.5    6.1  -11.6   -7.6               
  398  398 A Y  S    S-     0   0   74    -24,-2.0    24,-2.1     1,-0.2    25,-1.2   0.536 119.0  -0.3-129.0 -83.6    5.0  -10.9  -11.2               
  399  399 A Q  B     -gi 375 423D  31    -25,-1.0   -23,-2.0    23,-0.2    25,-0.2  -0.946  29.2-167.2-130.4 146.2    4.9   -7.4  -12.8               
  400  400 A L        -     0   0    0     23,-2.1     2,-0.5    -2,-0.4   -25,-0.1  -0.798  23.5-170.9-118.2  79.9    5.6   -3.7  -12.0               
  401  401 A P        -     0   0    5      0, 0.0   -23,-2.7     0, 0.0     2,-0.6  -0.684   4.5-162.4 -77.6 124.8    4.0   -1.8  -14.9               
  402  402 A V  B     +hj 378 426D   0     23,-2.8    25,-2.7    -2,-0.5    26,-0.5  -0.912  17.3 168.6-110.9 107.1    5.0    1.9  -14.8               
  403  403 A Y        +     0   0   90    -25,-2.6     2,-0.2    -2,-0.6   -24,-0.2   0.590  53.7  41.2 -93.0 -15.7    2.6    4.0  -17.0               
  404  404 A N  S >  S-     0   0   51    -26,-0.5     3,-0.7   -24,-0.2    24,-0.2  -0.707  86.9 -59.2-141.6 177.7    3.5    7.6  -16.0               
  405  405 A Y  T 3  S-     0   0   72      1,-0.2   -23,-1.3    -2,-0.2    25,-0.2  -0.346 102.1 -12.7 -70.2 134.7    6.1   10.3  -15.1               
  406  406 A Q  T 3   +     0   0   11     23,-1.2   -24,-0.3    24,-0.5    -1,-0.2   0.851  69.6 166.8  47.1  49.2    8.6   10.0  -12.1               
  407  407 A A  S <  S+     0   0    0     -3,-0.7   -23,-2.6     1,-0.3    25,-0.2   0.862  75.1  24.3 -58.0 -36.3    6.9    7.0  -10.5               
  408  408 A F  S    S-     0   0    0     23,-2.5     2,-0.5    22,-0.2    -1,-0.3  -0.660  74.0-179.0-135.3  69.2    9.9    6.4   -8.2               
  409  409 A P        -     0   0    0      0, 0.0   -23,-2.7     0, 0.0     2,-0.8  -0.667  11.5-159.3 -77.4 123.5   12.1    9.5   -7.5               
  410  410 A A  B     -yz 386 434E   0     23,-2.8    25,-2.6    -2,-0.5   -23,-0.2  -0.877  11.3-154.1-103.1  98.0   15.1    8.8   -5.3               
  411  411 A Y    >   -     0   0   52    -25,-2.7     3,-0.9    -2,-0.8   -22,-0.3  -0.264  48.0 -46.0 -68.6 164.1   16.3   12.1   -3.8               
  412  412 A P  T 3  S+     0   0   51      0, 0.0   -23,-1.5     0, 0.0    25,-0.2   0.151 125.9   5.8 -47.8 141.4   20.0   12.4   -2.7               
  413  413 A S  T 3  S+     0   0   61     23,-1.5    25,-0.2    22,-0.3    24,-0.1   0.727  93.2 129.5  61.2  26.7   21.6    9.6   -0.6               
  414  414 A S    <   -     0   0    0     -3,-0.9    -1,-0.2    21,-0.2    21,-0.1  -0.838  50.3-147.0-114.2  92.1   18.4    7.3   -1.0               
  415  415 A P        -     0   0   47      0, 0.0   -23,-2.7     0, 0.0     2,-0.4  -0.336  15.3-158.1 -58.5 137.7   19.3    3.8   -2.2               
  416  416 A F  E     -no 392 440C   0     23,-2.9    25,-1.9   -25,-0.2     2,-0.4  -0.957  12.1-175.6-124.4 133.4   16.6    2.3   -4.4               
  417  417 A Q  E     -no 393 441C  59    -25,-2.2   -23,-2.6    -2,-0.4     2,-0.4  -0.996   2.0-175.9-128.6 130.5   16.0   -1.4   -5.2               
  418  418 A V  E     +no 394 442C   1     23,-2.4    25,-3.0    -2,-0.4     2,-0.4  -0.983   5.7 177.6-124.7 122.5   13.4   -2.9   -7.6               
  419  419 A T  E     +no 395 443C  55    -25,-2.9   -23,-2.5    -2,-0.4     2,-0.4  -0.983   1.0 179.3-124.8 127.6   12.9   -6.6   -8.0               
  420  420 A T  E     -no 396 444C   3     23,-2.5    25,-2.0    -2,-0.4   -23,-0.2  -0.990  26.3-147.8-126.3 137.4   10.2   -8.3  -10.2               
  421  421 A G  S    S+     0   0   44    -25,-2.0   -23,-0.2    -2,-0.4   -22,-0.1   0.774  94.2   0.1 -70.4 -25.4    9.6  -12.0  -10.7               
  422  422 A Y  S    S-     0   0   75    -24,-2.1    24,-2.0     1,-0.2    25,-1.4   0.582 119.4  -2.1-127.2 -80.3    8.5  -11.5  -14.4               
  423  423 A Q  B     -ik 399 447D  29    -25,-1.2   -23,-2.1    23,-0.2    -1,-0.2  -0.952  28.5-165.2-133.4 149.3    8.5   -8.0  -16.0               
  424  424 A L        -     0   0    0     23,-2.0     2,-0.5    -2,-0.3   -25,-0.1  -0.798  23.4-170.0-120.3  81.2    9.0   -4.3  -15.4               
  425  425 A P        -     0   0    4      0, 0.0   -23,-2.8     0, 0.0     2,-0.6  -0.682   3.7-162.9 -76.7 123.8    7.4   -2.6  -18.4               
  426  426 A V  B     +jl 402 450D   0     23,-2.8    25,-2.7    -2,-0.5    26,-0.6  -0.914  16.5 169.4-110.0 107.0    8.3    1.2  -18.5               
  427  427 A Y        +     0   0   88    -25,-2.7     2,-0.2    -2,-0.6   -24,-0.2   0.593  53.9  38.6 -92.6 -16.3    6.0    3.1  -20.8               
  428  428 A N  S >  S-     0   0   54    -26,-0.5     3,-0.7   -24,-0.2    24,-0.2  -0.733  87.7 -58.1-142.9 177.2    6.8    6.7  -20.0               
  429  429 A Y  T 3  S-     0   0   73      1,-0.2   -23,-1.2    -2,-0.2    25,-0.2  -0.315 102.1 -11.5 -68.9 136.6    9.3    9.5  -19.1               
  430  430 A Q  T 3   +     0   0   11     23,-1.2   -24,-0.5    24,-0.6    25,-0.2   0.850  68.7 166.6  47.0  49.5   11.7    9.4  -16.1               
  431  431 A A  S <  S+     0   0    1     -3,-0.7   -23,-2.5     1,-0.2    25,-0.2   0.869  75.4  24.5 -57.8 -36.7   10.1    6.5  -14.3               
  432  432 A F  S    S-     0   0    0     23,-2.5     2,-0.5    22,-0.2    -1,-0.2  -0.663  73.8-178.4-135.0  69.4   13.1    6.1  -11.9               
  433  433 A P        -     0   0    0      0, 0.0   -23,-2.8     0, 0.0     2,-0.8  -0.661  10.8-159.8 -77.2 123.3   15.2    9.3  -11.4               
  434  434 A A  B     -za 410 458E   0     23,-2.7    25,-2.4    -2,-0.5   -23,-0.2  -0.873  10.5-153.9-104.3  97.2   18.1    8.6   -9.1               
  435  435 A Y    >   -     0   0   52    -25,-2.6     3,-0.8    -2,-0.8   -22,-0.3  -0.254  48.0 -46.5 -67.8 163.4   19.3   12.0   -7.7               
  436  436 A P  T 3  S+     0   0   52      0, 0.0   -23,-1.5     0, 0.0    25,-0.2   0.157 125.2   6.6 -47.8 142.5   23.0   12.4   -6.6               
  437  437 A S  T 3  S+     0   0   61     23,-1.4    25,-0.2    22,-0.3    24,-0.1   0.734  92.1 130.6  60.6  27.8   24.6    9.7   -4.5               
  438  438 A S    <   -     0   0    0     -3,-0.8    -1,-0.2    21,-0.2    24,-0.1  -0.839  50.7-145.2-113.9  92.1   21.5    7.4   -4.7               
  439  439 A P        -     0   0   42      0, 0.0   -23,-2.9     0, 0.0     2,-0.4  -0.311  17.8-161.3 -54.2 136.2   22.5    3.8   -5.7               
  440  440 A F  E     -op 416 464C   1     23,-2.7    25,-2.0   -25,-0.2     2,-0.4  -0.973  12.7-179.2-127.7 132.5   19.9    2.1   -8.0               
  441  441 A Q  E     -op 417 465C  55    -25,-1.9   -23,-2.4    -2,-0.4     2,-0.4  -0.998   4.4-173.3-130.8 135.4   19.3   -1.6   -8.7               
  442  442 A V  E     +op 418 466C   0     23,-2.3    25,-3.0    -2,-0.4     2,-0.4  -0.990   6.2 179.5-125.0 123.1   16.7   -3.2  -11.0               
  443  443 A T  E     +op 419 467C  56    -25,-3.0   -23,-2.5    -2,-0.4     2,-0.4  -0.986   0.2 179.2-123.6 128.9   16.3   -7.0  -11.2               
  444  444 A T  E     -op 420 468C   3     23,-2.4    25,-2.0    -2,-0.4   -23,-0.2  -0.993  26.1-147.5-127.1 137.1   13.7   -8.7  -13.4               
  445  445 A G  S    S+     0   0   45    -25,-2.0   -23,-0.2    -2,-0.4   -22,-0.1   0.783  94.2   0.3 -70.4 -26.2   13.2  -12.5  -13.7               
  446  446 A Y  S    S-     0   0   76    -24,-2.0    24,-2.0     1,-0.2    25,-1.4   0.606 120.0  -2.6-126.2 -78.0   12.2  -12.2  -17.4               
  447  447 A Q  B     -km 423 471D  29    -25,-1.4   -23,-2.0    23,-0.2    -1,-0.2  -0.960  28.9-163.3-134.9 149.4   12.1   -8.8  -19.2               
  448  448 A L        -     0   0    0     23,-1.8     2,-0.6    -2,-0.3   -25,-0.1  -0.815  23.9-169.5-118.6  82.6   12.5   -5.0  -18.7               
  449  449 A P        -     0   0    4      0, 0.0   -23,-2.8     0, 0.0     2,-0.6  -0.695   2.7-164.4 -76.6 122.8   10.8   -3.5  -21.8               
  450  450 A V  B     +ln 426 474D   0     23,-2.8    25,-2.8    -2,-0.6    26,-0.6  -0.916  15.3 170.1-110.3 106.2   11.7    0.3  -22.0               
  451  451 A Y        +     0   0   88    -25,-2.7     2,-0.2    -2,-0.6   -24,-0.2   0.637  55.1  33.9 -91.5 -19.4    9.3    2.0  -24.4               
  452  452 A N  S >  S-     0   0   50    -26,-0.6     3,-0.5   -24,-0.2    24,-0.3  -0.562  89.4 -54.3-137.0-172.5   10.0    5.7  -23.9               
  453  453 A Y  T 3  S-     0   0   72      1,-0.2   -23,-1.2    -2,-0.2    25,-0.2  -0.470 101.3 -10.8 -80.4 138.1   12.6    8.4  -23.0               
  454  454 A Q  T 3   +     0   0   12     23,-1.0   -24,-0.6    24,-0.5    25,-0.2   0.860  66.3 168.1  46.5  51.5   15.0    8.6  -20.0               
  455  455 A A  S <  S+     0   0    0     -3,-0.5   -23,-2.5     1,-0.3    25,-0.2   0.870  76.3  24.6 -57.3 -36.1   13.4    5.7  -18.0               
  456  456 A F  S    S-     0   0    0     23,-2.3     2,-0.6    22,-0.2    -1,-0.3  -0.675  73.1-176.5-135.9  71.1   16.3    5.6  -15.6               
  457  457 A P        -     0   0    0      0, 0.0   -23,-2.7     0, 0.0     2,-0.8  -0.660  10.1-160.2 -76.8 121.5   18.3    8.8  -15.3               
  458  458 A A  B     -ab 434 482E   0     23,-2.5    25,-2.4    -2,-0.6     4,-0.2  -0.851   9.5-154.7-104.6  95.2   21.3    8.3  -12.9               
  459  459 A Y    >   -     0   0   51    -25,-2.4     3,-1.0    -2,-0.8   -22,-0.3  -0.212  47.1 -47.5 -66.6 163.6   22.5   11.8  -11.7               
  460  460 A P  T 3  S+     0   0   50      0, 0.0   -23,-1.4     0, 0.0    25,-0.2   0.142 124.6   7.0 -47.6 142.9   26.2   12.2  -10.6               
  461  461 A S  T 3  S+     0   0   62     23,-1.4    25,-0.2    22,-0.2    24,-0.1   0.689  91.9 129.4  61.2  23.9   27.8    9.7   -8.2               
  462  462 A S    <   -     0   0    0     -3,-1.0    -1,-0.2    22,-0.2    21,-0.1  -0.845  51.6-146.2-110.2  92.7   24.7    7.3   -8.4               
  463  463 A P        -     0   0   44      0, 0.0   -23,-2.7     0, 0.0     2,-0.4  -0.382  18.6-161.2 -61.5 135.9   25.9    3.8   -9.3               
  464  464 A F  E     -pq 440 488C   0     23,-2.7    25,-2.2   -25,-0.2     2,-0.4  -0.958  13.4-179.2-126.6 133.0   23.3    2.0  -11.4               
  465  465 A Q  E     -pq 441 489C  54    -25,-2.0   -23,-2.3    -2,-0.4     2,-0.4  -0.999   5.6-172.4-132.8 139.2   22.7   -1.7  -12.2               
  466  466 A V  E     -pq 442 490C   0     23,-2.3    25,-3.0    -2,-0.4     2,-0.4  -0.989   6.6-179.3-127.6 124.0   20.1   -3.5  -14.4               
  467  467 A T  E     +pq 443 491C  54    -25,-3.0   -23,-2.4    -2,-0.4     2,-0.4  -0.981   0.9 178.9-124.4 128.0   19.8   -7.3  -14.4               
  468  468 A T  E     -pq 444 492C   2     23,-2.4    25,-2.0    -2,-0.4   -23,-0.2  -0.995  25.7-147.5-127.4 136.0   17.3   -9.2  -16.6               
  469  469 A G  S    S-     0   0   46    -25,-2.0   -23,-0.2    -2,-0.4   -22,-0.1   0.772  93.2  -0.7 -70.1 -25.6   16.9  -13.0  -16.7               
  470  470 A Y  S    S-     0   0   75    -24,-2.0    24,-1.9     1,-0.2    25,-1.4   0.594 119.9  -1.0-128.1 -76.8   15.9  -13.0  -20.4               
  471  471 A Q  B     -mo 447 495D  28    -25,-1.4   -23,-1.8    23,-0.2    -1,-0.2  -0.956  30.2-162.7-134.4 150.0   15.6   -9.7  -22.4               
  472  472 A L        -     0   0    0     23,-1.8     2,-0.6    -2,-0.3   -25,-0.1  -0.794  22.8-169.5-120.1  80.7   16.0   -5.9  -22.1               
  473  473 A P        -     0   0    6      0, 0.0   -23,-2.8     0, 0.0     2,-0.6  -0.675   1.1-166.8 -74.7 121.6   14.2   -4.5  -25.2               
  474  474 A V  B     +np 450 498D   0     23,-2.7    25,-3.0    -2,-0.6    26,-0.4  -0.927  13.2 172.0-112.2 107.7   14.9   -0.7  -25.5               
  475  475 A Y        +     0   0   89    -25,-2.8     2,-0.2    -2,-0.6   -24,-0.2   0.689  54.5  39.3 -90.1 -22.2   12.6    0.9  -28.0               
  476  476 A N  S >  S-     0   0   59    -26,-0.6     3,-0.6   -24,-0.3    24,-0.2  -0.631  88.0 -62.9-135.2 178.7   13.4    4.7  -27.6               
  477  477 A Y  T 3  S-     0   0   70      1,-0.2   -23,-1.0    -2,-0.2    26,-0.2  -0.390 101.7  -6.5 -74.4 136.8   16.0    7.4  -27.1               
  478  478 A Q  T 3   +     0   0   22     24,-1.5   -24,-0.5   -25,-0.2    -1,-0.2   0.837  66.9 164.8  50.8  46.8   18.2    7.8  -23.9               
  479  479 A A  S <  S+     0   0    0     -3,-0.6   -23,-2.3     1,-0.3    25,-0.2   0.860  76.0  27.5 -54.8 -36.1   16.6    5.0  -21.8               
  480  480 A F  S    S-     0   0    1     23,-2.3     2,-0.6   -25,-0.2    -1,-0.3  -0.699  73.0-175.6-134.0  73.8   19.6    5.0  -19.4               
  481  481 A P        -     0   0    0      0, 0.0   -23,-2.5     0, 0.0     2,-0.7  -0.667   9.7-160.1 -77.9 122.5   21.5    8.3  -19.1               
  482  482 A A  B     -bc 458 506E   1     23,-2.1    25,-2.2    -2,-0.6   -23,-0.1  -0.877   7.7-155.5-105.3 102.2   24.6    8.0  -16.9               
  483  483 A Y    >   -     0   0   48    -25,-2.4     3,-1.3    -2,-0.7   -22,-0.2  -0.235  45.4 -53.1 -71.6 166.2   25.8   11.4  -15.6               
  484  484 A P  T 3  S+     0   0   46      0, 0.0   -23,-1.4     0, 0.0   -22,-0.2   0.006 123.3   8.2 -50.1 142.8   29.5   11.9  -14.5               
  485  485 A S  T 3  S+     0   0   69     24,-1.0    25,-0.2    23,-0.3    24,-0.1   0.655  93.6 124.9  60.9  20.9   31.0    9.5  -11.9               
  486  486 A S    <   -     0   0    1     -3,-1.3     2,-0.2   -25,-0.2    -1,-0.2  -0.871  53.6-148.3-109.6  93.0   27.9    7.1  -12.1               
  487  487 A P        -     0   0   55      0, 0.0   -23,-2.7     0, 0.0     2,-0.4  -0.475  16.3-161.6 -64.7 133.5   29.1    3.6  -13.0               
  488  488 A F  E     -qr 464 512C   0     23,-3.0    25,-2.5   -25,-0.2     2,-0.4  -0.965  11.1-178.4-123.5 127.1   26.4    1.8  -15.0               
  489  489 A Q  E     -qr 465 513C  55    -25,-2.2   -23,-2.3    -2,-0.4     2,-0.4  -0.992   6.5-171.4-127.2 140.0   26.1   -2.0  -15.6               
  490  490 A V  E     -qr 466 514C   0     23,-2.1    25,-3.1    -2,-0.4     2,-0.4  -0.997   3.6-176.4-124.8 131.2   23.6   -4.0  -17.6               
  491  491 A T  E     -qr 467 515C  55    -25,-3.0   -23,-2.4    -2,-0.4     2,-0.4  -0.993   2.0-179.1-125.1 127.2   23.3   -7.8  -17.5               
  492  492 A T  E     -qr 468 516C   2     23,-2.3    25,-2.0    -2,-0.4   -23,-0.2  -0.991  23.9-148.1-124.0 134.5   20.9   -9.7  -19.7               
  493  493 A G  S    S-     0   0   44    -25,-2.0   -23,-0.2    -2,-0.4   -22,-0.1   0.762  90.3  -4.7 -70.2 -24.6   20.6  -13.5  -19.6               
  494  494 A Y  S    S+     0   0   77    -24,-1.9    24,-1.7     1,-0.2    25,-1.7   0.543 118.8   6.3-132.6 -78.1   19.7  -13.7  -23.4               
  495  495 A Q  E     -oq 471 519D  30    -25,-1.4   -23,-1.8    23,-0.2    -1,-0.2  -0.934  32.5-164.8-128.9 147.9   19.2  -10.6  -25.6               
  496  496 A L  E     - q   0 520D   0     23,-2.1    25,-1.1    -2,-0.4     2,-0.7  -0.814  20.3-173.5-121.9  82.4   19.5   -6.8  -25.5               
  497  497 A P  E     - q   0 521D  10      0, 0.0   -23,-2.7     0, 0.0     2,-0.6  -0.751   1.8-170.3 -80.4 118.3   17.6   -5.5  -28.6               
  498  498 A V  E     -pq 474 522D   4     23,-3.3    25,-3.0    -2,-0.7   -23,-0.2  -0.946  10.7-172.1-110.6 113.8   18.1   -1.8  -29.0               
  499  499 A Y  S    S+     0   0   83    -25,-3.0     2,-0.3    -2,-0.6   -24,-0.1   0.433  74.0  41.6 -90.0  -0.7   15.8   -0.2  -31.6               
  500  500 A N  S >  S-     0   0   40    -26,-0.4     3,-0.9   -24,-0.2    -1,-0.1  -0.966  78.1-130.0-149.6 134.2   17.6    3.3  -31.4               
  501  501 A Y  T 3  S+     0   0  124     23,-0.5     3,-0.4    -2,-0.3     2,-0.1   0.717  99.0  63.7 -58.6 -28.7   21.3    4.1  -31.2               
  502  502 A Q  T 3   +     0   0   32      1,-0.2   -24,-1.5     3,-0.1    -1,-0.3   0.016  63.7 118.4 -89.5  29.7   21.2    6.6  -28.2               
  503  503 A A  S <  S+     0   0    1     -3,-0.9   -23,-2.3     1,-0.2    -1,-0.2   0.859  80.5  32.6 -63.5 -37.2   19.9    4.0  -25.6               
  504  504 A F  S    S-     0   0   20     -3,-0.4     2,-0.6   -25,-0.2    -1,-0.2  -0.676  74.0-176.3-123.9  68.3   23.0    4.3  -23.2               
  505  505 A P        -     0   0   25      0, 0.0   -23,-2.1     0, 0.0     2,-0.5  -0.611  10.4-160.6 -71.5 119.3   24.3    7.9  -23.3               
  506  506 A A  B     -c  482   0E  27     -2,-0.6    42,-0.3    43,-0.4   -23,-0.2  -0.871   3.0-150.2 -98.3 128.4   27.5    8.1  -21.2               
  507  507 A Y    >   -     0   0   65    -25,-2.2     3,-1.5    -2,-0.5   -22,-0.2  -0.505  46.8 -63.0 -85.9 164.8   28.7   11.5  -19.9               
  508  508 A P  T 3  S+     0   0   96      0, 0.0   -23,-0.3     0, 0.0    -1,-0.2  -0.177 124.0  15.0 -51.3 140.2   32.5   12.2  -19.2               
  509  509 A N  T 3  S+     0   0  145      1,-0.2   -24,-1.0   -25,-0.2     2,-0.5   0.692  94.5 125.8  61.9  23.2   34.0   10.0  -16.5               
  510  510 A S    <   -     0   0   19     -3,-1.5     2,-0.6   -26,-0.2    -1,-0.2  -0.952  50.4-149.3-104.6 128.0   31.0    7.5  -16.5               
  511  511 A A        -     0   0   60     -2,-0.5   -23,-3.0    -3,-0.1     2,-0.4  -0.888  15.2-172.0 -94.4 122.5   31.9    3.8  -17.0               
  512  512 A V  E     -r  488   0C  10     -2,-0.6     2,-0.4   -25,-0.2   -23,-0.2  -0.967   3.5-177.6-117.5 127.1   29.1    1.9  -18.8               
  513  513 A Q  E     -r  489   0C  62    -25,-2.5   -23,-2.1    -2,-0.4     2,-0.4  -0.983   6.1-169.0-124.6 141.9   29.3   -1.9  -19.1               
  514  514 A V  E     -r  490   0C   6     -2,-0.4     2,-0.4    37,-0.3    39,-0.4  -0.982   2.8-174.2-135.6 119.5   26.8   -4.2  -20.9               
  515  515 A T  E     -r  491   0C  68    -25,-3.1   -23,-2.3    -2,-0.4     2,-0.4  -0.947   3.6-177.9-115.0 129.8   26.9   -8.0  -20.6               
  516  516 A T  E     -r  492   0C  17     -2,-0.4   -23,-0.2   -25,-0.2     4,-0.1  -0.998  25.2-146.7-128.7 136.6   24.6  -10.2  -22.7               
  517  517 A G  S    S-     0   0   59    -25,-2.0   -23,-0.2    -2,-0.4   -22,-0.1   0.722  91.2  -6.0 -70.4 -23.3   24.3  -14.1  -22.5               
  518  518 A Y  S    S+     0   0  141    -24,-1.7     2,-0.4     1,-0.2   -23,-0.2   0.582 118.5   8.3-136.3 -68.9   23.6  -14.4  -26.3               
  519  519 A Q  E     -q  495   0D  64    -25,-1.7   -23,-2.1     2,-0.0     2,-0.6  -0.989  35.6-159.7-138.5 140.0   23.0  -11.4  -28.7               
  520  520 A F  E     -q  496   0D  65     -2,-0.4     2,-0.5   -25,-0.2   -25,-0.1  -0.956  24.8-173.4-109.6 107.7   23.2   -7.6  -28.7               
  521  521 A H  E     -q  497   0D  57    -25,-1.1   -23,-3.3    -2,-0.6     2,-0.6  -0.934  10.2-167.4-108.7 124.1   21.1   -6.3  -31.6               
  522  522 A V  E     -q  498   0D  55     -2,-0.5     2,-0.3   -25,-0.2   -23,-0.2  -0.946   8.0-165.7-110.6 112.8   21.0   -2.6  -32.7               
  523  523 A Y        +     0   0  101    -25,-3.0   -22,-0.1    -2,-0.6    -2,-0.0  -0.773  64.3  39.3 -98.2 143.4   18.2   -1.7  -35.1               
  524  524 A N        -     0   0  123     -2,-0.3     2,-1.0     1,-0.2   -23,-0.5   0.942  63.6-179.1  72.6  66.9   18.3    1.7  -37.0               
  525  525 A Y        +     0   0  178     -3,-0.2     2,-0.8   -25,-0.1    -1,-0.2  -0.785   7.8 170.0 -88.5  92.8   21.9    2.2  -38.0               
  526  526 A Q        -     0   0  189     -2,-1.0   -25,-0.0     3,-0.0     0, 0.0  -0.935  29.4-143.1 -93.8 103.7   22.1    5.6  -39.8               
  527  527 A M        -     0   0  144     -2,-0.8     4,-0.0     1,-0.1     3,-0.0  -0.501  24.1-110.4 -53.8 130.8   25.9    6.1  -40.1               
  528  528 A P        -     0   0   95      0, 0.0     2,-0.4     0, 0.0    -1,-0.1  -0.468  44.1 -96.8 -57.0 138.0   26.7    9.8  -39.6               
  529  529 A P  S    S+     0   0  126      0, 0.0    -3,-0.0     0, 0.0     0, 0.0  -0.561 101.4  44.7 -62.1 122.0   27.8   11.0  -43.0               
  530  530 A Q        +     0   0  187     -2,-0.4     0, 0.0     1,-0.3     0, 0.0   0.864  51.2 129.4  97.0  77.8   31.7   10.9  -42.7               
  531  531 A C        -     0   0  107     -3,-0.1    -1,-0.3    -4,-0.0     2,-0.2  -0.956  57.0-123.4-125.0 129.0   33.7    8.1  -41.3               
  532  532 A P        -     0   0  126      0, 0.0     2,-0.8     0, 0.0     0, 0.0  -0.462  26.4-108.9 -68.5 135.7   36.5    7.1  -43.8               
  533  533 A V        +     0   0  159     -2,-0.2     2,-0.2     3,-0.0     3,-0.1  -0.545  64.2 139.2 -65.2 101.3   36.6    3.4  -44.8               
  534  534 A G        -     0   0   64     -2,-0.8    -1,-0.0     1,-0.1     0, 0.0  -0.801  49.7  -3.9-155.5 112.2   39.7    2.1  -43.0               
  535  535 A E        -     0   0  164     -2,-0.2     2,-1.1     1,-0.2    -1,-0.1   0.996  39.8-148.8  73.9  92.6   40.1   -1.3  -41.3               
  536  536 A Q        +     0   0  204     -3,-0.1     2,-0.4     2,-0.0    -1,-0.2  -0.661  35.8 164.1 -56.7  98.9   37.7   -4.1  -40.5               
  537  537 A R        -     0   0  209     -2,-1.1     3,-0.2     3,-0.1     0, 0.0  -0.990  38.5-109.5-126.0 127.5   39.2   -5.4  -37.2               
  538  538 A R        -     0   0  241     -2,-0.4    -2,-0.0     1,-0.2     0, 0.0  -0.182  65.6 -31.8 -44.0 132.7   37.1   -7.7  -35.0               
  539  539 A N  S    S+     0   0  149     14,-0.0    -1,-0.2     0, 0.0     2,-0.1   0.622  84.8 101.7  27.8  92.5   35.6   -6.6  -31.7               
  540  540 A L        -     0   0  143     -3,-0.2     2,-0.1     2,-0.0    13,-0.1  -0.430  55.0-131.4 177.5 130.6   37.3   -4.1  -29.4               
  541  541 A W        -     0   0  103     11,-0.2     2,-0.3    -2,-0.1    10,-0.0  -0.454  23.7-155.6 -80.1 160.6   36.4   -0.3  -29.0               
  542  542 A T        -     0   0  121     -2,-0.1    -2,-0.0     1,-0.1     0, 0.0  -0.994  16.5 -39.1-150.3 136.4   38.8    2.7  -29.0               
  543  543 A E        -     0   0  153     -2,-0.3    -1,-0.1     6,-0.0     6,-0.0   0.734  46.3 -61.6  44.9 101.3   39.6    6.3  -28.1               
  544  544 A A        +     0   0   49      0, 0.0     5,-0.0     0, 0.0    -2,-0.0   0.859  54.1  71.6  86.5 118.8   38.7    9.6  -27.5               
  545  545 A Y  S    S+     0   0  232      0, 0.0     0, 0.0     0, 0.0     0, 0.0   0.731  79.1  22.0  88.1 117.7   37.2   13.0  -28.6               
  546  546 A K  S    S-     0   0  198      0, 0.0     0, 0.0     0, 0.0     0, 0.0   0.968 105.0 -41.4  71.6  79.1   33.7   14.2  -29.6               
  547  547 A W  S    S+     0   0  207    -41,-0.0   -40,-0.1     2,-0.0     0, 0.0   0.712  87.1  74.4  61.4 140.6   30.7   12.1  -28.2               
  548  548 A W        +     0   0  146    -42,-0.3     2,-0.3     1,-0.2   -41,-0.1   0.813  31.6 159.6  92.5 105.0   30.1    8.3  -27.9               
  549  549 A Y        +     0   0  102    -45,-0.2   -43,-0.4   -43,-0.1    -1,-0.2  -0.961  18.4 131.1-139.2 134.6   31.5    5.6  -25.5               
  550  550 A L        -     0   0   19     -2,-0.3     2,-0.5   -45,-0.1   -37,-0.1  -0.237  36.4-159.1-162.6  67.6   30.0    2.2  -24.6               
  551  551 A V        -     0   0   38    -39,-0.1     2,-0.7     1,-0.1   -37,-0.3  -0.325  12.2-145.9 -54.3 104.7   32.9   -0.5  -24.9               
  552  552 A C        -     0   0   34     -2,-0.5     2,-0.8   -39,-0.1   -11,-0.2  -0.664  13.0-168.8 -70.1 110.4   31.1   -3.8  -25.3               
  553  553 A L        -     0   0   98     -2,-0.7     2,-1.0   -39,-0.4    -1,-0.0  -0.878   6.1-178.2 -99.1  94.6   33.2   -6.6  -23.6               
  554  554 A I        -     0   0  106     -2,-0.8     2,-1.0   -39,-0.1   -39,-0.1  -0.859   5.9-169.1 -87.8 100.1   31.5   -9.8  -24.8               
  555  555 A Q        -     0   0  180     -2,-1.0     2,-0.5     2,-0.0    -2,-0.1  -0.832   8.3-157.9 -87.5  96.7   33.5  -12.5  -22.9               
  556  556 A R        -     0   0  209     -2,-1.0     2,-0.8     1,-0.0   -39,-0.0  -0.711   7.3-146.9 -66.7 119.2   32.3  -15.7  -24.7               
  557  557 A R              0   0  250     -2,-0.5    -2,-0.0     0, 0.0    -1,-0.0  -0.925 360.0 360.0 -79.9 108.2   33.0  -18.7  -22.4               
  558  558 A D              0   0  210     -2,-0.8     0, 0.0     0, 0.0     0, 0.0  -0.488 360.0 360.0 -65.6 360.0   33.8  -21.3  -25.0               
