==== Secondary Structure Definition by the program DSSP, CMBI version 2.0                          ==== DATE=2026-03-08        .
REFERENCE W. KABSCH AND C.SANDER, BIOPOLYMERS 22 (1983) 2577-2637                                                              .
HEADER                                            01-AUG-25                                                                    .
COMPND    MOL_ID: 1; MOLECULE: SERINE/ARGININE-RICH SPLICING FACTOR 5; CHAIN: A                                                .
SOURCE    MOL_ID: 1; ORGANISM_SCIENTIFIC: HOMO SAPIENS; ORGANISM_TAXID: 9606                                                   .
AUTHOR                                                                                                                         .
  272  1  0  0  0 TOTAL NUMBER OF RESIDUES, NUMBER OF CHAINS, NUMBER OF SS-BRIDGES(TOTAL,INTRACHAIN,INTERCHAIN)                .
 29454.7   ACCESSIBLE SURFACE OF PROTEIN (ANGSTROM**2)                                                                         .
  130 47.8   TOTAL NUMBER OF HYDROGEN BONDS OF TYPE O(I)-->H-N(J)  , SAME NUMBER PER 100 RESIDUES                              .
    0  0.0   TOTAL NUMBER OF HYDROGEN BONDS IN     PARALLEL BRIDGES, SAME NUMBER PER 100 RESIDUES                              .
   43 15.8   TOTAL NUMBER OF HYDROGEN BONDS IN ANTIPARALLEL BRIDGES, SAME NUMBER PER 100 RESIDUES                              .
    0  0.0   TOTAL NUMBER OF HYDROGEN BONDS OF TYPE O(I)-->H-N(I-5), SAME NUMBER PER 100 RESIDUES                              .
    0  0.0   TOTAL NUMBER OF HYDROGEN BONDS OF TYPE O(I)-->H-N(I-4), SAME NUMBER PER 100 RESIDUES                              .
    3  1.1   TOTAL NUMBER OF HYDROGEN BONDS OF TYPE O(I)-->H-N(I-3), SAME NUMBER PER 100 RESIDUES                              .
    0  0.0   TOTAL NUMBER OF HYDROGEN BONDS OF TYPE O(I)-->H-N(I-2), SAME NUMBER PER 100 RESIDUES                              .
    0  0.0   TOTAL NUMBER OF HYDROGEN BONDS OF TYPE O(I)-->H-N(I-1), SAME NUMBER PER 100 RESIDUES                              .
    0  0.0   TOTAL NUMBER OF HYDROGEN BONDS OF TYPE O(I)-->H-N(I+0), SAME NUMBER PER 100 RESIDUES                              .
    0  0.0   TOTAL NUMBER OF HYDROGEN BONDS OF TYPE O(I)-->H-N(I+1), SAME NUMBER PER 100 RESIDUES                              .
   38 14.0   TOTAL NUMBER OF HYDROGEN BONDS OF TYPE O(I)-->H-N(I+2), SAME NUMBER PER 100 RESIDUES                              .
   15  5.5   TOTAL NUMBER OF HYDROGEN BONDS OF TYPE O(I)-->H-N(I+3), SAME NUMBER PER 100 RESIDUES                              .
   32 11.8   TOTAL NUMBER OF HYDROGEN BONDS OF TYPE O(I)-->H-N(I+4), SAME NUMBER PER 100 RESIDUES                              .
    1  0.4   TOTAL NUMBER OF HYDROGEN BONDS OF TYPE O(I)-->H-N(I+5), SAME NUMBER PER 100 RESIDUES                              .
  1  2  3  4  5  6  7  8  9 10 11 12 13 14 15 16 17 18 19 20 21 22 23 24 25 26 27 28 29 30     *** HISTOGRAMS OF ***           .
  0  0  0  0  0  0  0  2  0  0  2  0  0  0  0  0  0  0  0  0  0  0  0  0  0  0  0  0  0  0    RESIDUES PER ALPHA HELIX         .
  0  0  0  0  0  0  0  0  0  0  0  0  0  0  0  0  0  0  0  0  0  0  0  0  0  0  0  0  0  0    PARALLEL BRIDGES PER LADDER      .
  0  2  0  2  3  1  0  0  0  0  0  0  0  0  0  0  0  0  0  0  0  0  0  0  0  0  0  0  0  0    ANTIPARALLEL BRIDGES PER LADDER  .
  2  0  2  0  0  0  0  0  0  0  0  0  0  0  0  0  0  0  0  0  0  0  0  0  0  0  0  0  0  0    LADDERS PER SHEET                .
  #  RESIDUE AA STRUCTURE BP1 BP2  ACC     N-H-->O    O-->H-N    N-H-->O    O-->H-N    TCO  KAPPA ALPHA  PHI   PSI    X-CA   Y-CA   Z-CA            CHAIN
    1    1 A M              0   0  237      0, 0.0     3,-0.2     0, 0.0     0, 0.0   0.000 360.0 360.0 360.0 109.9   -9.2    0.7  -22.9               
    2    2 A S    >   +     0   0   89      1,-0.1     3,-0.5     2,-0.1    72,-0.3  -0.130 360.0 110.7-119.8  31.0   -6.6    2.8  -21.0               
    3    3 A G  T 3   +     0   0   36      1,-0.2    -1,-0.1    70,-0.1    69,-0.1   0.532  59.6  79.6 -81.7  -8.6   -5.2    0.3  -18.4               
    4    4 A C  T 3  S+     0   0   27     -3,-0.2    40,-3.3    41,-0.1     2,-0.5   0.527  71.8  90.0 -84.6  -6.4   -1.8   -0.0  -19.9               
    5    5 A R  E <   -A   43   0A  93     -3,-0.5    67,-2.3    67,-0.2     2,-0.3  -0.844  54.7-168.6-100.1 127.2   -0.2    3.2  -18.6               
    6    6 A V  E     -AB  42  71A   0     36,-3.4    36,-2.4    -2,-0.5     2,-0.4  -0.798  10.8-145.3-107.7 140.6    1.6    3.3  -15.2               
    7    7 A F  E     -AB  41  70A  55     63,-3.5    63,-2.7    -2,-0.3     2,-0.5  -0.931   8.1-159.2-104.4 136.2    2.7    6.4  -13.3               
    8    8 A I  E     -AB  40  69A   0     32,-3.0    32,-2.7    -2,-0.4     3,-0.3  -0.969  12.3-176.0-119.7 112.5    5.9    6.4  -11.3               
    9    9 A G  E     +AB  39  68A   5     59,-3.4    59,-2.5    -2,-0.5    30,-0.2  -0.628  60.6  34.7 -98.4 166.0    6.2    9.1   -8.6               
   10   10 A R  S    S+     0   0  176     28,-0.8     2,-0.4    57,-0.2    29,-0.2   0.840  72.5 166.3  54.2  39.3    9.2    9.8   -6.3               
   11   11 A L        -     0   0    7     27,-1.4    -1,-0.2    -3,-0.3    27,-0.1  -0.723  44.8-110.2 -74.7 132.4   11.8    9.0   -8.9               
   12   12 A N    >   -     0   0   41     -2,-0.4     3,-2.5    50,-0.4    26,-0.2  -0.374  25.1-122.0 -53.8 133.7   15.3   10.2   -7.9               
   13   13 A P  T 3  S+     0   0  109      0, 0.0    -1,-0.1     0, 0.0    26,-0.1   0.682 115.6  57.6 -56.4 -16.9   16.2   13.2  -10.3               
   14   14 A A  T 3  S+     0   0   68     49,-0.1     2,-0.2     2,-0.1    49,-0.1   0.518  79.9 114.5 -85.1 -10.8   19.2   11.0  -11.3               
   15   15 A A    <   -     0   0   16     -3,-2.5     2,-0.2    47,-0.1    23,-0.1  -0.453  51.5-160.6 -67.9 128.5   17.0    8.0  -12.4               
   16   16 A R    >>  -     0   0  188     -2,-0.2     4,-1.8     1,-0.1     3,-1.4  -0.670  33.8-102.3-107.3 165.5   17.2    7.4  -16.2               
   17   17 A E  H 3> S+     0   0  114      1,-0.3     4,-3.3    -2,-0.2     5,-0.2   0.883 121.1  58.8 -52.6 -40.1   15.0    5.5  -18.7               
   18   18 A K  H 3> S+     0   0  140      2,-0.2     4,-2.1     1,-0.2    -1,-0.3   0.760 104.8  49.0 -60.5 -33.1   17.5    2.5  -18.5               
   19   19 A D  H <> S+     0   0   39     -3,-1.4     4,-1.6     2,-0.2    -1,-0.2   0.910 113.8  45.3 -77.2 -40.3   16.9    2.2  -14.7               
   20   20 A V  H  X S+     0   0    0     -4,-1.8     4,-2.4     2,-0.2     5,-0.3   0.949 113.6  50.6 -63.2 -47.5   13.1    2.2  -15.1               
   21   21 A E  H  X S+     0   0  108     -4,-3.3     4,-1.3     1,-0.2    -2,-0.2   0.936 112.3  46.3 -57.4 -48.5   13.4   -0.2  -18.1               
   22   22 A R  H  < S+     0   0  153     -4,-2.1    -1,-0.2     1,-0.2    -2,-0.2   0.801 112.3  52.1 -61.2 -32.7   15.6   -2.6  -15.9               
   23   23 A F  H  < S+     0   0   20     -4,-1.6    -2,-0.2    -3,-0.2    -1,-0.2   0.853 114.8  39.6 -76.7 -34.9   13.2   -2.2  -13.0               
   24   24 A F  H >X S+     0   0    0     -4,-2.4     3,-1.9    -5,-0.1     4,-0.9   0.544  88.4 116.0 -87.9  -9.1   10.1   -3.1  -15.2               
   25   25 A K  T 3< S+     0   0  168     -4,-1.3     4,-0.1    -5,-0.3    -3,-0.0  -0.490  77.3  30.0 -62.9 110.5   12.1   -5.8  -17.0               
   26   26 A G  T 34 S+     0   0   75     -2,-0.6    -1,-0.2     2,-0.4     3,-0.1   0.009 106.9  69.9 125.1 -21.7   10.4   -9.1  -16.0               
   27   27 A Y  T <4 S-     0   0   71     -3,-1.9     2,-0.3     1,-0.3    26,-0.2   0.712 109.3 -46.0 -97.4 -25.0    6.7   -7.9  -15.6               
   28   28 A G     <  -     0   0   23     -4,-0.9     2,-0.6    24,-0.1    -2,-0.4  -0.976  66.4 -62.2 174.8 175.4    5.9   -7.1  -19.2               
   29   29 A R        -     0   0  161     -2,-0.3    16,-2.4    -3,-0.1     2,-0.5  -0.732  47.5-140.5 -81.6 121.6    6.7   -5.6  -22.6               
   30   30 A I  E     -C   44   0A  47     -2,-0.6    14,-0.3    14,-0.2     3,-0.1  -0.741  18.1-175.0 -85.4 125.1    7.1   -1.8  -22.3               
   31   31 A R  E     -     0   0A 183     12,-2.8     2,-0.3    -2,-0.5    13,-0.2   0.827  69.4  -2.0 -84.1 -42.0    5.6    0.1  -25.3               
   32   32 A D  E     -C   43   0A  98     11,-1.5    11,-3.0     2,-0.0     2,-0.4  -0.991  54.2-153.3-153.9 151.4    6.8    3.6  -24.2               
   33   33 A I  E     -C   42   0A  32     -2,-0.3     2,-0.6     9,-0.2     9,-0.2  -0.968   9.2-176.9-131.4 116.4    8.7    5.4  -21.4               
   34   34 A D  E     -C   41   0A  54      7,-2.9     7,-2.2    -2,-0.4     2,-0.4  -0.885  12.9-172.3-113.9  96.5    8.1    9.1  -20.6               
   35   35 A L  E     +C   40   0A  39     -2,-0.6     5,-0.3     5,-0.3     2,-0.2  -0.761   6.5 174.5 -94.1 138.0   10.5   10.3  -17.8               
   36   36 A K  E >   -C   39   0A  99      3,-2.6     3,-1.0    -2,-0.4     2,-0.7  -0.803  48.5 -68.8-129.4 168.7   10.2   13.7  -16.1               
   37   37 A R  T 3  S-     0   0  236      1,-0.3   -25,-0.1    -2,-0.2     3,-0.0  -0.515 121.3  -7.2 -64.9 106.9   12.0   15.5  -13.1               
   38   38 A G  T 3  S+     0   0   28     -2,-0.7   -27,-1.4   -26,-0.2   -28,-0.8   0.296 134.1  46.5  89.4  -6.6   10.8   13.5  -10.1               
   39   39 A F  E <   -AC   9  36A  77     -3,-1.0    -3,-2.6   -29,-0.2     2,-0.3  -0.987  57.9-175.9-159.2 159.1    8.1   11.4  -11.9               
   40   40 A G  E     -AC   8  35A   0    -32,-2.7   -32,-3.0    -2,-0.3     2,-0.4  -0.898  17.7-132.0-148.5 171.4    7.6    9.2  -15.0               
   41   41 A F  E     -AC   7  34A  40     -7,-2.2    -7,-2.9    -2,-0.3     2,-0.4  -0.998  12.2-164.9-131.6 140.6    5.1    7.2  -17.0               
   42   42 A V  E     -AC   6  33A   0    -36,-2.4   -36,-3.4    -2,-0.4     2,-0.6  -0.992   7.6-155.0-124.4 123.5    5.5    3.7  -18.4               
   43   43 A E  E     -AC   5  32A  52    -11,-3.0   -12,-2.8    -2,-0.4   -11,-1.5  -0.925  13.2-159.5 -97.6 121.7    3.1    2.3  -21.1               
   44   44 A F  E     - C   0  30A   1    -40,-3.3   -14,-0.2    -2,-0.6   -40,-0.1  -0.564  22.0-134.5 -88.1 158.9    2.8   -1.5  -21.2               
   45   45 A E  S    S+     0   0  102    -16,-2.4    -1,-0.1    -2,-0.2   -15,-0.1   0.938  97.4  44.6 -72.6 -51.0    1.6   -3.5  -24.1               
   46   46 A D  S  > S-     0   0   46    -17,-0.3     4,-1.3     1,-0.1    -1,-0.2  -0.760  71.4-149.2 -95.9 133.1   -0.6   -5.6  -21.8               
   47   47 A P  H  > S+     0   0   47      0, 0.0     4,-2.0     0, 0.0    -1,-0.1   0.811 100.3  59.9 -68.1 -26.7   -2.8   -4.0  -19.1               
   48   48 A R  H  > S+     0   0  171      2,-0.2     4,-2.6     1,-0.2     5,-0.2   0.949 103.0  49.9 -65.5 -46.1   -2.4   -7.2  -17.0               
   49   49 A D  H  > S+     0   0   37      1,-0.2     4,-2.5     2,-0.2    -1,-0.2   0.835 109.7  52.8 -58.2 -37.3    1.4   -6.7  -16.9               
   50   50 A A  H  X S+     0   0    0     -4,-1.3     4,-2.3     2,-0.2    -1,-0.2   0.921 109.6  47.3 -65.3 -45.4    0.8   -3.1  -15.9               
   51   51 A D  H  X S+     0   0   78     -4,-2.0     4,-2.2     2,-0.2    -2,-0.2   0.936 115.0  46.0 -60.3 -47.4   -1.4   -4.2  -12.9               
   52   52 A D  H  X S+     0   0   97     -4,-2.6     4,-2.3     1,-0.2     5,-0.3   0.916 112.4  51.2 -63.2 -43.2    1.2   -6.8  -11.8               
   53   53 A A  H  X S+     0   0    0     -4,-2.5     4,-2.1    -5,-0.2     5,-0.3   0.901 110.2  49.1 -60.9 -43.1    4.0   -4.3  -12.2               
   54   54 A V  H  X S+     0   0   19     -4,-2.3     4,-1.3     2,-0.2    15,-0.2   0.912 112.4  48.9 -64.2 -40.8    2.1   -1.7  -10.0               
   55   55 A Y  H  < S+     0   0  171     -4,-2.2    -2,-0.2     1,-0.2    -1,-0.2   0.920 121.2  32.1 -65.1 -45.6    1.4   -4.4   -7.3               
   56   56 A E  H  < S+     0   0  109     -4,-2.3    -1,-0.2     1,-0.2    -2,-0.2   0.736 122.9  44.1 -86.5 -27.6    5.1   -5.7   -7.1               
   57   57 A L  H >< S+     0   0    0     -4,-2.1     3,-1.9    -5,-0.3     2,-0.2   0.645  79.9 111.5 -99.6 -15.3    7.0   -2.5   -7.8               
   58   58 A D  T 3< S+     0   0   88     -4,-1.3    10,-0.2    -5,-0.3   -50,-0.0  -0.406  92.2  10.2 -60.7 123.9    5.1    0.0   -5.7               
   59   59 A G  T 3  S+     0   0   29      8,-2.1    -1,-0.3     1,-0.3     9,-0.1   0.462  94.0 141.1  83.1   3.5    7.4    1.1   -2.8               
   60   60 A K    <   -     0   0   97     -3,-1.9     7,-2.3     7,-0.2     2,-0.6  -0.359  58.1-104.7 -74.5 153.5   10.6   -0.6   -4.2               
   61   61 A E  E     +D   66   0B 118      5,-0.2     2,-0.5    -2,-0.1     5,-0.2  -0.743  38.2 176.4 -89.6 117.2   14.0    1.2   -3.9               
   62   62 A L  E >  S-D   65   0B  14      3,-2.8     3,-1.7    -2,-0.6   -50,-0.4  -0.988  77.3 -16.4-118.2 117.1   15.3    2.8   -7.2               
   63   63 A C  T 3  S-     0   0   57     -2,-0.5    -1,-0.1     1,-0.3   -49,-0.1   0.892 127.8 -54.3  52.3  46.4   18.6    4.8   -6.7               
   64   64 A S  T 3  S+     0   0  124      1,-0.2     2,-0.3    -3,-0.1    -1,-0.3   0.404 121.2  98.7  67.6   5.5   18.2    4.9   -2.9               
   65   65 A E  E <  S-D   62   0B  92     -3,-1.7    -3,-2.8    -5,-0.0     2,-0.7  -0.909  76.9-117.7-116.1 146.8   14.6    6.5   -3.1               
   66   66 A R  E     -D   61   0B 134     -2,-0.3    -5,-0.2    -5,-0.2     2,-0.2  -0.757  29.4-145.3 -81.9 117.9   11.3    4.6   -2.8               
   67   67 A V        -     0   0    0     -7,-2.3    -8,-2.1    -2,-0.7     2,-0.5  -0.519   2.5-142.5 -80.2 146.1    9.3    4.9   -6.0               
   68   68 A T  E     -B    9   0A  52    -59,-2.5   -59,-3.4   -10,-0.2     2,-0.5  -0.969  16.2-161.9-107.9 125.8    5.5    5.2   -5.8               
   69   69 A I  E     +B    8   0A   9     -2,-0.5     2,-0.3   -61,-0.2   -61,-0.2  -0.921  16.5 164.0-117.1 127.2    3.7    3.3   -8.7               
   70   70 A E  E     -B    7   0A 100    -63,-2.7   -63,-3.5    -2,-0.5     2,-0.3  -0.988  46.2 -95.0-136.6 148.7    0.1    4.0   -9.6               
   71   71 A H  E     -B    6   0A  73     -2,-0.3     2,-1.2   -65,-0.2   -65,-0.3  -0.491  47.9-117.5 -59.2 123.2   -2.2    3.3  -12.6               
   72   72 A A        -     0   0   11    -67,-2.3     2,-1.0    -2,-0.3   -67,-0.2  -0.505  22.0-143.7 -68.4 101.4   -2.0    6.4  -14.8               
   73   73 A R        -     0   0  212     -2,-1.2     2,-0.5     1,-0.1    -1,-0.1  -0.579  21.0-129.4 -60.9 101.5   -5.5    7.7  -14.8               
   74   74 A A        -     0   0   66     -2,-1.0     2,-0.7   -72,-0.3    -1,-0.1  -0.465  18.0-127.0 -52.4 107.7   -5.7    9.0  -18.3               
   75   75 A R        -     0   0  236     -2,-0.5     2,-2.0     1,-0.1    -1,-0.1  -0.630  28.4-121.4 -56.1 109.2   -7.0   12.5  -17.8               
   76   76 A S    >   +     0   0  102     -2,-0.7     2,-1.8     1,-0.1     3,-0.8  -0.465  39.5 176.8 -62.6  80.3   -9.8   12.1  -20.3               
   77   77 A R  T 3  S+     0   0  257     -2,-2.0    -1,-0.1     1,-0.2    -2,-0.1  -0.581  73.9  64.7 -81.4  61.4   -8.7   15.1  -22.5               
   78   78 A G  T 3   +     0   0   67     -2,-1.8     2,-0.4     3,-0.0    -1,-0.2   0.193  58.6 119.3 176.8  22.5  -11.6   13.9  -24.6               
   79   79 A G    <   +     0   0   66     -3,-0.8     2,-0.9     0, 0.0    -3,-0.0  -0.557  24.6 159.7-104.1  62.5  -14.9   14.5  -22.6               
   80   80 A R        +     0   0  257     -2,-0.4    -3,-0.0     1,-0.1     0, 0.0  -0.800  34.3 119.1 -66.1 109.5  -16.7   16.9  -24.9               
   81   81 A G        -     0   0   68     -2,-0.9    -1,-0.1     0, 0.0    -3,-0.0   0.187  60.0 -93.0 165.4  80.7  -20.2   16.3  -23.4               
   82   82 A R        +     0   0  262      1,-0.1     3,-0.1     2,-0.1    -2,-0.0   0.836  54.2 124.0  64.4  94.9  -22.9   18.1  -21.7               
   83   83 A G        +     0   0   84      1,-0.1     2,-0.6     2,-0.0     3,-0.2   0.270  45.7 106.5-171.0  22.9  -23.9   18.8  -18.1               
   84   84 A R  S    S-     0   0  234      1,-0.3    -1,-0.1     0, 0.0    -2,-0.1  -0.973  86.8  -0.5-102.5 118.4  -24.1   22.6  -17.6               
   85   85 A Y        +     0   0  228     -2,-0.6    -1,-0.3     1,-0.1     2,-0.2   0.993  66.8 147.8  65.4  95.1  -27.8   23.7  -17.4               
   86   86 A S        -     0   0  104     -3,-0.2     3,-0.1     0, 0.0    -1,-0.1  -0.639  49.6 -51.4-150.9 107.6  -30.7   21.4  -17.6               
   87   87 A D        -     0   0  129     -2,-0.2     2,-2.8     1,-0.2     0, 0.0   0.694  21.6-130.4  61.8  80.9  -33.9   21.9  -15.9               
   88   88 A R  S    S+     0   0  240      1,-0.1     2,-0.2     2,-0.0    -1,-0.2  -0.202  76.3  96.9  31.0   7.2  -35.5   22.4  -12.8               
   89   89 A F        +     0   0  192     -2,-2.8    -1,-0.1    -3,-0.1    -2,-0.0  -0.603  32.3  98.6-153.8  91.4  -38.1   19.6  -13.1               
   90   90 A S        +     0   0  117     -2,-0.2     2,-0.3     3,-0.0     3,-0.1  -0.303  33.7 169.0-157.3  81.3  -38.0   16.1  -11.6               
   91   91 A S        +     0   0  108      1,-0.2    -2,-0.0     0, 0.0     0, 0.0  -0.677  50.5  39.1 -63.6 142.6  -39.9   15.7   -8.4               
   92   92 A R        +     0   0  226     -2,-0.3    -1,-0.2     1,-0.1     0, 0.0   0.998  51.4 114.9  75.8  90.6  -40.4   12.1   -7.4               
   93   93 A R        +     0   0  247     -3,-0.1     2,-0.7     0, 0.0    -1,-0.1  -0.453  20.1 170.4-152.2 111.1  -38.4    9.0   -7.4               
   94   94 A P        +     0   0  123      0, 0.0     2,-0.1     0, 0.0     0, 0.0  -0.926  33.0 128.1 -90.8 111.5  -37.3    7.4   -4.1               
   95   95 A R        -     0   0  229     -2,-0.7     0, 0.0     0, 0.0     0, 0.0  -0.519  54.2 -19.0-169.8 121.8  -35.8    3.9   -5.0               
   96   96 A N        +     0   0  137     -2,-0.1     3,-0.5     1,-0.1     2,-0.3   0.518  53.8 133.3  85.3  33.9  -32.8    1.8   -4.4               
   97   97 A D        +     0   0  149      1,-0.2    -1,-0.1     2,-0.1     3,-0.0  -0.255  53.4 104.7 -91.2  43.2  -29.4    3.3   -3.2               
   98   98 A R    >   +     0   0  231     -2,-0.3     3,-0.5     1,-0.1    -1,-0.2   0.451  59.9  73.2 -97.5  -3.7  -29.2    0.4   -0.6               
   99   99 A R  T 3  S+     0   0  240     -3,-0.5    -1,-0.1     1,-0.2    -2,-0.1   0.685  99.3  44.8 -88.6 -14.2  -26.5   -1.7   -2.5               
  100  100 A N  T 3  S+     0   0  138     -3,-0.0    -1,-0.2     2,-0.0    -3,-0.0  -0.497  74.2 168.6-121.4  55.2  -23.7    0.8   -1.6               
  101  101 A A    <   -     0   0   73     -3,-0.5     3,-0.1     1,-0.1    -3,-0.1  -0.586  43.7-114.6 -59.5 122.9  -24.3    1.4    2.1               
  102  102 A P        -     0   0  105      0, 0.0     3,-0.1     0, 0.0    -1,-0.1  -0.416  52.0 -76.8 -56.6 142.4  -21.2    3.2    3.3               
  103  103 A P        -     0   0   72      0, 0.0     2,-0.6     0, 0.0    33,-0.1  -0.181  54.2-106.8 -48.2 124.6  -19.4    0.9    5.9               
  104  104 A V        -     0   0  108     -3,-0.1     2,-1.3     1,-0.1    31,-0.1  -0.512  31.7-134.6 -57.6 105.2  -21.5    1.1    9.1               
  105  105 A R        -     0   0  209     -2,-0.6     2,-0.2    -3,-0.1    -1,-0.1  -0.624  27.7-161.1 -67.1  92.7  -19.0    3.2   11.2               
  106  106 A T        -     0   0   32     -2,-1.3    47,-0.1     2,-0.1    46,-0.1  -0.492  25.1-122.9 -75.9 151.5  -19.3    1.1   14.4               
  107  107 A E  S    S+     0   0  189      1,-0.2     2,-1.6    -2,-0.2    74,-0.2   0.596  90.6  96.3 -71.5  -6.9  -18.1    2.7   17.6               
  108  108 A N        +     0   0   34     43,-0.4    43,-2.1    44,-0.1     2,-0.4  -0.507  53.9 166.3 -92.4  66.4  -15.6   -0.1   18.1               
  109  109 A R  E     -E  150   0C  98     -2,-1.6    70,-2.7    70,-0.3     2,-0.4  -0.750  16.5-167.2 -86.2 132.3  -12.5    1.5   16.7               
  110  110 A L  E     -EF 149 178C   0     39,-3.6    39,-3.0    -2,-0.4     2,-0.5  -0.921   9.1-149.0-115.6 136.7   -9.1   -0.1   17.3               
  111  111 A I  E     -EF 148 177C  47     66,-3.4    66,-3.1    -2,-0.4     2,-0.6  -0.944   7.7-151.6-106.0 125.3   -5.7    1.7   16.6               
  112  112 A V  E     -EF 147 176C   1     35,-2.7    35,-2.4    -2,-0.5     3,-0.3  -0.904  13.7-168.7 -99.2 114.2   -2.8   -0.5   15.6               
  113  113 A E  E     +EF 146 175C  63     62,-3.2    62,-2.7    -2,-0.6    33,-0.2  -0.702  65.4  28.2 -93.3 155.8    0.6    1.0   16.6               
  114  114 A N  S    S+     0   0   79     31,-0.6    32,-0.2    -2,-0.3    -1,-0.2   0.800  75.7 171.0  61.6  35.5    4.0   -0.4   15.3               
  115  115 A L        -     0   0    0     30,-2.4     2,-0.2    -3,-0.3    -1,-0.2  -0.463  38.8-110.9 -63.9 140.6    2.7   -1.8   12.0               
  116  116 A S    >   -     0   0    6     53,-0.2     3,-2.5    56,-0.2    29,-0.1  -0.572  20.7-123.6 -66.7 140.5    5.4   -2.9    9.6               
  117  117 A S  T 3  S+     0   0   61      1,-0.3    -1,-0.1    -2,-0.2    -2,-0.0   0.593 114.6  60.3 -60.3 -12.0    5.7   -0.6    6.5               
  118  118 A R  T 3  S+     0   0  204     52,-0.1     2,-0.7     2,-0.1    -1,-0.3   0.431  82.9  97.3 -87.9 -11.3    5.0   -3.9    4.6               
  119  119 A V    <   -     0   0    1     -3,-2.5    26,-0.1    50,-0.1     2,-0.1  -0.796  58.5-164.3 -92.9 112.8    1.6   -4.5    6.2               
  120  120 A S     >  -     0   0   37     -2,-0.7     4,-2.4     1,-0.1     5,-0.2  -0.314  39.0-100.9 -81.2 170.0   -1.3   -3.4    4.1               
  121  121 A W  H  > S+     0   0  125     18,-0.2     4,-1.8     2,-0.2     5,-0.1   0.765 125.3  57.4 -62.3 -23.7   -4.9   -2.8    5.3               
  122  122 A Q  H  > S+     0   0   84      2,-0.2     4,-2.9     3,-0.2     5,-0.3   0.967 107.4  44.4 -70.1 -51.7   -5.6   -6.3    3.7               
  123  123 A D  H  > S+     0   0   68      1,-0.2     4,-2.5     2,-0.2     5,-0.2   0.901 114.8  50.3 -58.2 -43.4   -3.0   -8.1    5.8               
  124  124 A L  H  X S+     0   0    3     -4,-2.4     4,-2.4     2,-0.2    -1,-0.2   0.903 112.2  47.4 -61.4 -42.6   -4.3   -6.2    8.8               
  125  125 A K  H  X S+     0   0   93     -4,-1.8     4,-1.8     2,-0.2    -2,-0.2   0.937 113.4  46.8 -65.7 -47.1   -7.9   -7.2    8.0               
  126  126 A D  H  < S+     0   0   92     -4,-2.9     4,-0.4     2,-0.2    -2,-0.2   0.884 114.9  47.4 -65.0 -38.3   -7.0  -10.9    7.4               
  127  127 A F  H >< S+     0   0   27     -4,-2.5     3,-1.4    -5,-0.3    -1,-0.2   0.931 111.9  48.8 -66.5 -44.7   -5.0  -11.0   10.7               
  128  128 A M  H >X S+     0   0    1     -4,-2.4     3,-1.8     1,-0.3     4,-1.3   0.773  95.6  74.4 -71.6 -20.7   -7.8   -9.2   12.7               
  129  129 A R  T 3< S+     0   0  181     -4,-1.8    -1,-0.3     1,-0.3    -2,-0.2   0.716  83.6  68.9 -59.9 -22.7  -10.3  -11.8   11.2               
  130  130 A Q  T <4 S+     0   0  124     -3,-1.4    -1,-0.3    -4,-0.4    -2,-0.2   0.708 107.9  35.8 -67.5 -23.3   -8.7  -14.3   13.6               
  131  131 A A  T <4 S-     0   0   13     -3,-1.8     2,-0.3     1,-0.3    -2,-0.2   0.652 129.7 -55.5-106.1 -20.9  -10.2  -12.4   16.6               
  132  132 A G  S  < S-     0   0   15     -4,-1.3     2,-0.6    27,-0.1    -1,-0.3  -0.982  75.1 -34.6 167.3-168.9  -13.6  -11.3   15.0               
  133  133 A E        -     0   0  137     -2,-0.3    19,-2.5    -3,-0.1     2,-0.7  -0.624  47.5-152.1 -83.9 116.7  -15.5   -9.6   12.1               
  134  134 A V  E     +G  151   0C  14     -2,-0.6    17,-0.3    17,-0.2     3,-0.1  -0.781  17.3 177.6 -91.4 114.5  -13.7   -6.5   10.7               
  135  135 A T  E    S+     0   0C  47     15,-1.6     2,-0.3    -2,-0.7    16,-0.2   0.789  74.3  15.6 -83.7 -31.2  -16.2   -3.8    9.3               
  136  136 A F  E     +G  150   0C  77     14,-1.6    14,-3.1   -33,-0.1     2,-0.3  -0.998  62.5 178.1-145.8 139.2  -13.4   -1.3    8.4               
  137  137 A A  E     +G  149   0C  17     -2,-0.3     2,-0.3    12,-0.2    12,-0.2  -0.987   4.3 169.7-142.1 135.3   -9.6   -1.5    8.1               
  138  138 A D  E     -G  148   0C  46     10,-2.8    10,-3.1    -2,-0.3     2,-0.3  -0.992  11.0-164.9-140.8 141.6   -7.1    1.2    7.1               
  139  139 A A  E     +G  147   0C   9     -2,-0.3     8,-0.3     8,-0.3   -18,-0.2  -0.968  65.6  11.6-129.7 145.9   -3.3    1.1    7.3               
  140  140 A H  S    S+     0   0   50      6,-2.2     7,-0.2    -2,-0.3    -1,-0.1   0.621  85.3 145.3  67.6  19.6   -0.6    3.8    7.1               
  141  141 A R  S    S-     0   0  182      5,-0.5    -1,-0.1     1,-0.2    -3,-0.0  -0.957  73.2  -5.9-136.2 117.2   -3.0    6.8    7.4               
  142  142 A P  S    S+     0   0  119      0, 0.0     2,-0.4     0, 0.0    -1,-0.2  -0.984 139.5  26.5 -94.3  -5.5   -2.3    9.4    8.9               
  143  143 A K  S >  S-     0   0  123      3,-0.1     3,-1.6     0, 0.0    -3,-0.2  -0.940  81.3-111.0-119.2 142.8    1.1    8.1   10.2               
  144  144 A L  T 3  S+     0   0  131     -2,-0.4   -30,-0.1     1,-0.2     3,-0.1  -0.478 108.2  26.2 -63.5 141.6    3.4    5.4    8.8               
  145  145 A N  T 3  S+     0   0   59      1,-0.2   -30,-2.4    -2,-0.1   -31,-0.6   0.476 104.6 102.3  71.3   8.6    3.4    2.4   11.2               
  146  146 A E  E <   +E  113   0C  45     -3,-1.6    -6,-2.2   -33,-0.2    -5,-0.5  -0.945  45.8 176.3-115.8 144.4   -0.2    3.2   12.4               
  147  147 A G  E     -EG 112 139C   1    -35,-2.4   -35,-2.7    -2,-0.4     2,-0.4  -0.924  19.7-139.9-139.6 164.8   -3.5    1.5   11.3               
  148  148 A V  E     -EG 111 138C  13    -10,-3.1   -10,-2.8    -2,-0.3     2,-0.4  -0.998  16.7-177.9-130.7 130.7   -7.2    1.7   12.2               
  149  149 A V  E     -EG 110 137C   0    -39,-3.0   -39,-3.6    -2,-0.4     2,-0.4  -0.978   9.3-160.3-127.3 137.3   -9.5   -1.3   12.5               
  150  150 A E  E     -EG 109 136C  15    -14,-3.1   -15,-1.6    -2,-0.4   -14,-1.6  -0.984  12.0-155.3-116.7 133.5  -13.3   -1.2   13.2               
  151  151 A F  E     - G   0 134C   0    -43,-2.1   -43,-0.4    -2,-0.4   -17,-0.2  -0.767  22.1-132.9-101.9 153.0  -15.0   -4.3   14.5               
  152  152 A A  S    S+     0   0   43    -19,-2.5     2,-0.3    -2,-0.3   -45,-0.1   0.902  94.0  34.6 -64.2 -40.0  -18.7   -5.3   14.3               
  153  153 A S     >  -     0   0   54    -20,-0.3     4,-1.7     1,-0.1    -1,-0.1  -0.850  68.8-136.7-121.8 149.1  -18.7   -6.2   18.0               
  154  154 A Y  H  > S+     0   0  122     -2,-0.3     4,-2.4     2,-0.2     5,-0.2   0.839 109.6  58.9 -68.3 -31.8  -17.1   -4.9   21.2               
  155  155 A G  H  > S+     0   0   32      2,-0.2     4,-2.8     1,-0.2    -1,-0.2   0.924 105.4  48.4 -62.0 -41.9  -16.4   -8.6   22.2               
  156  156 A D  H  > S+     0   0   39      2,-0.2     4,-2.4     1,-0.2    -2,-0.2   0.905 110.7  51.1 -64.9 -42.3  -14.4   -9.1   19.0               
  157  157 A L  H  X S+     0   0    1     -4,-1.7     4,-2.4     2,-0.2    -2,-0.2   0.926 112.7  45.5 -59.4 -47.1  -12.4   -5.8   19.7               
  158  158 A K  H  X S+     0   0  105     -4,-2.4     4,-2.6     2,-0.2    -2,-0.2   0.940 112.9  49.8 -65.3 -44.7  -11.6   -7.0   23.2               
  159  159 A N  H  X S+     0   0   62     -4,-2.8     4,-2.6     2,-0.2     5,-0.3   0.857 110.5  52.0 -59.3 -38.5  -10.6  -10.5   22.0               
  160  160 A A  H  X>S+     0   0    0     -4,-2.4     4,-2.5     2,-0.2     5,-0.6   0.949 110.2  47.3 -64.6 -47.7   -8.4   -8.9   19.3               
  161  161 A I  H  X5S+     0   0   45     -4,-2.4     4,-1.1     3,-0.2    -2,-0.2   0.932 117.7  42.9 -59.4 -44.6   -6.6   -6.7   22.0               
  162  162 A E  H  <5S+     0   0  126     -4,-2.6    -2,-0.2     1,-0.2    -1,-0.2   0.903 127.2  27.6 -70.9 -42.0   -6.1   -9.8   24.3               
  163  163 A K  H  <5S+     0   0  138     -4,-2.6    -2,-0.2    -5,-0.2    -3,-0.2   0.691 128.0  38.7 -93.1 -27.1   -5.0  -12.4   21.6               
  164  164 A L  H ><5S+     0   0    2     -4,-2.5     3,-1.4    -5,-0.3     2,-0.3   0.562  84.1 105.8-109.3 -12.6   -3.5  -10.2   18.9               
  165  165 A S  T 3<<S+     0   0   57     -4,-1.1    10,-0.2    -5,-0.6     3,-0.1  -0.551  93.3  15.0 -67.6 126.2   -1.6   -7.5   21.0               
  166  166 A G  T 3  S+     0   0   37      8,-2.7    -1,-0.2    -2,-0.3     2,-0.1   0.350  91.6 139.4  86.2  -2.1    2.1   -8.4   20.8               
  167  167 A K    <   -     0   0   75     -3,-1.4     7,-2.4     7,-0.2     2,-0.7  -0.463  56.2-117.4 -69.4 144.0    1.8  -10.7   17.8               
  168  168 A E  E     -H  173   0D 128      5,-0.2     2,-0.5    -2,-0.1     5,-0.3  -0.748  30.1-177.3 -87.4 112.9    4.6  -10.5   15.2               
  169  169 A I  E >  S-H  172   0D  16      3,-2.7     3,-1.5    -2,-0.7   -53,-0.2  -0.970  79.7 -18.2-106.7 119.5    3.4   -9.4   11.8               
  170  170 A N  T 3  S-     0   0   96     -2,-0.5    -1,-0.2     1,-0.3   -52,-0.1   0.866 131.2 -49.1  52.8  41.7    6.3   -9.3    9.3               
  171  171 A G  T 3  S+     0   0   69      1,-0.2     2,-0.4    -3,-0.1    -1,-0.3   0.525 119.6 102.7  77.9   8.9    8.9   -9.3   12.2               
  172  172 A R  E <  S-H  169   0D  94     -3,-1.5    -3,-2.7    -5,-0.0     2,-0.6  -0.990  70.1-128.5-122.6 133.3    7.2   -6.4   14.1               
  173  173 A K  E     -H  168   0D 122     -2,-0.4    -5,-0.2    -5,-0.3     2,-0.2  -0.663  27.3-140.8 -74.0 117.1    5.1   -6.7   17.3               
  174  174 A I        -     0   0    4     -7,-2.4    -8,-2.7    -2,-0.6     2,-0.5  -0.565   6.2-146.8 -78.9 143.3    1.8   -4.9   16.7               
  175  175 A K  E     -F  113   0C 107    -62,-2.7   -62,-3.2    -2,-0.2     2,-0.5  -0.961   9.8-152.4-111.9 121.8    0.4   -2.9   19.6               
  176  176 A L  E     -F  112   0C  10     -2,-0.5     2,-0.4   -64,-0.2   -64,-0.2  -0.852  14.4-177.4-100.4 121.4   -3.4   -2.8   19.7               
  177  177 A I  E     -F  111   0C  54    -66,-3.1   -66,-3.4    -2,-0.5     2,-0.4  -0.978  30.8-119.6-118.9 126.7   -5.0    0.3   21.4               
  178  178 A E  E     -F  110   0C  85     -2,-0.4     2,-2.5   -68,-0.2   -68,-0.3  -0.506  25.5-130.5 -60.3 120.9   -8.8    0.7   21.9               
  179  179 A G        -     0   0   17    -70,-2.7     3,-0.3    -2,-0.4   -70,-0.3  -0.395  34.5-169.5 -72.1  62.5   -9.6    3.9   20.0               
  180  180 A S        -     0   0   87     -2,-2.5     3,-0.1     1,-0.2   -72,-0.1  -0.450  45.5 -47.6 -61.5 116.1  -11.5    5.3   23.0               
  181  181 A K        -     0   0  186     -2,-0.3     2,-1.9     1,-0.2    -1,-0.2   0.602  32.8-158.0  29.2  84.6  -13.5    8.4   22.0               
  182  182 A R        -     0   0  238     -3,-0.3    -1,-0.2     3,-0.0    -3,-0.0  -0.790  49.5-121.4 -63.8  89.6  -12.0   11.2   20.1               
  183  183 A H        -     0   0  149     -2,-1.9     2,-1.3    -3,-0.1    -3,-0.0  -0.271  17.7-123.1 -31.2 103.6  -14.9   13.0   21.8               
  184  184 A S        -     0   0  106      1,-0.0     2,-1.1     3,-0.0    -1,-0.1  -0.708  23.3-134.7 -58.2  97.3  -16.6   14.3   18.7               
  185  185 A R        -     0   0  224     -2,-1.3    -1,-0.0     1,-0.1    -3,-0.0  -0.702  33.3-114.3 -55.0  97.2  -16.4   17.9   19.8               
  186  186 A S        -     0   0   86     -2,-1.1     2,-1.6     1,-0.1    -1,-0.1  -0.316  16.9-124.1 -38.1 111.3  -20.0   18.3   18.8               
  187  187 A R        -     0   0  247      1,-0.1    -1,-0.1     2,-0.0     2,-0.1  -0.762  48.3-118.7 -63.3  91.6  -19.6   20.8   16.0               
  188  188 A S        -     0   0   87     -2,-1.6     2,-2.2     1,-0.2    -1,-0.1  -0.330  15.5-142.5 -54.8 111.7  -22.0   22.6   18.2               
  189  189 A R        -     0   0  240     -2,-0.1     2,-1.8     2,-0.1    -1,-0.2  -0.733  29.9-150.0 -61.4  80.8  -25.2   23.2   16.4               
  190  190 A S        -     0   0   90     -2,-2.2     2,-2.0     1,-0.1    -1,-0.0  -0.633  12.9-163.1 -65.2  86.4  -25.2   26.5   18.2               
  191  191 A R        +     0   0  239     -2,-1.8     2,-0.2     1,-0.1    -1,-0.1  -0.743  26.0 162.5 -57.3  78.5  -28.8   27.1   18.6               
  192  192 A S        +     0   0   64     -2,-2.0     2,-0.4     3,-0.0    -1,-0.1  -0.693   7.0 167.1-107.3  71.2  -28.0   30.7   19.3               
  193  193 A R        +     0   0  228     -2,-0.2    -2,-0.0     1,-0.1     0, 0.0  -0.761  60.5  60.4 -52.8 131.5  -31.3   32.1   18.6               
  194  194 A T        +     0   0  133     -2,-0.4     2,-0.3     1,-0.1    -1,-0.1   0.872  52.1 155.0  89.4  78.7  -30.4   35.5   20.2               
  195  195 A R        -     0   0  218     -3,-0.0    -1,-0.1     0, 0.0    -3,-0.0  -0.752  56.6 -73.7-126.2  92.9  -27.6   37.6   18.9               
  196  196 A S        +     0   0  103     -2,-0.3     2,-1.0     1,-0.1     0, 0.0   0.612  36.6 176.3  68.2  69.4  -28.0   41.1   19.6               
  197  197 A S        +     0   0  132      1,-0.0     2,-0.2     0, 0.0    -1,-0.1  -0.799  60.3 111.4 -85.7  81.0  -30.2   43.9   18.4               
  198  198 A S        +     0   0   89     -2,-1.0     2,-0.1     1,-0.2    -2,-0.0  -0.583  36.4  89.4-162.3 106.0  -28.7   46.3   21.0               
  199  199 A R        +     0   0  248     -2,-0.2    -1,-0.2     0, 0.0     0, 0.0   0.117  47.8  60.9 142.6 115.0  -26.4   49.3   20.3               
  200  200 A S        -     0   0  101     -2,-0.1    -2,-0.0     0, 0.0     0, 0.0   0.675  44.6-118.2-170.2 145.0  -26.7   52.4   19.7               
  201  201 A R        +     0   0  237      0, 0.0     0, 0.0     0, 0.0     0, 0.0   0.533  26.2  80.9  33.4 123.6  -27.7   55.9   20.6               
  202  202 A S        -     0   0   91      0, 0.0     0, 0.0     0, 0.0     0, 0.0   0.843  30.5 -22.9 171.0 154.9  -29.4   58.7   20.2               
  203  203 A R        +     0   0  236      0, 0.0     0, 0.0     0, 0.0     0, 0.0   0.839  37.0  24.2  67.0 131.0  -32.0   61.6   20.1               
  204  204 A S        -     0   0   85      0, 0.0     0, 0.0     0, 0.0     0, 0.0   0.776  36.8 -18.5 179.5 148.3  -35.0   62.7   20.1               
  205  205 A R        -     0   0  234      0, 0.0     0, 0.0     0, 0.0     0, 0.0   0.841  32.2-105.5  68.4 135.5  -38.8   63.6   20.4               
  206  206 A S        +     0   0   91      0, 0.0     0, 0.0     0, 0.0     0, 0.0   0.704  31.7 105.7 177.1 153.0  -41.9   62.7   20.8               
  207  207 A R        -     0   0  223      0, 0.0     0, 0.0     0, 0.0     0, 0.0   0.865  33.0-130.7  85.7  96.6  -45.7   61.7   21.2               
  208  208 A S        +     0   0  104      0, 0.0     0, 0.0     0, 0.0     0, 0.0   0.861  30.6 145.2  78.7 136.3  -47.9   59.0   21.6               
  209  209 A R        -     0   0  228      2,-0.0     0, 0.0     0, 0.0     0, 0.0   0.842  29.6-110.3-152.4 132.8  -50.2   56.6   21.7               
  210  210 A K        -     0   0  189      0, 0.0     0, 0.0     0, 0.0     0, 0.0   0.862  15.3 -78.2  91.9 111.2  -50.9   53.1   22.4               
  211  211 A S        +     0   0   92      2,-0.0    -2,-0.0     0, 0.0     0, 0.0   0.455  27.8 112.5   3.9 152.6  -51.7   49.4   21.9               
  212  212 A Y        -     0   0  207      0, 0.0     2,-0.1     0, 0.0     0, 0.0   0.685  23.8-139.4-171.2 168.5  -53.6   46.7   21.4               
  213  213 A S        +     0   0   95      2,-0.0     2,-0.1     0, 0.0    -2,-0.0  -0.315  27.2 135.9 -60.3 141.9  -55.1   43.7   19.5               
  214  214 A R        -     0   0  241     -2,-0.1     2,-0.2     2,-0.0     0, 0.0  -0.301  34.1-130.4 178.4 141.1  -58.3   42.0   18.9               
  215  215 A S        +     0   0  109     -2,-0.1     2,-0.1     0, 0.0    -2,-0.0  -0.405  39.5 126.7 -62.0 129.9  -60.2   40.4   16.0               
  216  216 A R        -     0   0  238     -2,-0.2    -2,-0.0     2,-0.1     0, 0.0  -0.238  47.9 -76.6 178.2 120.3  -63.8   41.0   14.9               
  217  217 A S        +     0   0   99     -2,-0.1     2,-0.1     0, 0.0     0, 0.0   0.636  47.5 115.7  36.2 112.7  -65.6   41.9   11.7               
  218  218 A R        -     0   0  237      0, 0.0    -2,-0.1     0, 0.0     0, 0.0  -0.076  33.2 -22.2 166.8 143.3  -66.5   44.7    9.5               
  219  219 A S        -     0   0  102     -2,-0.1     0, 0.0     0, 0.0     0, 0.0   0.976  38.8 -43.0  70.0 114.0  -66.4   46.5    6.2               
  220  220 A R        -     0   0  232      0, 0.0     0, 0.0     0, 0.0     0, 0.0   0.775  30.5 -82.7  63.2 103.1  -65.3   47.6    2.9               
  221  221 A S        +     0   0   86      0, 0.0     0, 0.0     0, 0.0     0, 0.0   0.766  35.0 104.8  53.6 135.3  -63.1   48.6    0.3               
  222  222 A R        -     0   0  235      0, 0.0     0, 0.0     0, 0.0     0, 0.0   0.690  21.1-141.5  74.3 144.0  -61.1   51.4   -1.5               
  223  223 A S        +     0   0   86      0, 0.0     0, 0.0     0, 0.0     0, 0.0   0.682  13.4  66.4 173.3 150.8  -58.6   53.3   -2.4               
  224  224 A R        +     0   0  232      0, 0.0     0, 0.0     0, 0.0     0, 0.0   0.846  10.1 141.9  64.5 135.4  -55.8   55.7   -3.5               
  225  225 A S        -     0   0  103      2,-0.0     0, 0.0     0, 0.0     0, 0.0   0.620  17.3 -40.8 176.6 158.4  -53.5   58.1   -3.6               
  226  226 A K        +     0   0  206      1,-0.0     2,-0.0     0, 0.0     0, 0.0   0.904  34.7 100.1  71.2 124.7  -50.3   60.1   -4.4               
  227  227 A S        +     0   0  122      0, 0.0     2,-0.3     0, 0.0    -2,-0.0   0.162  28.9 171.8-155.0 150.8  -47.3   61.2   -4.9               
  228  228 A R        -     0   0  239     -2,-0.0     2,-0.3     0, 0.0     0, 0.0  -0.741  14.4-156.6 -96.9 150.8  -45.5   61.9   -8.3               
  229  229 A S        -     0   0  117     -2,-0.3     2,-0.1     0, 0.0     0, 0.0  -0.874  26.3-138.8-144.0 115.4  -42.2   63.5   -9.5               
  230  230 A V        +     0   0  125     -2,-0.3     0, 0.0     0, 0.0     0, 0.0   0.159  20.9 146.5  64.2 116.6  -41.8   64.8  -12.6               
  231  231 A S        -     0   0   86     -2,-0.1     0, 0.0     0, 0.0     0, 0.0   0.825  15.9 -60.7 178.6 168.8  -40.0   65.3  -15.4               
  232  232 A R        +     0   0  231      0, 0.0     0, 0.0     0, 0.0     0, 0.0   0.807  36.1  24.0  77.1 132.1  -38.4   65.9  -18.9               
  233  233 A S        -     0   0  107      2,-0.1     2,-0.0     0, 0.0     0, 0.0   0.804  29.8-143.0-171.6 174.4  -37.5   65.3  -22.0               
  234  234 A P        -     0   0  116      0, 0.0     0, 0.0     0, 0.0     0, 0.0  -0.113   7.3-107.3-110.1 173.9  -37.8   63.7  -25.5               
  235  235 A V        -     0   0  131     -2,-0.0    -2,-0.1     0, 0.0     2,-0.0   0.356  12.9-173.6 -36.8 178.5  -36.9   62.0  -28.9               
  236  236 A P        -     0   0  106      0, 0.0     0, 0.0     0, 0.0     0, 0.0   0.374   8.3 -55.9-153.2-173.8  -36.4   61.7  -32.2               
  237  237 A E        +     0   0  141     -2,-0.0     0, 0.0     0, 0.0     0, 0.0   0.929  21.5  52.2  93.6 134.4  -35.7   60.4  -35.7               
  238  238 A K        +     0   0  174      0, 0.0     0, 0.0     0, 0.0     0, 0.0   0.880  22.3  65.8  68.6 135.4  -34.3   58.9  -38.9               
  239  239 A S        -     0   0  116      0, 0.0     2,-0.1     0, 0.0     0, 0.0   0.618  10.9-174.0-174.9 158.9  -33.0   57.1  -41.3               
  240  240 A Q        +     0   0  187      2,-0.0     2,-0.1     0, 0.0     0, 0.0  -0.400  12.7 163.8 -73.4 154.6  -33.0   54.1  -43.7               
  241  241 A K        -     0   0  203     -2,-0.1     2,-0.1     2,-0.0     0, 0.0  -0.149  16.9-158.1 172.9 103.2  -30.6   52.6  -46.3               
  242  242 A R        +     0   0  257     -2,-0.1     2,-0.0     2,-0.0    -2,-0.0   0.041  13.3 172.2  40.0 118.0  -30.3   49.5  -47.9               
  243  243 A G        -     0   0   83     -2,-0.1     2,-0.2     0, 0.0    -2,-0.0  -0.243   9.6-178.5 176.7  83.0  -27.1   48.1  -49.4               
  244  244 A S        +     0   0  121     -2,-0.0     2,-0.1     0, 0.0    -2,-0.0  -0.542   7.4 158.9 -72.3 149.1  -26.9   44.5  -50.8               
  245  245 A S        +     0   0  114     -2,-0.2     0, 0.0     0, 0.0     0, 0.0  -0.173  15.9 178.8 155.9 142.3  -24.0   42.4  -52.3               
  246  246 A S        +     0   0   90     -2,-0.1     0, 0.0     0, 0.0     0, 0.0   0.740  18.5 105.0-176.2 158.9  -23.1   39.3  -52.9               
  247  247 A R        +     0   0  224      0, 0.0     0, 0.0     0, 0.0     0, 0.0   0.860  15.7 113.5  58.7 139.1  -21.7   35.7  -53.7               
  248  248 A S        -     0   0  103      0, 0.0     0, 0.0     0, 0.0     0, 0.0   0.695  26.1-150.3-162.9 134.2  -20.5   32.7  -53.8               
  249  249 A K        +     0   0  185      0, 0.0     0, 0.0     0, 0.0     0, 0.0   0.499  10.8 160.6  51.8 133.6  -21.3   29.2  -54.3               
  250  250 A S        -     0   0  101      0, 0.0     0, 0.0     0, 0.0     0, 0.0   0.953  14.9 -86.1 172.2-170.1  -21.0   25.7  -54.0               
  251  251 A P        -     0   0  132      0, 0.0     2,-0.1     0, 0.0     0, 0.0   0.861   6.8-142.9-130.9-166.0  -21.6   22.3  -54.0               
  252  252 A A        -     0   0   92      0, 0.0     2,-0.2     0, 0.0     0, 0.0  -0.209   4.7-157.5 -85.8 166.9  -22.8   18.8  -52.8               
  253  253 A S        -     0   0  113     -2,-0.1     2,-0.2     2,-0.0     0, 0.0  -0.643  16.4-169.4-161.9  98.1  -22.1   15.0  -52.8               
  254  254 A V        -     0   0  135     -2,-0.2     2,-0.1     0, 0.0     0, 0.0  -0.400   5.8-176.8  27.7 111.7  -24.7   12.5  -52.3               
  255  255 A D        +     0   0  149     -2,-0.2     2,-0.1     2,-0.0    -2,-0.0  -0.506  11.3 179.2-164.7 114.9  -24.4    8.8  -51.6               
  256  256 A R        +     0   0  231     -2,-0.1     0, 0.0     2,-0.0     0, 0.0   0.235  13.1 146.6  48.9 127.0  -27.0    6.4  -51.3               
  257  257 A Q        +     0   0  179     -2,-0.1     2,-0.4     0, 0.0    -2,-0.0   0.474   7.0 162.0-159.4 167.3  -27.8    3.2  -50.8               
  258  258 A R        +     0   0  223      2,-0.0     2,-0.2     0, 0.0    -2,-0.0  -0.997  22.7 166.0-122.6 126.6  -30.4    0.8  -49.3               
  259  259 A S        -     0   0  104     -2,-0.4     2,-0.2     2,-0.1     0, 0.0  -0.752  19.4-153.7-170.1 118.2  -30.7   -3.0  -50.2               
  260  260 A R        -     0   0  230     -2,-0.2     2,-0.2     2,-0.0    -2,-0.0  -0.298   9.8-178.9  61.3  98.5  -32.2   -5.9  -49.1               
  261  261 A S        -     0   0  119     -2,-0.2     2,-0.2     2,-0.0    -2,-0.1  -0.639   5.3-166.9-172.0 124.4  -31.3   -9.7  -49.5               
  262  262 A R        +     0   0  252     -2,-0.2     2,-0.1     2,-0.0    -2,-0.0  -0.536   9.0 170.6  70.5  95.2  -32.9  -12.6  -48.3               
  263  263 A S        -     0   0  118     -2,-0.2     2,-0.2     2,-0.0    -2,-0.0  -0.459   8.9-167.9-178.5 117.4  -31.8  -16.3  -48.1               
  264  264 A R        +     0   0  245     -2,-0.1     2,-0.1     0, 0.0    -2,-0.0  -0.236  10.3 162.9  65.1 104.9  -33.3  -19.1  -46.6               
  265  265 A S        -     0   0  109     -2,-0.2    -2,-0.0     0, 0.0     0, 0.0   0.026  18.5-131.2 164.9 111.9  -32.4  -22.7  -45.7               
  266  266 A R        -     0   0  236     -2,-0.1     0, 0.0     0, 0.0     0, 0.0   0.659  12.8 -55.2  78.9 105.3  -33.5  -25.4  -43.6               
  267  267 A S        +     0   0   97      0, 0.0     2,-0.0     0, 0.0     0, 0.0   0.878   9.6 173.5  80.2 125.8  -33.4  -28.1  -41.3               
  268  268 A V        -     0   0  128      0, 0.0     0, 0.0     0, 0.0     0, 0.0   0.555  15.0-131.0-176.4 142.3  -32.9  -31.0  -39.5               
  269  269 A D        -     0   0  148     -2,-0.0     0, 0.0     0, 0.0     0, 0.0   0.610  16.4 -61.8  57.2 136.2  -33.4  -33.2  -36.7               
  270  270 A S        +     0   0  100      0, 0.0     0, 0.0     0, 0.0     0, 0.0   0.857  22.6 127.3-177.9 163.0  -32.6  -35.3  -34.1               
  271  271 A G              0   0   76      0, 0.0     0, 0.0     0, 0.0     0, 0.0   0.835 360.0 360.0 107.3 113.4  -31.4  -38.0  -31.7               
  272  272 A N              0   0  248      0, 0.0     0, 0.0     0, 0.0     0, 0.0   0.898 360.0 360.0  79.7 360.0  -29.4  -38.9  -28.5               
