==== Secondary Structure Definition by the program DSSP, CMBI version 2.0                          ==== DATE=2026-03-08        .
REFERENCE W. KABSCH AND C.SANDER, BIOPOLYMERS 22 (1983) 2577-2637                                                              .
HEADER                                            01-AUG-25                                                                    .
COMPND    MOL_ID: 1; MOLECULE: SERINE/ARGININE-RICH SPLICING FACTOR 6; CHAIN: A                                                .
SOURCE    MOL_ID: 1; ORGANISM_SCIENTIFIC: HOMO SAPIENS; ORGANISM_TAXID: 9606                                                   .
AUTHOR                                                                                                                         .
  344  1  0  0  0 TOTAL NUMBER OF RESIDUES, NUMBER OF CHAINS, NUMBER OF SS-BRIDGES(TOTAL,INTRACHAIN,INTERCHAIN)                .
 39785.6   ACCESSIBLE SURFACE OF PROTEIN (ANGSTROM**2)                                                                         .
  144 41.9   TOTAL NUMBER OF HYDROGEN BONDS OF TYPE O(I)-->H-N(J)  , SAME NUMBER PER 100 RESIDUES                              .
    0  0.0   TOTAL NUMBER OF HYDROGEN BONDS IN     PARALLEL BRIDGES, SAME NUMBER PER 100 RESIDUES                              .
   42 12.2   TOTAL NUMBER OF HYDROGEN BONDS IN ANTIPARALLEL BRIDGES, SAME NUMBER PER 100 RESIDUES                              .
    0  0.0   TOTAL NUMBER OF HYDROGEN BONDS OF TYPE O(I)-->H-N(I-5), SAME NUMBER PER 100 RESIDUES                              .
    0  0.0   TOTAL NUMBER OF HYDROGEN BONDS OF TYPE O(I)-->H-N(I-4), SAME NUMBER PER 100 RESIDUES                              .
    3  0.9   TOTAL NUMBER OF HYDROGEN BONDS OF TYPE O(I)-->H-N(I-3), SAME NUMBER PER 100 RESIDUES                              .
    0  0.0   TOTAL NUMBER OF HYDROGEN BONDS OF TYPE O(I)-->H-N(I-2), SAME NUMBER PER 100 RESIDUES                              .
    0  0.0   TOTAL NUMBER OF HYDROGEN BONDS OF TYPE O(I)-->H-N(I-1), SAME NUMBER PER 100 RESIDUES                              .
    0  0.0   TOTAL NUMBER OF HYDROGEN BONDS OF TYPE O(I)-->H-N(I+0), SAME NUMBER PER 100 RESIDUES                              .
    0  0.0   TOTAL NUMBER OF HYDROGEN BONDS OF TYPE O(I)-->H-N(I+1), SAME NUMBER PER 100 RESIDUES                              .
   56 16.3   TOTAL NUMBER OF HYDROGEN BONDS OF TYPE O(I)-->H-N(I+2), SAME NUMBER PER 100 RESIDUES                              .
   13  3.8   TOTAL NUMBER OF HYDROGEN BONDS OF TYPE O(I)-->H-N(I+3), SAME NUMBER PER 100 RESIDUES                              .
   31  9.0   TOTAL NUMBER OF HYDROGEN BONDS OF TYPE O(I)-->H-N(I+4), SAME NUMBER PER 100 RESIDUES                              .
    1  0.3   TOTAL NUMBER OF HYDROGEN BONDS OF TYPE O(I)-->H-N(I+5), SAME NUMBER PER 100 RESIDUES                              .
  1  2  3  4  5  6  7  8  9 10 11 12 13 14 15 16 17 18 19 20 21 22 23 24 25 26 27 28 29 30     *** HISTOGRAMS OF ***           .
  0  0  0  0  0  0  1  1  0  0  2  0  0  0  0  0  0  0  0  0  0  0  0  0  0  0  0  0  0  0    RESIDUES PER ALPHA HELIX         .
  0  0  0  0  0  0  0  0  0  0  0  0  0  0  0  0  0  0  0  0  0  0  0  0  0  0  0  0  0  0    PARALLEL BRIDGES PER LADDER      .
  0  2  0  3  2  1  0  0  0  0  0  0  0  0  0  0  0  0  0  0  0  0  0  0  0  0  0  0  0  0    ANTIPARALLEL BRIDGES PER LADDER  .
  2  0  2  0  0  0  0  0  0  0  0  0  0  0  0  0  0  0  0  0  0  0  0  0  0  0  0  0  0  0    LADDERS PER SHEET                .
  #  RESIDUE AA STRUCTURE BP1 BP2  ACC     N-H-->O    O-->H-N    N-H-->O    O-->H-N    TCO  KAPPA ALPHA  PHI   PSI    X-CA   Y-CA   Z-CA            CHAIN
    1    1 A M              0   0  175      0, 0.0     2,-1.0     0, 0.0    42,-0.1   0.000 360.0 360.0 360.0  89.5   11.4    1.5  -24.6               
    2    2 A P        -     0   0   22      0, 0.0    40,-2.6     0, 0.0     2,-0.5  -0.711 360.0-176.6 -76.8 101.2    7.9    0.1  -25.3               
    3    3 A R  E     -A   41   0A  45     -2,-1.0    67,-2.6    38,-0.2     2,-0.4  -0.925  11.3-159.4-109.7 130.0    6.5   -0.2  -21.8               
    4    4 A V  E     -AB  40  69A   0     36,-3.1    36,-2.7    -2,-0.5     2,-0.4  -0.841   8.0-144.7-107.4 136.2    3.1   -1.7  -21.0               
    5    5 A Y  E     -AB  39  68A  70     63,-3.5    63,-2.5    -2,-0.4     2,-0.5  -0.867   9.2-159.4 -95.5 138.5    1.1   -1.2  -17.7               
    6    6 A I  E     -AB  38  67A   1     32,-2.8    32,-2.7    -2,-0.4     3,-0.3  -0.956  12.1-174.4-123.9 106.8   -0.9   -4.1  -16.4               
    7    7 A G  E     +AB  37  66A   2     59,-2.9    59,-2.4    -2,-0.5    30,-0.2  -0.593  60.0  34.6 -93.8 164.1   -3.7   -3.1  -13.9               
    8    8 A R  S    S+     0   0  172     28,-0.9     2,-0.5     1,-0.2    29,-0.2   0.872  70.9 169.3  54.9  44.6   -6.1   -5.4  -11.9               
    9    9 A L        -     0   0    5     27,-1.7    -1,-0.2    -3,-0.3    27,-0.2  -0.757  37.3-119.9 -76.5 126.2   -3.5   -8.1  -11.3               
   10   10 A S    >   -     0   0   16     -2,-0.5     3,-2.3    50,-0.4    26,-0.1  -0.372  23.2-116.3 -58.8 142.3   -4.7  -10.6   -8.7               
   11   11 A Y  T 3  S+     0   0  131      1,-0.3    -1,-0.1    24,-0.1    -2,-0.0   0.635 115.0  62.2 -57.4 -16.7   -2.4  -10.8   -5.7               
   12   12 A N  T 3  S+     0   0  123     49,-0.1     2,-0.3     2,-0.1    -1,-0.3   0.567  77.6 109.5 -85.8 -14.3   -1.6  -14.5   -6.6               
   13   13 A V    <   -     0   0   15     -3,-2.3     2,-0.2    47,-0.1    23,-0.1  -0.515  50.8-168.0 -70.6 125.0   -0.1  -13.5  -10.1               
   14   14 A R    >>  -     0   0  171     -2,-0.3     4,-1.9     1,-0.1     3,-1.2  -0.654  38.9 -99.4-106.2 168.2    3.7  -14.0  -10.2               
   15   15 A E  H 3> S+     0   0  112      1,-0.3     4,-3.0    -2,-0.2     5,-0.2   0.880 123.6  56.8 -53.9 -39.1    6.3  -12.8  -12.7               
   16   16 A K  H 3> S+     0   0  140      2,-0.2     4,-1.7     1,-0.2    -1,-0.3   0.783 104.4  51.4 -62.5 -32.8    6.2  -16.3  -14.3               
   17   17 A D  H <> S+     0   0   52     -3,-1.2     4,-2.2     2,-0.2    -2,-0.2   0.907 112.5  45.4 -77.6 -38.8    2.4  -16.0  -14.9               
   18   18 A I  H  X S+     0   0    0     -4,-1.9     4,-2.6     2,-0.2     5,-0.3   0.953 111.5  53.1 -60.8 -49.3    2.9  -12.6  -16.6               
   19   19 A Q  H  < S+     0   0  114     -4,-3.0    -2,-0.2     1,-0.2     4,-0.2   0.864 113.5  43.7 -57.7 -37.3    5.9  -14.1  -18.6               
   20   20 A R  H  < S+     0   0  194     -4,-1.7    -1,-0.2     2,-0.2    -2,-0.2   0.843 111.8  53.2 -71.5 -38.0    3.5  -17.0  -19.7               
   21   21 A F  H  < S+     0   0   26     -4,-2.2    -2,-0.2     1,-0.2    -3,-0.2   0.859 115.1  39.6 -70.8 -36.3    0.6  -14.6  -20.5               
   22   22 A F  S >X S+     0   0    0     -4,-2.6     3,-1.8    -5,-0.1     4,-0.9   0.451  86.8 118.5 -87.9  -2.8    2.8  -12.4  -22.8               
   23   23 A S  T 34 S+     0   0   93     -5,-0.3     4,-0.1     1,-0.2    -3,-0.1  -0.546  76.3  34.0 -65.8 103.9    4.4  -15.6  -24.2               
   24   24 A G  T 34 S+     0   0   74     -2,-0.8    -1,-0.2     2,-0.4    -2,-0.1  -0.036 106.4  65.6 137.1 -28.1    3.4  -15.3  -27.8               
   25   25 A Y  T <4 S-     0   0   66     -3,-1.8     2,-0.3     1,-0.3    26,-0.2   0.684 110.5 -53.2 -98.2 -22.9    3.4  -11.4  -28.4               
   26   26 A G     <  -     0   0   26     -4,-0.9     2,-0.4    22,-0.1    -2,-0.4  -0.976  64.9 -58.3 172.1-179.8    7.1  -10.7  -28.0               
   27   27 A R        -     0   0  170     -2,-0.3    16,-2.1    -3,-0.1     2,-0.5  -0.762  46.1-136.0 -87.7 137.4   10.3  -10.9  -25.9               
   28   28 A L  E     -C   42   0A  43     -2,-0.4    14,-0.3    14,-0.2     3,-0.1  -0.827  20.6-178.6 -96.4 121.1   10.1   -9.3  -22.4               
   29   29 A L  E    S+     0   0A 108     12,-2.6     2,-0.3    -2,-0.5    13,-0.2   0.857  71.8   5.8 -82.2 -44.2   13.1   -7.2  -21.4               
   30   30 A E  E     -C   41   0A  84     11,-1.0    11,-2.5     2,-0.0     2,-0.5  -0.998  55.7-161.7-148.5 137.1   11.9   -6.3  -17.8               
   31   31 A V  E     -C   40   0A  29     -2,-0.3     2,-0.7     9,-0.2     9,-0.2  -0.962   8.0-174.0-125.8 113.6    9.0   -7.2  -15.5               
   32   32 A D  E     -C   39   0A  46      7,-2.8     7,-1.9    -2,-0.5     2,-0.4  -0.861  12.1-167.7-112.7  93.7    8.2   -4.9  -12.6               
   33   33 A L  E     +C   38   0A  57     -2,-0.7     2,-0.3     5,-0.2     5,-0.2  -0.696  10.8 169.7 -90.0 134.8    5.5   -6.4  -10.4               
   34   34 A K  E >   -C   37   0A  80      3,-2.1     3,-1.0    -2,-0.4     2,-0.7  -0.851  49.4 -67.5-135.5 169.3    3.6   -4.5   -7.6               
   35   35 A N  T 3  S-     0   0  141      1,-0.3   -24,-0.1    -2,-0.3   -25,-0.1  -0.455 119.9  -9.8 -65.3 105.3    0.5   -5.1   -5.4               
   36   36 A G  T 3  S+     0   0   22     -2,-0.7   -27,-1.7   -27,-0.2   -28,-0.9   0.290 133.9  47.9  88.8  -7.2   -2.5   -5.1   -7.8               
   37   37 A Y  E <   -AC   7  34A  92     -3,-1.0    -3,-2.1   -29,-0.2     2,-0.3  -0.989  57.9-174.3-158.3 155.0   -0.5   -3.8  -10.9               
   38   38 A G  E     -AC   6  33A   0    -32,-2.7   -32,-2.8    -2,-0.3     2,-0.4  -0.860  17.1-132.8-138.4 173.1    2.7   -4.4  -12.9               
   39   39 A F  E     -AC   5  32A  44     -7,-1.9    -7,-2.8    -2,-0.3     2,-0.4  -0.994  15.3-167.0-128.6 146.3    4.8   -3.1  -15.8               
   40   40 A V  E     -AC   4  31A   0    -36,-2.7   -36,-3.1    -2,-0.4     2,-0.4  -0.978   7.1-154.2-127.4 136.1    6.3   -5.0  -18.7               
   41   41 A E  E     -AC   3  30A   5    -11,-2.5   -12,-2.6    -2,-0.4   -11,-1.0  -0.966  14.3-154.8-111.0 131.8    9.0   -3.8  -21.1               
   42   42 A F  E     - C   0  28A   0    -40,-2.6   -14,-0.2    -2,-0.4   -16,-0.0  -0.638  22.7-131.1 -99.7 159.1    9.1   -5.3  -24.6               
   43   43 A E  S    S+     0   0  106    -16,-2.1     2,-0.2    -2,-0.2    -1,-0.1   0.940  97.4  34.7 -69.6 -48.4   12.0   -5.7  -27.1               
   44   44 A D  S  > S-     0   0   49    -17,-0.3     4,-0.7     1,-0.1    -2,-0.1  -0.704  71.5-139.7-104.5 153.6    9.8   -4.3  -30.0               
   45   45 A S  H  > S+     0   0   59     -2,-0.2     4,-2.2     2,-0.2     5,-0.1   0.816 104.5  57.5 -77.1 -30.9    7.1   -1.6  -29.9               
   46   46 A R  H  > S+     0   0  169      1,-0.2     4,-2.9     2,-0.2     5,-0.3   0.969 103.5  52.5 -65.6 -48.7    4.9   -3.6  -32.3               
   47   47 A D  H  > S+     0   0   43      1,-0.2     4,-2.0     2,-0.2    -1,-0.2   0.808 111.9  47.9 -48.0 -40.0    4.9   -6.6  -29.9               
   48   48 A A  H  X S+     0   0    0     -4,-0.7     4,-2.1     2,-0.2    -1,-0.2   0.888 111.4  47.6 -75.1 -41.4    3.8   -4.2  -27.2               
   49   49 A D  H  X S+     0   0   80     -4,-2.2     4,-2.1     2,-0.2    -2,-0.2   0.937 115.5  46.1 -63.4 -45.5    0.9   -2.6  -29.2               
   50   50 A D  H  X S+     0   0   99     -4,-2.9     4,-2.5     2,-0.2     5,-0.3   0.918 112.8  50.2 -64.2 -43.5   -0.3   -6.1  -30.3               
   51   51 A A  H  X S+     0   0    0     -4,-2.0     4,-1.7    -5,-0.3     5,-0.2   0.880 110.3  50.4 -61.0 -40.0   -0.0   -7.3  -26.7               
   52   52 A V  H  X S+     0   0   20     -4,-2.1     4,-0.7     2,-0.2    -2,-0.2   0.872 113.5  46.7 -66.3 -36.8   -2.0   -4.2  -25.5               
   53   53 A Y  H  < S+     0   0  195     -4,-2.1    -2,-0.2     1,-0.1    -3,-0.2   0.962 121.7  31.9 -67.7 -51.2   -4.7   -4.9  -28.2               
   54   54 A E  H  < S+     0   0  108     -4,-2.5    -2,-0.2     1,-0.2    -3,-0.2   0.676 121.5  45.3 -88.7 -22.0   -5.2   -8.7  -27.5               
   55   55 A L  H >< S+     0   0    0     -4,-1.7     3,-1.4    -5,-0.3     2,-0.4   0.608  81.0 109.3-101.4 -12.1   -4.5   -9.0  -23.7               
   56   56 A N  T 3< S+     0   0   82     -4,-0.7    10,-0.2     1,-0.2     3,-0.1  -0.506  93.5   8.5 -68.4 122.7   -6.6   -6.0  -22.5               
   57   57 A G  T 3  S+     0   0   34      8,-2.6    -1,-0.2    -2,-0.4     9,-0.1   0.311  97.1 136.9  86.1  -4.9   -9.7   -7.4  -20.6               
   58   58 A K    <   -     0   0   91     -3,-1.4     7,-2.4     7,-0.1     2,-0.5  -0.272  60.2-102.7 -71.2 155.3   -8.4  -11.0  -20.7               
   59   59 A E  E     +D   64   0B 117      5,-0.2     2,-0.4    -3,-0.1     5,-0.2  -0.731  37.0 178.5 -92.5 122.8   -8.7  -13.2  -17.6               
   60   60 A L  E >  S-D   63   0B  15      3,-3.0     3,-2.1    -2,-0.5   -50,-0.4  -0.988  76.0 -20.4-122.2 119.7   -5.6  -13.8  -15.4               
   61   61 A C  T 3  S-     0   0   73     -2,-0.4   -49,-0.1     1,-0.3    -1,-0.1   0.773 129.1 -50.8  50.5  32.3   -6.0  -16.0  -12.2               
   62   62 A G  T 3  S+     0   0   72      1,-0.3     2,-0.3   -52,-0.0    -1,-0.3   0.393 121.0  98.0  87.0   1.5   -9.8  -15.2  -12.2               
   63   63 A E  E <  S-D   60   0B  49     -3,-2.1    -3,-3.0   -55,-0.0     2,-0.6  -0.923  75.9-118.2-115.9 145.4   -9.5  -11.4  -12.6               
   64   64 A R  E     -D   59   0B 158     -2,-0.3    -5,-0.2    -5,-0.2     2,-0.2  -0.745  32.8-143.3 -80.2 117.6   -9.8   -9.3  -15.8               
   65   65 A V        -     0   0    0     -7,-2.4    -8,-2.6    -2,-0.6     2,-0.6  -0.487   2.5-138.5 -81.4 148.4   -6.5   -7.4  -16.4               
   66   66 A I  E     -B    7   0A  62    -59,-2.4   -59,-2.9   -10,-0.2     2,-0.5  -0.955  19.5-166.4-104.3 118.7   -6.3   -3.9  -17.8               
   67   67 A V  E     +B    6   0A   0     -2,-0.6     2,-0.3   -61,-0.2   -61,-0.2  -0.948  19.7 156.1-113.2 119.0   -3.4   -3.7  -20.4               
   68   68 A E  E     -B    5   0A 104    -63,-2.5   -63,-3.5    -2,-0.5     2,-0.3  -0.978  50.4 -89.5-138.5 154.7   -2.4   -0.1  -21.4               
   69   69 A H  E     -B    4   0A  70     -2,-0.3     2,-1.0   -65,-0.2   -65,-0.3  -0.486  52.1-113.5 -62.1 124.0    0.6    1.8  -22.8               
   70   70 A A        -     0   0   22    -67,-2.6     2,-1.8    -2,-0.3   -67,-0.2  -0.428  28.2-154.3 -70.6  99.2    2.7    2.9  -19.8               
   71   71 A R        +     0   0  245     -2,-1.0    -1,-0.1     2,-0.0   -67,-0.0  -0.490  56.5  68.2 -78.6  79.8    2.4    6.8  -19.8               
   72   72 A G  S    S-     0   0   47     -2,-1.8     3,-0.1     2,-0.0     2,-0.1  -0.672  77.1-107.5 177.1 141.6    5.5    7.9  -18.0               
   73   73 A P        -     0   0  128      0, 0.0    -2,-0.0     0, 0.0     0, 0.0  -0.419  63.4 -83.0 -59.1 144.4    9.3    8.2  -18.1               
   74   74 A R        -     0   0   81      1,-0.1     2,-1.7    -2,-0.1    -2,-0.0  -0.209  30.9-129.2 -47.1 131.3   10.9    5.8  -15.7               
   75   75 A R        -     0   0  250     -3,-0.1     2,-0.5     2,-0.0    -1,-0.1  -0.466  37.7-177.9 -77.0  60.5   11.1    7.1  -12.1               
   76   76 A D        -     0   0  107     -2,-1.7     3,-0.1     1,-0.2     0, 0.0  -0.553  17.7-155.8 -63.3 115.4   14.8    6.1  -12.2               
   77   77 A R  S    S+     0   0  231     -2,-0.5     2,-0.5     1,-0.2    -1,-0.2   0.421  78.7  70.2 -76.4   2.2   15.7    7.1   -8.6               
   78   78 A D        +     0   0  109      1,-0.1    -1,-0.2     2,-0.0    -2,-0.1  -0.850  55.4 119.7-136.0  80.7   19.4    7.5   -9.7               
   79   79 A G        +     0   0   62     -2,-0.5     2,-2.5    -3,-0.1    -1,-0.1  -0.410  26.8 174.8-153.0  60.2   19.8   10.6  -11.9               
   80   80 A Y        +     0   0  196      2,-0.1     2,-0.7     1,-0.0    -3,-0.0  -0.298  18.3 175.1 -72.8  54.4   22.2   13.1  -10.3               
   81   81 A S        -     0   0  110     -2,-2.5     2,-2.1     1,-0.1    -2,-0.0  -0.591  32.6-137.1 -75.3 109.6   22.1   15.4  -13.4               
   82   82 A Y        -     0   0  223     -2,-0.7     2,-1.7     1,-0.1    -1,-0.1  -0.447  27.1-161.0 -61.2  74.3   24.1   18.6  -12.6               
   83   83 A G        -     0   0   69     -2,-2.1    -1,-0.1     1,-0.1    -2,-0.1  -0.520  32.9 -86.2 -78.8  78.8   21.4   20.8  -14.2               
   84   84 A S        -     0   0   94     -2,-1.7     2,-1.2     1,-0.2    -1,-0.1   0.773  22.4-130.7  40.6  99.1   23.0   24.2  -15.1               
   85   85 A R        +     0   0  255     -3,-0.1     2,-0.3     3,-0.0    -1,-0.2  -0.627  59.3 128.5 -61.7  98.4   23.5   27.2  -12.8               
   86   86 A S        +     0   0  110     -2,-1.2     0, 0.0     1,-0.3     0, 0.0  -0.860  34.6  53.0-157.1 133.9   22.2   30.0  -15.1               
   87   87 A G        -     0   0   77     -2,-0.3    -1,-0.3     0, 0.0     2,-0.1   0.836  48.7-163.0  75.3 109.5   19.5   32.8  -14.5               
   88   88 A G        +     0   0   83     -3,-0.1    -3,-0.0     0, 0.0     0, 0.0  -0.284  34.5  33.6 105.7  88.9   19.3   34.9  -12.3               
   89   89 A G        +     0   0   88     -2,-0.1     0, 0.0     1,-0.0     0, 0.0   0.305  38.4 120.7  92.0 153.9   16.6   37.3  -10.8               
   90   90 A G        -     0   0   60      1,-0.0     2,-0.1     0, 0.0    -1,-0.0   0.832  36.8-146.1 115.5  74.7   12.9   37.7  -10.1               
   91   91 A Y        +     0   0  228      1,-0.1    -1,-0.0     2,-0.1     0, 0.0  -0.304  32.8 162.9 -36.4 113.8   11.2   38.2   -6.7               
   92   92 A S        +     0   0   78     -2,-0.1     2,-1.2     1,-0.0     3,-0.5  -0.367  18.9 165.6-153.1  77.3    7.8   36.3   -7.0               
   93   93 A S        +     0   0  131      1,-0.2    -2,-0.1     2,-0.1    -1,-0.0  -0.097  69.2  78.0 -68.4  31.6    6.0   35.6   -3.8               
   94   94 A R        +     0   0  226     -2,-1.2    -1,-0.2     1,-0.0     3,-0.0   0.016  59.6  83.7-145.1  30.5    2.9   34.7   -6.0               
   95   95 A R        +     0   0  225     -3,-0.5     2,-1.5     1,-0.1    -2,-0.1   0.326  54.3 101.5-126.6  14.7    3.1   31.2   -7.7               
   96   96 A T        +     0   0  135      2,-0.1     2,-0.2     3,-0.0    -1,-0.1  -0.678  61.6 100.4 -80.4  72.9    1.8   28.9   -4.9               
   97   97 A S        +     0   0  111     -2,-1.5    -1,-0.0    -3,-0.0    -3,-0.0  -0.632  60.0  55.4-158.6  97.5   -1.6   28.9   -6.8               
   98   98 A G  S    S+     0   0   82     -2,-0.2     3,-0.1     0, 0.0    -2,-0.1   0.400  96.7  47.4 159.6  -4.7   -2.3   25.8   -8.9               
   99   99 A R  S    S+     0   0  235      1,-0.0     3,-0.4     2,-0.0     2,-0.2   0.424  81.0  89.0-133.3   2.7   -2.0   22.4   -6.9               
  100  100 A D        +     0   0   97      1,-0.2     3,-0.2     4,-0.0    -1,-0.0  -0.254  30.4 125.8-114.9  41.8   -4.0   22.8   -3.7               
  101  101 A K  S    S+     0   0  202      1,-0.3     2,-0.4    -2,-0.2    -1,-0.2   0.710  94.2  37.0 -68.1 -17.8   -7.7   21.8   -4.3               
  102  102 A Y  S    S-     0   0  195     -3,-0.4    -1,-0.3     3,-0.0     0, 0.0  -0.969  95.8-148.5-123.8 111.0   -6.9   19.6   -1.4               
  103  103 A G        -     0   0   45     -2,-0.4     3,-0.2    -3,-0.2    -2,-0.0  -0.186  47.2 -60.5 -62.7 169.9   -4.6   21.4    1.1               
  104  104 A P  S    S-     0   0  111      0, 0.0    -1,-0.2     0, 0.0     3,-0.0  -0.359  82.8 -80.7 -51.3 133.9   -2.0   19.5    3.2               
  105  105 A P        -     0   0   67      0, 0.0     2,-1.1     0, 0.0    33,-0.1  -0.169  42.3-126.5 -54.9 120.7   -4.2   17.1    5.3               
  106  106 A V        -     0   0   99     -3,-0.2     2,-0.9    31,-0.2    31,-0.1  -0.608  23.6-143.6 -68.9  99.2   -5.7   19.0    8.2               
  107  107 A R        -     0   0  195     -2,-1.1     2,-0.2    30,-0.1    -1,-0.1  -0.631  26.4-173.9 -70.9 103.0   -4.5   16.7   11.0               
  108  108 A T        -     0   0   29     -2,-0.9    46,-0.1     2,-0.1    47,-0.1  -0.486  38.0-120.4 -93.0 167.8   -7.5   16.8   13.4               
  109  109 A E  S    S+     0   0  132     -2,-0.2     2,-1.0     1,-0.1    45,-0.1   0.369  93.4  93.7 -85.4   4.6   -7.8   15.3   16.9               
  110  110 A Y        +     0   0   83     43,-0.4    43,-2.6    72,-0.1     2,-0.4  -0.607  56.6 157.4-103.2  67.1  -10.9   13.3   15.5               
  111  111 A R  E     -E  152   0C  76     -2,-1.0    70,-2.1    70,-0.5     2,-0.4  -0.834  23.6-166.9-100.4 132.1   -9.2   10.0   14.5               
  112  112 A L  E     -EF 151 180C   0     39,-3.2    39,-2.7    -2,-0.4     2,-0.4  -0.911  12.0-146.5-106.3 142.3  -10.7    6.6   14.1               
  113  113 A I  E     -EF 150 179C  42     66,-2.9    66,-2.8    -2,-0.4     2,-0.6  -0.900  14.3-147.8 -94.7 135.7   -8.8    3.3   13.7               
  114  114 A V  E     -EF 149 178C   0     35,-2.5    35,-2.0    -2,-0.4     3,-0.3  -0.952  14.8-166.5-106.8 113.4  -10.6    0.8   11.4               
  115  115 A E  E     + F   0 177C  59     62,-2.8    62,-2.2    -2,-0.6    33,-0.2  -0.599  64.7  27.2 -89.7 159.9  -10.0   -2.9   12.4               
  116  116 A N  S    S+     0   0   86     31,-0.3    32,-0.2    -2,-0.2    -1,-0.2   0.751  77.4 174.5  58.7  33.6  -10.9   -6.0   10.2               
  117  117 A L        -     0   0    0     30,-2.5     2,-0.2    -3,-0.3    -1,-0.2  -0.334  38.0-106.8 -59.9 144.2  -10.5   -4.2    6.8               
  118  118 A S    >   -     0   0    5     53,-0.3     3,-2.1    56,-0.2    29,-0.1  -0.530  22.2-129.0 -61.4 136.9  -10.7   -6.3    3.7               
  119  119 A S  T 3  S+     0   0   55      1,-0.3    -1,-0.1    -2,-0.2    -2,-0.1   0.651 113.9  56.2 -64.1 -13.2   -7.2   -6.7    2.1               
  120  120 A R  T 3  S+     0   0  151     52,-0.2     2,-0.6     2,-0.1    -1,-0.3   0.400  86.0  99.7 -91.2  -7.2   -9.0   -5.4   -1.1               
  121  121 A C    <   -     0   0    4     -3,-2.1     2,-0.1    50,-0.1    26,-0.1  -0.791  57.6-166.8 -88.9 115.4  -10.2   -2.2    0.7               
  122  122 A S     >  -     0   0   35     -2,-0.6     4,-2.3     1,-0.1     5,-0.2  -0.430  39.4-100.8 -88.5 170.2   -8.0    0.8   -0.1               
  123  123 A W  H  > S+     0   0  127     18,-0.2     4,-1.5     2,-0.2     5,-0.1   0.725 124.5  57.9 -62.1 -21.5   -7.8    4.3    1.6               
  124  124 A Q  H  > S+     0   0  111      2,-0.2     4,-2.7     3,-0.2     5,-0.2   0.957 106.2  45.9 -72.4 -49.6  -10.0    5.5   -1.4               
  125  125 A D  H  > S+     0   0   68      1,-0.2     4,-2.5     2,-0.2    -2,-0.2   0.916 114.5  49.3 -59.6 -44.3  -12.8    3.0   -0.6               
  126  126 A L  H  X S+     0   0    0     -4,-2.3     4,-2.8     2,-0.2    -1,-0.2   0.886 111.9  48.6 -59.2 -43.2  -12.6    3.9    3.1               
  127  127 A K  H  X S+     0   0   66     -4,-1.5     4,-1.3     2,-0.2    -2,-0.2   0.917 113.7  44.8 -67.1 -44.6  -12.7    7.7    2.3               
  128  128 A D  H  < S+     0   0   83     -4,-2.7     4,-0.2     2,-0.2    -2,-0.2   0.864 116.3  48.0 -69.2 -34.2  -15.8    7.3   -0.1               
  129  129 A F  H >< S+     0   0   38     -4,-2.5     3,-2.0    -5,-0.2     4,-0.2   0.972 112.2  47.0 -66.6 -52.7  -17.5    5.0    2.5               
  130  130 A M  H >X S+     0   0    1     -4,-2.8     3,-1.9     1,-0.3     4,-1.5   0.724  93.6  78.8 -67.6 -17.9  -16.8    7.3    5.5               
  131  131 A R  T 3< S+     0   0  168     -4,-1.3    -1,-0.3     1,-0.3    -2,-0.2   0.708  80.8  70.2 -59.6 -19.4  -18.1   10.3    3.4               
  132  132 A Q  T <4 S+     0   0  142     -3,-2.0    -1,-0.3    -4,-0.2    -2,-0.2   0.750 105.3  38.3 -67.2 -24.8  -21.6    9.0    4.2               
  133  133 A A  T <4 S-     0   0    9     -3,-1.9     2,-0.3     1,-0.3    -2,-0.2   0.776 128.3 -67.5 -96.3 -32.4  -21.0   10.1    7.9               
  134  134 A G  S  < S-     0   0   17     -4,-1.5     2,-0.7    27,-0.1    -1,-0.3  -0.989  74.8 -22.9 168.9-161.7  -19.1   13.4    7.2               
  135  135 A E        -     0   0  100     -2,-0.3    19,-2.8    -3,-0.1     2,-0.7  -0.626  49.3-154.9 -84.1 113.3  -16.0   15.2    5.8               
  136  136 A V  E     +G  153   0C  11     -2,-0.7    17,-0.2    17,-0.2     3,-0.1  -0.753  15.2 178.6 -88.7 113.7  -12.8   13.0    5.9               
  137  137 A T  E    S+     0   0C  26     15,-1.6     2,-0.3    -2,-0.7    16,-0.2   0.838  73.4  17.3 -83.4 -34.8   -9.6   15.1    6.0               
  138  138 A Y  E     +G  152   0C  54     14,-1.5    14,-2.9   -33,-0.1     2,-0.3  -0.996  63.1 177.4-139.7 140.4   -7.2   12.1    6.1               
  139  139 A A  E     +G  151   0C  15     -2,-0.3     2,-0.3    12,-0.2    12,-0.2  -0.987   5.7 170.1-144.2 139.2   -7.6    8.4    5.2               
  140  140 A D  E     -G  150   0C  28     10,-2.3    10,-2.5    -2,-0.3     2,-0.3  -0.984   9.8-165.9-149.0 147.0   -5.0    5.6    5.2               
  141  141 A A  E     +G  149   0C  17     -2,-0.3     8,-0.2     8,-0.3   -18,-0.2  -0.999  66.9   0.8-142.5 141.2   -5.2    1.8    4.8               
  142  142 A H  S    S+     0   0   61      6,-2.8     7,-0.2    -2,-0.3     4,-0.1   0.650  86.9 124.7  60.4  21.4   -2.8   -1.2    5.5               
  143  143 A K  S    S+     0   0  123      5,-0.3     3,-0.1     2,-0.1     6,-0.1   0.914  81.3  15.8 -80.4 -47.7   -0.0    1.2    6.8               
  144  144 A E  S    S+     0   0  153      1,-0.4     2,-0.3     4,-0.1    -1,-0.1   0.823 138.2   4.3 -96.4 -42.2    0.9   -0.1   10.3               
  145  145 A R  S >  S-     0   0  161      3,-0.1     3,-1.5     0, 0.0    -1,-0.4  -0.983  81.1 -98.5-137.2 154.3   -0.8   -3.6   10.0               
  146  146 A T  T 3  S+     0   0  103     -2,-0.3   -30,-0.1     1,-0.2     3,-0.1  -0.530 112.9  21.9 -64.4 138.3   -2.6   -5.6    7.3               
  147  147 A N  T 3  S+     0   0   52      1,-0.3   -30,-2.5    -2,-0.2     2,-0.3   0.494 105.6 106.0  69.2  13.4   -6.4   -5.3    7.8               
  148  148 A E    <   +     0   0   44     -3,-1.5    -6,-2.8   -32,-0.2    -5,-0.3  -0.900  43.8 177.9-115.6 149.6   -6.0   -2.0    9.7               
  149  149 A G  E     -EG 114 141C   4    -35,-2.0   -35,-2.5    -2,-0.3     2,-0.4  -0.923  19.2-139.2-143.9 169.2   -6.8    1.6    8.6               
  150  150 A V  E     -EG 113 140C  21    -10,-2.5   -10,-2.3    -2,-0.3     2,-0.4  -0.999  16.4-178.5-137.2 129.5   -6.8    5.2    9.9               
  151  151 A I  E     -EG 112 139C   0    -39,-2.7   -39,-3.2    -2,-0.4     2,-0.4  -0.998   8.3-163.2-135.9 127.0   -9.4    7.9    9.2               
  152  152 A E  E     -EG 111 138C   6    -14,-2.9   -15,-1.6    -2,-0.4   -14,-1.5  -0.953  12.0-154.7-111.9 128.6   -9.4   11.6   10.4               
  153  153 A F  E     - G   0 136C   0    -43,-2.6   -43,-0.4    -2,-0.4   -17,-0.2  -0.735  21.8-129.8 -98.4 152.8  -12.6   13.6   10.4               
  154  154 A R  S    S+     0   0  153    -19,-2.8     2,-0.3    -2,-0.3   -45,-0.1   0.815  92.2  27.7 -64.7 -31.8  -13.0   17.4   10.1               
  155  155 A S  S >> S-     0   0   42    -20,-0.3     4,-2.1   -45,-0.1     3,-0.5  -0.971  70.1-127.7-136.8 148.5  -15.5   17.4   13.1               
  156  156 A Y  H 3> S+     0   0  113     -2,-0.3     4,-2.6     1,-0.2     5,-0.2   0.834 111.9  61.0 -59.0 -33.9  -16.3   15.4   16.3               
  157  157 A S  H 3> S+     0   0   53      2,-0.2     4,-2.0     1,-0.2    -1,-0.2   0.879 106.9  43.9 -57.8 -40.8  -19.9   15.3   15.0               
  158  158 A D  H <> S+     0   0   25     -3,-0.5     4,-2.2     2,-0.2    -2,-0.2   0.915 112.7  51.0 -79.0 -42.3  -18.9   13.4   11.9               
  159  159 A M  H  X S+     0   0   10     -4,-2.1     4,-2.5     2,-0.2    -2,-0.2   0.919 112.8  46.7 -56.6 -47.5  -16.5   11.0   13.8               
  160  160 A K  H  X S+     0   0  120     -4,-2.6     4,-2.3     1,-0.2    -2,-0.2   0.895 111.9  50.4 -67.2 -39.8  -19.4   10.2   16.2               
  161  161 A R  H  X S+     0   0  147     -4,-2.0     4,-1.8     2,-0.2     5,-0.2   0.840 110.6  50.8 -63.1 -36.7  -21.9    9.7   13.3               
  162  162 A A  H  X>S+     0   0    0     -4,-2.2     4,-2.8     2,-0.2     5,-0.5   0.948 111.7  46.1 -65.9 -47.6  -19.3    7.4   11.6               
  163  163 A L  H  X5S+     0   0   56     -4,-2.5     4,-0.7     1,-0.2    -2,-0.2   0.881 116.3  45.9 -63.0 -37.8  -18.9    5.3   14.8               
  164  164 A D  H  <5S+     0   0  131     -4,-2.3    -1,-0.2    -5,-0.2    -2,-0.2   0.831 128.7  22.5 -73.3 -35.1  -22.7    5.1   15.4               
  165  165 A K  H  <5S+     0   0  145     -4,-1.8    -2,-0.2    -5,-0.2    -3,-0.2   0.653 125.9  43.6-106.0 -26.1  -23.7    4.2   11.8               
  166  166 A L  H ><5S+     0   0   10     -4,-2.8     3,-1.1    -5,-0.2    -3,-0.2   0.490  80.9 107.6-111.4  -7.7  -20.6    2.7   10.2               
  167  167 A D  T 3<<S+     0   0   75     -4,-0.7    10,-0.2    -5,-0.5   -53,-0.0  -0.490  91.8  13.8 -67.1 137.3  -19.4    0.3   13.0               
  168  168 A G  T 3  S+     0   0   39      8,-1.9    -1,-0.2     1,-0.2     9,-0.1   0.338  95.4 144.8  75.6  -4.9  -20.0   -3.4   12.0               
  169  169 A T    <   -     0   0   35     -3,-1.1     7,-2.8     6,-0.2     2,-0.8  -0.282  54.4-111.9 -69.9 147.9  -20.8   -2.4    8.3               
  170  170 A E  E     +H  175   0D 141      5,-0.2     2,-0.5     3,-0.1     5,-0.3  -0.691  35.6 176.3 -85.6 110.0  -19.8   -4.7    5.4               
  171  171 A I  E >  S-H  174   0D  12      3,-2.7     3,-1.1    -2,-0.8   -53,-0.3  -0.957  76.4 -19.3-111.1 120.1  -17.0   -3.3    3.2               
  172  172 A N  T 3  S-     0   0   92     -2,-0.5   -52,-0.2     1,-0.2    -1,-0.2   0.858 131.3 -47.3  51.3  41.5  -15.8   -5.7    0.5               
  173  173 A G  T 3  S+     0   0   69      1,-0.2     2,-0.3    -3,-0.1    -1,-0.2   0.641 120.5  97.7  77.0  17.8  -17.4   -8.7    2.3               
  174  174 A R  E <  S-H  171   0D  83     -3,-1.1    -3,-2.7    -5,-0.1     2,-0.6  -0.996  73.6-123.0-132.2 136.8  -15.9   -8.0    5.8               
  175  175 A N  E     -H  170   0D  80     -2,-0.3    -5,-0.2    -5,-0.3     2,-0.2  -0.635  32.5-145.2 -70.7 114.6  -17.6   -6.2    8.8               
  176  176 A I        -     0   0    2     -7,-2.8    -8,-1.9    -2,-0.6     2,-0.4  -0.521   5.1-145.8 -78.0 152.3  -15.3   -3.3    9.7               
  177  177 A R  E     -F  115   0C 137    -62,-2.2   -62,-2.8   -10,-0.2     2,-0.5  -0.989   6.8-148.6-123.3 130.7  -14.9   -2.2   13.3               
  178  178 A L  E     -F  114   0C   8     -2,-0.4     2,-0.4   -64,-0.2   -64,-0.2  -0.859  15.3-178.8-105.0 123.2  -14.5    1.5   14.3               
  179  179 A I  E     -F  113   0C  55    -66,-2.8   -66,-2.9    -2,-0.5     2,-0.7  -0.973  30.1-121.2-121.2 130.3  -12.3    2.5   17.4               
  180  180 A E  E     -F  112   0C  49     -2,-0.4     2,-1.9   -68,-0.2   -68,-0.2  -0.584  18.7-146.8 -66.0 112.5  -11.8    6.1   18.6               
  181  181 A D        -     0   0   41    -70,-2.1   -70,-0.5    -2,-0.7    -1,-0.1  -0.581  18.3-170.4 -78.6  78.0   -8.0    6.8   18.6               
  182  182 A K        -     0   0  141     -2,-1.9     2,-0.3   -72,-0.1   -72,-0.1  -0.677  34.3-115.0 -62.4 112.2   -8.1    9.0   21.6               
  183  183 A P        -     0   0   83      0, 0.0     2,-2.4     0, 0.0    -1,-0.1  -0.391  29.6-124.8 -58.5 111.7   -4.5   10.4   21.4               
  184  184 A R        -     0   0  233     -2,-0.3     3,-0.2     1,-0.2    -2,-0.0  -0.390  52.9 -78.3 -68.4  72.6   -3.2    8.8   24.7               
  185  185 A T        -     0   0  123     -2,-2.4     2,-2.0     1,-0.2    -1,-0.2   0.781  62.8-174.0  36.4  46.7   -1.9   12.1   26.3               
  186  186 A S        -     0   0  107      1,-0.1    -1,-0.2     2,-0.0     3,-0.1  -0.584  34.5-113.7 -75.4  84.4    1.2   12.1   24.2               
  187  187 A H        -     0   0  152     -2,-2.0     2,-2.7     1,-0.2    -1,-0.1   0.201   9.0-128.5 -10.1 111.7    2.9   15.1   25.8               
  188  188 A R        -     0   0  222      2,-0.0     2,-0.9     3,-0.0    -1,-0.2  -0.556  29.0-167.0 -65.7  72.7    3.3   18.1   23.7               
  189  189 A R        -     0   0  226     -2,-2.7     2,-0.2     1,-0.1    -3,-0.0  -0.692  40.1-108.3 -52.2 101.8    6.9   18.1   24.8               
  190  190 A S        -     0   0  102     -2,-0.9     2,-2.5     1,-0.2    -1,-0.1  -0.330  21.8-140.2 -50.0 109.5    7.2   21.6   23.3               
  191  191 A Y        +     0   0  218     -2,-0.2     2,-2.3     1,-0.1    -1,-0.2  -0.506  28.1 176.2 -71.9  69.5    9.2   21.4   20.2               
  192  192 A S        +     0   0   93     -2,-2.5     2,-1.4     1,-0.1    -1,-0.1  -0.549   1.5 174.6 -63.3  65.1   10.9   24.6   21.1               
  193  193 A G        +     0   0   35     -2,-2.3     2,-1.6     2,-0.1    -1,-0.1  -0.366   7.5 173.2 -66.3  47.9   12.9   23.9   18.0               
  194  194 A S        -     0   0   81     -2,-1.4     2,-2.3     1,-0.1    -2,-0.1  -0.605  22.7-156.4 -56.6  88.2   14.2   27.3   18.9               
  195  195 A R        -     0   0  217     -2,-1.6     2,-1.4     2,-0.1    -1,-0.1  -0.384  17.8-174.2 -75.4  56.3   16.9   27.0   16.1               
  196  196 A S        -     0   0   85     -2,-2.3     2,-1.9     1,-0.2    -2,-0.1  -0.463  18.0-167.3 -58.1  87.2   18.8   29.6   18.2               
  197  197 A R        +     0   0  224     -2,-1.4     2,-0.6     1,-0.1    -1,-0.2  -0.319  42.9 139.0 -70.3  52.4   21.7   30.3   15.9               
  198  198 A S        +     0   0   92     -2,-1.9    -1,-0.1     1,-0.1    -2,-0.1  -0.584   8.8 128.7-105.6  58.9   23.1   31.9   19.0               
  199  199 A R        +     0   0  212     -2,-0.6     2,-2.3     2,-0.1    -1,-0.1  -0.451  20.9 162.3-111.1  59.5   26.7   30.7   18.8               
  200  200 A S        -     0   0  102      1,-0.1     2,-2.1     2,-0.1    -2,-0.1  -0.557  25.5-162.6 -59.8  72.2   28.2   34.1   19.3               
  201  201 A R        -     0   0  203     -2,-2.3     2,-1.6     1,-0.1    -1,-0.1  -0.523   3.0-164.3 -68.0  81.4   31.5   32.5   20.2               
  202  202 A R        +     0   0  239     -2,-2.1     2,-0.9     1,-0.1    -1,-0.1  -0.613  12.8 177.0 -60.3  87.0   33.1   35.5   21.8               
  203  203 A R        -     0   0  244     -2,-1.6     2,-0.5     2,-0.0    -1,-0.1  -0.797  13.3-168.7 -96.8  83.6   36.7   34.1   21.7               
  204  204 A S        +     0   0   98     -2,-0.9    -2,-0.0     1,-0.1     0, 0.0  -0.697  28.7 116.6 -65.7 120.6   38.5   37.0   23.2               
  205  205 A R        -     0   0  229     -2,-0.5    -1,-0.1     2,-0.0    -2,-0.0   0.289  46.3-114.6 173.0  99.7   42.2   37.3   23.1               
  206  206 A S        +     0   0   98      0, 0.0    -2,-0.0     0, 0.0     0, 0.0   0.913  37.5 118.4  59.4 145.3   44.6   39.6   21.5               
  207  207 A R        +     0   0  243      0, 0.0    -2,-0.0     0, 0.0     0, 0.0   0.553  33.8  80.0  79.5 138.0   47.5   40.5   18.9               
  208  208 A S        -     0   0  100      0, 0.0     0, 0.0     0, 0.0     0, 0.0   0.824  51.5 -55.2-167.8 168.0   48.1   42.4   16.3               
  209  209 A R        -     0   0  224      0, 0.0     0, 0.0     0, 0.0     0, 0.0   0.721  37.4-105.6-146.0 145.6   48.9   45.2   14.6               
  210  210 A R        +     0   0  243      2,-0.0     0, 0.0     1,-0.0     0, 0.0   0.717  31.7 153.0  39.1 120.7   48.0   48.9   14.0               
  211  211 A S        +     0   0  124      0, 0.0     2,-0.4     0, 0.0    -1,-0.0  -0.222  35.9 127.7-155.9 102.8   46.6   51.6   12.2               
  212  212 A S        +     0   0  118      0, 0.0     2,-0.4     0, 0.0     3,-0.1  -0.999  24.4 176.8-117.2 127.8   45.4   54.5   14.3               
  213  213 A R        +     0   0  229     -2,-0.4     0, 0.0     1,-0.3     0, 0.0  -0.911  43.8   5.5-129.6 114.2   46.7   58.0   13.4               
  214  214 A S        +     0   0   90     -2,-0.4    -1,-0.3     0, 0.0     0, 0.0   0.637  63.0  69.3  60.1 148.6   45.2   61.0   15.4               
  215  215 A R        -     0   0  225     -3,-0.1    -2,-0.1     2,-0.0     0, 0.0   0.855  55.6 -44.8-160.7 153.7   43.4   62.3   17.8               
  216  216 A S        +     0   0  118      1,-0.1     2,-0.3     2,-0.0     0, 0.0   0.746  25.4 169.0-158.4 142.6   43.0   62.8   21.0               
  217  217 A R        -     0   0  240      1,-0.1    -1,-0.1     2,-0.0    -2,-0.0  -0.831  38.6 -91.6-100.1 145.0   43.1   61.4   24.6               
  218  218 A S        +     0   0  103     -2,-0.3     2,-0.2     0, 0.0    -1,-0.1   0.171  37.8 153.2  -5.7 136.0   43.0   63.1   28.0               
  219  219 A I        -     0   0  164      0, 0.0     2,-0.1     0, 0.0    -2,-0.0  -0.504  28.6-115.8-169.6 165.9   45.1   64.3   30.5               
  220  220 A S        -     0   0   99      1,-0.2     0, 0.0    -2,-0.2     0, 0.0  -0.269  42.9 -32.7 -71.0 148.2   45.0   67.0   33.3               
  221  221 A K        -     0   0  191     -2,-0.1    -1,-0.2     0, 0.0     0, 0.0   0.604  67.7 -37.5  40.5  98.6   46.4   70.1   34.6               
  222  222 A S        +     0   0   87      0, 0.0    -2,-0.0     0, 0.0     0, 0.0   0.933  52.9  76.5  65.3 134.0   49.8   71.9   34.5               
  223  223 A R        +     0   0  238      0, 0.0     0, 0.0     0, 0.0     0, 0.0   0.684  30.7  65.7  66.6 141.6   53.6   71.9   34.7               
  224  224 A S        -     0   0   92      0, 0.0     0, 0.0     0, 0.0     0, 0.0   0.692  23.2 -97.0-172.8 153.5   56.5   71.4   33.5               
  225  225 A R        +     0   0  239      0, 0.0     0, 0.0     0, 0.0     0, 0.0   0.871  19.7 100.9  51.2 135.1   60.0   71.2   31.9               
  226  226 A S        -     0   0   85      0, 0.0     0, 0.0     0, 0.0     0, 0.0   0.796  21.2 -70.6 178.9 158.6   62.4   70.2   30.1               
  227  227 A R        +     0   0  232      0, 0.0     0, 0.0     0, 0.0     0, 0.0   0.735  21.9  83.9  67.1 145.4   65.1   69.5   27.4               
  228  228 A S        -     0   0   87      0, 0.0     0, 0.0     0, 0.0     0, 0.0   0.520  16.5-117.2-175.8 149.7   66.5   68.8   24.7               
  229  229 A R        +     0   0  237      0, 0.0     0, 0.0     0, 0.0     0, 0.0   0.653  11.9 116.8  65.0 152.0   68.2   68.5   21.2               
  230  230 A S        -     0   0   99      0, 0.0     0, 0.0     0, 0.0     0, 0.0   0.775   9.5-170.6-167.9 163.9   69.1   67.8   18.2               
  231  231 A K        -     0   0  210      0, 0.0     0, 0.0     0, 0.0     0, 0.0   0.436  15.7-129.3  16.9 133.6   70.0   67.5   14.5               
  232  232 A G        -     0   0   70      0, 0.0     0, 0.0     0, 0.0     0, 0.0   0.900   5.2-148.0 128.8-173.2   70.7   65.9   11.8               
  233  233 A R        -     0   0  231      0, 0.0     2,-0.1     0, 0.0     0, 0.0   0.589   4.9-168.6  74.6 128.1   73.0   65.3    8.6               
  234  234 A S        -     0   0  102      0, 0.0     2,-0.1     0, 0.0     0, 0.0  -0.136   4.0-158.1  88.0 115.2   73.0   64.2    5.4               
  235  235 A R        -     0   0  222     -2,-0.1     0, 0.0     0, 0.0     0, 0.0  -0.393  20.8-153.8-178.9 113.1   75.4   63.3    2.6               
  236  236 A S        +     0   0   92     -2,-0.1     0, 0.0     0, 0.0     0, 0.0   0.633  26.6 163.9  69.6 134.4   75.3   63.1   -0.9               
  237  237 A R        +     0   0  235      0, 0.0     0, 0.0     0, 0.0     0, 0.0   0.846  25.2 163.9-166.7 170.0   75.7   62.3   -4.1               
  238  238 A S        +     0   0   83      0, 0.0     0, 0.0     0, 0.0     0, 0.0   0.570  21.4 133.6 178.9 153.3   74.5   62.4   -7.3               
  239  239 A K        +     0   0  210      0, 0.0     2,-0.0     0, 0.0     0, 0.0   0.679  18.6 142.1  65.0 142.5   73.2   62.6  -11.0               
  240  240 A G        -     0   0   70      0, 0.0     0, 0.0     0, 0.0     0, 0.0   0.545  17.4-156.1 166.6 158.1   71.2   61.9  -13.3               
  241  241 A R        -     0   0  242     -2,-0.0     0, 0.0     0, 0.0     0, 0.0   0.999  28.7 -47.2  76.4 101.4   69.0   62.0  -16.5               
  242  242 A K        +     0   0  189      2,-0.0     0, 0.0     0, 0.0     0, 0.0   0.986  46.1  14.2  93.2 123.6   66.2   60.8  -18.3               
  243  243 A S        +     0   0  106      1,-0.0     2,-0.1     2,-0.0     0, 0.0   0.915  38.8 118.2  59.3  94.8   63.5   58.8  -20.0               
  244  244 A R        +     0   0  247      1,-0.0    -1,-0.0     2,-0.0    -2,-0.0  -0.525  14.2 133.9-165.1 121.6   62.2   55.2  -20.2               
  245  245 A S        +     0   0  131     -2,-0.1     2,-0.3     0, 0.0    -2,-0.0  -0.459  29.3 151.0-149.3  73.0   58.7   53.8  -19.3               
  246  246 A K        -     0   0  192      1,-0.2    -2,-0.0     0, 0.0     0, 0.0  -0.778  42.8  -2.4 -89.1 147.1   57.7   51.4  -22.1               
  247  247 A S        -     0   0   99     -2,-0.3     2,-0.4     1,-0.2    -1,-0.2   0.952  22.7-170.7  57.4 116.3   55.4   48.4  -21.6               
  248  248 A K        -     0   0  222      0, 0.0     2,-0.4     0, 0.0    -1,-0.2  -0.986  48.9-165.8-112.2 134.7   53.4   46.3  -19.2               
  249  249 A S        -     0   0   91     -2,-0.4     0, 0.0     1,-0.1     0, 0.0  -0.964  14.9-151.6-132.3 142.0   52.4   43.4  -21.4               
  250  250 A K        -     0   0  196     -2,-0.4    -1,-0.1     0, 0.0     0, 0.0   0.639  10.7 -89.3  71.2 166.7   50.4   40.3  -22.1               
  251  251 A P        -     0   0  100      0, 0.0    -2,-0.0     0, 0.0     0, 0.0   0.596  28.1  -0.2-141.8 171.8   48.9   37.7  -22.9               
  252  252 A K        +     0   0  189      0, 0.0     0, 0.0     0, 0.0     0, 0.0   0.725  39.5  15.3  76.0 148.2   46.6   35.5  -24.9               
  253  253 A S        -     0   0   97      0, 0.0     0, 0.0     0, 0.0     0, 0.0   0.633  35.9-152.2-155.3 122.7   44.7   34.0  -26.9               
  254  254 A D        +     0   0  105      0, 0.0     0, 0.0     0, 0.0     0, 0.0   0.812  12.0  77.5  90.3 116.6   43.3   34.3  -30.2               
  255  255 A R        +     0   0  233      2,-0.0     0, 0.0     0, 0.0     0, 0.0   0.914  18.0  10.0  61.5 144.8   41.1   34.1  -33.2               
  256  256 A G        +     0   0   77      1,-0.0     2,-0.5     0, 0.0     0, 0.0   0.746  10.3 160.4-176.5 160.3   39.0   34.2  -35.5               
  257  257 A S        +     0   0  116      0, 0.0     2,-0.3     0, 0.0    -2,-0.0  -0.874  31.7 148.7-105.6 125.4   36.2   35.1  -38.0               
  258  258 A H        -     0   0  182     -2,-0.5     0, 0.0     1,-0.1     0, 0.0  -0.969  30.1 -41.2-154.9 148.5   35.7   34.0  -41.6               
  259  259 A S        -     0   0   85     -2,-0.3     2,-0.1     1,-0.2    -1,-0.1   0.509  29.0-120.7   9.4 124.5   33.2   33.1  -44.4               
  260  260 A H        +     0   0  184      0, 0.0    -1,-0.2     0, 0.0     2,-0.1  -0.119  30.7 147.2  60.6  88.0   30.3   31.7  -45.5               
  261  261 A S        -     0   0   99     -2,-0.1     0, 0.0     0, 0.0     0, 0.0  -0.341  26.0 -54.8-178.9 143.1   29.4   29.2  -47.9               
  262  262 A R        +     0   0  238     -2,-0.1     0, 0.0     0, 0.0     0, 0.0   0.574  31.1 131.9  30.2 137.1   27.1   26.4  -49.0               
  263  263 A S        -     0   0   95      0, 0.0     0, 0.0     0, 0.0     0, 0.0   0.822  22.6 -70.7 179.1 177.8   25.4   23.6  -48.9               
  264  264 A R        -     0   0  227      0, 0.0     0, 0.0     0, 0.0     0, 0.0   0.719  31.1-103.4  85.1 107.8   23.1   20.4  -48.8               
  265  265 A S        +     0   0  117      0, 0.0     2,-0.0     0, 0.0     0, 0.0   0.712  25.3 142.2  73.4 128.8   20.6   18.7  -47.4               
  266  266 A K        +     0   0  182      0, 0.0     0, 0.0     0, 0.0     0, 0.0   0.761  36.5  34.5-149.8 160.4   18.5   16.7  -45.7               
  267  267 A D        -     0   0  142     -2,-0.0     2,-0.0     0, 0.0     0, 0.0   0.462  35.0-138.5-168.5 166.7   15.7   16.1  -43.9               
  268  268 A E        +     0   0  184      1,-0.1     0, 0.0     2,-0.0     0, 0.0  -0.087  29.6  73.4 -68.0 170.2   12.0   16.9  -43.1               
  269  269 A Y        -     0   0  186     -2,-0.0    -1,-0.1     0, 0.0     0, 0.0   0.725  31.7-130.9-157.9 144.3    9.4   17.4  -41.1               
  270  270 A E        +     0   0  125      1,-0.0     2,-0.2     0, 0.0    -2,-0.0   0.691  22.0 178.6  20.5 136.9    7.3   19.4  -38.5               
  271  271 A K        -     0   0  211      2,-0.0     2,-0.0     0, 0.0    -1,-0.0  -0.636  39.4-137.3-148.7 139.8    5.6   20.1  -35.6               
  272  272 A S        -     0   0   88     -2,-0.2     2,-0.4     2,-0.0     0, 0.0  -0.195  13.5-161.0 -82.1 151.2    4.3   23.7  -35.2               
  273  273 A R        +     0   0  251      2,-0.0     2,-0.3    -2,-0.0    -1,-0.0  -0.900  20.6 162.2-129.5 112.2    4.1   26.3  -32.4               
  274  274 A S        -     0   0  110     -2,-0.4     2,-0.2     0, 0.0    -2,-0.0  -0.935  21.7-142.7-147.6 115.0    1.8   29.4  -32.5               
  275  275 A R        -     0   0  237     -2,-0.3    -2,-0.0     1,-0.2     0, 0.0  -0.307  31.1 -54.2  56.1  85.1    0.7   31.5  -30.2               
  276  276 A S        +     0   0  110     -2,-0.2    -1,-0.2     1,-0.0     2,-0.2   0.689  30.1 163.9  50.8 112.6   -2.4   33.3  -29.5               
  277  277 A R        -     0   0  251      2,-0.0     2,-0.1     0, 0.0    -1,-0.0  -0.573  21.6-148.0-163.7 133.3   -5.1   35.5  -30.6               
  278  278 A S        +     0   0  111     -2,-0.2     2,-0.1     2,-0.0     0, 0.0  -0.448  25.4 153.5 -64.1 143.3   -8.5   36.2  -29.2               
  279  279 A R        -     0   0  245     -2,-0.1    -2,-0.0     2,-0.0     0, 0.0  -0.487  13.2-176.8-168.9 114.8  -11.7   37.1  -31.1               
  280  280 A S        +     0   0  122     -2,-0.1     2,-0.3     2,-0.0    -2,-0.0  -0.722   2.8 178.6 -81.4 148.4  -15.3   36.5  -30.2               
  281  281 A P        -     0   0  126      0, 0.0     2,-0.2     0, 0.0    -2,-0.0  -0.929  19.6-131.3-130.4 167.7  -18.3   37.2  -32.1               
  282  282 A K        +     0   0  201     -2,-0.3     2,-0.2     0, 0.0    -2,-0.0  -0.601  23.6 165.9 -79.0 153.3  -22.0   36.5  -31.1               
  283  283 A E        -     0   0  181     -2,-0.2     2,-0.0     2,-0.0     0, 0.0  -0.757  22.4-122.9-165.7 171.8  -25.0   35.1  -32.4               
  284  284 A N        +     0   0  146     -2,-0.2     0, 0.0     1,-0.0     0, 0.0  -0.140  23.2 163.6 -80.0 165.8  -28.4   33.8  -31.3               
  285  285 A G        -     0   0   70     -2,-0.0    -2,-0.0     0, 0.0    -1,-0.0   0.136  17.1-162.5 159.8  66.2  -30.7   30.7  -31.4               
  286  286 A K        +     0   0  206      2,-0.0    -2,-0.0     1,-0.0     0, 0.0   0.175  10.3 178.5  41.0 117.1  -33.5   30.3  -29.2               
  287  287 A G        +     0   0   76      2,-0.0     2,-0.5     0, 0.0    -1,-0.0  -0.057  12.6 160.8-170.4  43.3  -35.2   26.9  -28.6               
  288  288 A D        +     0   0  152      2,-0.0     2,-0.4     0, 0.0    -2,-0.0  -0.652   8.1 175.8 -66.5 123.8  -38.1   27.1  -26.1               
  289  289 A I        -     0   0  174     -2,-0.5     2,-0.4     0, 0.0    -2,-0.0  -0.966  14.9-170.6-128.1 123.1  -40.5   24.1  -26.3               
  290  290 A K        -     0   0  178     -2,-0.4    -2,-0.0     1,-0.2     0, 0.0  -0.894  20.2 -53.1-114.1 133.4  -43.2   24.3  -23.6               
  291  291 A S        +     0   0   97     -2,-0.4    -1,-0.2     1,-0.0     2,-0.1   0.810  34.0 160.2  41.0 127.1  -46.0   22.0  -22.2               
  292  292 A K        -     0   0  204      2,-0.0     2,-0.2     0, 0.0    -1,-0.0  -0.324   8.9-172.4-171.2 137.0  -48.8   19.9  -22.8               
  293  293 A S        +     0   0  106     -2,-0.1     2,-0.1     2,-0.0     0, 0.0  -0.600  19.5 155.8 -68.4 145.0  -50.6   17.1  -21.1               
  294  294 A R        -     0   0  243     -2,-0.2    -2,-0.0     2,-0.0     2,-0.0  -0.523  26.3-135.0-170.8 136.9  -53.4   15.1  -22.7               
  295  295 A S        +     0   0  110     -2,-0.1     2,-0.2     2,-0.0    -2,-0.0  -0.192  21.4 166.6 -51.0 147.8  -54.9   11.7  -22.1               
  296  296 A R        -     0   0  250      2,-0.0     2,-0.3    -2,-0.0    -2,-0.0  -0.602  16.6-155.7-161.0 133.5  -55.9    8.8  -24.2               
  297  297 A S        +     0   0  114     -2,-0.2     2,-0.2     2,-0.0    -2,-0.0  -0.619  13.5 173.3 -77.8 143.8  -56.7    5.3  -23.2               
  298  298 A Q        -     0   0  198     -2,-0.3     2,-0.5     2,-0.0    -2,-0.0  -0.748  12.4-162.9-150.2 113.5  -56.5    2.2  -25.3               
  299  299 A S        +     0   0  116     -2,-0.2     2,-0.3     2,-0.0    -2,-0.0  -0.791  17.4 161.3 -82.7 125.8  -57.1   -1.3  -23.8               
  300  300 A R        -     0   0  249     -2,-0.5     2,-0.1     2,-0.0    -2,-0.0  -0.952  24.8-136.0-142.4 138.3  -55.9   -4.4  -25.6               
  301  301 A S        +     0   0  100     -2,-0.3     2,-0.0     0, 0.0    -2,-0.0  -0.352  25.1 161.4 -68.2 151.8  -55.4   -7.9  -24.0               
  302  302 A N        -     0   0  149     -2,-0.1    -2,-0.0     0, 0.0     0, 0.0  -0.114  36.0 -85.9-173.6 125.6  -53.2  -10.7  -23.9               
  303  303 A S        -     0   0  109      1,-0.1     2,-0.3    -2,-0.0     0, 0.0   0.823  22.2-130.2  49.2 118.9  -52.4  -13.7  -21.7               
  304  304 A P        -     0   0  119      0, 0.0    -1,-0.1     0, 0.0     0, 0.0  -0.787  22.3-162.7 -97.4 143.6  -50.2  -14.5  -18.6               
  305  305 A L        -     0   0  168     -2,-0.3     0, 0.0     1,-0.1     0, 0.0  -0.953  31.7 -22.6-152.9 162.7  -47.8  -17.6  -18.3               
  306  306 A P        -     0   0  119      0, 0.0    -1,-0.1     0, 0.0     0, 0.0   0.698  23.5-143.7-120.9 168.8  -46.4  -19.1  -15.7               
  307  307 A V        -     0   0  138      1,-0.1     0, 0.0     0, 0.0     0, 0.0  -0.508  36.3-120.2 -75.2 143.5  -45.0  -19.5  -12.1               
  308  308 A P        -     0   0  117      0, 0.0     2,-0.1     0, 0.0    -1,-0.1  -0.559  41.2 -95.2 -77.6 150.1  -41.8  -21.5  -11.3               
  309  309 A P        -     0   0  124      0, 0.0     2,-0.5     0, 0.0     0, 0.0  -0.327  36.1-103.8 -73.1 146.7  -42.3  -24.5   -8.8               
  310  310 A S        -     0   0  121     -2,-0.1     2,-0.4     1,-0.0     0, 0.0  -0.486  28.0-142.8 -64.6 115.1  -41.7  -24.4   -5.1               
  311  311 A K        -     0   0  211     -2,-0.5    -1,-0.0     1,-0.1     0, 0.0  -0.715  32.1-112.2 -78.4 129.4  -38.4  -26.1   -4.0               
  312  312 A A        -     0   0   93     -2,-0.4     2,-0.1     1,-0.2    -1,-0.1  -0.210  29.4 -87.6 -66.4 150.4  -39.0  -27.8   -0.7               
  313  313 A R        -     0   0  231      1,-0.1     2,-0.5     2,-0.0    -1,-0.2  -0.323  32.9-172.7 -40.4 120.0  -37.7  -27.1    2.8               
  314  314 A S        -     0   0  108     -2,-0.1     2,-0.9     2,-0.0    -1,-0.1  -0.899  11.6-163.6-115.6  96.0  -34.3  -28.8    3.6               
  315  315 A V        -     0   0  117     -2,-0.5    -2,-0.0     0, 0.0     0, 0.0  -0.731   7.0-151.3 -76.8 105.1  -33.9  -28.0    7.3               
  316  316 A S        -     0   0  105     -2,-0.9    -2,-0.0     1,-0.1     0, 0.0  -0.659  28.7-113.5 -73.7 134.1  -30.3  -28.6    8.2               
  317  317 A P        -     0   0  110      0, 0.0     3,-0.1     0, 0.0    -1,-0.1  -0.248  21.7-102.2 -78.0 159.6  -30.1  -29.6   11.9               
  318  318 A P        -     0   0  110      0, 0.0     2,-0.2     0, 0.0     0, 0.0  -0.300  58.2 -74.8 -67.0 160.2  -28.6  -27.8   14.9               
  319  319 A P        -     0   0  124      0, 0.0     2,-1.1     0, 0.0     0, 0.0  -0.369  44.2-123.1 -64.3 125.6  -25.2  -29.1   16.3               
  320  320 A K        -     0   0  213     -2,-0.2     2,-0.9    -3,-0.1     0, 0.0  -0.550  24.0-156.2 -68.3 100.0  -25.5  -32.4   18.2               
  321  321 A R        -     0   0  229     -2,-1.1     2,-1.0     1,-0.1    -1,-0.1  -0.725  17.0-135.0 -78.0 105.0  -24.0  -31.5   21.7               
  322  322 A A        -     0   0   99     -2,-0.9     2,-0.2     2,-0.0    -1,-0.1  -0.563  21.6-153.8 -71.9 101.9  -22.8  -34.8   23.1               
  323  323 A T        +     0   0  120     -2,-1.0     0, 0.0     1,-0.1     0, 0.0  -0.574  35.2  63.5 -57.9 151.0  -23.6  -35.5   26.6               
  324  324 A S        +     0   0  103     -2,-0.2    -1,-0.1     2,-0.0    -2,-0.0   0.713  34.7  86.8-167.0 140.0  -22.2  -37.3   28.9               
  325  325 A R        +     0   0  260      0, 0.0     2,-0.6     0, 0.0    -2,-0.0  -0.072  46.2 129.4-162.5  59.9  -19.4  -38.5   31.2               
  326  326 A S        -     0   0  103      2,-0.1     2,-1.1     0, 0.0    -2,-0.0  -0.934  38.5-160.5-106.2 109.3  -19.5  -36.7   34.6               
  327  327 A R        +     0   0  262     -2,-0.6     2,-0.4     2,-0.0     0, 0.0  -0.781  31.0 151.7 -83.0  95.3  -19.4  -39.1   37.6               
  328  328 A S        -     0   0   94     -2,-1.1     2,-0.7     2,-0.0    -2,-0.1  -0.940  29.6-159.3-128.6 108.5  -20.8  -36.8   40.4               
  329  329 A R        +     0   0  259     -2,-0.4     2,-0.3     2,-0.0    -2,-0.0  -0.802  22.1 161.4 -81.5 114.4  -22.7  -38.6   43.3               
  330  330 A S        -     0   0  104     -2,-0.7     2,-0.5     2,-0.0    -2,-0.0  -0.874  15.6-172.1-134.0 102.5  -25.0  -36.2   45.1               
  331  331 A R        -     0   0  256     -2,-0.3     2,-0.3     0, 0.0    -2,-0.0  -0.832  14.6-165.8 -82.5 126.6  -27.8  -37.7   47.3               
  332  332 A S        +     0   0   98     -2,-0.5    -2,-0.0     2,-0.0     0, 0.0  -0.802  26.7  74.9-105.4 161.2  -30.2  -35.0   48.5               
  333  333 A K        +     0   0  202     -2,-0.3     0, 0.0     0, 0.0     0, 0.0   0.609  38.2  72.1  69.5 142.1  -32.8  -35.1   51.3               
  334  334 A S        -     0   0   98      0, 0.0    -2,-0.0     0, 0.0     0, 0.0   0.508  21.4-154.4-171.2 146.2  -33.8  -35.1   54.2               
  335  335 A R        +     0   0  228      0, 0.0     0, 0.0     0, 0.0     0, 0.0   0.912  27.5  73.8  55.0 131.8  -34.6  -34.2   57.8               
  336  336 A S        -     0   0  108      0, 0.0     2,-0.0     0, 0.0     0, 0.0   0.703  26.2 -67.8  65.7 153.1  -35.1  -35.2   61.4               
  337  337 A R        +     0   0  225      0, 0.0     0, 0.0     0, 0.0     0, 0.0   0.561  19.7  13.6-172.0 149.6  -34.9  -36.2   64.5               
  338  338 A S        -     0   0  107     -2,-0.0     0, 0.0     0, 0.0     0, 0.0   0.460  23.4 -22.3  61.1 161.6  -34.4  -37.9   68.0               
  339  339 A R        +     0   0  222      0, 0.0     0, 0.0     0, 0.0     0, 0.0   0.668  21.2  29.2-170.7 156.5  -33.5  -39.9   70.5               
  340  340 A S        +     0   0  112      0, 0.0     0, 0.0     0, 0.0     0, 0.0   0.563  18.9  16.6  60.8 159.3  -32.5  -42.6   73.1               
  341  341 A S        -     0   0   99      2,-0.0     0, 0.0     0, 0.0     0, 0.0   0.582  21.2 -21.9-175.7 150.3  -31.2  -45.3   74.6               
  342  342 A S        -     0   0  113      0, 0.0     2,-0.1     0, 0.0     0, 0.0   0.749  22.9-106.6  60.0 129.4  -29.5  -48.4   76.2               
  343  343 A R              0   0  236      0, 0.0    -2,-0.0     0, 0.0     0, 0.0   0.046 360.0 360.0  65.5 104.3  -27.7  -51.2   76.5               
  344  344 A D              0   0  241     -2,-0.1     0, 0.0     0, 0.0     0, 0.0  -0.751 360.0 360.0-112.9 360.0  -27.7  -54.7   77.0               
