==== Secondary Structure Definition by the program DSSP, CMBI version 2.0                          ==== DATE=2026-03-08        .
REFERENCE W. KABSCH AND C.SANDER, BIOPOLYMERS 22 (1983) 2577-2637                                                              .
HEADER                                            01-AUG-25                                                                    .
COMPND    MOL_ID: 1; MOLECULE: SERINE/ARGININE-RICH SPLICING FACTOR 9; CHAIN: A                                                .
SOURCE    MOL_ID: 1; ORGANISM_SCIENTIFIC: HOMO SAPIENS; ORGANISM_TAXID: 9606                                                   .
AUTHOR                                                                                                                         .
  221  1  0  0  0 TOTAL NUMBER OF RESIDUES, NUMBER OF CHAINS, NUMBER OF SS-BRIDGES(TOTAL,INTRACHAIN,INTERCHAIN)                .
 19166.9   ACCESSIBLE SURFACE OF PROTEIN (ANGSTROM**2)                                                                         .
  140 63.3   TOTAL NUMBER OF HYDROGEN BONDS OF TYPE O(I)-->H-N(J)  , SAME NUMBER PER 100 RESIDUES                              .
    0  0.0   TOTAL NUMBER OF HYDROGEN BONDS IN     PARALLEL BRIDGES, SAME NUMBER PER 100 RESIDUES                              .
   43 19.5   TOTAL NUMBER OF HYDROGEN BONDS IN ANTIPARALLEL BRIDGES, SAME NUMBER PER 100 RESIDUES                              .
    0  0.0   TOTAL NUMBER OF HYDROGEN BONDS OF TYPE O(I)-->H-N(I-5), SAME NUMBER PER 100 RESIDUES                              .
    2  0.9   TOTAL NUMBER OF HYDROGEN BONDS OF TYPE O(I)-->H-N(I-4), SAME NUMBER PER 100 RESIDUES                              .
    1  0.5   TOTAL NUMBER OF HYDROGEN BONDS OF TYPE O(I)-->H-N(I-3), SAME NUMBER PER 100 RESIDUES                              .
    0  0.0   TOTAL NUMBER OF HYDROGEN BONDS OF TYPE O(I)-->H-N(I-2), SAME NUMBER PER 100 RESIDUES                              .
    0  0.0   TOTAL NUMBER OF HYDROGEN BONDS OF TYPE O(I)-->H-N(I-1), SAME NUMBER PER 100 RESIDUES                              .
    0  0.0   TOTAL NUMBER OF HYDROGEN BONDS OF TYPE O(I)-->H-N(I+0), SAME NUMBER PER 100 RESIDUES                              .
    0  0.0   TOTAL NUMBER OF HYDROGEN BONDS OF TYPE O(I)-->H-N(I+1), SAME NUMBER PER 100 RESIDUES                              .
   49 22.2   TOTAL NUMBER OF HYDROGEN BONDS OF TYPE O(I)-->H-N(I+2), SAME NUMBER PER 100 RESIDUES                              .
   14  6.3   TOTAL NUMBER OF HYDROGEN BONDS OF TYPE O(I)-->H-N(I+3), SAME NUMBER PER 100 RESIDUES                              .
   30 13.6   TOTAL NUMBER OF HYDROGEN BONDS OF TYPE O(I)-->H-N(I+4), SAME NUMBER PER 100 RESIDUES                              .
    1  0.5   TOTAL NUMBER OF HYDROGEN BONDS OF TYPE O(I)-->H-N(I+5), SAME NUMBER PER 100 RESIDUES                              .
  1  2  3  4  5  6  7  8  9 10 11 12 13 14 15 16 17 18 19 20 21 22 23 24 25 26 27 28 29 30     *** HISTOGRAMS OF ***           .
  0  0  0  0  0  0  0  2  0  1  1  0  0  0  0  0  0  0  0  0  0  0  0  0  0  0  0  0  0  0    RESIDUES PER ALPHA HELIX         .
  0  0  0  0  0  0  0  0  0  0  0  0  0  0  0  0  0  0  0  0  0  0  0  0  0  0  0  0  0  0    PARALLEL BRIDGES PER LADDER      .
  0  1  1  3  2  1  0  0  0  0  0  0  0  0  0  0  0  0  0  0  0  0  0  0  0  0  0  0  0  0    ANTIPARALLEL BRIDGES PER LADDER  .
  2  0  2  0  0  0  0  0  0  0  0  0  0  0  0  0  0  0  0  0  0  0  0  0  0  0  0  0  0  0    LADDERS PER SHEET                .
  #  RESIDUE AA STRUCTURE BP1 BP2  ACC     N-H-->O    O-->H-N    N-H-->O    O-->H-N    TCO  KAPPA ALPHA  PHI   PSI    X-CA   Y-CA   Z-CA            CHAIN
    1    1 A M              0   0  235      0, 0.0     0, 0.0     0, 0.0     0, 0.0   0.000 360.0 360.0 360.0 122.3    6.8  -28.5   25.5               
    2    2 A S        -     0   0  107      1,-0.1     2,-0.1     2,-0.0     3,-0.0   0.948 360.0-117.5  56.4  99.8    5.3  -26.0   23.0               
    3    3 A G        -     0   0   83      1,-0.1     2,-0.8     2,-0.0    -1,-0.1  -0.380  32.2-119.2 -56.3 128.7    3.9  -22.6   23.9               
    4    4 A W        -     0   0  248     -2,-0.1     2,-1.0     1,-0.0    -1,-0.1  -0.708  19.5-146.1 -77.6 106.9    0.2  -22.3   23.0               
    5    5 A A        -     0   0   82     -2,-0.8     2,-1.4     2,-0.1    -1,-0.0  -0.745   7.2-152.2 -69.3 103.6   -0.3  -19.5   20.5               
    6    6 A D        +     0   0  129     -2,-1.0    -1,-0.0     1,-0.1    -2,-0.0  -0.762  32.1 159.1 -73.7  89.6   -3.7  -18.2   21.4               
    7    7 A E        +     0   0  181     -2,-1.4     2,-1.0     3,-0.0    -1,-0.1  -0.298  17.6 139.2-107.9  43.4   -4.5  -16.9   17.9               
    8    8 A R        +     0   0  211      1,-0.1    -2,-0.1     2,-0.0     0, 0.0  -0.797  27.0 109.8 -80.2 103.4   -8.3  -16.8   18.6               
    9    9 A G        +     0   0   35     -2,-1.0     2,-0.5     3,-0.0     3,-0.2   0.106  25.8 131.4-173.1  44.8   -9.3  -13.6   16.9               
   10   10 A G  S    S-     0   0   51      1,-0.2    82,-0.0     2,-0.1    -3,-0.0  -0.941  75.5  -4.4 -94.2 125.9  -11.4  -14.0   13.7               
   11   11 A E  S    S+     0   0  183     -2,-0.5    -1,-0.2     1,-0.1    -2,-0.0   0.979 122.9  24.2  63.6  79.5  -14.6  -11.8   13.6               
   12   12 A G  S    S+     0   0   60     -3,-0.2    -1,-0.1     3,-0.1    -2,-0.1   0.503  71.9 109.9 135.9   7.6  -15.5   -9.7   16.7               
   13   13 A D  S    S-     0   0   33     -4,-0.1    -3,-0.0     2,-0.1    -2,-0.0   0.331  84.3-109.5 -93.8   6.4  -12.6   -8.7   19.0               
   14   14 A G        +     0   0    4      1,-0.2    45,-2.6    44,-0.1     2,-0.4   0.620  64.1 153.8  73.1  16.2  -12.3   -5.0   18.2               
   15   15 A R  E     -A   58   0A  66     43,-0.3     2,-0.3    -6,-0.1    43,-0.3  -0.654  20.3-173.8 -76.6 132.2   -9.0   -5.3   16.4               
   16   16 A I  E     -A   57   0A   0     41,-3.2    41,-2.4    -2,-0.4     2,-0.4  -0.896  20.5-132.1-117.7 146.9   -8.2   -2.6   13.7               
   17   17 A Y  E     -AB  56  85A  49     68,-3.6    68,-2.4    -2,-0.3     2,-0.5  -0.889  17.0-164.0 -92.4 134.2   -5.3   -2.5   11.3               
   18   18 A V  E     +AB  55  84A   0     37,-3.2    37,-2.8    -2,-0.4    66,-0.2  -0.953  17.7 171.4-123.2 102.0   -3.5    0.9   11.1               
   19   19 A G  E     + B   0  83A   0     64,-3.1    64,-2.6    -2,-0.5    35,-0.2  -0.521  50.4  48.1-102.4 177.4   -1.3    1.3    7.9               
   20   20 A N  S    S+     0   0   25     62,-0.2    -1,-0.2    33,-0.2    34,-0.2   0.853  72.7 163.6  54.7  40.1    0.6    4.2    6.4               
   21   21 A L        -     0   0    3     32,-2.0    -1,-0.2    -3,-0.2    60,-0.1  -0.633  43.5-104.3 -81.1 145.5    2.2    5.1    9.7               
   22   22 A P    >   -     0   0   31      0, 0.0     3,-2.1     0, 0.0    -1,-0.1  -0.338  29.5-114.3 -63.6 151.4    5.3    7.4    9.8               
   23   23 A T  T 3  S+     0   0  115      1,-0.3    -2,-0.0    30,-0.0    24,-0.0   0.710 117.5  54.5 -61.1 -22.6    8.6    5.7   10.5               
   24   24 A D  T 3  S+     0   0  136      2,-0.1    -1,-0.3    29,-0.0     2,-0.0   0.356  81.2 125.8 -90.2  -0.9    8.9    7.6   13.8               
   25   25 A V    <   -     0   0    8     -3,-2.1     2,-0.3     4,-0.1    -4,-0.0  -0.347  40.2-167.3 -62.4 141.7    5.5    6.4   15.0               
   26   26 A R    >>  -     0   0  142      1,-0.1     4,-1.8    -2,-0.0     3,-0.6  -0.839  37.6-106.5-121.4 164.9    5.4    4.7   18.4               
   27   27 A E  H 3> S+     0   0  103     -2,-0.3     4,-2.6     1,-0.2     5,-0.1   0.881 121.2  58.1 -55.4 -36.6    2.8    2.7   20.3               
   28   28 A K  H 3> S+     0   0  132      2,-0.2     4,-2.6     1,-0.2    -1,-0.2   0.851 103.1  51.6 -63.1 -36.6    2.2    5.8   22.5               
   29   29 A D  H <> S+     0   0   39     -3,-0.6     4,-1.8     2,-0.2    -1,-0.2   0.881 111.1  47.7 -70.4 -36.6    1.3    7.9   19.5               
   30   30 A L  H  X S+     0   0    2     -4,-1.8     4,-2.1     2,-0.2     5,-0.2   0.914 110.7  52.4 -64.9 -43.4   -1.2    5.2   18.4               
   31   31 A E  H  X S+     0   0  106     -4,-2.6     4,-2.7     1,-0.2     3,-0.5   0.972 111.9  44.9 -56.7 -53.2   -2.6    5.2   22.0               
   32   32 A D  H  < S+     0   0  107     -4,-2.6     4,-0.4     1,-0.2    -1,-0.2   0.844 114.9  49.9 -58.4 -36.2   -3.0    9.0   22.0               
   33   33 A L  H  < S+     0   0   13     -4,-1.8    -1,-0.2    -5,-0.2    -2,-0.2   0.859 122.5  29.5 -70.6 -37.1   -4.6    8.9   18.4               
   34   34 A F  H >X S+     0   0    0     -4,-2.1     3,-2.2    -3,-0.5     4,-1.1   0.622  92.7  88.9-105.0 -17.2   -7.1    6.1   19.3               
   35   35 A Y  T 3< S+     0   0  160     -4,-2.7    -3,-0.1     1,-0.3    -1,-0.1   0.774  82.6  64.0 -55.9 -30.8   -7.9    6.6   23.1               
   36   36 A K  T 34 S+     0   0  117     -4,-0.4    -1,-0.3     1,-0.2    -2,-0.1   0.634 103.4  46.6 -69.6 -19.4  -10.7    9.0   22.2               
   37   37 A Y  T <4 S-     0   0   43     -3,-2.2     2,-0.3     1,-0.3    -1,-0.2   0.767 126.9 -41.3 -89.9 -32.6  -12.8    6.3   20.4               
   38   38 A G  S  < S-     0   0   13     -4,-1.1     2,-0.4    26,-0.1    -1,-0.3  -0.982  71.7 -60.2 179.7 169.5  -12.4    3.6   23.1               
   39   39 A R        -     0   0  191     -2,-0.3    21,-2.6    -3,-0.1     2,-0.5  -0.604  50.5-136.6 -72.0 124.4  -10.3    1.8   25.6               
   40   40 A I  E     -C   59   0A  38     -2,-0.4    19,-0.3    19,-0.2     3,-0.1  -0.729  21.4-177.0 -86.6 125.4   -7.4    0.1   23.9               
   41   41 A R  E     +     0   0A 174     17,-2.9     2,-0.3    -2,-0.5    18,-0.2   0.801  69.9   2.0 -85.2 -40.4   -6.7   -3.5   25.1               
   42   42 A E  E     -C   58   0A  88     16,-1.5    16,-3.2     2,-0.0     2,-0.4  -0.983  54.3-160.5-154.5 139.7   -3.6   -4.1   23.0               
   43   43 A I  E     -C   57   0A  25     -2,-0.3     2,-0.4    14,-0.2    14,-0.2  -0.991   6.7-172.8-121.5 132.2   -1.3   -2.3   20.5               
   44   44 A E  E     -C   56   0A  63     12,-2.9    12,-2.2    -2,-0.4     2,-0.6  -0.855   7.6-167.5-126.5  92.2    1.0   -4.3   18.2               
   45   45 A L  E     -C   55   0A  42     -2,-0.4     2,-0.8    10,-0.2    10,-0.3  -0.730   2.2-165.8 -83.0 119.4    3.3   -1.9   16.3               
   46   46 A K  E     +C   54   0A  76      8,-3.0     8,-1.9    -2,-0.6     2,-0.9  -0.803  14.0 170.0-107.5  93.8    5.1   -3.7   13.3               
   47   47 A N        -     0   0   85     -2,-0.8     2,-0.6     6,-0.2     5,-0.1  -0.829   9.3-179.2 -98.8  88.7    8.0   -1.4   12.2               
   48   48 A R    >   -     0   0  166     -2,-0.9     3,-2.6     3,-0.1    -2,-0.1  -0.883  38.7-106.3 -90.8 122.8    9.9   -3.7    9.8               
   49   49 A H  T 3  S+     0   0  203     -2,-0.6     3,-0.1     1,-0.3    -1,-0.0  -0.196 105.6  16.2 -49.6 119.3   13.0   -1.8    8.3               
   50   50 A G  T 3  S+     0   0   82      1,-0.3     2,-0.3     0, 0.0    -1,-0.3   0.323 109.2  92.7  91.3  -3.1   12.2   -0.9    4.7               
   51   51 A L  S <  S-     0   0  103     -3,-2.6    -1,-0.3     3,-0.0    -3,-0.1  -0.921  90.1 -95.8-115.1 148.3    8.4   -1.5    4.9               
   52   52 A V        -     0   0   50     -2,-0.3    -4,-0.1     1,-0.1   -32,-0.1  -0.443  53.2-108.2 -58.1 121.9    5.8    1.2    5.7               
   53   53 A P        -     0   0    2      0, 0.0   -32,-2.0     0, 0.0     2,-0.3  -0.240  43.4-178.2 -56.5 140.5    5.1    0.8    9.4               
   54   54 A F  E     - C   0  46A  46     -8,-1.9    -8,-3.0   -35,-0.2     2,-0.3  -0.979   7.8-162.9-137.8 153.5    1.8   -0.7   10.4               
   55   55 A A  E     -AC  18  45A   0    -37,-2.8   -37,-3.2    -2,-0.3     2,-0.5  -0.954  15.8-140.0-132.2 152.9    0.1   -1.5   13.7               
   56   56 A F  E     -AC  17  44A  42    -12,-2.2   -12,-2.9    -2,-0.3     2,-0.5  -0.973  20.0-167.6-105.8 128.2   -2.8   -3.5   15.0               
   57   57 A V  E     -AC  16  43A   0    -41,-2.4   -41,-3.2    -2,-0.5     2,-0.6  -0.979   4.1-159.2-115.1 124.3   -4.9   -1.8   17.7               
   58   58 A R  E     -AC  15  42A  41    -16,-3.2   -17,-2.9    -2,-0.5   -16,-1.5  -0.941   7.6-154.9-105.3 117.8   -7.3   -3.9   19.7               
   59   59 A F  E     - C   0  40A   1    -45,-2.6   -19,-0.2    -2,-0.6   -44,-0.0  -0.464  21.9-129.3 -79.8 156.9  -10.2   -2.1   21.4               
   60   60 A E  S    S+     0   0  127    -21,-2.6    -1,-0.1     1,-0.2   -20,-0.1   0.895 102.0  44.2 -67.7 -42.1  -12.0   -3.5   24.4               
   61   61 A D  S  > S-     0   0   40    -22,-0.3     4,-1.1   -47,-0.1     3,-0.3  -0.893  75.2-146.0-106.0 128.8  -15.3   -2.9   22.6               
   62   62 A P  H  > S+     0   0   56      0, 0.0     4,-1.2     0, 0.0    -1,-0.1   0.745 100.8  61.9 -63.4 -21.2  -15.7   -3.9   18.9               
   63   63 A R  H  > S+     0   0  168      2,-0.2     4,-2.2     1,-0.2     3,-0.3   0.915  98.8  54.2 -69.9 -38.9  -18.1   -0.9   18.4               
   64   64 A D  H  > S+     0   0   36     -3,-0.3     4,-2.5     1,-0.2    -1,-0.2   0.834 103.9  57.3 -62.7 -32.5  -15.2    1.5   19.3               
   65   65 A A  H  X S+     0   0    0     -4,-1.1     4,-2.1     2,-0.2    -1,-0.2   0.891 106.3  48.2 -65.0 -40.7  -13.2   -0.2   16.6               
   66   66 A E  H  X S+     0   0  125     -4,-1.2     4,-2.9    -3,-0.3    -2,-0.2   0.948 112.9  47.7 -63.1 -47.5  -15.9    0.7   14.0               
   67   67 A D  H  X S+     0   0  100     -4,-2.2     4,-2.6     1,-0.2    -2,-0.2   0.890 111.1  51.6 -62.5 -38.7  -15.9    4.3   15.2               
   68   68 A A  H  X S+     0   0    0     -4,-2.5     4,-1.9     2,-0.2     5,-0.3   0.917 112.1  46.2 -63.2 -43.4  -12.1    4.4   15.1               
   69   69 A I  H  X S+     0   0   23     -4,-2.1     4,-2.2     2,-0.2    -2,-0.2   0.957 116.2  45.2 -61.6 -49.7  -12.1    3.1   11.4               
   70   70 A Y  H  < S+     0   0  213     -4,-2.9    -2,-0.2     1,-0.2    -1,-0.2   0.868 121.0  38.8 -65.4 -36.2  -14.9    5.6   10.4               
   71   71 A G  H  < S+     0   0   41     -4,-2.6    -1,-0.2    -5,-0.2    -2,-0.2   0.658 127.1  29.8 -89.4 -21.6  -13.2    8.6   12.2               
   72   72 A R  H >< S+     0   0   19     -4,-1.9     3,-2.3    -5,-0.2     2,-0.5   0.549  81.7 111.1-119.0 -13.2   -9.4    7.9   11.4               
   73   73 A N  T 3< S+     0   0   55     -4,-2.2    10,-0.2    -5,-0.3     9,-0.1  -0.537  97.1  12.4 -65.3 118.4   -9.4    6.0    8.0               
   74   74 A G  T 3  S+     0   0   15      8,-3.0     2,-0.4    -2,-0.5    -1,-0.3   0.535  91.9 153.7  87.4   9.1   -7.8    8.6    5.7               
   75   75 A Y    <   -     0   0  104     -3,-2.3     7,-2.9     7,-0.5     2,-0.7  -0.586  47.3-124.9 -72.7 126.5   -6.7   10.9    8.6               
   76   76 A D  E     +D   81   0B 109     -2,-0.4     2,-0.6     5,-0.2     5,-0.2  -0.598  32.1 179.1 -71.0 109.1   -3.6   13.1    7.8               
   77   77 A Y  E >   -D   80   0B  67      3,-2.9     3,-1.7    -2,-0.7     2,-0.5  -0.912  64.5 -51.3-115.9 100.4   -1.0   12.3   10.5               
   78   78 A G  T 3  S-     0   0   78     -2,-0.6    -2,-0.0     1,-0.2     3,-0.0  -0.621 119.8 -25.8  70.0-119.2    2.1   14.4    9.7               
   79   79 A Q  T 3  S+     0   0  202     -2,-0.5     2,-0.4    -3,-0.1    -1,-0.2   0.285 126.4  84.1-101.0   2.3    3.0   13.7    6.0               
   80   80 A C  E <  S-D   77   0B  42     -3,-1.7    -3,-2.9    -5,-0.0     2,-0.7  -0.921  72.0-137.7-116.5 133.1    1.3   10.2    6.0               
   81   81 A R  E     -D   76   0B  86     -2,-0.4    -5,-0.2    -5,-0.2     2,-0.1  -0.801  31.1-126.9 -89.4 112.1   -2.4    9.5    5.5               
   82   82 A L        -     0   0    2     -7,-2.9    -8,-3.0    -2,-0.7     2,-0.7  -0.350  13.5-148.6 -65.4 133.3   -3.4    6.8    8.1               
   83   83 A R  E     -B   19   0A  30    -64,-2.6   -64,-3.1   -10,-0.2     2,-0.5  -0.888  18.3-178.2-103.8 106.3   -5.1    3.6    6.7               
   84   84 A V  E     +B   18   0A   0     -2,-0.7     2,-0.3   -66,-0.2   -66,-0.2  -0.923  19.2 137.7-109.7 119.0   -7.5    2.3    9.3               
   85   85 A E  E     -B   17   0A  35    -68,-2.4   -68,-3.6    -2,-0.5     3,-0.1  -0.968  58.6 -80.8-146.8 166.0   -9.4   -1.0    8.4               
   86   86 A F        -     0   0  101     -2,-0.3   -70,-0.2   -70,-0.2     2,-0.0  -0.554  61.9 -97.1 -65.2 135.5  -10.5   -4.3    9.9               
   87   87 A P        -     0   0   40      0, 0.0     2,-1.1     0, 0.0    -1,-0.1  -0.327  39.3-115.5 -54.7 125.2   -7.6   -6.8    9.9               
   88   88 A R        -     0   0  168      1,-0.1     2,-0.2    -3,-0.1    -3,-0.0  -0.570  32.6-133.1 -67.1 100.0   -8.0   -8.9    6.8               
   89   89 A T        -     0   0   66     -2,-1.1     2,-1.9     1,-0.1     3,-0.5  -0.403   6.2-133.7 -54.8 118.6   -8.5  -12.3    8.4               
   90   90 A Y  S    S+     0   0  250      1,-0.2    -1,-0.1    -2,-0.2    -2,-0.0  -0.647  93.6  28.2 -68.4  81.2   -6.3  -14.9    6.7               
   91   91 A G        +     0   0   73     -2,-1.9     2,-0.4     1,-0.2    -1,-0.2   0.751  69.1 132.2 124.7  67.0   -9.3  -17.4    6.4               
   92   92 A G        -     0   0   47     -3,-0.5     2,-1.5     2,-0.1    -1,-0.2  -0.981  61.0-110.2-135.2 121.2  -12.9  -16.2    6.2               
   93   93 A R        +     0   0  266     -2,-0.4     2,-0.5     2,-0.1     0, 0.0  -0.335  60.1 139.9 -59.4  84.8  -15.1  -17.9    3.5               
   94   94 A G        -     0   0   52     -2,-1.5    -2,-0.1     2,-0.0    -3,-0.0  -0.946  64.4-108.8-117.2 101.7  -15.8  -15.2    0.9               
   95   95 A G        -     0   0   77     -2,-0.5    -2,-0.1     1,-0.1     0, 0.0  -0.060  25.6-161.1 -44.1 108.3  -15.5  -17.3   -2.3               
   96   96 A W        -     0   0  212      1,-0.0     2,-0.6     2,-0.0    -1,-0.1  -0.820  40.8-114.2 -70.5 116.0  -12.5  -16.6   -4.4               
   97   97 A P        -     0   0  122      0, 0.0     2,-1.8     0, 0.0    -1,-0.0  -0.511  18.2-136.7 -62.3 112.2  -13.9  -18.2   -7.6               
   98   98 A R  S    S+     0   0  263     -2,-0.6     2,-0.0     1,-0.1    -3,-0.0  -0.601  72.4 103.2 -62.8  82.5  -11.6  -21.2   -8.2               
   99   99 A G        +     0   0   72     -2,-1.8    -1,-0.1     1,-0.2     0, 0.0  -0.328  50.7  55.5-177.6  88.4  -11.5  -20.4  -12.0               
  100  100 A G        -     0   0   74     -2,-0.0    -1,-0.2     0, 0.0     2,-0.1   0.266  52.7-141.4 146.5  97.8   -8.6  -18.8  -13.9               
  101  101 A R  S    S+     0   0  242      1,-0.1     0, 0.0     0, 0.0     0, 0.0  -0.470  74.7  18.3 -53.2 135.9   -4.9  -19.5  -14.4               
  102  102 A N  S    S+     0   0  167     -2,-0.1    -1,-0.1     1,-0.1     0, 0.0   0.998  83.4  79.9  68.1  91.7   -2.7  -16.4  -14.4               
  103  103 A G        -     0   0   63     -3,-0.1     3,-0.2     2,-0.0    -1,-0.1  -0.365  68.2-101.6 160.2 136.1   -3.4  -12.9  -13.2               
  104  104 A P  S    S-     0   0   86      0, 0.0    35,-0.0     0, 0.0     0, 0.0  -0.278  76.7 -57.7 -60.7 151.8   -3.6  -10.8   -9.9               
  105  105 A P        -     0   0   91      0, 0.0     2,-1.0     0, 0.0    -2,-0.0  -0.012  45.0-128.4 -60.3 134.9   -7.2  -10.4   -8.8               
  106  106 A T  S    S+     0   0  131     -3,-0.2     2,-1.3     1,-0.2     0, 0.0   0.027  73.3 116.1 -71.7  26.6   -9.8   -8.8  -11.2               
  107  107 A R        -     0   0  231     -2,-1.0     2,-0.7     2,-0.0    -1,-0.2  -0.648  51.7-173.9 -86.6  69.9  -11.1   -6.2   -8.7               
  108  108 A R        -     0   0  177     -2,-1.3     2,-0.4     2,-0.1    -2,-0.1  -0.638  16.0-146.6 -60.2 105.8   -9.7   -3.6  -11.1               
  109  109 A S        -     0   0   30     -2,-0.7    43,-0.1     1,-0.1    45,-0.1  -0.709  15.7-130.5 -64.7 133.6  -10.2   -0.3   -9.3               
  110  110 A D  S    S+     0   0  144     -2,-0.4     2,-1.4     1,-0.2    -1,-0.1   0.410  86.6 102.3 -67.0   4.2  -10.9    2.2  -12.1               
  111  111 A F        +     0   0   63     41,-0.4    41,-2.6    73,-0.1     2,-0.4  -0.460  52.6 149.5 -91.9  59.8   -8.2    4.4  -10.3               
  112  112 A R  E     -E  151   0C  30     -2,-1.4    73,-2.6    39,-0.2     2,-0.4  -0.810  27.2-169.2-101.5 138.2   -5.4    3.6  -12.8               
  113  113 A V  E     -EF 150 184C   0     37,-3.1    37,-2.9    -2,-0.4     2,-0.4  -0.949  15.2-139.9-120.5 143.2   -2.5    5.8  -13.8               
  114  114 A L  E     -EF 149 183C  57     69,-2.9    69,-2.8    -2,-0.4     2,-0.4  -0.878  16.0-158.2 -96.3 136.1    0.0    5.3  -16.6               
  115  115 A V  E     +EF 148 182C   0     33,-2.8    33,-2.9    -2,-0.4     2,-0.3  -0.942  13.1 179.4-114.0 132.4    3.6    6.2  -15.8               
  116  116 A S  E     +EF 147 181C  36     65,-2.4    65,-2.7    -2,-0.4    31,-0.2  -0.917  54.2  51.9-131.9 161.4    6.1    7.0  -18.7               
  117  117 A G        +     0   0   40     29,-0.5    53,-0.2    -2,-0.3    30,-0.1   0.689  67.0 159.9  82.7  21.2    9.8    8.0  -18.8               
  118  118 A L        -     0   0   12     28,-2.0    -1,-0.3    -3,-0.2    61,-0.1  -0.554  46.3-109.4 -68.8 140.0   10.9    5.0  -16.6               
  119  119 A P    >   -     0   0    4      0, 0.0     3,-2.3     0, 0.0    27,-0.1  -0.350  29.3-110.6 -62.6 152.9   14.6    4.2  -16.9               
  120  120 A P  T 3  S+     0   0  125      0, 0.0    26,-0.1     0, 0.0    -2,-0.1   0.767 122.7  51.9 -61.3 -24.4   15.3    0.9  -18.8               
  121  121 A S  T 3  S+     0   0   25      2,-0.1     2,-0.4    25,-0.0    52,-0.3   0.444  83.5 122.6 -82.8  -5.1   16.5   -0.6  -15.4               
  122  122 A G    <   -     0   0    9     -3,-2.3     2,-0.2    50,-0.1    24,-0.1  -0.467  47.3-160.2 -67.2 117.9   13.2    0.6  -13.7               
  123  123 A S     >  -     0   0   32     -2,-0.4     4,-2.6     1,-0.1     5,-0.2  -0.545  31.7-112.8 -91.9 162.2   11.3   -2.3  -12.1               
  124  124 A W  H  > S+     0   0  133      2,-0.2     4,-2.1     1,-0.2    -1,-0.1   0.778 120.5  55.5 -60.4 -26.5    7.6   -2.6  -11.1               
  125  125 A Q  H  > S+     0   0  108      2,-0.2     4,-2.8     3,-0.2     5,-0.2   0.951 107.3  46.3 -72.9 -47.2    8.9   -2.7   -7.5               
  126  126 A D  H  > S+     0   0   26      1,-0.2     4,-2.5     2,-0.2     5,-0.2   0.927 115.2  49.0 -57.0 -45.7   10.8    0.6   -7.9               
  127  127 A L  H  X S+     0   0    0     -4,-2.6     4,-2.8     1,-0.2    -1,-0.2   0.909 111.8  48.6 -58.4 -46.9    7.7    2.0   -9.6               
  128  128 A K  H  X S+     0   0   57     -4,-2.1     4,-1.3     2,-0.2    -2,-0.2   0.923 112.1  47.5 -61.6 -47.0    5.5    0.8   -6.8               
  129  129 A D  H  < S+     0   0   90     -4,-2.8     4,-0.3     2,-0.2     3,-0.2   0.903 115.5  45.7 -66.6 -38.7    7.7    2.2   -4.0               
  130  130 A H  H >< S+     0   0   35     -4,-2.5     3,-1.5    -5,-0.2     4,-0.2   0.944 113.9  48.3 -63.6 -48.0    7.9    5.6   -5.8               
  131  131 A M  H >< S+     0   0    0     -4,-2.8     3,-1.1     1,-0.3     4,-0.4   0.652  93.2  77.7 -75.6 -12.4    4.1    5.7   -6.5               
  132  132 A R  G >< S+     0   0   74     -4,-1.3     3,-0.6     1,-0.2    -1,-0.3   0.694  74.9  78.5 -66.4 -19.0    3.4    4.8   -2.8               
  133  133 A E  G <  S+     0   0  131     -3,-1.5    -1,-0.2    -4,-0.3    -2,-0.2   0.837  97.2  45.1 -57.5 -31.4    4.1    8.4   -1.9               
  134  134 A A  G <  S-     0   0    8     -3,-1.1     2,-0.3     1,-0.2    -1,-0.2   0.672 128.3 -75.1 -85.2 -19.6    0.6    9.2   -3.3               
  135  135 A G  S <  S-     0   0    7     -3,-0.6     2,-1.0    -4,-0.4    -1,-0.2  -0.963  77.8 -14.0 153.3-168.7   -1.1    6.3   -1.5               
  136  136 A D        -     0   0   16     -2,-0.3    17,-1.6    -3,-0.1     2,-0.8  -0.500  53.1-155.4 -73.0 102.4   -1.8    2.5   -1.4               
  137  137 A V  E     +G  152   0C  10     -2,-1.0    15,-0.2    15,-0.2     3,-0.1  -0.658  15.0 178.9 -74.5 109.5   -0.7    1.0   -4.7               
  138  138 A C  E    S+     0   0C  55     13,-2.0     2,-0.3    -2,-0.8    14,-0.2   0.785  71.2  17.1 -83.6 -27.0   -2.7   -2.2   -5.1               
  139  139 A Y  E     +G  151   0C  69     12,-1.5    12,-3.0   -11,-0.0     2,-0.3  -0.997  62.2 174.3-147.2 139.7   -1.2   -3.1   -8.5               
  140  140 A A  E     +G  150   0C  10     -2,-0.3     2,-0.3    10,-0.2    10,-0.2  -0.985   4.5 173.0-142.6 142.0    1.9   -1.9  -10.4               
  141  141 A D  E     -G  149   0C  60      8,-2.4     8,-2.8    -2,-0.3     2,-0.4  -0.981  14.7-155.0-145.1 149.1    3.4   -3.2  -13.7               
  142  142 A V  E     -G  148   0C  34     -2,-0.3     6,-0.3     6,-0.3     2,-0.2  -0.991   9.5-152.8-131.5 125.0    6.3   -2.0  -16.0               
  143  143 A Q    >   -     0   0   98      4,-3.2     3,-1.4    -2,-0.4     4,-0.3  -0.562  31.0-110.4 -89.0 157.7    6.5   -2.7  -19.7               
  144  144 A K  T 3  S+     0   0  216      1,-0.3    -1,-0.1    -2,-0.2     4,-0.1   0.677 112.0  71.5 -62.6 -18.0    9.8   -2.9  -21.7               
  145  145 A D  T 3  S-     0   0  131      2,-0.2    -1,-0.3     1,-0.1     3,-0.1   0.223 120.9-101.1 -82.5  10.4    9.0    0.3  -23.4               
  146  146 A G  S <  S+     0   0   14     -3,-1.4   -28,-2.0     1,-0.3   -29,-0.5   0.674  85.4 129.6  73.9  17.0    9.6    2.4  -20.2               
  147  147 A V  E     -E  116   0C  46     -4,-0.3    -4,-3.2   -31,-0.2    -1,-0.3  -0.928  36.6-172.3-105.0 122.2    5.8    2.6  -19.6               
  148  148 A G  E     -EG 115 142C   1    -33,-2.9   -33,-2.8    -2,-0.5     2,-0.4  -0.719  12.4-149.3-103.3 160.7    4.5    1.6  -16.2               
  149  149 A M  E     -EG 114 141C  26     -8,-2.8    -8,-2.4    -2,-0.3     2,-0.4  -0.999  12.8-173.0-127.3 136.1    0.9    1.2  -14.9               
  150  150 A V  E     -EG 113 140C   0    -37,-2.9   -37,-3.1    -2,-0.4     2,-0.5  -0.991   6.1-160.7-130.0 137.2   -0.1    1.9  -11.3               
  151  151 A E  E     -EG 112 139C   9    -12,-3.0   -13,-2.0    -2,-0.4   -12,-1.5  -0.977   7.2-157.3-120.4 126.6   -3.5    1.2   -9.7               
  152  152 A Y  E     - G   0 137C   0    -41,-2.6   -41,-0.4    -2,-0.5   -15,-0.2  -0.669  22.2-135.5 -96.2 152.4   -4.7    2.8   -6.5               
  153  153 A L  S    S+     0   0   64    -17,-1.6     2,-0.3    -2,-0.3    -1,-0.1   0.772  92.3  44.0 -69.3 -27.6   -7.3    1.5   -4.0               
  154  154 A R  S  > S-     0   0   74    -18,-0.2     4,-1.7   -43,-0.1     5,-0.1  -0.932  71.7-136.0-126.7 147.4   -8.8    5.1   -3.9               
  155  155 A K  H  > S+     0   0  104     -2,-0.3     4,-2.8     1,-0.2     5,-0.2   0.865 107.8  56.8 -61.5 -40.3   -9.6    7.9   -6.4               
  156  156 A E  H  > S+     0   0   94      2,-0.2     4,-2.5     1,-0.2    -1,-0.2   0.904 105.8  49.2 -62.6 -42.3   -8.1   10.5   -4.1               
  157  157 A D  H  > S+     0   0   12      2,-0.2     4,-2.8     1,-0.2    -1,-0.2   0.907 112.7  48.7 -64.6 -40.7   -4.7    8.7   -4.0               
  158  158 A M  H  X S+     0   0   22     -4,-1.7     4,-2.4     2,-0.2    -2,-0.2   0.935 112.0  48.0 -62.0 -47.5   -4.8    8.5   -7.9               
  159  159 A E  H  X S+     0   0   81     -4,-2.8     4,-1.2     2,-0.2    -2,-0.2   0.874 112.4  50.0 -63.1 -36.5   -5.7   12.3   -8.1               
  160  160 A Y  H >X S+     0   0  112     -4,-2.5     4,-2.4     2,-0.2     3,-0.5   0.950 109.4  51.2 -64.4 -47.2   -2.8   13.0   -5.6               
  161  161 A A  H 3X>S+     0   0    0     -4,-2.8     4,-2.2     1,-0.2     5,-0.7   0.919 110.1  49.7 -56.0 -45.4   -0.4   10.9   -7.8               
  162  162 A L  H 3<5S+     0   0   37     -4,-2.4    -1,-0.2     1,-0.2    -2,-0.2   0.781 119.0  38.0 -63.8 -31.3   -1.5   12.8  -10.9               
  163  163 A R  H <<5S+     0   0  214     -4,-1.2    -1,-0.2    -3,-0.5    -2,-0.2   0.707 131.3  23.0 -90.6 -29.3   -0.9   16.2   -9.2               
  164  164 A K  H  <5S+     0   0  124     -4,-2.4    -3,-0.2    -5,-0.1    -2,-0.2   0.678 120.8  48.8-117.0 -28.4    2.2   15.4   -7.1               
  165  165 A L  T ><5S+     0   0    0     -4,-2.2     3,-1.3    -5,-0.5    -3,-0.2   0.543  83.6 105.3 -97.4  -9.7    4.1   12.5   -8.7               
  166  166 A D  T 3 <S+     0   0   52     -5,-0.7    15,-0.2     1,-0.2   -51,-0.0  -0.487  91.9  11.1 -64.1 138.3    4.0   13.9  -12.3               
  167  167 A D  T 3  S+     0   0   88     13,-1.6    -1,-0.2     1,-0.2     2,-0.2   0.689  97.0 145.8  60.5  24.9    7.4   15.3  -13.3               
  168  168 A T  E <   -H  180   0D  31     -3,-1.3    12,-2.5    12,-0.5     2,-0.9  -0.582  57.6-104.5 -87.7 152.0    9.1   13.6  -10.3               
  169  169 A K  E     -H  179   0D 122     10,-0.2     2,-0.3    -2,-0.2    10,-0.2  -0.685  37.8-160.5 -78.4 109.2   12.6   12.2  -10.2               
  170  170 A F  E     -H  178   0D   1      8,-2.9     8,-1.9    -2,-0.9     2,-0.4  -0.629   3.2-161.6 -84.8 145.9   12.4    8.4  -10.3               
  171  171 A R  E     -H  177   0D 172     -2,-0.3     6,-0.2     6,-0.2     2,-0.1  -0.997   5.7-148.3-130.5 127.1   15.3    6.2   -9.3               
  172  172 A S    >   -     0   0    3      4,-2.7     3,-1.8    -2,-0.4   -50,-0.1  -0.441  33.4-105.4 -81.8 164.8   15.8    2.5  -10.1               
  173  173 A H  T 3  S+     0   0  117    -52,-0.3   -51,-0.1     1,-0.3    -1,-0.1   0.808 122.5  60.8 -57.5 -29.6   17.5   -0.1   -7.9               
  174  174 A E  T 3  S-     0   0  137    -53,-0.2    -1,-0.3     2,-0.1     3,-0.1   0.489 121.3-109.8 -75.8  -4.3   20.5    0.1  -10.4               
  175  175 A G  S <  S+     0   0   31     -3,-1.8     2,-0.1     1,-0.3    -2,-0.1   0.428  72.0 141.4  84.5   2.4   20.8    3.8   -9.4               
  176  176 A E        -     0   0   86     -5,-0.0    -4,-2.7   -57,-0.0     2,-0.4  -0.460  35.4-156.9 -66.5 143.6   19.7    5.1  -12.8               
  177  177 A T  E     +H  171   0D  59     -6,-0.2     2,-0.3    -2,-0.1    -6,-0.2  -0.979  18.9 162.6-128.0 142.1   17.4    8.2  -12.5               
  178  178 A S  E     -H  170   0D  40     -8,-1.9    -8,-2.9    -2,-0.4     2,-0.6  -0.967  40.9-105.2-148.4 158.1   14.8    9.7  -14.9               
  179  179 A Y  E     -H  169   0D 149     -2,-0.3     2,-0.3   -10,-0.2   -10,-0.2  -0.818  39.1-149.9 -86.4 124.0   11.9   12.1  -14.8               
  180  180 A I  E     -H  168   0D   0    -12,-2.5   -13,-1.6    -2,-0.6   -12,-0.5  -0.672   4.5-147.1 -93.2 150.1    8.5   10.3  -14.8               
  181  181 A R  E     -F  116   0C 111    -65,-2.7   -65,-2.4    -2,-0.3     2,-0.5  -0.973  10.1-156.7-112.6 133.4    5.2   11.5  -16.3               
  182  182 A V  E     +F  115   0C   5     -2,-0.4   -67,-0.2   -67,-0.2   -16,-0.1  -0.942  16.7 172.7-116.1 119.4    2.0   10.4  -14.6               
  183  183 A Y  E     -F  114   0C 109    -69,-2.8   -69,-2.9    -2,-0.5     2,-0.1  -0.935  37.2-105.6-122.9 145.6   -1.3   10.4  -16.7               
  184  184 A P  E     -F  113   0C  60      0, 0.0     2,-1.6     0, 0.0   -71,-0.3  -0.475  38.3-111.8 -61.7 138.1   -4.8    9.2  -15.8               
  185  185 A E        -     0   0   63    -73,-2.6     2,-0.3    -2,-0.1   -73,-0.2  -0.638  39.1-136.5 -64.3  92.1   -5.5    5.9  -17.7               
  186  186 A R        -     0   0  212     -2,-1.6     2,-1.0     1,-0.1   -73,-0.0  -0.551  28.1-104.1 -53.0 119.0   -8.2    7.8  -19.8               
  187  187 A S        -     0   0  106     -2,-0.3     2,-1.0     1,-0.1    -1,-0.1  -0.359  36.0-153.1 -49.9  89.9  -11.0    5.2  -19.8               
  188  188 A T        -     0   0   96     -2,-1.0     2,-2.0     1,-0.1    -1,-0.1  -0.729  16.5-133.0 -64.6 109.5  -10.6    3.9  -23.3               
  189  189 A S        -     0   0  117     -2,-1.0     2,-1.5     2,-0.1    -1,-0.1  -0.343  37.5-179.6 -60.7  47.0  -14.0    2.9  -23.9               
  190  190 A Y        -     0   0  199     -2,-2.0     2,-1.4     1,-0.1    -2,-0.1  -0.796  23.3-147.7 -62.5  79.0  -12.4   -0.2  -25.1               
  191  191 A G        -     0   0   52     -2,-1.5     2,-2.2     2,-0.1    -1,-0.1  -0.612  15.4-164.9  53.4  17.2  -15.2   -1.3  -25.7               
  192  192 A Y        -     0   0  151     -2,-1.4     2,-2.4     1,-0.1    -2,-0.1  -0.610   6.6-169.6 -69.7  72.5  -14.3   -4.9  -25.1               
  193  193 A S        -     0   0   99     -2,-2.2     2,-1.8     2,-0.0    -1,-0.1  -0.648   2.9-166.7 -33.8  67.2  -17.3   -5.9  -26.7               
  194  194 A R        -     0   0  181     -2,-2.4     2,-0.8     2,-0.0    -2,-0.1  -0.837  24.2-134.9 -65.0  90.0  -16.6   -9.3  -25.3               
  195  195 A S        -     0   0   93     -2,-1.8     2,-1.8     1,-0.1    -2,-0.0  -0.566   8.0-136.2 -37.8  98.6  -19.2  -10.5  -27.7               
  196  196 A R        -     0   0  243     -2,-0.8     2,-1.4     2,-0.0    -1,-0.1  -0.793  16.5-147.0 -57.2  88.6  -21.0  -12.8  -25.3               
  197  197 A S        -     0   0   94     -2,-1.8     2,-1.5     3,-0.0    -2,-0.0  -0.760  13.1-137.5 -49.6  94.4  -21.1  -15.4  -27.9               
  198  198 A G        -     0   0   63     -2,-1.4     2,-1.0     3,-0.0     3,-0.0  -0.759  17.9-133.2 -54.3  92.3  -24.4  -16.5  -26.6               
  199  199 A S        -     0   0  110     -2,-1.5     3,-0.1     1,-0.1    -2,-0.0  -0.677  38.8-106.7 -56.0  98.1  -23.3  -20.1  -27.1               
  200  200 A R        -     0   0  228     -2,-1.0     2,-0.6     1,-0.2    -1,-0.1  -0.063  26.7-100.3 -29.6 127.9  -26.6  -21.0  -28.7               
  201  201 A G        -     0   0   81      1,-0.1     2,-1.2    -3,-0.0    -1,-0.2  -0.523  41.4-150.3 -47.0 102.1  -29.1  -23.0  -26.8               
  202  202 A R        -     0   0  234     -2,-0.6     2,-0.1    -3,-0.1    -1,-0.1  -0.840   3.1-149.3 -90.6  84.8  -28.2  -26.3  -28.4               
  203  203 A D        -     0   0  145     -2,-1.2    -3,-0.0     1,-0.1     0, 0.0  -0.402  13.5-143.5 -28.1 113.6  -31.5  -28.0  -28.3               
  204  204 A S        -     0   0   99     -2,-0.1     2,-1.4     2,-0.1    -1,-0.1  -0.858  16.7-170.5-103.2  89.7  -30.2  -31.6  -28.0               
  205  205 A P        +     0   0   99      0, 0.0     2,-0.6     0, 0.0    -2,-0.0  -0.713  15.8 164.3 -79.6  90.8  -32.6  -33.7  -30.0               
  206  206 A Y        +     0   0  218     -2,-1.4     2,-0.5     0, 0.0    -2,-0.1  -0.770  13.2 170.8-100.1  80.7  -31.6  -37.2  -29.2               
  207  207 A Q        +     0   0  173     -2,-0.6     0, 0.0     1,-0.1     0, 0.0  -0.783  24.8  80.2 -66.0 135.4  -34.6  -39.0  -30.4               
  208  208 A S        +     0   0   96     -2,-0.5    -1,-0.1     0, 0.0     0, 0.0   0.743  49.2   0.9 125.8 120.2  -34.4  -42.7  -30.5               
  209  209 A R        -     0   0  235      2,-0.0    -2,-0.0     0, 0.0     0, 0.0   0.993  47.2 -11.9  91.7 103.6  -34.5  -46.2  -29.2               
  210  210 A G        -     0   0   74      1,-0.1     0, 0.0     0, 0.0     0, 0.0   0.992  18.4-151.4 102.1 102.0  -34.8  -48.8  -26.7               
  211  211 A S        +     0   0  117      2,-0.0    -1,-0.1     0, 0.0     2,-0.1  -0.570  17.7 167.0 -61.5 145.0  -35.1  -50.1  -23.2               
  212  212 A P        -     0   0  105      0, 0.0     0, 0.0     0, 0.0     0, 0.0  -0.304  29.9-100.4-150.6 142.7  -34.2  -53.1  -21.9               
  213  213 A H        -     0   0  168      1,-0.1     2,-0.6    -2,-0.1    -2,-0.0   0.594   5.6-154.9  40.4 106.0  -33.8  -54.4  -18.4               
  214  214 A Y        -     0   0  233      2,-0.0     2,-0.2     0, 0.0    -1,-0.1  -0.982  39.2-129.9-101.9 117.9  -31.2  -55.2  -15.9               
  215  215 A F        -     0   0  191     -2,-0.6     0, 0.0     1,-0.0     0, 0.0  -0.437  13.1-152.8 -58.2 130.0  -32.7  -57.9  -13.7               
  216  216 A S        -     0   0  100     -2,-0.2     2,-0.8     2,-0.0    -1,-0.0  -0.957  15.9-138.4 -97.0 120.7  -32.7  -57.5   -9.9               
  217  217 A P        -     0   0  127      0, 0.0     2,-0.2     0, 0.0    -2,-0.0  -0.752  26.6-149.0 -76.7 112.4  -32.8  -60.9   -8.2               
  218  218 A F        +     0   0  183     -2,-0.8    -2,-0.0     2,-0.0     0, 0.0  -0.596  32.1 129.7 -63.1 140.6  -35.2  -60.6   -5.2               
  219  219 A R        +     0   0  208     -2,-0.2     2,-0.4     0, 0.0    -1,-0.0   0.185   6.5 145.3 175.8 124.0  -35.2  -62.2   -2.0               
  220  220 A P              0   0  104      0, 0.0    -2,-0.0     0, 0.0     0, 0.0  -0.968 360.0 360.0-100.0 139.6  -35.5  -61.7    1.7               
  221  221 A Y              0   0  283     -2,-0.4     0, 0.0     0, 0.0     0, 0.0  -0.789 360.0 360.0-141.5 360.0  -37.3  -64.2    3.8               
