==== Secondary Structure Definition by the program DSSP, CMBI version 2.0                          ==== DATE=2026-03-08        .
REFERENCE W. KABSCH AND C.SANDER, BIOPOLYMERS 22 (1983) 2577-2637                                                              .
HEADER                                            01-AUG-25                                                                    .
COMPND    MOL_ID: 1; MOLECULE: HISTONE RNA HAIRPIN-BINDING PROTEIN; CHAIN: A                                                   .
SOURCE    MOL_ID: 1; ORGANISM_SCIENTIFIC: HOMO SAPIENS; ORGANISM_TAXID: 9606                                                   .
AUTHOR                                                                                                                         .
  270  1  0  0  0 TOTAL NUMBER OF RESIDUES, NUMBER OF CHAINS, NUMBER OF SS-BRIDGES(TOTAL,INTRACHAIN,INTERCHAIN)                .
 30260.9   ACCESSIBLE SURFACE OF PROTEIN (ANGSTROM**2)                                                                         .
  141 52.2   TOTAL NUMBER OF HYDROGEN BONDS OF TYPE O(I)-->H-N(J)  , SAME NUMBER PER 100 RESIDUES                              .
    0  0.0   TOTAL NUMBER OF HYDROGEN BONDS IN     PARALLEL BRIDGES, SAME NUMBER PER 100 RESIDUES                              .
    4  1.5   TOTAL NUMBER OF HYDROGEN BONDS IN ANTIPARALLEL BRIDGES, SAME NUMBER PER 100 RESIDUES                              .
    0  0.0   TOTAL NUMBER OF HYDROGEN BONDS OF TYPE O(I)-->H-N(I-5), SAME NUMBER PER 100 RESIDUES                              .
    1  0.4   TOTAL NUMBER OF HYDROGEN BONDS OF TYPE O(I)-->H-N(I-4), SAME NUMBER PER 100 RESIDUES                              .
    0  0.0   TOTAL NUMBER OF HYDROGEN BONDS OF TYPE O(I)-->H-N(I-3), SAME NUMBER PER 100 RESIDUES                              .
    0  0.0   TOTAL NUMBER OF HYDROGEN BONDS OF TYPE O(I)-->H-N(I-2), SAME NUMBER PER 100 RESIDUES                              .
    0  0.0   TOTAL NUMBER OF HYDROGEN BONDS OF TYPE O(I)-->H-N(I-1), SAME NUMBER PER 100 RESIDUES                              .
    0  0.0   TOTAL NUMBER OF HYDROGEN BONDS OF TYPE O(I)-->H-N(I+0), SAME NUMBER PER 100 RESIDUES                              .
    0  0.0   TOTAL NUMBER OF HYDROGEN BONDS OF TYPE O(I)-->H-N(I+1), SAME NUMBER PER 100 RESIDUES                              .
   37 13.7   TOTAL NUMBER OF HYDROGEN BONDS OF TYPE O(I)-->H-N(I+2), SAME NUMBER PER 100 RESIDUES                              .
   23  8.5   TOTAL NUMBER OF HYDROGEN BONDS OF TYPE O(I)-->H-N(I+3), SAME NUMBER PER 100 RESIDUES                              .
   77 28.5   TOTAL NUMBER OF HYDROGEN BONDS OF TYPE O(I)-->H-N(I+4), SAME NUMBER PER 100 RESIDUES                              .
    0  0.0   TOTAL NUMBER OF HYDROGEN BONDS OF TYPE O(I)-->H-N(I+5), SAME NUMBER PER 100 RESIDUES                              .
  1  2  3  4  5  6  7  8  9 10 11 12 13 14 15 16 17 18 19 20 21 22 23 24 25 26 27 28 29 30     *** HISTOGRAMS OF ***           .
  0  0  0  0  0  1  0  0  2  0  0  0  0  0  2  0  0  0  0  0  0  0  0  0  0  0  0  0  0  1    RESIDUES PER ALPHA HELIX         .
  0  0  0  0  0  0  0  0  0  0  0  0  0  0  0  0  0  0  0  0  0  0  0  0  0  0  0  0  0  0    PARALLEL BRIDGES PER LADDER      .
  2  0  0  0  0  0  0  0  0  0  0  0  0  0  0  0  0  0  0  0  0  0  0  0  0  0  0  0  0  0    ANTIPARALLEL BRIDGES PER LADDER  .
  0  0  0  0  0  0  0  0  0  0  0  0  0  0  0  0  0  0  0  0  0  0  0  0  0  0  0  0  0  0    LADDERS PER SHEET                .
  #  RESIDUE AA STRUCTURE BP1 BP2  ACC     N-H-->O    O-->H-N    N-H-->O    O-->H-N    TCO  KAPPA ALPHA  PHI   PSI    X-CA   Y-CA   Z-CA            CHAIN
    1    1 A M              0   0  242      0, 0.0     2,-0.7     0, 0.0     0, 0.0   0.000 360.0 360.0 360.0 101.6  -51.6  -26.2  -28.6               
    2    2 A A        -     0   0  100      2,-0.0     2,-0.4     0, 0.0     0, 0.0  -0.897 360.0-148.6-102.5 106.4  -52.6  -22.6  -28.0               
    3    3 A C        -     0   0  129     -2,-0.7     0, 0.0     1,-0.0     0, 0.0  -0.631  16.0-135.7 -69.2 120.7  -49.7  -20.1  -28.6               
    4    4 A R        -     0   0  241     -2,-0.4     2,-0.1     1,-0.1    -1,-0.0  -0.667  26.1-112.3 -79.1 136.6  -50.0  -17.1  -26.2               
    5    5 A P        -     0   0  123      0, 0.0     2,-0.3     0, 0.0    -1,-0.1  -0.388  23.8-113.5 -77.8 146.3  -49.4  -13.7  -28.0               
    6    6 A R        -     0   0  252     -2,-0.1     0, 0.0     1,-0.1     0, 0.0  -0.634  29.4-123.8 -75.7 129.4  -46.4  -11.4  -27.3               
    7    7 A S        -     0   0  116     -2,-0.3    -1,-0.1     1,-0.1     0, 0.0  -0.423  33.4-107.3 -73.5 149.9  -47.2   -8.0  -25.6               
    8    8 A P        -     0   0  116      0, 0.0     2,-0.2     0, 0.0    -1,-0.1  -0.279  32.4 -88.4 -91.8 163.8  -46.0   -4.8  -27.5               
    9    9 A P        -     0   0  124      0, 0.0     2,-0.6     0, 0.0     0, 0.0  -0.462  35.6-122.5 -78.4 135.2  -43.2   -2.2  -26.9               
   10   10 A R        -     0   0  246     -2,-0.2     2,-0.3     1,-0.0     0, 0.0  -0.638  22.3-138.4 -75.4 112.6  -43.7    0.9  -24.6               
   11   11 A H        -     0   0  191     -2,-0.6     2,-0.7     1,-0.0    -1,-0.0  -0.574  13.1-133.7 -65.5 127.9  -43.0    4.1  -26.4               
   12   12 A Q        -     0   0  190     -2,-0.3     2,-0.5     2,-0.0    -1,-0.0  -0.823  19.7-148.5 -85.0 109.9  -41.0    6.7  -24.3               
   13   13 A S        -     0   0  113     -2,-0.7     2,-0.5     2,-0.0    -2,-0.0  -0.754   6.6-139.6 -79.8 122.3  -42.8   10.0  -24.7               
   14   14 A R        -     0   0  229     -2,-0.5     2,-0.6     2,-0.0    -2,-0.0  -0.756  13.3-160.5 -76.5 122.6  -40.4   13.0  -24.4               
   15   15 A C        -     0   0  123     -2,-0.5     2,-0.4     2,-0.0    -2,-0.0  -0.955   3.0-157.2-106.7 102.9  -42.1   15.9  -22.4               
   16   16 A D        -     0   0  165     -2,-0.6     2,-0.4     2,-0.0    -2,-0.0  -0.689  16.6-177.2 -64.3 125.3  -40.3   19.1  -23.1               
   17   17 A G        -     0   0   72     -2,-0.4    -2,-0.0     0, 0.0     0, 0.0  -0.960  32.8 -98.7-139.4 118.9  -41.1   21.4  -20.1               
   18   18 A D        -     0   0  166     -2,-0.4     2,-1.1     1,-0.1    -2,-0.0  -0.008  24.1-138.8 -42.8 121.6  -39.8   25.0  -20.0               
   19   19 A A        -     0   0   98      3,-0.0    -1,-0.1     0, 0.0     0, 0.0  -0.727  15.8-149.2 -79.8  97.9  -36.6   25.8  -18.1               
   20   20 A S        -     0   0  110     -2,-1.1     3,-0.1     1,-0.1     0, 0.0  -0.526  36.1 -98.7 -56.5 133.0  -37.4   29.1  -16.3               
   21   21 A P        -     0   0  117      0, 0.0     2,-0.1     0, 0.0    -1,-0.1  -0.297  44.4 -97.6 -64.1 142.4  -33.9   30.9  -16.1               
   22   22 A P        -     0   0  123      0, 0.0     3,-0.1     0, 0.0    -3,-0.0  -0.375  37.0-111.1 -66.1 132.3  -32.1   30.5  -12.7               
   23   23 A S        -     0   0  109     -2,-0.1     3,-0.1     1,-0.1    -3,-0.0  -0.371  45.0 -98.2 -57.0 132.7  -32.5   33.4  -10.3               
   24   24 A P        -     0   0   93      0, 0.0    -1,-0.1     0, 0.0     5,-0.1  -0.237  47.7 -90.2 -64.2 142.1  -29.1   35.2   -9.9               
   25   25 A A    >>  -     0   0   50      1,-0.1     3,-2.4    -3,-0.1     4,-0.6  -0.240  32.2-121.0 -60.1 132.8  -26.9   34.2   -6.8               
   26   26 A R  T 34 S+     0   0  239      1,-0.3     4,-0.3     2,-0.2     3,-0.1   0.631 108.0  57.1 -47.3 -27.5  -27.6   36.3   -3.6               
   27   27 A W  T 34 S+     0   0  216      1,-0.2     3,-0.3     2,-0.2    -1,-0.3   0.670  95.0  63.1 -86.1 -16.8  -23.9   37.5   -3.4               
   28   28 A S  T <4 S+     0   0   68     -3,-2.4     3,-0.3     1,-0.2     4,-0.3   0.789 104.8  47.5 -77.6 -24.6  -23.7   39.1   -6.9               
   29   29 A L  S  < S+     0   0   66     -4,-0.6    -1,-0.2     1,-0.2     3,-0.2   0.603  89.3  89.2 -84.4 -15.7  -26.4   41.8   -6.0               
   30   30 A G  S    S+     0   0   39     -3,-0.3    -1,-0.2    -4,-0.3    -2,-0.1   0.588  97.3  14.2 -75.5 -16.6  -25.0   42.9   -2.6               
   31   31 A R  S    S+     0   0  227     -3,-0.3    -1,-0.2    -4,-0.2     2,-0.2   0.480  82.8 117.9-139.5  -6.2  -22.6   45.8   -3.3               
   32   32 A K        -     0   0  130     -4,-0.3     8,-2.1    -3,-0.2     2,-0.3  -0.493  42.7-164.0 -73.6 135.2  -23.0   47.2   -6.9               
   33   33 A R  B     -A   39   0A 173      6,-0.2     6,-0.2    -2,-0.2     5,-0.1  -0.912  20.2-115.3-114.6 146.6  -24.1   50.9   -7.0               
   34   34 A R    >   -     0   0   78      4,-2.6     3,-2.0    -2,-0.3     6,-0.1  -0.252  41.8 -97.9 -62.5 164.9  -25.5   52.9  -10.0               
   35   35 A A  T 3  S+     0   0  121      1,-0.3    -1,-0.1     2,-0.1    -2,-0.0   0.771 128.1  59.1 -60.9 -24.6  -23.4   55.8  -11.3               
   36   36 A D  T 3  S-     0   0   98      2,-0.1    -1,-0.3     1,-0.0    -2,-0.0   0.318 122.3-109.2 -82.2   3.2  -25.6   58.1   -9.1               
   37   37 A G  S <  S+     0   0   37     -3,-2.0    -2,-0.1     1,-0.3     3,-0.1   0.358  74.7 136.1  82.3  -2.5  -24.5   56.1   -6.0               
   38   38 A R        -     0   0  176      1,-0.1    -4,-2.6    -5,-0.1    -1,-0.3  -0.316  66.6 -87.5 -74.7 155.5  -27.9   54.4   -5.5               
   39   39 A R  B     -A   33   0A 182     -6,-0.2    -6,-0.2     1,-0.1     2,-0.1  -0.505  47.3-111.1 -63.3 128.1  -28.3   50.7   -4.7               
   40   40 A W        -     0   0   62     -8,-2.1    -1,-0.1    -2,-0.2    -8,-0.1  -0.405  35.1-159.9 -61.0 126.9  -28.4   48.5   -7.8               
   41   41 A R    >>  -     0   0  160     -2,-0.1     3,-1.1     1,-0.1     4,-0.6  -0.725  31.3-111.3-102.8 157.9  -31.9   46.9   -8.3               
   42   42 A P  H >> S+     0   0   91      0, 0.0     3,-1.7     0, 0.0     4,-0.9   0.914 119.2  62.6 -56.0 -37.3  -32.7   43.8  -10.5               
   43   43 A E  H 3> S+     0   0  133      1,-0.3     4,-2.6     2,-0.2     5,-0.2   0.763  92.9  65.2 -58.9 -26.7  -34.5   46.2  -12.9               
   44   44 A D  H <> S+     0   0    9     -3,-1.1     4,-2.2     2,-0.2    -1,-0.3   0.797  95.4  56.8 -61.6 -34.9  -31.1   48.0  -13.5               
   45   45 A A  H <X S+     0   0   51     -3,-1.7     4,-0.9    -4,-0.6    -1,-0.2   0.915 113.0  39.6 -66.7 -38.7  -29.8   44.8  -15.1               
   46   46 A E  H  X S+     0   0  138     -4,-0.9     4,-1.6     2,-0.2    -2,-0.2   0.867 115.2  52.0 -77.4 -36.6  -32.7   44.9  -17.7               
   47   47 A E  H  X S+     0   0   93     -4,-2.6     4,-1.7     1,-0.2    -2,-0.2   0.879 106.2  55.2 -67.2 -35.2  -32.5   48.7  -18.1               
   48   48 A A  H  < S+     0   0   59     -4,-2.2     4,-0.5     1,-0.2    -1,-0.2   0.834 107.0  50.9 -65.7 -32.6  -28.7   48.4  -18.8               
   49   49 A E  H  < S+     0   0  163     -4,-0.9     3,-0.3     1,-0.2    -2,-0.2   0.890 112.7  46.4 -68.6 -38.7  -29.5   46.0  -21.6               
   50   50 A H  H  < S+     0   0  164     -4,-1.6     3,-0.2     1,-0.2    -2,-0.2   0.775 117.5  36.8 -82.2 -27.7  -32.1   48.4  -23.2               
   51   51 A R  S  < S+     0   0  224     -4,-1.7     3,-0.2     1,-0.1    -1,-0.2   0.380 103.1  71.8-104.3   5.6  -30.2   51.8  -23.2               
   52   52 A G        +     0   0   50     -4,-0.5     4,-0.3    -3,-0.3    -1,-0.1   0.310  54.0 104.7-111.0   6.7  -26.6   50.6  -23.9               
   53   53 A A        +     0   0  103     -3,-0.2     2,-1.5    -4,-0.2    -1,-0.2   0.335  46.6 120.6 -77.7  10.8  -26.5   49.5  -27.7               
   54   54 A E  S    S-     0   0  178     -3,-0.2    -1,-0.1     1,-0.1    -3,-0.0  -0.646  92.1 -78.8 -75.9  86.9  -24.6   52.8  -28.6               
   55   55 A R        +     0   0  242     -2,-1.5    -1,-0.1     1,-0.1    -2,-0.1   0.512  57.1 179.3  38.8  50.8  -21.4   51.4  -30.1               
   56   56 A R        -     0   0  160     -4,-0.3    -1,-0.1     1,-0.1     5,-0.1  -0.754  38.1-112.2 -77.4 121.3  -19.2   50.4  -27.1               
   57   57 A P    >   -     0   0   84      0, 0.0     3,-2.3     0, 0.0     4,-0.5  -0.310  14.0-125.8 -58.5 137.8  -15.9   49.0  -28.7               
   58   58 A E  G >  S+     0   0  174      1,-0.3     3,-0.9     2,-0.2    -2,-0.0   0.747 105.6  74.9 -52.3 -26.2  -15.3   45.2  -28.1               
   59   59 A S  G 3  S+     0   0  117      1,-0.2    -1,-0.3     3,-0.0    -3,-0.0   0.630  92.2  53.9 -65.1 -14.5  -11.9   46.1  -26.6               
   60   60 A F  G <  S+     0   0  135     -3,-2.3     2,-0.4     2,-0.1    -1,-0.2   0.667  86.1  90.2 -93.5 -21.4  -13.6   47.4  -23.4               
   61   61 A T  S <  S-     0   0   97     -3,-0.9     3,-0.1    -4,-0.5     0, 0.0  -0.652  90.7-113.0 -76.3 126.2  -15.6   44.1  -22.7               
   62   62 A T        -     0   0  125     -2,-0.4     3,-0.1     1,-0.1    -2,-0.1  -0.485  42.3-112.0 -53.6 117.4  -13.5   41.8  -20.4               
   63   63 A P        -     0   0  105      0, 0.0     2,-0.8     0, 0.0    -1,-0.1  -0.300  35.7 -95.0 -53.8 139.1  -12.9   38.9  -22.9               
   64   64 A E        -     0   0  194     -3,-0.1     3,-0.1     1,-0.0    -3,-0.0  -0.471  53.4-134.4 -52.3  99.0  -14.7   35.7  -21.8               
   65   65 A G        -     0   0   50     -2,-0.8    -1,-0.0     1,-0.2    -3,-0.0  -0.333  36.1 -74.3 -59.7 149.8  -11.7   34.4  -19.9               
   66   66 A P        -     0   0  128      0, 0.0     3,-0.2     0, 0.0    -1,-0.2  -0.272  69.7 -90.3 -44.7 122.2  -10.8   30.7  -20.6               
   67   67 A K        -     0   0  183      1,-0.2     3,-0.1    -3,-0.1    -3,-0.0  -0.152  62.4 -80.6 -39.5 131.4  -13.5   28.9  -18.5               
   68   68 A P        -     0   0  120      0, 0.0    -1,-0.2     0, 0.0     3,-0.2  -0.162  48.3-117.0 -46.9 113.7  -12.0   28.4  -15.0               
   69   69 A R        -     0   0  235     -3,-0.2     3,-0.1     1,-0.2     0, 0.0  -0.476  57.5 -76.6 -46.9 122.9   -9.7   25.3  -15.4               
   70   70 A S        -     0   0  106      1,-0.2     2,-1.1    -3,-0.1     3,-0.3  -0.081  62.9-115.5 -36.3 103.3  -11.5   23.0  -12.9               
   71   71 A R        -     0   0  235      1,-0.2    -1,-0.2    -3,-0.2     3,-0.1  -0.474  62.6 -51.8 -69.6  94.6  -10.0   24.8   -9.9               
   72   72 A C        -     0   0   64     -2,-1.1     3,-0.3     1,-0.1    -1,-0.2   0.919  63.6-111.8  44.9  96.4   -7.8   22.2   -8.2               
   73   73 A S  S    S-     0   0  102     -3,-0.3     5,-0.2     1,-0.2    -1,-0.1  -0.445  77.0 -39.4 -51.3 116.7   -9.5   18.8   -7.5               
   74   74 A D     >  -     0   0   88     -2,-0.2     4,-1.9    -3,-0.1    -1,-0.2   0.748  48.3-147.7  25.7 102.8   -9.8   18.6   -3.7               
   75   75 A W  H  > S+     0   0  188     -3,-0.3     4,-2.2     2,-0.2     5,-0.2   0.805  98.3  61.5 -57.6 -30.1   -6.8   19.8   -1.7               
   76   76 A A  H  > S+     0   0   57      2,-0.2     4,-2.5     1,-0.2     5,-0.2   0.980 106.6  42.8 -64.2 -52.5   -7.6   17.2    1.0               
   77   77 A S  H  > S+     0   0   63      1,-0.2     4,-2.0     2,-0.2    -1,-0.2   0.844 113.2  54.2 -58.2 -37.9   -7.1   14.2   -1.5               
   78   78 A A  H  X S+     0   0   40     -4,-1.9     4,-2.1     2,-0.2    -1,-0.2   0.911 110.1  45.7 -66.0 -41.5   -3.9   16.0   -2.9               
   79   79 A V  H  X S+     0   0   78     -4,-2.2     4,-3.0     2,-0.2     5,-0.3   0.943 112.0  51.5 -65.8 -46.4   -2.3   16.3    0.6               
   80   80 A E  H  X S+     0   0  130     -4,-2.5     4,-1.8     1,-0.2    -2,-0.2   0.869 111.3  48.4 -58.2 -39.4   -3.2   12.6    1.5               
   81   81 A E  H  X S+     0   0   85     -4,-2.0     4,-2.5    -5,-0.2    -1,-0.2   0.928 112.3  47.6 -67.3 -44.1   -1.6   11.5   -1.8               
   82   82 A D  H  X S+     0   0   89     -4,-2.1     4,-3.1     2,-0.2     5,-0.2   0.941 111.4  50.5 -64.8 -43.1    1.6   13.6   -1.1               
   83   83 A E  H  X S+     0   0  123     -4,-3.0     4,-2.2     1,-0.2    -1,-0.2   0.911 111.7  49.1 -58.4 -40.7    1.8   12.2    2.5               
   84   84 A M  H  X S+     0   0   49     -4,-1.8     4,-2.6    -5,-0.3    -2,-0.2   0.933 111.2  49.5 -66.3 -42.2    1.5    8.7    1.0               
   85   85 A R  H  X S+     0   0   84     -4,-2.5     4,-2.9     2,-0.2     5,-0.2   0.953 111.3  48.4 -59.2 -50.5    4.2    9.4   -1.6               
   86   86 A T  H  X S+     0   0   57     -4,-3.1     4,-2.5     1,-0.2    -2,-0.2   0.905 113.2  48.2 -61.2 -39.3    6.6   10.8    1.1               
   87   87 A R  H  X S+     0   0  109     -4,-2.2     4,-2.4    -5,-0.2    -1,-0.2   0.922 111.9  48.8 -63.0 -47.3    5.9    7.7    3.2               
   88   88 A V  H  X S+     0   0    0     -4,-2.6     4,-2.5     2,-0.2    -2,-0.2   0.935 112.6  49.1 -59.1 -44.5    6.5    5.3    0.2               
   89   89 A N  H  X S+     0   0   84     -4,-2.9     4,-2.6     2,-0.2    -2,-0.2   0.918 111.3  48.2 -62.8 -45.5    9.8    7.2   -0.5               
   90   90 A K  H  X S+     0   0  134     -4,-2.5     4,-2.0    -5,-0.2    -1,-0.2   0.900 113.6  48.3 -60.6 -41.9   11.0    6.9    3.1               
   91   91 A E  H  X S+     0   0   40     -4,-2.4     4,-2.1     2,-0.2    -2,-0.2   0.888 110.0  52.2 -66.5 -37.4   10.1    3.2    3.1               
   92   92 A M  H  X S+     0   0   14     -4,-2.5     4,-2.8     2,-0.2    -2,-0.2   0.938 108.4  50.2 -62.7 -47.7   11.9    2.7   -0.3               
   93   93 A A  H  X S+     0   0   59     -4,-2.6     4,-2.5     1,-0.2    -2,-0.2   0.926 112.3  47.9 -58.5 -42.9   15.1    4.4    1.2               
   94   94 A R  H  X S+     0   0  149     -4,-2.0     4,-2.2     2,-0.2    -1,-0.2   0.876 110.9  51.5 -62.6 -39.8   14.9    2.0    4.2               
   95   95 A Y  H  X S+     0   0   47     -4,-2.1     4,-1.7     2,-0.2    -2,-0.2   0.948 110.6  47.5 -64.6 -46.1   14.4   -1.0    1.9               
   96   96 A K  H  X S+     0   0   85     -4,-2.8     4,-2.1     1,-0.2     3,-0.3   0.939 112.6  49.8 -57.2 -48.7   17.5   -0.0   -0.2               
   97   97 A R  H  X S+     0   0  182     -4,-2.5     4,-2.4     1,-0.2    -1,-0.2   0.885 108.3  53.5 -57.8 -42.7   19.5    0.4    3.1               
   98   98 A K  H  X S+     0   0  139     -4,-2.2     4,-1.3     2,-0.2    -1,-0.2   0.841 108.6  49.4 -62.7 -38.0   18.3   -3.0    4.4               
   99   99 A L  H  X S+     0   0   49     -4,-1.7     4,-1.2    -3,-0.3     3,-0.4   0.973 111.9  47.2 -65.5 -50.8   19.5   -4.7    1.1               
  100  100 A L  H  X S+     0   0  103     -4,-2.1     4,-2.0     1,-0.2     3,-0.5   0.883 110.0  53.2 -60.0 -42.0   23.0   -3.1    1.3               
  101  101 A I  H  X S+     0   0  102     -4,-2.4     4,-1.4     1,-0.2    -1,-0.2   0.870 105.8  54.8 -60.9 -37.9   23.4   -3.9    5.0               
  102  102 A N  H  < S+     0   0   91     -4,-1.3     4,-0.3    -3,-0.4    -1,-0.2   0.822 108.7  48.4 -65.5 -30.9   22.7   -7.6    4.3               
  103  103 A D  H >X S+     0   0   79     -4,-1.2     3,-1.3    -3,-0.5     4,-0.5   0.944 110.5  48.4 -78.8 -43.8   25.4   -7.8    1.6               
  104  104 A F  H >X S+     0   0  148     -4,-2.0     4,-0.7     1,-0.2     3,-0.5   0.763 100.4  67.5 -68.2 -25.4   28.2   -6.2    3.7               
  105  105 A G  H 3< S+     0   0   58     -4,-1.4    -1,-0.2     1,-0.2    -2,-0.2   0.719  97.2  54.8 -66.8 -20.1   27.5   -8.5    6.8               
  106  106 A R  H X4 S+     0   0  154     -3,-1.3     3,-0.5    -4,-0.3    -1,-0.2   0.742  99.9  57.6 -87.2 -22.4   28.7  -11.6    4.8               
  107  107 A E  H X< S+     0   0  102     -4,-0.5     3,-1.5    -3,-0.5    -2,-0.1   0.759  80.7  82.0 -85.5 -22.8   32.2  -10.3    3.8               
  108  108 A R  T 3< S+     0   0  242     -4,-0.7    -1,-0.2     1,-0.3    -2,-0.1   0.416  95.8  48.7 -68.2   6.5   33.7   -9.6    7.3               
  109  109 A K  T <  S+     0   0  172     -3,-0.5    -1,-0.3     1,-0.1    -2,-0.1  -0.105  80.3  93.3-139.9  38.0   34.5  -13.4    7.7               
  110  110 A S    <   +     0   0   98     -3,-1.5     2,-1.0     3,-0.0    -1,-0.1  -0.561  45.4 161.3-122.4  64.2   36.3  -14.3    4.5               
  111  111 A S        +     0   0  117     -3,-0.1    -3,-0.0     1,-0.1    -4,-0.0  -0.841  48.5  51.3 -76.0 103.0   39.9  -13.8    5.6               
  112  112 A S        +     0   0  125     -2,-1.0    -1,-0.1     1,-0.0     0, 0.0   0.342  66.7  73.8 140.5 119.4   42.0  -15.7    3.0               
  113  113 A G        -     0   0   70      0, 0.0    -1,-0.0     0, 0.0    -3,-0.0   0.654  47.2-136.0 127.1  86.6   42.3  -16.0   -0.8               
  114  114 A S        +     0   0  121      2,-0.0     2,-0.0     0, 0.0     0, 0.0   0.035  37.7 111.6  -4.4 124.9   43.7  -14.0   -3.6               
  115  115 A S        -     0   0  108      0, 0.0     2,-0.1     0, 0.0     0, 0.0   0.205  53.5-106.3 152.8 145.0   42.4  -13.2   -6.9               
  116  116 A D        +     0   0  138      1,-0.1    -2,-0.0     2,-0.1     0, 0.0  -0.214  51.5 132.1 -48.7 110.8   41.1  -10.7   -9.4               
  117  117 A S    >   +     0   0   90     -2,-0.1     3,-1.1     2,-0.0     4,-0.1  -0.369  18.3 172.5-159.2  76.8   37.4  -10.9  -10.2               
  118  118 A K  T 3  S+     0   0  208      1,-0.2    -2,-0.1     2,-0.1     4,-0.0   0.171  74.3  59.2 -71.6  20.5   35.8   -7.3  -10.0               
  119  119 A E  T 3  S+     0   0  172      2,-0.0    -1,-0.2     1,-0.0     3,-0.1   0.523  84.6  73.4-122.7  -8.6   32.5   -8.7  -11.4               
  120  120 A S  S <  S+     0   0   78     -3,-1.1     3,-0.1     1,-0.2    -2,-0.1   0.259  88.9  48.2-109.3  13.8   31.2  -11.4   -8.9               
  121  121 A M  S    S+     0   0  134     -4,-0.1    -1,-0.2     1,-0.1    -3,-0.1   0.513  98.9  61.5-130.1  -5.5   29.9   -9.7   -5.7               
  122  122 A S  S    S+     0   0   99     -3,-0.1     2,-1.0     3,-0.0    -1,-0.1  -0.296  72.5 174.7-103.7  41.7   27.6   -6.8   -6.9               
  123  123 A T        -     0   0  112      1,-0.2     3,-0.2    -3,-0.1    -3,-0.1  -0.426  62.8 -50.7 -56.3  91.4   25.4   -9.5   -8.6               
  124  124 A V        -     0   0   95     -2,-1.0    -1,-0.2     1,-0.2     2,-0.2   0.881  60.7-108.7  41.1 101.3   22.6   -7.2   -9.8               
  125  125 A P        -     0   0   88      0, 0.0     3,-0.2     0, 0.0    -1,-0.2  -0.396  60.0 -93.6 -47.5 108.3   21.1   -4.8   -7.1               
  126  126 A A        -     0   0   56     -3,-0.2    -2,-0.1     1,-0.2   -27,-0.0  -0.124  47.7-102.8 -46.2 115.6   17.9   -6.9   -7.0               
  127  127 A D        -     0   0  118     -3,-0.1    50,-1.1     1,-0.1     2,-0.3  -0.171  47.3-163.2 -48.7 110.0   15.7   -5.0   -9.5               
  128  128 A F  B     -B  176   0B  52     -3,-0.2     2,-0.8    48,-0.2    48,-0.2  -0.728  29.1-100.6 -96.4 148.5   13.4   -3.0   -7.2               
  129  129 A E        +     0   0   17     46,-2.8    -1,-0.0    -2,-0.3    47,-0.0  -0.647  45.0 170.2 -68.9 107.8   10.1   -1.4   -8.4               
  130  130 A T        +     0   0   90     -2,-0.8     2,-0.6     4,-0.0    -1,-0.2   0.573  39.0 112.4 -95.8 -16.1   11.1    2.3   -8.9               
  131  131 A D     >  -     0   0   75      1,-0.2     4,-2.4     2,-0.1     5,-0.1  -0.484  53.7-159.4 -67.2 111.0    7.8    3.4  -10.6               
  132  132 A E  H  > S+     0   0   52     -2,-0.6     4,-2.9     1,-0.2     5,-0.2   0.895  89.8  54.4 -57.9 -42.9    6.1    5.7   -8.2               
  133  133 A S  H  > S+     0   0   81      1,-0.2     4,-2.3     2,-0.2    -1,-0.2   0.906 111.1  45.9 -63.3 -39.1    2.7    5.3   -9.8               
  134  134 A V  H  > S+     0   0   19      2,-0.2     4,-2.7     1,-0.2    -1,-0.2   0.930 113.2  49.4 -66.7 -46.1    3.0    1.5   -9.4               
  135  135 A L  H  X S+     0   0    2     -4,-2.4     4,-2.7     2,-0.2    -2,-0.2   0.902 111.0  49.4 -62.8 -41.1    4.2    1.8   -5.8               
  136  136 A M  H  X S+     0   0   18     -4,-2.9     4,-2.6     2,-0.2    -2,-0.2   0.945 112.7  47.4 -63.0 -46.4    1.3    4.2   -4.9               
  137  137 A R  H  X S+     0   0   91     -4,-2.3     4,-2.1    -5,-0.2    -2,-0.2   0.925 113.9  47.9 -57.5 -47.0   -1.2    1.8   -6.4               
  138  138 A R  H  X S+     0   0    3     -4,-2.7     4,-1.9     2,-0.2    -2,-0.2   0.883 110.5  51.7 -63.2 -39.7    0.4   -1.1   -4.5               
  139  139 A Q  H  X S+     0   0    4     -4,-2.7     4,-2.7     2,-0.2    -2,-0.2   0.928 108.1  51.6 -63.6 -43.7    0.3    1.0   -1.3               
  140  140 A K  H  X S+     0   0  113     -4,-2.6     4,-2.3     1,-0.2    -2,-0.2   0.918 108.9  51.1 -58.2 -43.8   -3.4    1.6   -1.8               
  141  141 A Q  H  X S+     0   0   34     -4,-2.1     4,-0.8     1,-0.2    -1,-0.2   0.871 111.0  48.1 -62.5 -37.6   -4.0   -2.1   -2.2               
  142  142 A I  H >X S+     0   0    6     -4,-1.9     4,-2.2     2,-0.2     3,-0.9   0.918 108.2  55.3 -65.9 -44.0   -2.1   -2.8    1.1               
  143  143 A N  H 3X S+     0   0   30     -4,-2.7     4,-2.8     1,-0.3    -2,-0.2   0.922 101.8  57.3 -57.6 -43.0   -4.1   -0.0    2.8               
  144  144 A Y  H 3< S+     0   0  129     -4,-2.3    -1,-0.3     1,-0.2    -2,-0.2   0.768 111.5  42.6 -59.6 -29.7   -7.4   -1.8    1.8               
  145  145 A G  H << S+     0   0    1     -3,-0.9     6,-0.3    -4,-0.8    -1,-0.2   0.833 116.1  47.8 -80.6 -35.7   -6.2   -5.0    3.6               
  146  146 A K  H  < S+     0   0   54     -4,-2.2     2,-1.6     1,-0.2    -2,-0.2   0.794  96.8  71.6 -75.0 -29.6   -4.8   -3.0    6.7               
  147  147 A N  S  < S+     0   0  129     -4,-2.8     2,-0.3    -5,-0.2    -1,-0.2  -0.391  82.9 102.6 -81.9  50.9   -8.0   -1.0    7.1               
  148  148 A T  S  > S-     0   0   36     -2,-1.6     4,-1.8    -3,-0.2     3,-0.4  -0.998  77.5-130.4-135.0 143.8   -9.9   -4.1    8.3               
  149  149 A I  H  > S+     0   0  102     -2,-0.3     4,-2.1     1,-0.2     5,-0.2   0.822 111.2  60.8 -61.1 -31.4  -10.9   -5.2   11.9               
  150  150 A A  H  > S+     0   0    0      2,-0.2     4,-2.9     1,-0.2    -1,-0.2   0.919 104.4  47.7 -57.7 -46.6   -9.3   -8.6   11.0               
  151  151 A Y  H  > S+     0   0   29     -3,-0.4     4,-2.3    -6,-0.3    -2,-0.2   0.914 109.3  53.0 -65.3 -40.6   -5.9   -6.9   10.5               
  152  152 A D  H  X S+     0   0   75     -4,-1.8     4,-1.1     2,-0.2    -2,-0.2   0.895 114.1  42.4 -62.8 -40.9   -6.2   -4.9   13.8               
  153  153 A R  H >X S+     0   0   73     -4,-2.1     4,-3.0     2,-0.2     3,-0.6   0.952 111.0  56.4 -67.6 -45.4   -6.9   -8.2   15.7               
  154  154 A Y  H 3X S+     0   0    2     -4,-2.9     4,-2.4     1,-0.3    -2,-0.2   0.874 109.1  45.4 -54.1 -44.2   -4.2  -10.0   13.8               
  155  155 A I  H 3< S+     0   0   64     -4,-2.3    -1,-0.3     2,-0.2    -2,-0.2   0.784 115.0  48.3 -74.1 -25.7   -1.5   -7.5   14.8               
  156  156 A K  H << S+     0   0  166     -4,-1.1    -2,-0.2    -3,-0.6    -1,-0.2   0.900 120.0  36.7 -74.8 -45.6   -2.7   -7.5   18.5               
  157  157 A E  H  < S+     0   0  120     -4,-3.0    -2,-0.2     1,-0.2    -3,-0.2   0.846 125.5  39.2 -76.2 -37.0   -2.8  -11.3   18.7               
  158  158 A V  S  < S-     0   0   15     -4,-2.4    -1,-0.2    -5,-0.4     5,-0.1  -0.735  78.6-157.2-122.8  84.1    0.3  -12.0   16.6               
  159  159 A P    >>  -     0   0   42      0, 0.0     3,-1.8     0, 0.0     4,-0.7  -0.197  32.4-107.2 -52.9 147.6    3.1   -9.4   17.2               
  160  160 A R  G >4 S+     0   0  200      1,-0.3     3,-0.5     2,-0.2    -5,-0.0   0.760 118.0  51.5 -54.0 -37.1    5.6   -9.0   14.3               
  161  161 A H  G 34 S+     0   0  157      1,-0.2    -1,-0.3     3,-0.0    -3,-0.0   0.652 109.2  51.3 -78.0 -16.4    8.5  -10.8   16.1               
  162  162 A L  G <4 S+     0   0  107     -3,-1.8     2,-0.6     2,-0.1    -1,-0.2   0.437  81.4 120.1 -95.3  -4.5    6.3  -13.9   16.9               
  163  163 A R    <<  -     0   0   73     -4,-0.7    -5,-0.0    -3,-0.5    -3,-0.0  -0.519  52.1-152.5 -70.9 116.7    5.1  -14.2   13.3               
  164  164 A Q    >>  -     0   0  113     -2,-0.6     4,-2.0     1,-0.1     3,-0.8  -0.675  19.5-114.1 -85.2 131.7    6.0  -17.7   11.8               
  165  165 A P  T 34 S+     0   0  129      0, 0.0    -1,-0.1     0, 0.0     0, 0.0  -0.435  99.8  19.5 -60.3 138.6    6.5  -18.1    8.0               
  166  166 A G  T 34 S+     0   0   87      2,-0.4     4,-0.0    -2,-0.1    -2,-0.0  -0.038 123.0  57.7  88.5 -25.8    3.9  -20.3    6.4               
  167  167 A I  T <4 S+     0   0  113     -3,-0.8    -1,-0.1     1,-0.1    -4,-0.0   0.863  99.4  53.6 -97.0 -50.2    1.3  -20.0    9.2               
  168  168 A H  S  < S-     0   0   43     -4,-2.0    -2,-0.4     1,-0.1     2,-0.2  -0.685  90.2-105.1 -97.4 141.9    0.7  -16.2    9.4               
  169  169 A P        -     0   0   14      0, 0.0     2,-0.5     0, 0.0    -1,-0.1  -0.351  34.5-153.7 -63.8 128.2   -0.3  -13.9    6.6               
  170  170 A K        -     0   0  182     -2,-0.2     3,-0.1    -4,-0.0    20,-0.1  -0.904  18.9-117.8-106.7 127.0    2.6  -11.7    5.4               
  171  171 A T        -     0   0   39     -2,-0.5    16,-0.1     1,-0.1   -29,-0.0  -0.413  39.7-110.7 -58.1 124.1    2.0   -8.3    3.7               
  172  172 A P        -     0   0   13      0, 0.0     2,-0.9     0, 0.0    -1,-0.1  -0.257  30.5-109.5 -57.6 141.5    3.4   -8.5    0.1               
  173  173 A N    >   -     0   0   52      1,-0.2     3,-1.4    -3,-0.1    -3,-0.0  -0.652  26.3-164.1 -78.8 105.9    6.6   -6.4   -0.5               
  174  174 A K  T 3  S+     0   0    7     -2,-0.9    -1,-0.2     1,-0.2     4,-0.1   0.701  85.4  58.5 -61.8 -22.3    5.5   -3.5   -2.8               
  175  175 A F  T 3  S+     0   0   11    -47,-0.1   -46,-2.8     2,-0.1     2,-0.3   0.560  84.0  95.9 -87.5 -12.6    9.2   -2.7   -3.7               
  176  176 A K  B <  S-B  128   0B 106     -3,-1.4     2,-0.4   -48,-0.2   -48,-0.2  -0.610  88.2-106.7 -75.7 138.2    9.9   -6.2   -5.1               
  177  177 A K        +     0   0  101    -50,-1.1     2,-0.3    -2,-0.3    -2,-0.1  -0.525  53.5 163.8 -62.6 119.9    9.6   -6.5   -8.9               
  178  178 A Y        -     0   0   52     -2,-0.4     2,-0.0    -4,-0.1     0, 0.0  -0.996  41.7-110.8-135.8 142.7    6.4   -8.5   -9.6               
  179  179 A S     >  -     0   0   76     -2,-0.3     4,-2.5     1,-0.1     5,-0.2  -0.364  39.9-109.0 -60.3 152.5    4.3   -9.0  -12.7               
  180  180 A R  H  > S+     0   0  121      1,-0.2     4,-2.4     2,-0.2     5,-0.2   0.899 119.6  47.0 -53.6 -43.1    0.9   -7.3  -12.3               
  181  181 A R  H  > S+     0   0  217      2,-0.2     4,-2.5     1,-0.2    -1,-0.2   0.893 110.6  50.4 -68.5 -43.6   -0.9  -10.7  -12.0               
  182  182 A S  H  > S+     0   0   48      2,-0.2     4,-2.1     1,-0.2    -1,-0.2   0.901 113.4  47.5 -62.0 -41.5    1.6  -12.1   -9.5               
  183  183 A W  H  X S+     0   0    0     -4,-2.5     4,-2.4     2,-0.2    -2,-0.2   0.958 112.0  47.5 -62.8 -51.8    1.2   -9.0   -7.3               
  184  184 A D  H  X S+     0   0   48     -4,-2.4     4,-2.6     1,-0.2    -2,-0.2   0.895 112.1  51.4 -61.7 -37.6   -2.7   -9.0   -7.5               
  185  185 A Q  H  X S+     0   0   96     -4,-2.5     4,-2.7     2,-0.2     5,-0.2   0.920 109.2  50.0 -63.4 -44.3   -2.7  -12.7   -6.6               
  186  186 A Q  H  X S+     0   0   49     -4,-2.1     4,-2.5     2,-0.2    -2,-0.2   0.910 112.3  47.7 -60.8 -42.7   -0.4  -12.1   -3.6               
  187  187 A I  H  X S+     0   0   11     -4,-2.4     4,-2.7     2,-0.2    -2,-0.2   0.922 112.2  50.1 -63.4 -44.4   -2.8   -9.2   -2.4               
  188  188 A K  H  X S+     0   0  132     -4,-2.6     4,-2.6     2,-0.2    -2,-0.2   0.955 114.3  43.2 -58.3 -53.3   -5.9  -11.5   -2.9               
  189  189 A L  H  X S+     0   0  102     -4,-2.7     4,-2.5     2,-0.2    -2,-0.2   0.893 114.2  51.4 -61.3 -42.2   -4.4  -14.4   -0.9               
  190  190 A W  H  X S+     0   0    8     -4,-2.5     4,-1.2    -5,-0.2    -1,-0.2   0.929 112.0  45.9 -62.1 -46.0   -3.1  -12.0    1.8               
  191  191 A K  H >X S+     0   0   81     -4,-2.7     4,-1.2     2,-0.2     3,-0.5   0.925 112.6  51.0 -62.1 -44.8   -6.5  -10.4    2.2               
  192  192 A V  H >< S+     0   0   90     -4,-2.6     3,-0.6     1,-0.2     4,-0.2   0.917 109.0  51.2 -58.7 -44.2   -8.3  -13.8    2.3               
  193  193 A A  H >< S+     0   0   42     -4,-2.5     3,-0.8     1,-0.2    -1,-0.2   0.729 102.2  60.9 -68.8 -22.8   -5.8  -15.0    5.0               
  194  194 A L  H X< S+     0   0    2     -4,-1.2     3,-2.3    -3,-0.5    -1,-0.2   0.864  88.1  72.5 -69.5 -32.9   -6.6  -11.9    7.1               
  195  195 A H  G X< S+     0   0  100     -4,-1.2     3,-2.0    -3,-0.6    -1,-0.2   0.602  74.5  82.8 -61.5 -10.8  -10.3  -12.9    7.3               
  196  196 A F  G <  S+     0   0  164     -3,-0.8    -1,-0.3     1,-0.3    -2,-0.1   0.843  93.6  48.5 -56.0 -32.1   -9.2  -15.7    9.7               
  197  197 A W  G <  S+     0   0   22     -3,-2.3    -1,-0.3    -4,-0.2   -44,-0.2   0.063  87.9 116.4 -94.5  17.6   -9.3  -13.0   12.4               
  198  198 A D  S <  S-     0   0   53     -3,-2.0     3,-0.1     1,-0.1    -3,-0.0  -0.512  76.5-103.6 -76.5 154.2  -12.8  -11.7   11.3               
  199  199 A P        -     0   0   60      0, 0.0    -1,-0.1     0, 0.0   -49,-0.1  -0.561  50.5 -88.7 -66.6 147.6  -15.6  -12.0   13.8               
  200  200 A P        -     0   0  124      0, 0.0     2,-0.8     0, 0.0    -3,-0.0  -0.452  56.7-102.2 -49.5 126.5  -17.9  -14.9   13.0               
  201  201 A A        -     0   0   80     -3,-0.1     2,-0.4     2,-0.1    -3,-0.0  -0.550  32.2-140.6 -59.5 102.6  -20.4  -13.1   10.7               
  202  202 A E    >   -     0   0  168     -2,-0.8     3,-0.6     1,-0.1     2,-0.4  -0.643  19.4-125.8 -59.9 123.1  -23.4  -12.6   13.0               
  203  203 A E  T 3  S+     0   0  194     -2,-0.4    -1,-0.1     1,-0.2    -2,-0.1   0.230  95.8  71.3 -58.8  16.3  -26.2  -13.3   10.4               
  204  204 A G  T 3   +     0   0   47     -2,-0.4     2,-1.7     2,-0.1    -1,-0.2  -0.132  41.7 148.8-139.0  39.0  -27.7   -9.9   11.3               
  205  205 A C    <   -     0   0  128     -3,-0.6     2,-0.1     1,-0.1     3,-0.0  -0.693  60.2-121.3 -67.3  90.8  -25.7   -6.9   10.0               
  206  206 A D        -     0   0  137     -2,-1.7     2,-1.1     1,-0.1    -2,-0.1  -0.193  10.9-143.0 -34.8 101.3  -29.0   -4.9    9.7               
  207  207 A L        -     0   0  148     -2,-0.1     2,-1.2     1,-0.0    -1,-0.1  -0.780  37.6-120.4 -49.3 101.4  -29.6   -3.8    6.3               
  208  208 A Q        -     0   0  169     -2,-1.1     2,-0.3     1,-0.0    -1,-0.0  -0.631  28.1-131.4 -52.4  93.9  -31.0   -0.6    7.8               
  209  209 A E        -     0   0  167     -2,-1.2     2,-1.7     1,-0.1    -1,-0.0  -0.542  20.5-117.7 -50.3 114.6  -34.3   -1.2    6.2               
  210  210 A I        -     0   0  162     -2,-0.3    -1,-0.1     3,-0.0    -2,-0.0  -0.649  31.8-147.7 -60.5  90.0  -34.9    2.2    4.7               
  211  211 A H        -     0   0  149     -2,-1.7     2,-0.2     1,-0.1    -3,-0.0  -0.637  22.8-114.9 -62.1 115.3  -38.0    2.7    6.8               
  212  212 A P        -     0   0   95      0, 0.0     2,-0.9     0, 0.0    -1,-0.1  -0.466  27.5-123.9 -55.9 120.3  -40.0    4.8    4.5               
  213  213 A V        -     0   0  133     -2,-0.2     2,-0.6     1,-0.0    -3,-0.0  -0.709  22.9-132.5 -66.5 105.3  -40.3    8.1    6.4               
  214  214 A D        -     0   0  124     -2,-0.9     2,-1.5     1,-0.1    -1,-0.0  -0.579  15.5-146.8 -61.2 109.5  -44.1    8.6    6.6               
  215  215 A L        +     0   0  166     -2,-0.6     2,-0.2     1,-0.0    -1,-0.1  -0.694  48.2 129.2 -82.1  80.9  -44.4   12.2    5.5               
  216  216 A E        -     0   0  149     -2,-1.5    -2,-0.1     2,-0.0    -1,-0.0  -0.658  46.4-114.5-154.6 100.5  -47.5   13.2    7.6               
  217  217 A S        +     0   0  123     -2,-0.2    -2,-0.0     0, 0.0     0, 0.0   0.454  36.2 138.5  37.9 107.7  -48.0   16.1    9.8               
  218  218 A A        -     0   0   85      2,-0.0    -2,-0.0     0, 0.0     0, 0.0   0.194  30.1-130.2 174.7 113.1  -48.6   17.2   13.1               
  219  219 A E        +     0   0  195      2,-0.0     2,-0.1     1,-0.0     0, 0.0   0.338  30.0 147.3  32.6 100.4  -47.5   19.9   15.4               
  220  220 A S        -     0   0  116      2,-0.0     2,-0.2     0, 0.0    -2,-0.0  -0.362  25.7-153.3-163.4 121.3  -46.3   20.1   18.8               
  221  221 A S        +     0   0  106     -2,-0.1     2,-0.1     1,-0.0    -2,-0.0  -0.414  22.4 158.8 -52.6 131.5  -43.9   22.6   20.2               
  222  222 A S        -     0   0  107     -2,-0.2    -1,-0.0     2,-0.0    -2,-0.0  -0.470  13.7-174.0-159.1  98.5  -41.6   22.0   23.1               
  223  223 A E        -     0   0  176     -2,-0.1     2,-0.4     2,-0.0    -2,-0.0  -0.469   8.6-159.0 -52.6 142.0  -38.5   24.1   23.6               
  224  224 A P        -     0   0  120      0, 0.0     2,-0.2     0, 0.0    -2,-0.0  -0.974  18.2-136.6-121.4 130.1  -36.0   23.3   26.2               
  225  225 A Q        +     0   0  183     -2,-0.4     2,-0.3     2,-0.0    -2,-0.0  -0.495  23.6 176.8 -63.1 135.6  -33.8   26.2   27.2               
  226  226 A T        -     0   0  140     -2,-0.2     0, 0.0     0, 0.0     0, 0.0  -0.917  33.6-119.4-137.4 128.0  -30.1   26.0   27.7               
  227  227 A S        -     0   0  111     -2,-0.3     2,-0.0     1,-0.2    -2,-0.0  -0.154  20.2 -98.7 -62.3 146.8  -28.4   29.3   28.5               
  228  228 A S        +     0   0   98      1,-0.0     2,-0.2     0, 0.0    -1,-0.2  -0.230  29.3 175.7 -37.1 131.8  -25.7   31.3   26.8               
  229  229 A Q        -     0   0  197     -2,-0.0     2,-0.0     0, 0.0    -1,-0.0  -0.724  21.0-166.6-143.1 110.0  -22.1   31.4   27.9               
  230  230 A D        +     0   0  133     -2,-0.2     0, 0.0     2,-0.0     0, 0.0  -0.072  22.5 111.7 -66.7 174.1  -20.1   33.5   25.5               
  231  231 A D        +     0   0  152      2,-0.0     3,-0.0    -2,-0.0     0, 0.0   0.835  44.3  31.9  78.0 119.3  -16.3   34.0   24.8               
  232  232 A F        +     0   0  173      0, 0.0     2,-0.7     0, 0.0    -2,-0.0   0.597  28.3 141.4-158.2 127.2  -13.9   33.6   22.8               
  233  233 A D        +     0   0  155      1,-0.1     3,-0.2     3,-0.0    -2,-0.0  -0.842  35.4 141.8-109.6  84.6  -13.4   33.4   19.0               
  234  234 A V        +     0   0  123     -2,-0.7    -1,-0.1     1,-0.1     3,-0.0  -0.478  46.4  69.3-128.3  60.5  -10.0   35.3   18.8               
  235  235 A Y        +     0   0  225      3,-0.0    -1,-0.1     0, 0.0    -2,-0.0   0.028  57.0 101.9-161.3  59.3   -8.0   33.5   16.1               
  236  236 A S        +     0   0  100     -3,-0.2     2,-1.4     2,-0.1    -3,-0.0  -0.345  35.4 150.5-125.3  53.6   -9.4   34.1   12.6               
  237  237 A G        -     0   0   74     -3,-0.0    -3,-0.0     2,-0.0     0, 0.0  -0.700  25.2-170.1 -78.8  87.6   -7.0   36.8   11.3               
  238  238 A T        -     0   0  124     -2,-1.4     2,-0.7     1,-0.0    -2,-0.1  -0.759  26.4-125.0 -74.6 117.0   -7.0   36.0    7.5               
  239  239 A P        -     0   0  122      0, 0.0     2,-0.7     0, 0.0     3,-0.1  -0.526  20.2-148.1 -74.1 110.5   -4.1   38.2    6.2               
  240  240 A T        -     0   0  135     -2,-0.7    -2,-0.0     1,-0.2    -3,-0.0  -0.739  46.5 -64.7 -74.2 114.3   -5.4   40.5    3.4               
  241  241 A K        -     0   0  205     -2,-0.7     2,-0.3     1,-0.1    -1,-0.2   0.525  42.2-141.2  24.5  90.0   -2.8   41.3    0.7               
  242  242 A V        -     0   0  143     -3,-0.1     2,-0.2     1,-0.1    -1,-0.1  -0.583  36.1-108.8 -66.1 133.2    0.3   43.3    1.7               
  243  243 A R        -     0   0  225     -2,-0.3     2,-0.5     1,-0.1    -1,-0.1  -0.549  26.3-112.1 -68.6 133.3    1.1   45.6   -1.2               
  244  244 A H        -     0   0  163     -2,-0.2     2,-0.6     2,-0.0    -1,-0.1  -0.569  32.1-169.9 -58.6 112.8    4.1   44.9   -3.4               
  245  245 A M        -     0   0  162     -2,-0.5     2,-0.7     2,-0.0    -1,-0.0  -0.977  13.7-148.3-104.3 107.2    6.6   47.8   -2.7               
  246  246 A D        +     0   0  133     -2,-0.6    -2,-0.0     1,-0.1     0, 0.0  -0.731  41.7 134.9 -73.0 111.3    9.3   47.4   -5.4               
  247  247 A S        -     0   0  110     -2,-0.7    -1,-0.1     2,-0.1    -2,-0.0  -0.232  49.6-126.4-169.4  80.2   12.6   48.6   -3.9               
  248  248 A Q        +     0   0  199      2,-0.1     2,-0.3     3,-0.0    -2,-0.1   0.112  47.2 138.0  26.3  77.2   15.7   46.7   -4.4               
  249  249 A V        -     0   0  128      2,-0.1     2,-1.9     0, 0.0    -2,-0.1  -0.837  48.2-134.2-142.5 123.0   17.8   45.7   -1.4               
  250  250 A E        +     0   0  200     -2,-0.3     2,-1.1     1,-0.1    -2,-0.1  -0.584  32.8 170.2 -71.6  79.6   19.2   42.2   -1.4               
  251  251 A D        -     0   0  149     -2,-1.9     2,-0.6     2,-0.0    -1,-0.1  -0.852  26.9-149.9 -87.3  86.1   18.4   41.2    2.1               
  252  252 A E        -     0   0  176     -2,-1.1     2,-1.2     1,-0.1    -2,-0.1  -0.584  17.3-124.7 -57.4 108.2   19.3   37.5    1.6               
  253  253 A F        -     0   0  155     -2,-0.6     2,-1.3     1,-0.1    -1,-0.1  -0.524  25.0-146.2 -62.1  95.8   16.9   35.8    4.0               
  254  254 A D     >  -     0   0   88     -2,-1.2     4,-1.1     1,-0.2     3,-0.3  -0.561  20.7-177.2 -75.7  93.0   19.6   33.8    5.9               
  255  255 A L  H  > S+     0   0  117     -2,-1.3     4,-0.8     1,-0.2    -1,-0.2   0.726  82.1  61.4 -59.0 -24.2   17.8   30.5    6.8               
  256  256 A E  H  > S+     0   0  142      2,-0.2     4,-1.1     1,-0.2     3,-0.4   0.882  95.8  57.8 -77.0 -35.2   21.0   29.5    8.7               
  257  257 A A  H  > S+     0   0   53     -3,-0.3     4,-0.7     1,-0.2     3,-0.4   0.887 104.7  53.0 -60.0 -37.6   20.8   32.5   11.2               
  258  258 A C  H  < S+     0   0   86     -4,-1.1     3,-0.3     1,-0.2    -1,-0.2   0.810 109.4  47.9 -67.8 -31.9   17.3   31.3   12.2               
  259  259 A L  H  < S+     0   0  145     -4,-0.8    -1,-0.2    -3,-0.4    -2,-0.2   0.668 109.1  55.6 -79.6 -18.0   18.7   27.8   13.0               
  260  260 A T  H  < S+     0   0   99     -4,-1.1    -2,-0.2    -3,-0.4    -1,-0.2   0.490  71.1 116.6-101.2  -5.3   21.7   29.2   15.0               
  261  261 A E     <  -     0   0  144     -4,-0.7     2,-0.2    -3,-0.3     3,-0.0  -0.492  69.8-125.9 -60.4 116.5   19.8   31.3   17.6               
  262  262 A P        -     0   0  114      0, 0.0     2,-0.3     0, 0.0    -2,-0.1  -0.495  27.8-102.4 -66.2 130.5   20.6   29.6   20.9               
  263  263 A L        -     0   0  165     -2,-0.2     2,-0.3     1,-0.1     3,-0.0  -0.374  40.5-117.2 -47.4 109.7   17.5   28.6   23.0               
  264  264 A R        -     0   0  203     -2,-0.3     2,-0.4     1,-0.1    -1,-0.1  -0.472  37.2-109.1 -54.7 115.7   17.4   31.4   25.6               
  265  265 A D        -     0   0  154     -2,-0.3     2,-2.0     1,-0.1    -1,-0.1  -0.362  19.8-148.8 -54.9 110.4   17.8   29.5   28.9               
  266  266 A F        +     0   0  215     -2,-0.4    -1,-0.1     1,-0.1     3,-0.1  -0.585  55.2 129.5 -75.0  72.8   14.6   29.3   30.8               
  267  267 A S        +     0   0  110     -2,-2.0    -1,-0.1     1,-0.1    -2,-0.1  -0.517  43.6  76.8-128.4  64.7   16.5   29.3   34.1               
  268  268 A A        +     0   0   95      1,-0.1    -1,-0.1    -2,-0.0    -2,-0.0  -0.197  61.2  90.3-162.6  68.7   14.9   32.0   36.2               
  269  269 A M              0   0  202     -3,-0.1    -1,-0.1     0, 0.0    -3,-0.0  -0.358 360.0 360.0-155.8  76.0   11.5   31.0   37.7               
  270  270 A S              0   0  195     -3,-0.1    -3,-0.0     0, 0.0     0, 0.0  -0.909 360.0 360.0-127.2 360.0   11.8   29.4   41.1               
