==== Secondary Structure Definition by the program DSSP, CMBI version 2.0                          ==== DATE=2026-03-08        .
REFERENCE W. KABSCH AND C.SANDER, BIOPOLYMERS 22 (1983) 2577-2637                                                              .
HEADER                                            01-AUG-25                                                                    .
COMPND    MOL_ID: 1; MOLECULE: POLY(RC)-BINDING PROTEIN 1; CHAIN: A                                                            .
SOURCE    MOL_ID: 1; ORGANISM_SCIENTIFIC: HOMO SAPIENS; ORGANISM_TAXID: 9606                                                   .
AUTHOR                                                                                                                         .
  356  1  0  0  0 TOTAL NUMBER OF RESIDUES, NUMBER OF CHAINS, NUMBER OF SS-BRIDGES(TOTAL,INTRACHAIN,INTERCHAIN)                .
 29540.8   ACCESSIBLE SURFACE OF PROTEIN (ANGSTROM**2)                                                                         .
  214 60.1   TOTAL NUMBER OF HYDROGEN BONDS OF TYPE O(I)-->H-N(J)  , SAME NUMBER PER 100 RESIDUES                              .
    0  0.0   TOTAL NUMBER OF HYDROGEN BONDS IN     PARALLEL BRIDGES, SAME NUMBER PER 100 RESIDUES                              .
   47 13.2   TOTAL NUMBER OF HYDROGEN BONDS IN ANTIPARALLEL BRIDGES, SAME NUMBER PER 100 RESIDUES                              .
    1  0.3   TOTAL NUMBER OF HYDROGEN BONDS OF TYPE O(I)-->H-N(I-5), SAME NUMBER PER 100 RESIDUES                              .
    0  0.0   TOTAL NUMBER OF HYDROGEN BONDS OF TYPE O(I)-->H-N(I-4), SAME NUMBER PER 100 RESIDUES                              .
    0  0.0   TOTAL NUMBER OF HYDROGEN BONDS OF TYPE O(I)-->H-N(I-3), SAME NUMBER PER 100 RESIDUES                              .
    0  0.0   TOTAL NUMBER OF HYDROGEN BONDS OF TYPE O(I)-->H-N(I-2), SAME NUMBER PER 100 RESIDUES                              .
    0  0.0   TOTAL NUMBER OF HYDROGEN BONDS OF TYPE O(I)-->H-N(I-1), SAME NUMBER PER 100 RESIDUES                              .
    0  0.0   TOTAL NUMBER OF HYDROGEN BONDS OF TYPE O(I)-->H-N(I+0), SAME NUMBER PER 100 RESIDUES                              .
    0  0.0   TOTAL NUMBER OF HYDROGEN BONDS OF TYPE O(I)-->H-N(I+1), SAME NUMBER PER 100 RESIDUES                              .
   47 13.2   TOTAL NUMBER OF HYDROGEN BONDS OF TYPE O(I)-->H-N(I+2), SAME NUMBER PER 100 RESIDUES                              .
   16  4.5   TOTAL NUMBER OF HYDROGEN BONDS OF TYPE O(I)-->H-N(I+3), SAME NUMBER PER 100 RESIDUES                              .
   96 27.0   TOTAL NUMBER OF HYDROGEN BONDS OF TYPE O(I)-->H-N(I+4), SAME NUMBER PER 100 RESIDUES                              .
    0  0.0   TOTAL NUMBER OF HYDROGEN BONDS OF TYPE O(I)-->H-N(I+5), SAME NUMBER PER 100 RESIDUES                              .
  1  2  3  4  5  6  7  8  9 10 11 12 13 14 15 16 17 18 19 20 21 22 23 24 25 26 27 28 29 30     *** HISTOGRAMS OF ***           .
  0  0  0  0  1  0  0  2  0  3  0  0  0  0  0  0  0  0  1  1  0  0  1  0  0  0  0  0  0  0    RESIDUES PER ALPHA HELIX         .
  0  0  0  0  0  0  0  0  0  0  0  0  0  0  0  0  0  0  0  0  0  0  0  0  0  0  0  0  0  0    PARALLEL BRIDGES PER LADDER      .
  0  0  1  3  0  0  0  2  1  0  0  0  0  0  0  0  0  0  0  0  0  0  0  0  0  0  0  0  0  0    ANTIPARALLEL BRIDGES PER LADDER  .
  0  1  0  0  1  0  0  0  0  0  0  0  0  0  0  0  0  0  0  0  0  0  0  0  0  0  0  0  0  0    LADDERS PER SHEET                .
  #  RESIDUE AA STRUCTURE BP1 BP2  ACC     N-H-->O    O-->H-N    N-H-->O    O-->H-N    TCO  KAPPA ALPHA  PHI   PSI    X-CA   Y-CA   Z-CA            CHAIN
    1    1 A M              0   0  248      0, 0.0     2,-0.8     0, 0.0     0, 0.0   0.000 360.0 360.0 360.0  94.2  -28.0   21.7    7.8               
    2    2 A D        -     0   0  162      1,-0.1     2,-1.5     2,-0.0     0, 0.0  -0.695 360.0-147.4 -72.7 103.6  -27.0   19.2    5.1               
    3    3 A A        -     0   0   91     -2,-0.8     2,-0.6     1,-0.0    -1,-0.1  -0.711  15.5-143.8 -77.3  90.6  -24.0   20.8    3.4               
    4    4 A G        -     0   0   61     -2,-1.5     2,-1.0     1,-0.1    -1,-0.0  -0.466   2.8-145.6 -53.8 104.8  -24.5   19.5   -0.2               
    5    5 A V        -     0   0  101     -2,-0.6     2,-1.6     1,-0.1    -1,-0.1  -0.745  17.9-135.4 -68.5 102.9  -21.1   18.8   -1.6               
    6    6 A T        -     0   0  130     -2,-1.0     2,-1.3     1,-0.1    -1,-0.1  -0.599  19.4-155.9 -59.1  87.8  -21.8   19.8   -5.2               
    7    7 A E        -     0   0   89     -2,-1.6     2,-1.8     1,-0.1    -1,-0.1  -0.686   6.3-151.9 -69.2  95.1  -20.1   16.8   -6.8               
    8    8 A S        -     0   0  117     -2,-1.3     2,-1.1     1,-0.1    -1,-0.1  -0.630  32.1-136.5 -62.8  84.0  -19.2   18.1  -10.2               
    9    9 A G        -     0   0   39     -2,-1.8     2,-0.9     2,-0.1    -1,-0.1  -0.428  28.5-171.5 -67.7  94.2  -19.4   14.5  -11.4               
   10   10 A L        -     0   0  114     -2,-1.1     2,-2.4     1,-0.1    55,-0.5  -0.790  25.5-141.5 -66.0 108.1  -16.7   13.4  -13.7               
   11   11 A N        +     0   0  137     -2,-0.9     2,-0.4    53,-0.1    -1,-0.1  -0.296  48.8 151.0 -69.6  50.6  -18.3   10.0  -14.5               
   12   12 A V        -     0   0   59     -2,-2.4    53,-1.4    51,-0.0     2,-0.6  -0.770  47.2-129.1 -90.3 130.9  -14.8    8.5  -14.4               
   13   13 A T  E     -A   64   0A 101     -2,-0.4     2,-0.3    51,-0.2    -2,-0.0  -0.743  31.7-172.7 -80.6 123.4  -14.5    4.9  -13.4               
   14   14 A L  E     -A   63   0A   8     49,-3.0    49,-2.1    -2,-0.6     2,-0.4  -0.787  18.1-151.4-112.8 154.5  -11.8    4.5  -10.7               
   15   15 A T  E     -A   62   0A  79     -2,-0.3     2,-0.4    47,-0.2    47,-0.2  -0.976  18.0-177.8-127.3 118.7  -10.3    1.4   -9.1               
   16   16 A I  E     -A   61   0A   7     45,-2.9    45,-3.2    -2,-0.4     2,-0.5  -0.953  12.6-153.4-120.4 133.5   -9.1    1.8   -5.5               
   17   17 A R  E     -AB  60 103A  36     86,-0.7    86,-3.0    -2,-0.4     2,-0.4  -0.942   8.5-165.8-111.7 120.6   -7.4   -0.9   -3.4               
   18   18 A L  E     -AB  59 102A   2     41,-3.2    41,-2.9    -2,-0.5     2,-0.5  -0.894   6.7-154.0-104.2 134.2   -7.7   -0.8    0.4               
   19   19 A L  E     +AB  58 101A   5     82,-3.1    82,-0.9    -2,-0.4     2,-0.3  -0.937  27.3 159.1-108.4 125.8   -5.4   -2.9    2.6               
   20   20 A M  E     -A   57   0A   3     37,-2.4    37,-3.0    -2,-0.5     2,-0.2  -0.950  42.7 -94.1-141.9 159.5   -6.8   -3.8    6.0               
   21   21 A H  E  >  -A   56   0A  71     -2,-0.3     4,-2.5    35,-0.2     3,-0.4  -0.500  37.5-114.2 -75.0 150.9   -6.3   -6.5    8.7               
   22   22 A G  H  > S+     0   0   28     33,-3.0     4,-1.8     1,-0.2    -1,-0.1   0.799 116.4  57.1 -54.7 -30.8   -8.5   -9.6    8.7               
   23   23 A K  H  > S+     0   0  160     32,-0.3     4,-1.4     2,-0.2    -1,-0.2   0.939 110.3  41.6 -64.5 -47.3  -10.1   -8.5   12.0               
   24   24 A E  H  > S+     0   0   25     -3,-0.4     4,-2.1     1,-0.2    -2,-0.2   0.906 114.4  51.7 -70.4 -42.6  -11.3   -5.1   10.5               
   25   25 A V  H  X S+     0   0    0     -4,-2.5     4,-2.5     1,-0.2    -1,-0.2   0.876 104.3  58.8 -63.0 -37.0  -12.4   -6.7    7.2               
   26   26 A G  H  X S+     0   0   40     -4,-1.8     4,-2.1    -5,-0.3    -1,-0.2   0.919 108.0  44.9 -57.7 -44.0  -14.5   -9.2    9.2               
   27   27 A S  H  < S+     0   0   47     -4,-1.4    -2,-0.2     2,-0.2    -1,-0.2   0.894 111.8  51.9 -69.1 -38.0  -16.5   -6.4   10.8               
   28   28 A I  H  < S+     0   0    7     -4,-2.1    -2,-0.2     1,-0.2    -1,-0.2   0.891 111.4  47.7 -65.1 -39.6  -16.9   -4.6    7.4               
   29   29 A I  H  < S-     0   0   48     -4,-2.5     7,-1.8     6,-0.2     6,-0.8   0.923 103.5-162.1 -62.7 -43.6  -18.2   -7.9    5.9               
   30   30 A G    ><  -     0   0   22     -4,-2.1     3,-2.3     5,-0.2     2,-0.2   0.078  37.5 -34.5  77.6 167.7  -20.6   -8.3    8.9               
   31   31 A K  G >  S-     0   0  195      1,-0.3     3,-1.1     2,-0.2     4,-0.1  -0.424 136.8  -2.7 -59.0 121.3  -22.4  -11.5   10.2               
   32   32 A K  G 3  S-     0   0  218      1,-0.2    -1,-0.3    -2,-0.2    -2,-0.1   0.587 120.7 -77.6  66.3  15.6  -23.3  -13.5    7.0               
   33   33 A G  G <> S+     0   0   19     -3,-2.3     4,-2.0    -7,-0.2    -1,-0.2   0.656  95.5 133.7  72.5  13.9  -21.9  -10.8    4.7               
   34   34 A E  H <>  +     0   0  127     -3,-1.1     4,-2.5     2,-0.2    -4,-0.2   0.895  69.1  50.7 -64.2 -38.6  -25.0   -8.6    5.2               
   35   35 A S  H  > S+     0   0   17     -6,-0.8     4,-2.7     2,-0.2    -5,-0.2   0.970 112.2  44.5 -67.9 -50.1  -22.9   -5.4    5.8               
   36   36 A V  H  > S+     0   0   29     -7,-1.8     4,-2.4     1,-0.2    -1,-0.2   0.871 112.6  54.1 -61.9 -34.7  -20.8   -5.8    2.6               
   37   37 A K  H  X S+     0   0  147     -4,-2.0     4,-2.3    -8,-0.4    -2,-0.2   0.948 110.4  46.0 -62.6 -47.0  -24.0   -6.6    0.7               
   38   38 A R  H  X S+     0   0  141     -4,-2.5     4,-3.2     2,-0.2     5,-0.3   0.932 112.2  50.5 -59.1 -48.5  -25.6   -3.4    1.9               
   39   39 A I  H  X S+     0   0    5     -4,-2.7     4,-2.3     1,-0.2     6,-0.4   0.901 112.1  48.0 -60.0 -42.3  -22.5   -1.3    1.1               
   40   40 A R  H  X S+     0   0  137     -4,-2.4     4,-1.4    -5,-0.2    -1,-0.2   0.906 117.0  42.0 -63.2 -44.4  -22.4   -2.8   -2.5               
   41   41 A E  H  < S+     0   0  158     -4,-2.3    -2,-0.2     2,-0.2    -1,-0.2   0.923 119.3  43.0 -68.7 -45.0  -26.1   -2.1   -3.1               
   42   42 A E  H  < S+     0   0   92     -4,-3.2    -2,-0.2     1,-0.2    -3,-0.2   0.843 120.8  39.8 -75.8 -36.2  -26.1    1.4   -1.5               
   43   43 A S  H  < S-     0   0    9     -4,-2.3    -1,-0.2    -5,-0.3    28,-0.2   0.782  90.8-142.7 -77.6 -31.6  -22.8    2.6   -3.1               
   44   44 A G     <  +     0   0   57     -4,-1.4     2,-0.3    -5,-0.3    -3,-0.1   0.525  57.7 133.2  69.4   7.7  -23.4    0.9   -6.5               
   45   45 A A        -     0   0    2     -6,-0.4     2,-1.0    22,-0.3    -1,-0.3  -0.626  66.6-114.3 -86.8 147.2  -19.6    0.2   -6.5               
   46   46 A R  E     -C   62   0A 195     16,-3.0    16,-2.6    -2,-0.3     2,-0.5  -0.706  36.2-167.0 -78.8 104.2  -18.1   -3.2   -7.5               
   47   47 A I  E     -C   61   0A   8     -2,-1.0     2,-0.4    14,-0.2    14,-0.2  -0.856   8.0-178.8 -94.4 122.3  -16.5   -4.3   -4.2               
   48   48 A N  E     -C   60   0A 107     12,-2.7    12,-3.4    -2,-0.5     2,-0.5  -0.993  10.7-157.6-121.0 129.7  -14.1   -7.3   -4.5               
   49   49 A I  E     -C   59   0A  34     -2,-0.4     2,-0.4    10,-0.2    10,-0.2  -0.943  21.2-123.8-110.0 122.8  -12.4   -8.8   -1.4               
   50   50 A S        -     0   0   42      8,-3.1     2,-0.7    -2,-0.5     8,-0.2  -0.507  19.8-145.9 -63.1 121.0   -9.2  -10.7   -1.8               
   51   51 A E        +     0   0  181     -2,-0.4     2,-0.3     6,-0.1    -1,-0.1  -0.828  43.1 135.2 -87.8 113.1   -9.6  -14.2   -0.3               
   52   52 A G        -     0   0   31     -2,-0.7     2,-0.2     2,-0.2   134,-0.0  -0.978  66.2-115.8-157.0 154.5   -6.2  -15.2    1.1               
   53   53 A N  S    S+     0   0  172     -2,-0.3     4,-0.1     2,-0.0   135,-0.1  -0.064  78.1 120.5 -78.7  29.4   -4.6  -16.8    4.3               
   54   54 A C  S    S-     0   0   52      2,-0.2    -2,-0.2    -2,-0.2   -32,-0.1  -0.788  72.9-131.3 -95.0 143.5   -2.8  -13.5    4.9               
   55   55 A P  S    S+     0   0  106      0, 0.0   -33,-3.0     0, 0.0     2,-0.4   0.739 100.5  62.0 -61.2 -20.2   -3.4  -11.4    8.1               
   56   56 A E  E    S-A   21   0A  64    -35,-0.3     2,-0.3   -34,-0.1   -35,-0.2  -0.906  73.1-165.8-108.2 133.3   -3.9   -8.5    5.7               
   57   57 A R  E     -A   20   0A  81    -37,-3.0   -37,-2.4    -2,-0.4     2,-0.5  -0.907  14.2-134.6-118.0 148.0   -6.8   -8.5    3.1               
   58   58 A I  E     -A   19   0A   8     -2,-0.3    -8,-3.1   -39,-0.2     2,-0.6  -0.911  10.6-160.9-106.6 121.6   -7.2   -6.3    0.0               
   59   59 A I  E     -AC  18  49A   3    -41,-2.9   -41,-3.2    -2,-0.5     2,-0.6  -0.904   9.6-159.0 -97.9 115.9  -10.6   -4.7   -0.7               
   60   60 A T  E     -AC  17  48A  34    -12,-3.4   -12,-2.7    -2,-0.6     2,-0.6  -0.894   5.0-166.9 -99.1 115.5  -10.8   -3.6   -4.4               
   61   61 A L  E     +AC  16  47A   0    -45,-3.2   -45,-2.9    -2,-0.6     2,-0.4  -0.927   9.1 178.1-102.6 117.3  -13.5   -0.9   -5.0               
   62   62 A T  E     +AC  15  46A  40    -16,-2.6   -16,-3.0    -2,-0.6   -47,-0.2  -0.984  29.7  88.1-122.5 127.1  -14.2   -0.3   -8.7               
   63   63 A G  E    S-A   14   0A   7    -49,-2.1   -49,-3.0    -2,-0.4   -18,-0.1  -0.978  76.0 -44.7 174.1 179.8  -16.9    2.2   -9.8               
   64   64 A P  E >>  -A   13   0A  50      0, 0.0     4,-2.3     0, 0.0     3,-0.5  -0.403  63.0-103.0 -63.1 153.3  -17.7    5.8  -10.8               
   65   65 A T  H 3> S+     0   0   10    -53,-1.4     4,-2.7   -55,-0.5     5,-0.2   0.878 122.1  51.3 -43.7 -49.2  -16.2    8.5   -8.5               
   66   66 A N  H 3> S+     0   0   60      1,-0.2     4,-2.2     2,-0.2    -1,-0.2   0.878 110.5  48.1 -61.1 -41.8  -19.6    9.1   -6.8               
   67   67 A A  H <> S+     0   0   10     -3,-0.5     4,-2.4     2,-0.2   -22,-0.3   0.910 112.3  49.3 -67.0 -41.1  -20.1    5.3   -6.0               
   68   68 A I  H  X S+     0   0    0     -4,-2.3     4,-2.6     2,-0.2    -2,-0.2   0.942 110.3  50.1 -64.7 -46.3  -16.6    5.0   -4.6               
   69   69 A F  H  X S+     0   0   29     -4,-2.7     4,-2.3     2,-0.2    -2,-0.2   0.918 111.9  48.3 -60.0 -41.6  -17.1    8.1   -2.3               
   70   70 A K  H  X S+     0   0   99     -4,-2.2     4,-1.9     2,-0.2    -1,-0.2   0.908 111.8  49.8 -64.1 -41.6  -20.4    6.6   -1.0               
   71   71 A A  H  X S+     0   0    0     -4,-2.4     4,-2.0   -28,-0.2    -2,-0.2   0.907 110.8  50.9 -60.7 -42.5  -18.7    3.2   -0.5               
   72   72 A F  H  X S+     0   0    5     -4,-2.6     4,-2.5     2,-0.2    -2,-0.2   0.913 107.2  51.5 -63.5 -46.4  -15.8    5.0    1.4               
   73   73 A A  H  X S+     0   0   36     -4,-2.3     4,-2.6     1,-0.2     5,-0.2   0.960 112.7  46.3 -56.3 -49.2  -18.1    6.9    3.8               
   74   74 A M  H  X S+     0   0   24     -4,-1.9     4,-2.2     1,-0.2    -1,-0.2   0.842 112.1  50.7 -62.4 -37.9  -20.0    3.7    4.7               
   75   75 A I  H  X S+     0   0    3     -4,-2.0     4,-2.1     2,-0.2    -1,-0.2   0.904 111.9  47.5 -66.4 -42.0  -16.6    1.8    5.2               
   76   76 A I  H  X S+     0   0    1     -4,-2.5     4,-2.6     2,-0.2    -2,-0.2   0.935 112.2  49.2 -65.5 -45.1  -15.3    4.6    7.5               
   77   77 A D  H  X S+     0   0   86     -4,-2.6     4,-2.7     1,-0.2    -2,-0.2   0.918 112.9  48.0 -60.8 -42.9  -18.6    4.7    9.5               
   78   78 A K  H  X S+     0   0   67     -4,-2.2     4,-2.0     2,-0.2    -1,-0.2   0.862 111.4  49.9 -65.0 -37.6  -18.5    0.8    9.9               
   79   79 A L  H  X S+     0   0    2     -4,-2.1     4,-2.3     2,-0.2    -2,-0.2   0.886 111.8  48.3 -69.5 -38.4  -14.8    0.9   11.0               
   80   80 A E  H  X S+     0   0   39     -4,-2.6     4,-2.8     2,-0.2    -2,-0.2   0.922 111.1  50.7 -64.3 -44.7  -15.6    3.6   13.6               
   81   81 A E  H  X S+     0   0   96     -4,-2.7     4,-2.6     2,-0.2    -2,-0.2   0.893 111.4  48.7 -58.3 -41.8  -18.6    1.5   14.8               
   82   82 A D  H  X S+     0   0   43     -4,-2.0     4,-2.7     2,-0.2     5,-0.2   0.918 112.0  48.2 -66.7 -42.2  -16.2   -1.5   15.1               
   83   83 A I  H  X S+     0   0   26     -4,-2.3     4,-1.5     2,-0.2    -2,-0.2   0.942 116.0  44.3 -60.8 -46.3  -13.6    0.6   17.0               
   84   84 A N  H  X S+     0   0   70     -4,-2.8     4,-0.6     2,-0.2    -2,-0.2   0.882 114.8  48.8 -67.8 -37.0  -16.4    1.9   19.3               
   85   85 A S  H >< S+     0   0   79     -4,-2.6     3,-0.6     1,-0.2    -2,-0.2   0.861 111.9  48.1 -71.7 -37.6  -18.0   -1.6   19.7               
   86   86 A S  H >< S+     0   0   72     -4,-2.7     3,-0.9     1,-0.2    -1,-0.2   0.792 105.3  62.5 -71.3 -24.8  -14.6   -3.2   20.5               
   87   87 A M  H >< S+     0   0   54     -4,-1.5     3,-1.7     1,-0.2    -1,-0.2   0.671  77.1  84.4 -77.6 -14.8  -13.9   -0.4   23.1               
   88   88 A T  T << S+     0   0  117     -4,-0.6    -1,-0.2    -3,-0.6    -2,-0.1   0.682  96.4  44.9 -64.0 -13.1  -16.9   -1.3   25.4               
   89   89 A N  T <  S+     0   0  152     -3,-0.9     2,-0.5    -4,-0.1    -1,-0.3   0.438 101.9  74.3-103.6  -5.0  -14.6   -3.8   27.1               
   90   90 A S    <   -     0   0   68     -3,-1.7     2,-0.3    -4,-0.1    -1,-0.1  -0.919  61.8-158.1-121.6 109.5  -11.5   -1.6   27.4               
   91   91 A T        +     0   0  156     -2,-0.5     2,-0.7     2,-0.1    -1,-0.1   0.145  50.9 129.8 -68.6  19.9  -11.4    1.1   30.1               
   92   92 A A        -     0   0   61     -2,-0.3     2,-1.4    -5,-0.2    -2,-0.1  -0.713  56.5-142.3 -85.8 112.9   -8.7    3.0   28.2               
   93   93 A A        +     0   0  114     -2,-0.7     2,-0.4     2,-0.1    -1,-0.1  -0.024  69.0  92.8 -73.3  34.2   -9.8    6.7   27.9               
   94   94 A S        -     0   0   87     -2,-1.4    -2,-0.1     3,-0.0    -1,-0.0  -0.940  68.3-139.7-130.8 115.6   -8.5    7.4   24.3               
   95   95 A R        -     0   0  138     -2,-0.4     3,-0.1     1,-0.1    -2,-0.1  -0.598  33.7-128.1 -59.5 111.5  -10.7    7.0   21.2               
   96   96 A P        -     0   0   53      0, 0.0     2,-0.1     0, 0.0    -1,-0.1  -0.396  25.7-103.5 -67.9 145.0   -8.1    5.4   18.8               
   97   97 A P        -     0   0   75      0, 0.0     2,-0.3     0, 0.0    54,-0.2  -0.421  36.4-105.4 -64.8 144.9   -7.8    7.2   15.4               
   98   98 A V  E     - D   0 150A   3     52,-2.1    52,-2.0    -2,-0.1     2,-0.5  -0.589  39.2-155.1 -68.4 125.6   -9.4    5.4   12.4               
   99   99 A T  E     + D   0 149A  57     -2,-0.3     2,-0.4    50,-0.2    50,-0.2  -0.943  15.5 178.8-111.9 123.1   -6.5    3.9   10.3               
  100  100 A L  E     - D   0 148A   2     48,-3.1    48,-3.4    -2,-0.5     2,-0.5  -0.962  14.3-154.4-116.2 137.9   -6.9    3.2    6.6               
  101  101 A R  E     -BD  19 147A  60    -82,-0.9   -82,-3.1    -2,-0.4     2,-0.4  -0.956  10.9-162.5-113.0 119.6   -4.2    1.7    4.3               
  102  102 A L  E     -BD  18 146A   6     44,-3.1    44,-3.0    -2,-0.5     2,-0.6  -0.842  10.0-144.1 -97.9 133.5   -4.4    2.6    0.6               
  103  103 A V  E     +BD  17 145A   7    -86,-3.0   -86,-0.7    -2,-0.4    42,-0.2  -0.889  28.8 169.1 -99.9 119.7   -2.5    0.6   -2.0               
  104  104 A V  E     - D   0 144A   1     40,-2.6    40,-3.1    -2,-0.6     5,-0.1  -0.996  37.5-108.7-133.1 133.8   -1.3    2.8   -4.9               
  105  105 A P  E >>  - D   0 143A  20      0, 0.0     4,-2.5     0, 0.0     3,-1.0  -0.308  33.5-115.2 -59.3 145.8    1.2    2.0   -7.7               
  106  106 A A  H 3> S+     0   0   31     36,-3.0     4,-2.3     1,-0.3     5,-0.1   0.826 115.1  60.3 -55.7 -35.2    4.6    3.8   -7.4               
  107  107 A T  H 3> S+     0   0   66      2,-0.2     4,-0.9     1,-0.2    -1,-0.3   0.899 111.9  38.6 -57.4 -43.4    3.9    5.9  -10.6               
  108  108 A Q  H <> S+     0   0   23     -3,-1.0     4,-2.1     2,-0.2    -2,-0.2   0.866 111.9  58.1 -78.1 -35.6    0.8    7.4   -8.9               
  109  109 A C  H  X S+     0   0    0     -4,-2.5     4,-2.2     2,-0.2     5,-0.2   0.876  99.8  59.5 -60.4 -37.5    2.5    7.6   -5.5               
  110  110 A G  H  X S+     0   0   42     -4,-2.3     4,-2.3     2,-0.2    -1,-0.2   0.930 109.4  41.8 -57.9 -46.2    5.2    9.9   -7.1               
  111  111 A S  H  < S+     0   0   57     -4,-0.9    -1,-0.2     2,-0.2    -2,-0.2   0.865 111.7  55.5 -70.8 -35.3    2.6   12.5   -8.2               
  112  112 A L  H  < S+     0   0    4     -4,-2.1    -2,-0.2     1,-0.2    -1,-0.2   0.854 112.5  43.3 -63.6 -36.6    0.8   12.2   -4.8               
  113  113 A I  H  < S-     0   0   40     -4,-2.2     7,-1.7     6,-0.2     6,-0.9   0.924 101.0-164.0 -70.4 -44.9    4.1   13.0   -3.0               
  114  114 A G    ><  -     0   0   21     -4,-2.3     3,-2.2     5,-0.2     2,-0.3   0.005  42.4 -31.8  75.2 170.4    5.0   15.8   -5.5               
  115  115 A K  G >  S-     0   0  188      1,-0.3     3,-1.1     2,-0.2     4,-0.1  -0.422 137.7  -6.1 -60.2 115.7    8.4   17.5   -6.1               
  116  116 A G  G 3  S-     0   0   92     -2,-0.3    -1,-0.3     1,-0.2    -2,-0.1   0.676 123.6 -70.6  70.3  17.9   10.1   17.4   -2.6               
  117  117 A G  G <> S+     0   0   17     -3,-2.2     4,-2.0    -7,-0.2    -1,-0.2   0.648  96.6 134.9  75.5  13.3    6.9   16.1   -0.9               
  118  118 A C  H <>  +     0   0   76     -3,-1.1     4,-2.1     2,-0.2    -4,-0.2   0.900  69.4  47.8 -61.7 -40.4    5.1   19.4   -1.4               
  119  119 A K  H  > S+     0   0   67     -6,-0.9     4,-2.5     2,-0.2    -5,-0.2   0.934 114.0  44.1 -73.5 -44.7    1.8   17.8   -2.5               
  120  120 A I  H  > S+     0   0   26     -7,-1.7     4,-2.4     1,-0.2    -1,-0.2   0.868 113.3  54.0 -66.0 -33.8    1.6   15.1    0.2               
  121  121 A K  H  X S+     0   0  107     -4,-2.0     4,-1.5    -8,-0.4    -2,-0.2   0.883 109.5  47.5 -64.6 -39.9    2.6   17.9    2.7               
  122  122 A E  H  X S+     0   0  105     -4,-2.1     4,-3.1     2,-0.2     5,-0.2   0.932 111.3  51.0 -64.9 -45.4   -0.4   20.1    1.4               
  123  123 A I  H  X S+     0   0    6     -4,-2.5     4,-1.8     1,-0.2     6,-0.3   0.916 111.2  47.1 -62.1 -45.3   -2.8   17.1    1.6               
  124  124 A R  H  X S+     0   0  126     -4,-2.4     4,-1.5     2,-0.2    -1,-0.2   0.866 116.5  45.1 -63.6 -35.7   -1.8   16.3    5.3               
  125  125 A E  H  < S+     0   0  149     -4,-1.5    -2,-0.2     2,-0.2    -1,-0.2   0.919 114.4  47.6 -75.5 -42.2   -2.2   20.0    6.2               
  126  126 A S  H  < S+     0   0   78     -4,-3.1    -2,-0.2     1,-0.2    -1,-0.2   0.798 122.9  33.7 -65.1 -35.0   -5.5   20.5    4.3               
  127  127 A T  H  < S-     0   0   12     -4,-1.8    -1,-0.2    -5,-0.2    -2,-0.2   0.673  91.6-138.0 -96.7 -23.6   -7.1   17.4    5.8               
  128  128 A G     <  +     0   0   60     -4,-1.5     2,-0.2     1,-0.3    -3,-0.1   0.497  61.0 132.2  68.4   5.4   -5.5   17.4    9.3               
  129  129 A A        -     0   0    4     -6,-0.3     2,-0.9    25,-0.3    -1,-0.3  -0.590  66.7-114.3 -82.6 148.6   -5.0   13.5    8.9               
  130  130 A Q  E     -E  149   0A 154     19,-3.0    19,-2.9    -2,-0.2     2,-0.6  -0.736  37.2-171.1 -80.0 107.8   -1.8   11.7    9.6               
  131  131 A V  E     -E  148   0A  27     -2,-0.9     2,-0.5    17,-0.2    17,-0.2  -0.921   5.7-178.2-107.0 120.5   -0.6   10.4    6.2               
  132  132 A Q  E     -E  147   0A 139     15,-3.3    15,-3.0    -2,-0.6     2,-0.5  -0.972  12.3-155.2-120.6 121.4    2.3    8.0    6.2               
  133  133 A V  E     -E  146   0A  34     -2,-0.5    13,-0.2    13,-0.2     2,-0.1  -0.852  26.0-117.6 -95.4 126.5    3.8    6.6    2.9               
  134  134 A A        -     0   0   37     11,-2.8     4,-0.1    -2,-0.5    -1,-0.0  -0.424  15.6-151.1 -60.0 127.1    5.6    3.3    3.2               
  135  135 A G  S    S+     0   0   62     -2,-0.1     2,-0.2     2,-0.1    -1,-0.1   0.874  77.3  71.0 -67.0 -35.3    9.3    3.8    2.2               
  136  136 A D  S    S-     0   0  135      1,-0.1     9,-0.4     9,-0.0     2,-0.3  -0.504  83.7-125.2 -85.7 142.1    9.5    0.2    1.0               
  137  137 A M        -     0   0   99     -2,-0.2     7,-0.2     7,-0.1     5,-0.1  -0.648  41.2 -98.0 -73.7 142.7    7.8   -1.2   -2.1               
  138  138 A L    >   -     0   0   28      5,-2.1     3,-2.3    -2,-0.3     5,-0.2  -0.465  55.0 -91.6 -57.8 134.3    5.7   -4.2   -1.3               
  139  139 A P  T 3  S+     0   0   97      0, 0.0    -1,-0.1     0, 0.0     3,-0.1  -0.278 112.0   6.5 -56.1 133.2    7.8   -7.3   -2.2               
  140  140 A N  T 3  S+     0   0  133      1,-0.2     2,-0.3    -3,-0.1    44,-0.3   0.630 117.6  96.4  60.9  20.0    7.2   -8.3   -5.9               
  141  141 A S    <   -     0   0   11     -3,-2.3    -1,-0.2     2,-0.1    42,-0.0  -0.980  66.8-148.5-130.9 150.7    5.0   -5.2   -6.4               
  142  142 A T  S    S+     0   0   16     39,-0.9   -36,-3.0    -2,-0.3     2,-0.3   0.321  74.3 107.5 -86.6   7.4    5.4   -1.7   -7.9               
  143  143 A E  E     -D  105   0A   6    -38,-0.3    -5,-2.1    38,-0.2     2,-0.4  -0.622  55.1-156.2 -91.7 145.2    2.7   -0.6   -5.3               
  144  144 A R  E     -D  104   0A  49    -40,-3.1   -40,-2.6    -2,-0.3     2,-0.4  -0.937  16.2-128.8-115.1 139.8    3.3    1.4   -2.1               
  145  145 A A  E     -D  103   0A   5     -9,-0.4   -11,-2.8    -2,-0.4     2,-0.5  -0.767  16.5-159.8 -87.1 132.7    1.0    1.4    0.9               
  146  146 A I  E     -DE 102 133A   3    -44,-3.0   -44,-3.1    -2,-0.4     2,-0.5  -0.969   7.5-153.8-112.1 113.4   -0.2    4.8    2.2               
  147  147 A T  E     -DE 101 132A  36    -15,-3.0   -15,-3.3    -2,-0.5     2,-0.5  -0.806   9.4-169.3 -88.9 124.6   -1.4    4.7    5.8               
  148  148 A I  E     +DE 100 131A   2    -48,-3.4   -48,-3.1    -2,-0.5     2,-0.4  -0.979   7.7 178.9-115.7 120.3   -4.0    7.4    6.7               
  149  149 A A  E     +DE  99 130A  15    -19,-2.9   -19,-3.0    -2,-0.5     2,-0.3  -0.983  28.5  79.7-124.0 133.9   -4.8    7.8   10.4               
  150  150 A G  E    S-D   98   0A  13    -52,-2.0   -52,-2.1    -2,-0.4   -21,-0.1  -0.992  77.1 -26.4 171.8-162.9   -7.2   10.4   12.0               
  151  151 A V     >  -     0   0   83     -2,-0.3     4,-2.6   -54,-0.2     5,-0.2  -0.557  63.4-111.3 -72.1 148.0  -10.8   11.4   12.7               
  152  152 A P  H  > S+     0   0   13      0, 0.0     4,-2.4     0, 0.0     5,-0.2   0.856 119.5  52.2 -53.1 -37.8  -13.4    9.9   10.3               
  153  153 A Q  H  > S+     0   0  143      2,-0.2     4,-2.5     1,-0.2     5,-0.2   0.957 111.8  44.5 -62.1 -51.1  -14.1   13.4    8.9               
  154  154 A S  H  > S+     0   0   23      2,-0.2     4,-2.3     1,-0.2   -25,-0.3   0.863 113.6  50.7 -63.6 -38.5  -10.3   14.1    8.2               
  155  155 A V  H  X S+     0   0    0     -4,-2.6     4,-2.5     2,-0.2    -1,-0.2   0.928 110.6  49.3 -66.1 -43.2   -9.8   10.5    6.7               
  156  156 A T  H  X S+     0   0   29     -4,-2.4     4,-2.2    -5,-0.2    -2,-0.2   0.940 113.7  45.3 -61.1 -48.1  -12.9   11.0    4.4               
  157  157 A E  H  X S+     0   0   82     -4,-2.5     4,-2.3     2,-0.2    -1,-0.2   0.895 111.9  53.5 -63.5 -37.6  -11.5   14.5    3.2               
  158  158 A C  H  X S+     0   0    0     -4,-2.3     4,-2.5    -5,-0.2    -2,-0.2   0.936 108.8  47.9 -62.9 -44.9   -8.0   12.9    2.8               
  159  159 A V  H  X S+     0   0    7     -4,-2.5     4,-2.7     2,-0.2    -2,-0.2   0.900 109.8  54.1 -64.3 -39.3   -9.4   10.1    0.5               
  160  160 A K  H  X S+     0   0   51     -4,-2.2     4,-2.3     2,-0.2    -2,-0.2   0.949 111.2  44.7 -57.4 -49.2  -11.3   12.7   -1.5               
  161  161 A Q  H  X S+     0   0   69     -4,-2.3     4,-2.4     2,-0.2    -2,-0.2   0.913 114.2  48.5 -63.9 -43.1   -8.2   14.7   -2.2               
  162  162 A I  H  X S+     0   0    4     -4,-2.5     4,-2.6     2,-0.2    -1,-0.2   0.918 111.0  51.9 -61.8 -42.7   -6.1   11.6   -3.0               
  163  163 A C  H  X S+     0   0    2     -4,-2.7     4,-1.7     2,-0.2    -2,-0.2   0.916 110.2  48.2 -60.6 -44.6   -8.9   10.4   -5.4               
  164  164 A L  H  X S+     0   0   87     -4,-2.3     4,-2.6     2,-0.2    -2,-0.2   0.926 112.1  48.4 -63.3 -44.5   -8.9   13.8   -7.2               
  165  165 A V  H  X S+     0   0   13     -4,-2.4     4,-2.4     1,-0.2    -2,-0.2   0.910 110.3  52.4 -63.8 -39.9   -5.0   13.8   -7.5               
  166  166 A M  H  X S+     0   0   19     -4,-2.6     4,-1.0     1,-0.2    -1,-0.2   0.825 111.8  46.6 -63.5 -33.8   -5.2   10.1   -8.8               
  167  167 A L  H  X S+     0   0   17     -4,-1.7     4,-2.0     2,-0.2    -2,-0.2   0.910 111.2  51.0 -70.5 -44.4   -7.8   11.3  -11.5               
  168  168 A E  H  X S+     0   0  101     -4,-2.6     4,-2.3     1,-0.2    -2,-0.2   0.921 109.8  49.7 -61.4 -42.9   -5.7   14.3  -12.5               
  169  169 A T  H  < S+     0   0   23     -4,-2.4    -1,-0.2     1,-0.2     4,-0.2   0.802 109.8  51.6 -68.3 -30.2   -2.6   12.2  -12.9               
  170  170 A L  H  < S+     0   0   98     -4,-1.0     3,-0.5    -5,-0.2    -1,-0.2   0.859 114.9  43.1 -70.0 -35.9   -4.6    9.7  -15.1               
  171  171 A S  H  < S+     0   0   97     -4,-2.0    -2,-0.2     1,-0.2    -3,-0.2   0.784 105.8  61.0 -80.8 -30.2   -5.8   12.7  -17.3               
  172  172 A Q  S  < S+     0   0  133     -4,-2.3    -1,-0.2     1,-0.2    -2,-0.1   0.418  89.8  78.1 -82.0   3.4   -2.4   14.5  -17.5               
  173  173 A S        +     0   0   62     -3,-0.5    -1,-0.2    -4,-0.2     3,-0.1  -0.760  42.5 154.1-111.2  86.2   -0.8   11.5  -19.3               
  174  174 A P        +     0   0  123      0, 0.0     2,-0.4     0, 0.0    -1,-0.1   0.439  64.2  66.9 -80.7  -1.8   -1.9   11.5  -23.0               
  175  175 A Q  S    S+     0   0  182      1,-0.2    -3,-0.0    -3,-0.1     0, 0.0  -0.829  90.2  17.3-134.9  99.2    1.4    9.6  -24.0               
  176  176 A G        -     0   0   60     -2,-0.4     2,-0.3    -3,-0.1    -1,-0.2   0.663  69.6-106.0 114.1 104.8    2.3    6.0  -23.0               
  177  177 A R        -     0   0  228      1,-0.1     2,-1.1    -3,-0.1     0, 0.0  -0.227  32.6-144.9 -40.3  99.2    0.4    3.0  -21.7               
  178  178 A V        -     0   0   72     -2,-0.3     2,-1.3     1,-0.0    -1,-0.1  -0.689   9.9-157.0 -75.1  99.7    1.4    2.7  -18.0               
  179  179 A M        -     0   0   99     -2,-1.1     2,-0.4   158,-0.1    -1,-0.0  -0.724  11.4-166.0 -75.6  92.8    1.5   -1.1  -17.5               
  180  180 A T        -     0   0   51     -2,-1.3    -2,-0.0   -75,-0.0   -37,-0.0  -0.762  13.6-143.6 -75.1 130.8    1.0   -1.3  -13.7               
  181  181 A I        -     0   0   67     -2,-0.4   -39,-0.9   157,-0.0   -38,-0.2  -0.889  21.6-142.4 -91.9 103.5    1.9   -4.8  -12.4               
  182  182 A P        -     0   0   75      0, 0.0     2,-0.3     0, 0.0    -2,-0.0  -0.498  23.6-102.1 -67.3 138.5   -0.8   -5.2   -9.6               
  183  183 A Y        -     0   0   51     -2,-0.2   -42,-0.1     1,-0.0   -43,-0.1  -0.440  34.3-170.0 -58.5 123.9    0.4   -7.0   -6.5               
  184  184 A Q        -     0   0  166    -44,-0.3     2,-0.3    -2,-0.3    -1,-0.0  -0.978  21.7-134.7-109.1 111.7   -0.7  -10.7   -6.3               
  185  185 A P        -     0   0   46      0, 0.0   -45,-0.1     0, 0.0  -131,-0.0  -0.534  20.5-136.0 -64.7 124.6    0.1  -12.1   -2.8               
  186  186 A M        -     0   0  135     -2,-0.3     2,-0.3     1,-0.1  -134,-0.0  -0.608  19.3-110.0 -76.1 141.8    1.7  -15.5   -3.2               
  187  187 A P        -     0   0  114      0, 0.0     2,-1.7     0, 0.0    -1,-0.1  -0.563  37.9-112.3 -65.6 130.8    0.5  -18.4   -0.9               
  188  188 A A  S    S+     0   0  107     -2,-0.3     2,-0.0     1,-0.1    -2,-0.0  -0.543  81.3  85.6 -71.1  82.9    3.4  -19.2    1.6               
  189  189 A S        +     0   0   96     -2,-1.7    -1,-0.1     1,-0.1     0, 0.0  -0.193  43.9  84.8 178.4 102.9    4.6  -22.7    0.5               
  190  190 A S        -     0   0  109     -2,-0.0     2,-0.5     2,-0.0    -1,-0.1  -0.167  42.2-156.2-174.9 107.9    7.0  -24.0   -2.1               
  191  191 A P        -     0   0  117      0, 0.0     2,-1.0     0, 0.0     0, 0.0  -0.682  33.0-122.1 -66.1 123.7   10.8  -24.4   -1.7               
  192  192 A V        -     0   0  128     -2,-0.5     2,-0.9     1,-0.0    -2,-0.0  -0.656  23.3-149.5 -67.8 102.1   12.2  -24.4   -5.2               
  193  193 A I        -     0   0  149     -2,-1.0     2,-0.9     2,-0.0    -1,-0.0  -0.741   8.3-152.0 -69.6 102.7   14.0  -27.7   -5.3               
  194  194 A C        -     0   0  117     -2,-0.9     2,-0.6     3,-0.0    -2,-0.0  -0.789  12.6-166.6 -77.6 105.0   16.8  -27.0   -7.7               
  195  195 A A        +     0   0  100     -2,-0.9    -2,-0.0     1,-0.1     0, 0.0  -0.895  47.4  48.7 -90.5 118.6   17.6  -30.4   -9.4               
  196  196 A G        +     0   0   85     -2,-0.6    -1,-0.1     1,-0.1     0, 0.0   0.616  59.1  83.8 123.9 105.7   20.9  -30.5  -11.3               
  197  197 A G        -     0   0   78     -3,-0.0     2,-0.2     2,-0.0    -1,-0.1   0.257  46.3-144.8 148.9  89.7   24.6  -29.5  -10.8               
  198  198 A Q        +     0   0  192      2,-0.0     2,-0.2     0, 0.0     0, 0.0  -0.421  31.5 144.5 -51.3 127.1   27.4  -31.5   -9.2               
  199  199 A D        -     0   0  158     -2,-0.2     2,-0.0     2,-0.0    -2,-0.0  -0.756  36.0-121.2-161.3 151.0   30.2  -30.1   -7.2               
  200  200 A R        +     0   0  228     -2,-0.2    -2,-0.0     2,-0.0     0, 0.0  -0.238  38.2 119.9 -80.0 160.9   31.9  -31.4   -4.1               
  201  201 A C        -     0   0  123     -2,-0.0    -2,-0.0     0, 0.0     0, 0.0   0.412  34.0 -63.0 112.2 137.2   32.7  -30.6   -0.5               
  202  202 A S        -     0   0   98      0, 0.0    -2,-0.0     0, 0.0     0, 0.0   0.616  25.9 -45.0-173.5 140.2   32.4  -31.6    2.7               
  203  203 A D        +     0   0  160      0, 0.0     0, 0.0     0, 0.0     0, 0.0   0.803  27.0 107.1  43.0 116.2   31.4  -32.7    6.2               
  204  204 A A        -     0   0   88      0, 0.0     0, 0.0     0, 0.0     0, 0.0   0.612  36.1 -10.6 157.9 129.6   29.8  -32.6    9.2               
  205  205 A A        -     0   0  111      0, 0.0     2,-0.0     0, 0.0     0, 0.0   0.885  37.6 -58.5  67.1 132.3   27.1  -33.7   11.8               
  206  206 A G        -     0   0   62      2,-0.0     0, 0.0     0, 0.0     0, 0.0   0.197  23.3 -33.1 151.2 107.6   24.6  -35.4   12.8               
  207  207 A Y        -     0   0  239     -2,-0.0     2,-0.1     1,-0.0     0, 0.0   0.765  20.6-149.3  81.4 146.1   21.5  -37.2   13.9               
  208  208 A P        -     0   0  111      0, 0.0     2,-0.2     0, 0.0    -2,-0.0  -0.489   9.3-124.7-128.2 176.6   17.6  -37.3   14.3               
  209  209 A H        -     0   0  188     -2,-0.1     0, 0.0     1,-0.0     0, 0.0  -0.829  35.8 -79.0-156.2 111.6   14.3  -38.5   16.0               
  210  210 A A        -     0   0   60     -2,-0.2    -1,-0.0     1,-0.0     0, 0.0   0.738  24.2 -76.9  85.5  99.3   11.3  -40.2   15.1               
  211  211 A T        +     0   0  133      0, 0.0    -1,-0.0     0, 0.0     2,-0.0   0.664  13.8 165.8  74.8 114.4    8.0  -40.9   13.9               
  212  212 A H        +     0   0  173      0, 0.0     2,-0.2     0, 0.0     0, 0.0  -0.043  14.2 174.4-173.6 116.1    4.3  -41.1   13.8               
  213  213 A D        +     0   0  149      2,-0.0     2,-0.1    -2,-0.0     0, 0.0  -0.572   3.0 169.3 -72.1 148.7    2.0  -42.0   10.9               
  214  214 A L        -     0   0  162     -2,-0.2     2,-0.0     2,-0.0     0, 0.0  -0.497  19.0-145.9-166.2 126.6   -1.8  -42.4   11.0               
  215  215 A E        +     0   0  184     -2,-0.1    -2,-0.0     2,-0.0     0, 0.0  -0.124  25.8 152.7 -64.5 151.1   -4.1  -42.7    8.0               
  216  216 A G        -     0   0   73     -2,-0.0    -2,-0.0     0, 0.0     0, 0.0  -0.253  24.9-159.0 175.3 105.5   -7.7  -41.6    7.2               
  217  217 A P        +     0   0  111      0, 0.0    -2,-0.0     0, 0.0     0, 0.0  -0.383  16.2  22.8-108.0-165.8   -9.4  -40.8    3.7               
  218  218 A P        +     0   0  112      0, 0.0     2,-0.3     0, 0.0     0, 0.0   0.860   9.7 169.6-123.2 168.5  -11.6  -39.5    1.5               
  219  219 A L        -     0   0  170      1,-0.0     0, 0.0     0, 0.0     0, 0.0  -0.950  44.2 -85.3-141.6 129.8  -14.4  -37.0    0.2               
  220  220 A D        -     0   0  142     -2,-0.3     2,-0.4     1,-0.1    -1,-0.0   0.556  20.3-125.8  -4.5 136.1  -15.8  -36.5   -3.3               
  221  221 A A        +     0   0   94      2,-0.0     2,-0.3     0, 0.0    -1,-0.1  -0.747  23.6 175.9 -80.6 132.6  -15.2  -34.6   -6.5               
  222  222 A Y        -     0   0  224     -2,-0.4     2,-0.4     2,-0.0     0, 0.0  -0.913  12.9-160.0-136.1 119.0  -17.9  -32.4   -8.1               
  223  223 A S        +     0   0  110     -2,-0.3     2,-0.3     2,-0.0    -2,-0.0  -0.770  11.6 177.0 -81.2 131.4  -16.9  -30.4  -11.2               
  224  224 A I        -     0   0  173     -2,-0.4     2,-0.2     2,-0.0    -2,-0.0  -0.953  14.6-151.6-140.2 133.4  -18.9  -27.3  -12.3               
  225  225 A Q        +     0   0  179     -2,-0.3    -2,-0.0     2,-0.0     0, 0.0  -0.601  20.6 162.8 -92.4 142.5  -17.9  -25.3  -15.3               
  226  226 A G        -     0   0   61     -2,-0.2     2,-0.1     2,-0.0    -2,-0.0  -0.057  13.7-165.4 165.8  76.2  -18.5  -21.5  -15.9               
  227  227 A Q        +     0   0  175      0, 0.0     2,-0.1     0, 0.0    -2,-0.0  -0.130  11.8 175.6  51.6  94.0  -16.9  -19.4  -18.2               
  228  228 A H        -     0   0  168     -2,-0.1    -2,-0.0     0, 0.0     0, 0.0  -0.403  39.8 -66.3-174.4 139.5  -16.7  -15.7  -18.7               
  229  229 A T        -     0   0  126      1,-0.2     2,-0.3    -2,-0.1     0, 0.0   0.463  17.5-162.9-167.0 126.6  -14.9  -14.2  -21.0               
  230  230 A I        -     0   0  151      2,-0.0    -1,-0.2     1,-0.0     0, 0.0  -0.687  23.5-152.9 -70.2 136.2  -11.8  -13.0  -22.9               
  231  231 A S        +     0   0  113     -2,-0.3     2,-1.2     2,-0.0    -1,-0.0  -0.900  18.1 178.1-102.8  93.0  -12.4  -10.1  -25.3               
  232  232 A P        +     0   0  110      0, 0.0     2,-0.1     0, 0.0    -2,-0.0  -0.754  32.5 126.8 -90.9  83.1   -9.5  -10.8  -27.8               
  233  233 A L        +     0   0  154     -2,-1.2    -2,-0.0     1,-0.1     0, 0.0  -0.548  49.6  44.9-151.0  80.6  -10.4   -7.9  -30.2               
  234  234 A D  S    S+     0   0  154     -2,-0.1     3,-0.2     0, 0.0    -1,-0.1   0.247  85.6  77.7-177.8  28.4   -7.8   -5.4  -31.2               
  235  235 A L  S    S+     0   0  170      1,-0.1     3,-0.3     2,-0.1     4,-0.1   0.358  75.9  77.0-114.8   9.9   -4.5   -7.1  -32.2               
  236  236 A A  S    S+     0   0  100      1,-0.2    -1,-0.1     2,-0.1    -3,-0.0   0.315  83.6  65.2 -99.4   8.4   -5.4   -8.4  -35.7               
  237  237 A K  S    S+     0   0  197     -3,-0.2    -1,-0.2     1,-0.1     3,-0.1   0.341  92.2  53.8-118.0  11.3   -5.1   -5.0  -37.6               
  238  238 A L  S    S+     0   0  165     -3,-0.3     3,-0.4     1,-0.1     4,-0.1   0.433  87.5  75.0-123.3   4.5   -1.3   -4.0  -37.4               
  239  239 A N  S    S+     0   0  151      1,-0.2    -1,-0.1    -4,-0.1    -2,-0.1   0.110  81.9  71.5-101.7  20.6    0.5   -7.1  -38.8               
  240  240 A Q  S    S+     0   0  183     -3,-0.1     3,-0.2     2,-0.1    -1,-0.2   0.423  85.9  61.4-113.9   0.3   -0.4   -6.5  -42.5               
  241  241 A V  S    S+     0   0  135     -3,-0.4     3,-0.2     1,-0.1    -2,-0.1   0.544  88.4  66.7-110.4  -4.9    1.9   -3.4  -43.3               
  242  242 A A  S    S+     0   0   95      1,-0.2     2,-0.3    -4,-0.1    -1,-0.1   0.321  76.3  88.1-101.2  10.5    5.5   -4.8  -42.7               
  243  243 A R        +     0   0  235     -3,-0.2    -1,-0.2     1,-0.1     2,-0.1  -0.392  64.7  94.0-103.2  52.3    5.5   -7.4  -45.7               
  244  244 A Q        +     0   0  179     -2,-0.3    -1,-0.1    -3,-0.2    -3,-0.0  -0.626  58.5  63.1-147.3  89.8    6.8   -5.1  -48.5               
  245  245 A Q        +     0   0  201     -2,-0.1     2,-0.5    -3,-0.0    -1,-0.1   0.188  45.7 145.3 175.5  84.4   10.4   -4.9  -49.3               
  246  246 A S        +     0   0  107     -3,-0.1    -3,-0.0     1,-0.0     2,-0.0  -0.982  19.6 131.5 -96.8 125.3   12.2   -8.0  -50.6               
  247  247 A H        +     0   0  192     -2,-0.5     2,-0.0     1,-0.2    -1,-0.0  -0.123  27.2  82.9-176.5  98.9   14.9   -7.5  -53.2               
  248  248 A F        -     0   0  193     -2,-0.0    -1,-0.2     0, 0.0     0, 0.0  -0.000  49.2-150.5 174.4 103.2   18.5   -8.9  -53.4               
  249  249 A A        +     0   0   71     -2,-0.0    -2,-0.0     0, 0.0     0, 0.0   0.450  23.8 128.6  55.6 127.8   19.8  -12.0  -54.6               
  250  250 A M        -     0   0  163      0, 0.0     0, 0.0     0, 0.0     0, 0.0   0.847  21.7-123.8-164.6 138.0   22.0  -14.6  -54.7               
  251  251 A M        +     0   0  143      0, 0.0     0, 0.0     0, 0.0     0, 0.0   0.971  22.0  95.8 105.8 134.7   22.8  -18.2  -54.8               
  252  252 A H        -     0   0  173      0, 0.0     0, 0.0     0, 0.0     0, 0.0   0.847  20.0-169.5  66.0 137.8   24.1  -21.8  -54.2               
  253  253 A G        -     0   0   77      0, 0.0     0, 0.0     0, 0.0     0, 0.0   0.717  21.1-172.7 159.8 149.1   24.0  -24.9  -53.1               
  254  254 A G        -     0   0   67      0, 0.0     2,-0.0     0, 0.0     0, 0.0   0.760  17.4-152.5 104.5  97.1   24.4  -28.6  -51.9               
  255  255 A T        +     0   0  151      0, 0.0     2,-0.1     0, 0.0     0, 0.0   0.309   9.8 175.4  74.8 118.5   22.8  -31.4  -50.6               
  256  256 A G        -     0   0   55     -2,-0.0     0, 0.0     0, 0.0     0, 0.0  -0.134  24.2 -42.2 163.9 122.7   23.1  -34.6  -48.5               
  257  257 A F        -     0   0  203      1,-0.1     2,-0.1    -2,-0.1     0, 0.0   0.812  15.6-153.9  44.4 122.3   21.4  -37.7  -46.8               
  258  258 A A        -     0   0  112      0, 0.0    -1,-0.1     0, 0.0     2,-0.0   0.087   8.6-179.3  86.9 121.0   19.0  -39.4  -45.0               
  259  259 A G        -     0   0   61     -2,-0.1     0, 0.0     0, 0.0     0, 0.0   0.049  14.8-161.4 152.9  86.2   18.6  -42.6  -42.8               
  260  260 A I        +     0   0  170     -2,-0.0     0, 0.0     2,-0.0     0, 0.0   0.416  12.4 144.5  42.8 137.2   15.8  -44.2  -41.0               
  261  261 A D        -     0   0  135      0, 0.0     0, 0.0     0, 0.0     0, 0.0   0.771  15.8-122.2-172.8 156.4   14.5  -46.3  -38.7               
  262  262 A S        +     0   0  103      0, 0.0    -2,-0.0     0, 0.0     0, 0.0   0.737  21.8 117.2  47.4 118.3   12.2  -47.9  -36.0               
  263  263 A S        -     0   0  116      0, 0.0     0, 0.0     0, 0.0     0, 0.0   0.682  33.2-104.1 150.9 108.7   11.1  -49.3  -32.9               
  264  264 A S        -     0   0  122      1,-0.1     2,-0.1     0, 0.0     0, 0.0   0.896  33.0 -67.1  47.3 155.0    8.9  -49.2  -29.8               
  265  265 A P        -     0   0  113      0, 0.0     2,-0.4     0, 0.0    -1,-0.1  -0.247  11.4-171.1-118.5 156.2    8.7  -48.4  -26.2               
  266  266 A E        -     0   0  201     -2,-0.1     2,-0.4     2,-0.1     0, 0.0  -0.998  40.4-118.3-130.5 134.8    9.2  -48.8  -22.5               
  267  267 A V        +     0   0  135     -2,-0.4     2,-0.1     3,-0.0     3,-0.0  -0.533  54.2 121.8 -72.4 116.7    7.3  -46.6  -20.0               
  268  268 A K        +     0   0  214     -2,-0.4    -2,-0.1     1,-0.0     0, 0.0  -0.458  51.1  40.1-172.0 113.8    9.0  -44.1  -17.6               
  269  269 A G        +     0   0   67     -2,-0.1     2,-1.7     1,-0.1    -1,-0.0   0.782  35.0 177.2 125.3  60.4    8.6  -40.4  -17.1               
  270  270 A Y        +     0   0  224      1,-0.2    -1,-0.1    -3,-0.0     3,-0.1  -0.614  63.5  87.4 -75.5  75.9    5.3  -38.5  -17.2               
  271  271 A W        +     0   0  258     -2,-1.7    -1,-0.2     1,-0.0     3,-0.1  -0.184  58.0  91.7-160.0  61.7    6.7  -35.0  -16.4               
  272  272 A A        +     0   0   97      1,-0.1     2,-0.0    -3,-0.0    -2,-0.0  -0.255  60.2  74.6-154.7  61.2    7.8  -33.4  -19.7               
  273  273 A S        +     0   0  114      1,-0.1     2,-0.2    -3,-0.1    -1,-0.1  -0.312  43.4 112.2-167.3  93.2    5.1  -31.2  -21.4               
  274  274 A L  S    S-     0   0  166     -3,-0.1     3,-0.2    -2,-0.0    -1,-0.1  -0.659  83.6 -40.1-148.8 103.3    4.1  -27.8  -20.3               
  275  275 A D        -     0   0  144      1,-0.2     2,-1.7    -2,-0.2    -2,-0.0   0.903  34.3-145.9  55.5  90.2    5.0  -24.9  -22.7               
  276  276 A A        -     0   0  108      1,-0.0    -1,-0.2     3,-0.0     2,-0.2  -0.609  42.6-133.2 -60.3  86.6    8.2  -24.5  -24.7               
  277  277 A S        -     0   0   73     -2,-1.7     2,-0.8    -3,-0.2    -1,-0.0  -0.360  12.1-117.5 -51.9 118.8    7.9  -20.7  -24.3               
  278  278 A T        -     0   0  114     -2,-0.2     2,-0.5     1,-0.1    55,-0.3  -0.511  28.1-142.0 -57.9 101.7    8.4  -18.9  -27.6               
  279  279 A Q        -     0   0  137     -2,-0.8     2,-0.3    53,-0.1    53,-0.2  -0.635  25.1-171.7 -65.6 121.3   11.5  -16.9  -26.8               
  280  280 A T  E     -F  331   0B  63     51,-2.9    51,-2.3    -2,-0.5     2,-0.4  -0.774  14.4-137.2-112.1 160.6   11.0  -13.5  -28.6               
  281  281 A T  E     -F  330   0B  92     -2,-0.3     2,-0.4    49,-0.2    49,-0.2  -0.984  15.2-170.9-122.2 134.8   13.5  -10.7  -29.0               
  282  282 A H  E     -F  329   0B  78     47,-2.8    47,-3.1    -2,-0.4     2,-0.3  -0.994   8.6-152.7-126.2 132.2   12.6   -7.0  -28.6               
  283  283 A E  E     -F  328   0B 102     -2,-0.4     2,-0.4    45,-0.2    45,-0.2  -0.810  11.5-175.3-106.1 139.4   15.0   -4.1  -29.5               
  284  284 A L  E     -F  327   0B  34     43,-1.9    43,-3.0    -2,-0.3     2,-0.6  -0.999  18.9-141.7-132.8 135.5   14.9   -0.6  -27.9               
  285  285 A T  E     -F  326   0B  98     -2,-0.4    41,-0.2    41,-0.2    -2,-0.0  -0.870  22.5-174.2 -99.4 118.9   16.9    2.5  -28.7               
  286  286 A I  E     -F  325   0B   4     39,-2.7    39,-3.2    -2,-0.6     5,-0.1  -0.948  29.4-111.8-116.2 128.3   17.9    4.4  -25.6               
  287  287 A P  E >>  -F  324   0B  52      0, 0.0     3,-1.8     0, 0.0     4,-1.0  -0.284  26.1-121.3 -64.8 142.7   19.7    7.8  -25.8               
  288  288 A N  T 34 S+     0   0   56     35,-2.1     4,-0.5     1,-0.3     3,-0.2   0.766 109.4  60.6 -60.4 -27.8   23.4    7.7  -24.6               
  289  289 A N  T 34 S+     0   0  121     34,-0.3    -1,-0.3     1,-0.2     4,-0.1   0.758 111.5  39.5 -68.7 -25.3   22.8   10.3  -21.9               
  290  290 A L  T X> S+     0   0   20     -3,-1.8     4,-1.0     1,-0.1     3,-0.6   0.488  91.5  84.6-103.6  -8.0   20.2    8.1  -20.1               
  291  291 A I  H 3X S+     0   0   12     -4,-1.0     4,-2.2     1,-0.2     3,-0.2   0.851  81.7  66.6 -64.8 -28.8   21.9    4.6  -20.6               
  292  292 A G  H 3> S+     0   0   46     -4,-0.5     4,-2.7     1,-0.2    -1,-0.2   0.855  98.1  50.8 -60.5 -36.7   24.0    5.3  -17.4               
  293  293 A C  H <4 S+     0   0   22     -3,-0.6    -1,-0.2     2,-0.2    -2,-0.2   0.832 110.6  48.9 -73.6 -30.2   20.9    5.2  -15.1               
  294  294 A I  H  < S+     0   0    0     -4,-1.0    11,-0.2    -3,-0.2    -2,-0.2   0.894 117.8  40.1 -73.5 -41.8   19.7    1.8  -16.6               
  295  295 A I  H  < S-     0   0   45     -4,-2.2     7,-1.8     6,-0.2     6,-0.7   0.937  98.6-167.0 -69.8 -44.9   23.2    0.3  -16.2               
  296  296 A G    ><  -     0   0   17     -4,-2.7     3,-1.8     5,-0.2     2,-0.2  -0.038  43.6 -32.6  74.8 172.9   23.8    1.9  -12.8               
  297  297 A R  G >  S-     0   0  231      1,-0.3     3,-1.6     2,-0.2     4,-0.1  -0.488 137.3  -6.7 -61.2 123.7   27.1    2.2  -10.9               
  298  298 A Q  G 3  S-     0   0  207      1,-0.3    -1,-0.3    -2,-0.2    -2,-0.1   0.638 125.0 -68.7  60.2  19.5   29.1   -1.0  -11.8               
  299  299 A G  G <> S+     0   0   17     -3,-1.8     4,-2.2    -7,-0.1    -1,-0.3   0.613  96.2 136.7  79.0  10.4   26.1   -2.5  -13.7               
  300  300 A A  H <> S+     0   0   59     -3,-1.6     4,-2.3     1,-0.2    -4,-0.2   0.916  70.8  46.4 -58.2 -44.6   24.0   -3.0  -10.4               
  301  301 A N  H  > S+     0   0   45     -6,-0.7     4,-2.6     1,-0.2    -5,-0.2   0.916 113.2  47.5 -68.4 -43.8   20.8   -1.6  -11.9               
  302  302 A I  H  > S+     0   0   11     -7,-1.8     4,-2.2     2,-0.2    -1,-0.2   0.872 111.7  51.8 -66.7 -33.3   21.0   -3.6  -15.2               
  303  303 A N  H  X S+     0   0  102     -4,-2.2     4,-2.4    -8,-0.4    -2,-0.2   0.933 110.2  48.4 -67.3 -42.2   21.8   -6.8  -13.1               
  304  304 A E  H  X S+     0   0   76     -4,-2.3     4,-3.0     2,-0.2     5,-0.3   0.941 111.1  50.4 -58.7 -47.7   18.7   -6.1  -10.9               
  305  305 A I  H  X S+     0   0    3     -4,-2.6     4,-2.4     1,-0.2     6,-0.3   0.899 111.4  48.7 -60.9 -41.5   16.5   -5.6  -14.1               
  306  306 A R  H  X S+     0   0  104     -4,-2.2     4,-1.7     2,-0.2     5,-0.3   0.925 114.0  46.3 -62.1 -44.7   17.8   -8.9  -15.5               
  307  307 A Q  H  < S+     0   0  166     -4,-2.4    -2,-0.2     2,-0.2    -1,-0.2   0.920 116.6  43.4 -64.9 -46.2   17.1  -10.7  -12.2               
  308  308 A M  H  < S+     0   0  103     -4,-3.0    -2,-0.2     1,-0.2    -1,-0.2   0.876 121.2  39.1 -68.6 -41.4   13.6   -9.3  -11.8               
  309  309 A S  H  < S-     0   0    6     -4,-2.4    30,-0.2    -5,-0.3    -1,-0.2   0.715  89.3-142.0 -79.8 -25.2   12.5   -9.7  -15.5               
  310  310 A G     <  +     0   0   60     -4,-1.7     2,-0.3     1,-0.3    22,-0.2   0.595  61.2 130.1  62.8  10.9   14.2  -13.1  -16.1               
  311  311 A A        -     0   0    5     -6,-0.3     2,-0.7    -5,-0.3    -1,-0.3  -0.712  67.1-118.2 -92.7 146.9   14.9  -11.7  -19.6               
  312  312 A Q  E     -G  330   0B 139     18,-2.9    18,-2.9    -2,-0.3     2,-0.6  -0.742  33.8-165.8 -79.3 115.7   18.3  -11.7  -21.3               
  313  313 A I  E     -G  329   0B   6     -2,-0.7     2,-0.5    16,-0.2    16,-0.2  -0.928   7.4-175.6-112.8 115.1   19.2   -8.0  -21.8               
  314  314 A K  E     -G  328   0B 160     14,-3.1    14,-3.0    -2,-0.6     2,-0.6  -0.933  10.7-156.1-111.4 125.8   22.1   -7.2  -24.2               
  315  315 A I  E     -G  327   0B  33     -2,-0.5    12,-0.2    12,-0.2    -2,-0.0  -0.917  17.4-135.8-103.9 118.4   23.3   -3.5  -24.6               
  316  316 A A        -     0   0   38     10,-3.1     3,-0.1    -2,-0.6     0, 0.0  -0.268  29.6 -95.6 -64.4 156.0   25.1   -2.8  -27.9               
  317  317 A N        -     0   0  127      1,-0.1     9,-0.3     8,-0.1     2,-0.3  -0.385  51.0 -88.5 -66.5 151.8   28.3   -0.8  -28.0               
  318  318 A P        -     0   0   76      0, 0.0     2,-0.5     0, 0.0    -1,-0.1  -0.515  41.6-138.9 -61.7 125.6   28.0    3.0  -28.7               
  319  319 A V    >   -     0   0   99      5,-0.5     3,-2.4    -2,-0.3     2,-0.1  -0.810  27.8-106.4 -85.1 127.0   28.1    3.5  -32.5               
  320  320 A E  T 3  S+     0   0  201     -2,-0.5     3,-0.1     1,-0.3    -1,-0.0  -0.362 108.0  17.3 -56.0 121.5   30.2    6.5  -33.4               
  321  321 A G  T 3  S+     0   0   92      1,-0.3     2,-0.5    -2,-0.1    -1,-0.3   0.228  95.8 121.6  92.6  -8.8   27.7    9.2  -34.5               
  322  322 A S    <   -     0   0   48     -3,-2.4    -1,-0.3     1,-0.1   -34,-0.1  -0.722  51.6-156.9 -85.2 129.3   24.6    7.5  -32.9               
  323  323 A S  S    S+     0   0  108     -2,-0.5   -35,-2.1    -3,-0.1   -34,-0.3   0.568  79.0  50.6 -73.9  -7.3   22.6    9.6  -30.3               
  324  324 A G  E    S-F  287   0B   6    -37,-0.3    -5,-0.5   -36,-0.1     2,-0.4  -0.910  70.3-137.1-136.2 159.5   21.3    6.2  -29.0               
  325  325 A R  E     -F  286   0B  53    -39,-3.2   -39,-2.7    -2,-0.3     2,-0.3  -0.944  28.0-124.2-114.6 130.1   22.4    2.8  -27.8               
  326  326 A Q  E     -F  285   0B  87     -2,-0.4   -10,-3.1    -9,-0.3     2,-0.5  -0.623  21.0-163.7 -80.6 131.7   20.5   -0.4  -28.9               
  327  327 A V  E     -FG 284 315B   0    -43,-3.0   -43,-1.9    -2,-0.3     2,-0.5  -0.978   3.8-159.8-118.1 115.6   19.2   -2.6  -26.1               
  328  328 A T  E     -FG 283 314B  36    -14,-3.0   -14,-3.1    -2,-0.5     2,-0.5  -0.861   4.6-167.1 -99.0 124.4   18.1   -6.1  -27.1               
  329  329 A I  E     -FG 282 313B   0    -47,-3.1   -47,-2.8    -2,-0.5     2,-0.4  -0.970   6.0-175.4-115.4 120.7   15.8   -8.0  -24.7               
  330  330 A T  E     +FG 281 312B  33    -18,-2.9   -18,-2.9    -2,-0.5     2,-0.3  -0.959  33.9  77.2-120.5 131.3   15.3  -11.8  -25.2               
  331  331 A G  E    S-F  280   0B   9    -51,-2.3   -51,-2.9    -2,-0.4   -20,-0.1  -0.988  79.5 -28.0 169.4-165.0   12.8  -14.0  -23.3               
  332  332 A S     >  -     0   0   35     -2,-0.3     4,-2.8   -53,-0.2     5,-0.3  -0.390  65.0-105.6 -66.4 158.1    9.2  -15.0  -22.8               
  333  333 A A  H  > S+     0   0   64    -55,-0.3     4,-2.0     1,-0.2     5,-0.1   0.871 125.6  49.1 -55.3 -35.3    6.5  -12.3  -23.8               
  334  334 A A  H  > S+     0   0   73      2,-0.2     4,-2.3     1,-0.2    -1,-0.2   0.937 111.0  48.8 -67.7 -46.0    6.0  -11.8  -20.0               
  335  335 A S  H  > S+     0   0   24      2,-0.2     4,-2.6     1,-0.2   -24,-0.3   0.905 113.0  47.3 -61.5 -44.4    9.8  -11.5  -19.3               
  336  336 A I  H  X S+     0   0   10     -4,-2.8     4,-2.8     2,-0.2     5,-0.2   0.935 111.3  50.8 -64.0 -46.2   10.2   -8.9  -22.1               
  337  337 A S  H  X S+     0   0   52     -4,-2.0     4,-2.0    -5,-0.3    -2,-0.2   0.905 113.1  46.3 -59.4 -42.2    7.2   -6.9  -21.0               
  338  338 A L  H  X S+     0   0   47     -4,-2.3     4,-2.5     2,-0.2    -2,-0.2   0.930 112.6  49.5 -65.9 -45.4    8.6   -6.8  -17.4               
  339  339 A A  H  X S+     0   0    0     -4,-2.6     4,-2.5   -30,-0.2    -2,-0.2   0.924 111.1  49.9 -60.1 -45.1   12.1   -5.8  -18.6               
  340  340 A Q  H  X S+     0   0   40     -4,-2.8     4,-2.6     2,-0.2    -1,-0.2   0.910 110.9  49.8 -58.6 -45.4   10.7   -3.0  -20.8               
  341  341 A Y  H  X S+     0   0   35     -4,-2.0     4,-2.6    -5,-0.2    -2,-0.2   0.945 111.7  47.2 -59.6 -49.4    8.6   -1.7  -17.9               
  342  342 A L  H  X S+     0   0   21     -4,-2.5     4,-2.0     2,-0.2    -2,-0.2   0.894 112.9  49.4 -62.8 -40.5   11.7   -1.7  -15.5               
  343  343 A I  H  X S+     0   0    0     -4,-2.5     4,-2.5     2,-0.2    -1,-0.2   0.951 113.4  46.1 -62.0 -48.8   13.9    0.1  -18.2               
  344  344 A N  H  X S+     0   0   83     -4,-2.6     4,-1.9     1,-0.2    -2,-0.2   0.864 109.5  55.1 -64.8 -36.3   11.2    2.8  -18.8               
  345  345 A A  H  X S+     0   0   45     -4,-2.6     4,-1.6     2,-0.2    -1,-0.2   0.927 110.3  45.8 -61.7 -43.7   10.7    3.2  -15.0               
  346  346 A R  H  X S+     0   0   87     -4,-2.0     4,-1.1     1,-0.2     3,-0.3   0.942 111.5  52.0 -66.0 -43.5   14.5    3.9  -14.6               
  347  347 A L  H  X S+     0   0   23     -4,-2.5     4,-1.2     1,-0.2    -1,-0.2   0.833 109.9  50.2 -58.2 -36.5   14.5    6.3  -17.7               
  348  348 A S  H  X S+     0   0   81     -4,-1.9     4,-0.7     1,-0.2    -1,-0.2   0.841 102.3  60.6 -74.3 -33.1   11.6    8.2  -16.1               
  349  349 A S  H  < S+     0   0   65     -4,-1.6     3,-0.2    -3,-0.3     4,-0.2   0.826 105.2  48.3 -64.1 -31.2   13.3    8.6  -12.7               
  350  350 A E  H >< S+     0   0   75     -4,-1.1     3,-1.8     1,-0.2     4,-0.4   0.878 100.4  62.6 -82.3 -34.8   16.2   10.6  -14.2               
  351  351 A K  H 3< S+     0   0  164     -4,-1.2     3,-0.4     1,-0.3    -1,-0.2   0.745 101.2  56.7 -60.0 -22.9   14.1   13.1  -16.3               
  352  352 A G  T 3< S+     0   0   63     -4,-0.7    -1,-0.3    -3,-0.2    -2,-0.2   0.614 100.9  56.3 -80.4 -14.8   12.7   14.3  -12.9               
  353  353 A M  S <  S+     0   0  172     -3,-1.8     2,-0.6    -4,-0.2    -1,-0.2   0.399  85.2  84.9-103.6  -0.2   16.2   15.2  -11.4               
  354  354 A G        +     0   0   66     -4,-0.4     2,-0.5    -3,-0.4    -1,-0.2  -0.622  45.1 127.9-107.4  68.5   17.4   17.6  -14.1               
  355  355 A C              0   0  107     -2,-0.6    -3,-0.0    -3,-0.1    -4,-0.0  -0.999 360.0 360.0-111.8 126.0   16.0   21.1  -13.3               
  356  356 A S              0   0  200     -2,-0.5    -2,-0.0     0, 0.0     0, 0.0  -0.053 360.0 360.0 -51.2 360.0   18.9   23.6  -13.2               
