==== Secondary Structure Definition by the program DSSP, CMBI version 2.0                          ==== DATE=2026-03-08        .
REFERENCE W. KABSCH AND C.SANDER, BIOPOLYMERS 22 (1983) 2577-2637                                                              .
HEADER                                            01-AUG-25                                                                    .
COMPND    MOL_ID: 1; MOLECULE: RNA-BINDING MOTIF PROTEIN, Y CHROMOSOME, FAMILY 1                                               .
SOURCE    MOL_ID: 1; ORGANISM_SCIENTIFIC: HOMO SAPIENS; ORGANISM_TAXID: 9606                                                   .
AUTHOR                                                                                                                         .
  496  1  0  0  0 TOTAL NUMBER OF RESIDUES, NUMBER OF CHAINS, NUMBER OF SS-BRIDGES(TOTAL,INTRACHAIN,INTERCHAIN)                .
 66423.0   ACCESSIBLE SURFACE OF PROTEIN (ANGSTROM**2)                                                                         .
   87 17.5   TOTAL NUMBER OF HYDROGEN BONDS OF TYPE O(I)-->H-N(J)  , SAME NUMBER PER 100 RESIDUES                              .
    0  0.0   TOTAL NUMBER OF HYDROGEN BONDS IN     PARALLEL BRIDGES, SAME NUMBER PER 100 RESIDUES                              .
   23  4.6   TOTAL NUMBER OF HYDROGEN BONDS IN ANTIPARALLEL BRIDGES, SAME NUMBER PER 100 RESIDUES                              .
    0  0.0   TOTAL NUMBER OF HYDROGEN BONDS OF TYPE O(I)-->H-N(I-5), SAME NUMBER PER 100 RESIDUES                              .
    1  0.2   TOTAL NUMBER OF HYDROGEN BONDS OF TYPE O(I)-->H-N(I-4), SAME NUMBER PER 100 RESIDUES                              .
    1  0.2   TOTAL NUMBER OF HYDROGEN BONDS OF TYPE O(I)-->H-N(I-3), SAME NUMBER PER 100 RESIDUES                              .
    0  0.0   TOTAL NUMBER OF HYDROGEN BONDS OF TYPE O(I)-->H-N(I-2), SAME NUMBER PER 100 RESIDUES                              .
    0  0.0   TOTAL NUMBER OF HYDROGEN BONDS OF TYPE O(I)-->H-N(I-1), SAME NUMBER PER 100 RESIDUES                              .
    0  0.0   TOTAL NUMBER OF HYDROGEN BONDS OF TYPE O(I)-->H-N(I+0), SAME NUMBER PER 100 RESIDUES                              .
    0  0.0   TOTAL NUMBER OF HYDROGEN BONDS OF TYPE O(I)-->H-N(I+1), SAME NUMBER PER 100 RESIDUES                              .
   39  7.9   TOTAL NUMBER OF HYDROGEN BONDS OF TYPE O(I)-->H-N(I+2), SAME NUMBER PER 100 RESIDUES                              .
    9  1.8   TOTAL NUMBER OF HYDROGEN BONDS OF TYPE O(I)-->H-N(I+3), SAME NUMBER PER 100 RESIDUES                              .
   13  2.6   TOTAL NUMBER OF HYDROGEN BONDS OF TYPE O(I)-->H-N(I+4), SAME NUMBER PER 100 RESIDUES                              .
    0  0.0   TOTAL NUMBER OF HYDROGEN BONDS OF TYPE O(I)-->H-N(I+5), SAME NUMBER PER 100 RESIDUES                              .
  1  2  3  4  5  6  7  8  9 10 11 12 13 14 15 16 17 18 19 20 21 22 23 24 25 26 27 28 29 30     *** HISTOGRAMS OF ***           .
  0  0  0  0  0  0  0  1  0  1  0  0  0  0  0  0  0  0  0  0  0  0  0  0  0  0  0  0  0  0    RESIDUES PER ALPHA HELIX         .
  0  0  0  0  0  0  0  0  0  0  0  0  0  0  0  0  0  0  0  0  0  0  0  0  0  0  0  0  0  0    PARALLEL BRIDGES PER LADDER      .
  0  1  0  1  1  0  1  0  0  0  0  0  0  0  0  0  0  0  0  0  0  0  0  0  0  0  0  0  0  0    ANTIPARALLEL BRIDGES PER LADDER  .
  1  0  1  0  0  0  0  0  0  0  0  0  0  0  0  0  0  0  0  0  0  0  0  0  0  0  0  0  0  0    LADDERS PER SHEET                .
  #  RESIDUE AA STRUCTURE BP1 BP2  ACC     N-H-->O    O-->H-N    N-H-->O    O-->H-N    TCO  KAPPA ALPHA  PHI   PSI    X-CA   Y-CA   Z-CA            CHAIN
    1    1 A M              0   0  228      0, 0.0     2,-0.7     0, 0.0     0, 0.0   0.000 360.0 360.0 360.0 155.3   10.3    5.1   17.2               
    2    2 A V        -     0   0  143      2,-0.0     2,-0.2     0, 0.0     0, 0.0  -0.935 360.0-140.0 -92.0 113.5    9.4    6.9   14.0               
    3    3 A E        -     0   0  175     -2,-0.7     2,-0.7     1,-0.1     3,-0.0  -0.503  15.9-113.9 -72.2 141.7    5.8    8.0   14.6               
    4    4 A A        -     0   0   43     -2,-0.2    79,-0.1     1,-0.1    80,-0.1  -0.724  18.4-140.7 -78.3 116.1    3.3    7.8   11.7               
    5    5 A D  S    S+     0   0   72     -2,-0.7    -1,-0.1     1,-0.3    79,-0.1   0.681  96.9  18.5 -45.3 -33.2    2.3   11.4   10.7               
    6    6 A H  S >  S-     0   0   85     77,-0.3     3,-2.1     3,-0.2    77,-0.4  -0.764  71.2-167.6-143.9  93.2   -1.3   10.2   10.1               
    7    7 A P  T 3  S+     0   0   56      0, 0.0    55,-0.1     0, 0.0    -2,-0.1   0.581  87.7  53.1 -70.3 -10.1   -2.0    6.8   11.8               
    8    8 A G  T 3  S+     0   0   14     53,-0.1    47,-2.9    75,-0.1     2,-0.5   0.426  95.3  83.6 -94.0  -4.8   -5.3    6.3    9.9               
    9    9 A K  E <   -A   54   0A  45     -3,-2.1    74,-3.0    45,-0.2     2,-0.3  -0.901  59.3-165.3-111.7 127.8   -3.8    6.9    6.4               
   10   10 A L  E     -AB  53  82A   0     43,-3.0    43,-1.9    -2,-0.5     2,-0.4  -0.820  13.4-145.3-106.9 146.0   -2.0    4.1    4.3               
   11   11 A F  E     -AB  52  81A  58     70,-3.2    70,-2.6    -2,-0.3     2,-0.5  -0.937  15.6-165.1-100.5 132.4    0.2    4.3    1.3               
   12   12 A I  E     +AB  51  80A   0     39,-2.9    39,-2.3    -2,-0.4    68,-0.2  -0.967  12.0 176.3-123.5 109.6   -0.2    1.4   -1.2               
   13   13 A G  E     +AB  50  79A   8     66,-2.7    66,-2.1    -2,-0.5    37,-0.2  -0.644  54.3  48.6-104.4 167.5    2.6    0.9   -3.8               
   14   14 A G  S    S+     0   0   39     35,-0.9    36,-0.2    64,-0.2    -1,-0.1   0.428  71.6 156.2  83.4   3.0    3.1   -1.8   -6.5               
   15   15 A L        -     0   0    7     34,-1.5    -1,-0.2    -3,-0.2    59,-0.1  -0.268  46.4-111.9 -60.9 141.1   -0.5   -1.6   -7.8               
   16   16 A N    >   -     0   0   14     57,-0.3     3,-1.3    60,-0.2    33,-0.2  -0.324  25.8-115.5 -67.0 156.5   -1.3   -2.7  -11.4               
   17   17 A R  T 3  S+     0   0  139      1,-0.3    30,-0.6    31,-0.1    -1,-0.1   0.820 117.1  53.6 -67.7 -28.5   -2.3    0.1  -13.8               
   18   18 A E  T 3  S+     0   0  127     56,-0.1     2,-0.4    28,-0.1    -1,-0.3   0.523  78.8 118.3 -75.1 -15.4   -5.7   -1.6  -14.2               
   19   19 A T    <   -     0   0    0     -3,-1.3     2,-0.2    54,-0.1    30,-0.1  -0.441  53.0-157.0 -67.6 116.4   -6.3   -1.6  -10.4               
   20   20 A N    >>  -     0   0   94     -2,-0.4     4,-2.0     1,-0.1     3,-0.7  -0.550  28.8-112.0 -94.7 158.7   -9.4    0.6   -9.8               
   21   21 A E  H 3> S+     0   0   81      1,-0.2     4,-2.7     2,-0.2     5,-0.2   0.873 118.1  58.8 -54.1 -39.6  -10.6    2.5   -6.6               
   22   22 A K  H 3> S+     0   0  183      2,-0.2     4,-2.3     1,-0.2    -1,-0.2   0.875 106.3  47.8 -57.9 -39.9  -13.6    0.0   -6.4               
   23   23 A M  H <> S+     0   0   76     -3,-0.7     4,-2.0     2,-0.2     5,-0.2   0.911 110.2  51.5 -70.4 -41.2  -11.1   -2.9   -6.1               
   24   24 A L  H  X S+     0   0    0     -4,-2.0     4,-2.6     2,-0.2     5,-0.4   0.934 112.6  46.5 -59.4 -44.8   -9.1   -1.0   -3.4               
   25   25 A K  H  X S+     0   0   89     -4,-2.7     4,-2.1     1,-0.2    -2,-0.2   0.926 113.3  48.6 -62.0 -45.2  -12.4   -0.4   -1.4               
   26   26 A A  H  < S+     0   0   65     -4,-2.3    -1,-0.2    -5,-0.2    -2,-0.2   0.768 118.8  39.8 -68.2 -29.0  -13.5   -4.1   -1.9               
   27   27 A V  H >< S+     0   0   19     -4,-2.0     3,-1.0    -5,-0.1    -2,-0.2   0.946 123.7  34.8 -81.4 -57.3  -10.0   -5.4   -0.7               
   28   28 A F  H >< S+     0   0    0     -4,-2.6     3,-2.0     1,-0.2     4,-0.3   0.768 102.1  74.3 -77.2 -24.5   -9.1   -3.0    2.1               
   29   29 A G  T 3< S+     0   0   39     -4,-2.1     3,-0.4    -5,-0.4    -1,-0.2   0.599  80.6  75.9 -65.7  -9.9  -12.8   -2.6    3.4               
   30   30 A K  T <  S+     0   0  172     -3,-1.0    -1,-0.3     1,-0.2    -2,-0.1   0.670  95.9  48.1 -68.0 -20.8  -12.4   -6.1    4.9               
   31   31 A H  S <  S-     0   0   47     -3,-2.0    -1,-0.2     1,-0.4    -2,-0.2   0.514 127.9 -50.7 -99.4 -10.8  -10.3   -4.6    7.7               
   32   32 A G  S    S-     0   0   16     -3,-0.4    -1,-0.4    -4,-0.3     2,-0.1  -0.832  78.1 -40.7 155.2 170.3  -12.5   -1.6    8.7               
   33   33 A P        -     0   0   57      0, 0.0    23,-2.1     0, 0.0     2,-0.6  -0.348  49.7-143.5 -63.9 133.5  -14.5    1.4    7.4               
   34   34 A I  E     -C   55   0A  36     21,-0.2    21,-0.3     1,-0.2     3,-0.1  -0.891  18.0-177.5-104.0 116.7  -12.8    3.5    4.7               
   35   35 A S  E    S+     0   0A  75     19,-1.5     2,-0.3    -2,-0.6    20,-0.2   0.912  71.4   5.6 -74.7 -45.7  -13.3    7.3    4.8               
   36   36 A E  E     -C   54   0A  85     18,-2.0    18,-2.5     2,-0.0     2,-0.4  -0.990  50.6-163.0-141.3 151.0  -11.3    8.0    1.5               
   37   37 A V  E     -C   53   0A  16     -2,-0.3     2,-0.6    16,-0.2    16,-0.2  -0.982   9.1-173.4-132.0 125.9   -9.5    6.3   -1.4               
   38   38 A L  E     -C   52   0A  78     14,-3.0    14,-1.9    -2,-0.4     2,-0.7  -0.831   2.6-170.4-120.9  87.4   -7.0    8.4   -3.5               
   39   39 A L  E     -C   51   0A  27     -2,-0.6     2,-0.7    12,-0.2    12,-0.2  -0.714  22.8-137.8 -76.8 110.8   -5.8    6.4   -6.6               
   40   40 A I  E     -C   50   0A  50     10,-1.4     8,-2.7    -2,-0.7    10,-0.5  -0.606  24.9-173.4 -84.3 113.4   -2.9    8.6   -8.0               
   41   41 A K  E     -C   47   0A 110     -2,-0.7     6,-0.2     6,-0.3     2,-0.2  -0.611  19.0-121.6 -98.8 155.7   -3.0    8.8  -11.8               
   42   42 A D    >   -     0   0   69      4,-2.6     3,-1.7    -2,-0.2    -1,-0.1  -0.489  35.5 -97.8 -84.4 167.4   -0.5   10.4  -14.2               
   43   43 A R  T 3  S+     0   0  245      1,-0.3    -1,-0.1    -2,-0.2    -2,-0.0   0.774 126.2  64.3 -54.9 -27.6   -1.2   13.3  -16.7               
   44   44 A T  T 3  S-     0   0   83      2,-0.2    -1,-0.3     1,-0.1     3,-0.1   0.163 117.2-117.7 -76.8  13.1   -1.5   10.4  -19.3               
   45   45 A S  S <  S+     0   0   98     -3,-1.7     2,-0.3     1,-0.2    -2,-0.1   0.262  77.4 128.0  59.9  -6.5   -4.6    9.2  -17.2               
   46   46 A K  S    S-     0   0  120     -5,-0.1    -4,-2.6     1,-0.1    -1,-0.2  -0.550  70.4-103.5 -75.5 135.0   -2.7    5.9  -16.5               
   47   47 A S  E     - C   0  41A   8    -30,-0.6    -6,-0.3    -2,-0.3    -1,-0.1  -0.302  19.4-136.1 -57.9 138.9   -2.4    4.9  -12.8               
   48   48 A R  E     -     0   0A 149     -8,-2.7    -1,-0.1     2,-0.3    -7,-0.1   0.318  47.1-103.8 -78.7   5.8    1.1    5.7  -11.2               
   49   49 A G  E    S+     0   0A  17      1,-0.2   -34,-1.5   -33,-0.2   -35,-0.9   0.605  93.5  84.8  75.4  14.8    1.1    2.2   -9.5               
   50   50 A F  E     +AC  13  40A  42    -10,-0.5   -10,-1.4   -37,-0.2    -2,-0.3  -0.996  47.1 174.8-144.9 154.5    0.2    3.8   -6.1               
   51   51 A A  E     -AC  12  39A   0    -39,-2.3   -39,-2.9    -2,-0.3     2,-0.4  -0.920  21.4-132.5-140.4 165.7   -2.8    4.9   -4.0               
   52   52 A F  E     -AC  11  38A  40    -14,-1.9   -14,-3.0    -2,-0.3     2,-0.4  -0.964  14.8-163.0-117.8 146.9   -3.6    6.2   -0.5               
   53   53 A I  E     -AC  10  37A   0    -43,-1.9   -43,-3.0    -2,-0.4     2,-0.6  -0.999   5.3-156.6-125.7 130.3   -6.5    5.0    1.7               
   54   54 A T  E     -AC   9  36A  26    -18,-2.5   -18,-2.0    -2,-0.4   -19,-1.5  -0.952  12.9-163.3-101.7 113.7   -7.8    6.9    4.8               
   55   55 A F  E     - C   0  34A   6    -47,-2.9   -21,-0.2    -2,-0.6   -47,-0.0  -0.616  24.2-130.2 -82.3 156.5   -9.5    4.6    7.3               
   56   56 A E  S    S+     0   0  125    -23,-2.1    -1,-0.1    -2,-0.2   -22,-0.1   0.933  96.5  50.2 -69.5 -43.7  -11.9    6.1   10.0               
   57   57 A N  S  > S-     0   0   74    -24,-0.4     4,-1.7     1,-0.1     5,-0.1  -0.783  70.2-149.2 -98.6 135.5  -10.0    4.1   12.7               
   58   58 A P  H  > S+     0   0   59      0, 0.0     4,-0.8     0, 0.0    -1,-0.1   0.586 100.4  60.6 -73.7 -10.4   -6.1    4.2   13.1               
   59   59 A A  H  > S+     0   0   54      2,-0.2     4,-2.0     3,-0.1     3,-0.3   0.941 103.8  46.9 -74.2 -51.0   -6.4    0.6   14.5               
   60   60 A D  H  > S+     0   0   28      1,-0.3     4,-3.1     2,-0.2     5,-0.3   0.905 110.1  54.0 -60.0 -43.0   -7.9   -0.8   11.3               
   61   61 A A  H  X S+     0   0    0     -4,-1.7     4,-2.0     1,-0.2    -1,-0.3   0.883 109.4  48.3 -57.0 -41.3   -5.3    1.0    9.2               
   62   62 A K  H  < S+     0   0  111     -4,-0.8     4,-0.5    -3,-0.3    -2,-0.2   0.846 113.7  46.7 -70.9 -33.0   -2.5   -0.7   11.3               
   63   63 A N  H >X S+     0   0   89     -4,-2.0     4,-2.4     2,-0.2     3,-1.5   0.964 113.6  47.0 -71.9 -50.1   -4.2   -4.2   10.9               
   64   64 A A  H 3X S+     0   0    0     -4,-3.1     4,-2.2     1,-0.3     5,-0.3   0.865 108.7  57.0 -56.7 -38.5   -4.7   -3.7    7.1               
   65   65 A A  H 3< S+     0   0   17     -4,-2.0    -1,-0.3    -5,-0.3    -2,-0.2   0.656 112.3  41.5 -70.3 -16.9   -1.0   -2.5    6.9               
   66   66 A K  H <4 S+     0   0  169     -3,-1.5    -2,-0.2    -4,-0.5    -1,-0.2   0.863 121.6  38.4 -87.5 -47.3    0.2   -5.9    8.5               
   67   67 A D  H  < S+     0   0  111     -4,-2.4    -3,-0.2     1,-0.2    -2,-0.2   0.915 119.8  42.0 -76.0 -44.9   -2.2   -8.2    6.6               
   68   68 A M  S >< S+     0   0   17     -4,-2.2     3,-1.2    -5,-0.2     2,-0.6   0.590  85.4 109.4 -82.0 -11.7   -2.2   -6.7    3.1               
   69   69 A N  T 3  S+     0   0   79     -5,-0.3    10,-0.2     1,-0.2     3,-0.1  -0.578  91.3   9.4 -76.3 114.8    1.6   -5.9    2.9               
   70   70 A G  T 3  S+     0   0   52      8,-2.8    -1,-0.2    -2,-0.6     9,-0.1   0.209  95.1 134.7  96.3  -8.2    3.3   -8.3    0.4               
   71   71 A T    <   -     0   0   44     -3,-1.2     7,-3.2     7,-0.2     2,-0.6  -0.270  57.2-117.2 -62.9 155.0   -0.1   -9.6   -1.0               
   72   72 A S  E     -D   77   0B  86      5,-0.3     2,-0.5    -3,-0.1     5,-0.3  -0.878  28.5-176.3-103.6 118.8   -0.4   -9.9   -4.8               
   73   73 A L  E >  S-D   76   0B  18      3,-2.5     3,-1.3    -2,-0.6   -57,-0.3  -0.951  76.7 -11.6-110.6 126.2   -3.1   -7.9   -6.6               
   74   74 A H  T 3  S-     0   0   89     -2,-0.5    -1,-0.2     1,-0.2   -56,-0.1   0.910 132.3 -51.0  50.1  46.8   -3.5   -8.5  -10.4               
   75   75 A G  T 3  S+     0   0   77     -3,-0.2     2,-0.4     1,-0.1    -1,-0.2   0.571 120.0 104.4  72.1  10.5   -0.2  -10.5  -10.5               
   76   76 A K  E <  S-D   73   0B  99     -3,-1.3    -3,-2.5   -60,-0.0     2,-0.3  -0.991  72.5-122.1-126.7 130.3    1.8   -7.7   -8.7               
   77   77 A A  E     -D   72   0B  65     -2,-0.4     2,-0.4    -5,-0.3    -5,-0.3  -0.498  30.2-144.7 -64.3 125.2    3.0   -7.7   -5.0               
   78   78 A I        -     0   0    2     -7,-3.2    -8,-2.8    -2,-0.3     2,-0.6  -0.786   1.6-146.0 -95.5 136.6    1.6   -4.6   -3.2               
   79   79 A K  E     -B   13   0A 114    -66,-2.1   -66,-2.7    -2,-0.4     2,-0.5  -0.916  12.9-164.3 -98.7 123.9    3.6   -2.8   -0.5               
   80   80 A V  E     +B   12   0A   7     -2,-0.6     2,-0.3   -68,-0.2   -68,-0.2  -0.935  18.8 160.8-110.7 124.2    1.4   -1.3    2.3               
   81   81 A E  E     -B   11   0A  56    -70,-2.6   -70,-3.2    -2,-0.5     2,-0.2  -0.953  47.9 -88.6-137.0 155.2    3.1    1.3    4.5               
   82   82 A Q  E     -B   10   0A  40     -2,-0.3     2,-0.9   -72,-0.2   -72,-0.3  -0.485  55.9-105.0 -63.8 133.5    1.8    4.1    6.9               
   83   83 A A        -     0   0    3    -74,-3.0   -77,-0.3   -77,-0.4   -74,-0.1  -0.504  33.1-155.6 -75.7 104.0    1.3    7.3    4.9               
   84   84 A K        -     0   0  134     -2,-0.9   -80,-0.1     1,-0.1     3,-0.0  -0.389  39.8 -84.6 -61.4 147.7    4.1    9.8    5.5               
   85   85 A K        -     0   0  110      1,-0.1     2,-0.5    -2,-0.1    -1,-0.1  -0.363  50.2-105.8 -52.0 129.9    3.2   13.5    4.8               
   86   86 A P        -     0   0  102      0, 0.0     2,-1.8     0, 0.0    -1,-0.1  -0.527  37.8-121.7 -61.8 117.1    3.6   14.2    1.0               
   87   87 A S        +     0   0  114     -2,-0.5     2,-2.0     1,-0.2    -2,-0.1  -0.049  64.3 140.2 -77.0  46.1    6.8   16.3    1.2               
   88   88 A F        +     0   0  200     -2,-1.8     2,-0.3     2,-0.1    -1,-0.2  -0.540  28.0 172.1 -62.7  65.7    5.5   19.3   -0.4               
   89   89 A Q        -     0   0  165     -2,-2.0     2,-2.3     1,-0.1    -2,-0.0  -0.622  54.8 -97.2 -51.5 145.1    7.5   21.2    2.1               
   90   90 A S        +     0   0  124     -2,-0.3    -1,-0.1     1,-0.2    -2,-0.1  -0.293  68.9 152.6 -73.3  58.7    7.1   24.7    0.9               
   91   91 A G        +     0   0   58     -2,-2.3     2,-0.4     2,-0.1    -1,-0.2  -0.253  12.9 165.1 -69.1  38.8   10.5   24.5   -0.8               
   92   92 A G        -     0   0   54      1,-0.2     3,-0.1    -4,-0.1    -2,-0.0  -0.633  68.8 -77.0 -49.5 114.0    8.8   27.0   -3.0               
   93   93 A R        -     0   0  236     -2,-0.4     2,-2.2     1,-0.2    -1,-0.2  -0.052  37.7-136.1 -48.2 119.8   12.3   27.6   -4.3               
   94   94 A R        -     0   0  244     -3,-0.1    -1,-0.2     3,-0.0    -3,-0.0  -0.603  26.6-146.5 -64.1  81.7   14.5   29.7   -1.9               
   95   95 A R        -     0   0  203     -2,-2.2     3,-0.1     1,-0.1    -3,-0.0  -0.526  36.0 -98.2 -49.7 112.2   15.7   31.7   -4.9               
   96   96 A P        -     0   0  102      0, 0.0     3,-0.2     0, 0.0    -1,-0.1  -0.304  49.7 -92.6 -52.4 124.2   19.2   32.2   -3.5               
   97   97 A P        -     0   0  120      0, 0.0     3,-0.1     0, 0.0    -3,-0.0  -0.292  61.0 -90.8 -53.4 114.7   18.8   35.8   -2.0               
   98   98 A A        -     0   0   78      1,-0.2    -3,-0.0    -3,-0.1     0, 0.0  -0.061  50.8-117.6 -54.0 102.3   20.1   37.4   -5.2               
   99   99 A S        -     0   0   68     -3,-0.2     2,-3.0     1,-0.2    -1,-0.2  -0.184  12.7-133.4 -57.6 122.6   23.7   37.4   -4.1               
  100  100 A S        +     0   0  120     -3,-0.1     2,-1.9     1,-0.1    -1,-0.2  -0.348  41.7 169.0 -70.6  56.8   24.8   41.1   -3.9               
  101  101 A R        -     0   0  203     -2,-3.0     3,-0.2     1,-0.2    -1,-0.1  -0.595  57.0 -60.3 -86.9  71.5   27.9   40.0   -5.9               
  102  102 A N        -     0   0  128     -2,-1.9     2,-1.8     1,-0.2    -1,-0.2   0.932  29.7-155.2  53.0  89.4   29.3   43.4   -6.7               
  103  103 A R        -     0   0  251     -3,-0.1    -1,-0.2     2,-0.0    -3,-0.0  -0.785  46.2-140.3 -60.1  86.7   27.5   46.0   -8.7               
  104  104 A S        -     0   0   86     -2,-1.8     2,-2.2    -3,-0.2    -3,-0.0  -0.439  15.2-106.5 -55.2 134.8   31.2   47.0   -9.3               
  105  105 A P        -     0   0  126      0, 0.0     2,-0.8     0, 0.0    -1,-0.1  -0.526  36.0-148.7 -71.0  81.4   31.5   50.8   -9.2               
  106  106 A S        -     0   0  127     -2,-2.2     2,-0.1     1,-0.1     3,-0.0  -0.859  43.6 -92.0 -66.9 112.1   32.0   51.6  -12.8               
  107  107 A G        -     0   0   57     -2,-0.8    -1,-0.1     2,-0.1    -3,-0.0  -0.425  57.1 -24.1 153.3  71.5   33.8   54.0  -12.5               
  108  108 A S        -     0   0  123     -2,-0.1    -1,-0.0    -3,-0.1     2,-0.0   0.773  60.6-109.2  55.1 130.5   34.2   57.7  -12.2               
  109  109 A L        -     0   0  165      1,-0.1    -2,-0.1     2,-0.0     2,-0.1  -0.229  34.9 -98.9 -66.4 162.8   31.6   60.2  -13.6               
  110  110 A R        +     0   0  244     -2,-0.0    -1,-0.1     0, 0.0    -2,-0.0  -0.318  58.2 115.1 -71.0 175.0   32.1   62.5  -16.7               
  111  111 A S        +     0   0  121     -2,-0.1    -2,-0.0     0, 0.0     0, 0.0   0.274  16.4  77.5  87.2 143.3   33.1   66.2  -16.5               
  112  112 A A        -     0   0   81     -2,-0.0     0, 0.0     0, 0.0     0, 0.0   0.737  30.1-159.9-133.3 143.2   35.0   68.7  -17.0               
  113  113 A R        +     0   0  252      0, 0.0     2,-0.2     0, 0.0     0, 0.0   0.164  16.7 167.3  63.9 101.3   36.0   70.8  -19.6               
  114  114 A G        -     0   0   69      0, 0.0     0, 0.0     0, 0.0     0, 0.0  -0.654  19.1 -66.5 178.2 121.7   39.0   73.1  -20.0               
  115  115 A S        +     0   0  121     -2,-0.2     0, 0.0     1,-0.1     0, 0.0   0.560  35.4   7.6  18.8 150.7   41.0   75.2  -22.4               
  116  116 A S        -     0   0  108      0, 0.0    -1,-0.1     0, 0.0     0, 0.0   0.294  36.9 -88.8-177.1 123.9   42.9   76.1  -24.8               
  117  117 A G        +     0   0   89      1,-0.1     0, 0.0     0, 0.0     0, 0.0  -0.155  34.0 158.9  62.3-154.0   45.2   76.3  -28.0               
  118  118 A G        -     0   0   82      1,-0.1     2,-0.2     0, 0.0    -1,-0.1   0.932  16.1-167.8  96.8  74.1   49.0   75.7  -27.8               
  119  119 A T        +     0   0  114      1,-0.0    -1,-0.1     0, 0.0     0, 0.0  -0.619  35.7  73.9 -72.4 149.9   51.0   74.8  -31.0               
  120  120 A R        +     0   0  229     -2,-0.2    -1,-0.0     1,-0.1     0, 0.0   0.564  45.5   8.3 120.3 127.4   54.6   73.5  -31.0               
  121  121 A G        +     0   0   70      0, 0.0    -1,-0.1     0, 0.0     0, 0.0   0.343  23.0  98.4  78.5 160.7   57.2   70.7  -30.4               
  122  122 A W        +     0   0  250      1,-0.1    -2,-0.0     0, 0.0     0, 0.0   0.662  23.1 139.1-144.0 151.2   59.1   68.3  -29.9               
  123  123 A L        +     0   0  149      2,-0.0     2,-0.2     0, 0.0    -1,-0.1  -0.835   9.2 177.7-105.4 150.4   61.2   65.5  -31.6               
  124  124 A P        -     0   0  117      0, 0.0     2,-0.1     0, 0.0     0, 0.0  -0.431  16.6-147.9-134.0 162.9   64.3   63.8  -31.4               
  125  125 A S        +     0   0  102     -2,-0.2     2,-0.1     0, 0.0    -2,-0.0  -0.230  18.8 173.0 102.3  91.4   65.7   61.3  -33.2               
  126  126 A H        +     0   0  175     -2,-0.1     2,-0.1     2,-0.0     0, 0.0  -0.376  10.5 179.3 180.0 132.9   67.9   58.2  -33.5               
  127  127 A E        +     0   0  178     -2,-0.1     2,-0.0     0, 0.0     0, 0.0   0.072  10.9 134.3  96.9 124.4   68.6   55.9  -35.9               
  128  128 A G        +     0   0   74     -2,-0.1    -2,-0.0     1,-0.0     0, 0.0   0.147  22.0  38.0  95.8 144.9   70.8   52.7  -36.5               
  129  129 A H        +     0   0  165     -2,-0.0     2,-0.1     0, 0.0    -1,-0.0   0.822  21.4 134.6-156.6-173.4   71.3   49.7  -37.6               
  130  130 A L        -     0   0  142      2,-0.0     0, 0.0     0, 0.0     0, 0.0  -0.029   6.4-177.8-116.7-154.8   71.2   46.4  -39.7               
  131  131 A D        -     0   0  124     -2,-0.1     0, 0.0     0, 0.0     0, 0.0   0.749  13.8-126.0-150.5 165.7   72.4   43.6  -41.3               
  132  132 A D        +     0   0  163      2,-0.0    -2,-0.0     0, 0.0     0, 0.0   0.651  31.4  60.4   2.0 152.5   71.8   40.4  -43.5               
  133  133 A G        +     0   0   72      1,-0.0     0, 0.0     0, 0.0     0, 0.0   0.654   9.0 133.5 110.5 137.8   72.2   36.8  -44.1               
  134  134 A G        -     0   0   75      2,-0.0    -1,-0.0     0, 0.0    -2,-0.0   0.721  31.0-147.6 150.0  49.3   71.9   32.9  -43.7               
  135  135 A Y        -     0   0  236      1,-0.1     0, 0.0     0, 0.0     0, 0.0   0.729   8.3-121.9  27.4 139.7   71.0   30.1  -46.3               
  136  136 A T        -     0   0  124      0, 0.0     2,-0.2     0, 0.0    -1,-0.1  -0.569  15.8-175.3 -84.5 158.3   69.2   26.7  -46.6               
  137  137 A P        -     0   0  115      0, 0.0     2,-0.0     0, 0.0     0, 0.0  -0.441   2.0-170.2-135.7 167.2   69.6   23.3  -47.5               
  138  138 A D        +     0   0  151     -2,-0.2     0, 0.0     0, 0.0     0, 0.0   0.747  12.3 151.2  88.3 157.6   67.9   20.3  -47.8               
  139  139 A L        +     0   0  128     -2,-0.0     0, 0.0     0, 0.0     0, 0.0   0.823  21.9  40.4  92.5 124.5   68.5   16.5  -48.5               
  140  140 A K        -     0   0  168      0, 0.0     2,-0.0     0, 0.0     0, 0.0   0.955  20.0-171.3  75.2 110.2   67.4   12.8  -48.0               
  141  141 A M        -     0   0  153      0, 0.0     0, 0.0     0, 0.0     0, 0.0   0.230   9.0-178.6  57.3 120.1   65.2   10.2  -47.9               
  142  142 A S        -     0   0   90     -2,-0.0     0, 0.0     0, 0.0     0, 0.0   0.254  15.7 -79.4 168.2 122.8   65.0    6.7  -47.0               
  143  143 A Y        -     0   0  204      0, 0.0     0, 0.0     0, 0.0     0, 0.0   0.856  20.2 -85.3  47.1 151.2   62.9    3.6  -46.8               
  144  144 A S        +     0   0   91      0, 0.0     0, 0.0     0, 0.0     0, 0.0   0.808  15.6 124.5-176.9 168.2   60.8    1.1  -46.1               
  145  145 A R        +     0   0  253      0, 0.0     2,-0.0     0, 0.0     0, 0.0   0.452  21.0 127.6  74.5 142.2   58.4   -1.8  -45.2               
  146  146 A G        -     0   0   71      2,-0.0     0, 0.0     0, 0.0     0, 0.0   0.637  25.9-106.3 129.5 140.2   55.6   -3.2  -44.0               
  147  147 A L        -     0   0  166     -2,-0.0     0, 0.0     0, 0.0     0, 0.0   0.721  21.8-120.8-151.6 163.7   52.8   -4.9  -43.5               
  148  148 A I        +     0   0  150      1,-0.0    -2,-0.0     0, 0.0     0, 0.0   0.319  23.7  53.4 -34.3 178.9   48.9   -5.1  -43.3               
  149  149 A P        +     0   0  105      0, 0.0     2,-0.3     0, 0.0    -1,-0.0   0.738  12.9 108.7-140.8 173.8   46.0   -5.7  -41.8               
  150  150 A V        -     0   0  153      2,-0.0     2,-0.5     0, 0.0     0, 0.0  -0.877  30.5-142.2-153.6 138.7   42.7   -6.1  -39.8               
  151  151 A K        +     0   0  206     -2,-0.3     2,-0.3     2,-0.0     0, 0.0  -0.809  32.1 144.3 -88.6 125.0   39.1   -4.8  -40.3               
  152  152 A R        +     0   0  261     -2,-0.5    -2,-0.0     0, 0.0     0, 0.0  -0.878  23.8 153.7-149.7 138.3   36.7   -3.7  -37.5               
  153  153 A G        +     0   0   69     -2,-0.3     2,-0.0     1,-0.1    -2,-0.0  -0.842  19.6  81.2-152.6-169.7   34.0   -1.0  -37.3               
  154  154 A P        +     0   0  132      0, 0.0     2,-0.2     0, 0.0    -1,-0.1   0.711  21.2 164.9-103.9 171.9   31.6    0.9  -36.8               
  155  155 A S        -     0   0  112     -2,-0.0     2,-1.0     2,-0.0     0, 0.0  -0.712  12.7-171.9-138.6  88.7   31.3    3.4  -33.9               
  156  156 A S        +     0   0  114     -2,-0.2     0, 0.0     1,-0.1     0, 0.0  -0.705  13.8 166.2 -76.4 101.6   28.5    6.0  -34.4               
  157  157 A R        +     0   0  236     -2,-1.0     2,-0.6     2,-0.0    -1,-0.1  -0.301   9.2 154.6-117.9  47.5   28.9    8.5  -31.6               
  158  158 A S        +     0   0  121      1,-0.1    -2,-0.0     2,-0.0     0, 0.0  -0.679   9.5 145.4 -71.7 114.6   26.7   11.4  -32.7               
  159  159 A G        +     0   0   80     -2,-0.6    -1,-0.1     2,-0.1    -2,-0.0   0.022  20.5 118.1-151.2  29.4   25.6   13.2  -29.5               
  160  160 A G        -     0   0   66      1,-0.0    -2,-0.0     3,-0.0     0, 0.0  -0.801  68.6-106.3 -93.9 145.7   25.3   17.0  -30.0               
  161  161 A P        -     0   0  121      0, 0.0    -2,-0.1     0, 0.0    -1,-0.0  -0.464  46.3-100.7 -66.4 143.0   22.0   18.9  -29.5               
  162  162 A P        -     0   0  119      0, 0.0     2,-0.1     0, 0.0     3,-0.0  -0.420  30.7-120.6 -70.6 136.4   20.4   19.9  -32.9               
  163  163 A P        -     0   0  117      0, 0.0     2,-0.8     0, 0.0    -3,-0.0  -0.462  38.6 -97.5 -67.2 144.9   20.7   23.5  -34.1               
  164  164 A K        -     0   0  210     -2,-0.1     2,-0.5     1,-0.0     0, 0.0  -0.535  40.0-151.2 -67.1 105.5   17.4   25.3  -34.7               
  165  165 A K        -     0   0  202     -2,-0.8     2,-0.4     2,-0.0    -1,-0.0  -0.725   5.3-141.7 -77.7 124.0   16.6   25.0  -38.5               
  166  166 A S        -     0   0  124     -2,-0.5    -1,-0.0     0, 0.0    -2,-0.0  -0.732  27.3-175.2 -77.3 127.9   14.5   27.9  -39.9               
  167  167 A A        -     0   0   90     -2,-0.4    -2,-0.0     1,-0.1     0, 0.0  -0.916  20.4 -18.6-166.1 158.0   11.9   26.7  -42.5               
  168  168 A P        -     0   0  121      0, 0.0     2,-0.4     0, 0.0    -1,-0.1   0.629  12.4-160.7-129.6 166.4    9.8   28.0  -44.4               
  169  169 A S        -     0   0  129      0, 0.0     2,-0.3     0, 0.0     0, 0.0  -0.680  31.7-176.6 -78.5 128.4    7.5   30.7  -46.0               
  170  170 A A        -     0   0   84     -2,-0.4     0, 0.0     0, 0.0     0, 0.0  -0.923  21.7-100.2-144.0 103.8    4.7   29.4  -48.4               
  171  171 A V        -     0   0  140     -2,-0.3     0, 0.0     1,-0.1     0, 0.0   0.225  28.4-127.6  55.6  77.5    2.3   31.1  -50.2               
  172  172 A A        -     0   0   86      0, 0.0     2,-0.2     0, 0.0    -1,-0.1   0.591   7.8-148.3  77.3 123.7   -0.9   32.0  -50.2               
  173  173 A R        -     0   0  248      2,-0.0     2,-0.1     0, 0.0     0, 0.0  -0.680  24.8-136.6-161.2 157.3   -4.2   32.2  -51.6               
  174  174 A S        +     0   0   94     -2,-0.2     2,-0.1     2,-0.0     0, 0.0  -0.313  27.0 159.2 -67.8 155.9   -7.1   34.7  -51.3               
  175  175 A N        -     0   0  156     -2,-0.1     2,-0.3     0, 0.0    -2,-0.0  -0.386  15.1-174.7-156.5 148.3  -10.4   35.3  -50.9               
  176  176 A S        +     0   0  100     -2,-0.1     2,-0.1     2,-0.0    -2,-0.0  -0.728  11.5 155.4 -97.4 154.6  -12.1   38.5  -49.6               
  177  177 A W        -     0   0  233     -2,-0.3     2,-0.0     2,-0.0     0, 0.0  -0.032  25.1 -68.1 144.8 145.4  -15.7   39.4  -48.8               
  178  178 A M        -     0   0  166     -2,-0.1    -2,-0.0     0, 0.0     0, 0.0   0.164  25.9 -74.0-169.7 126.7  -17.5   41.4  -47.0               
  179  179 A G        +     0   0   74     -2,-0.0    -2,-0.0     0, 0.0     0, 0.0   0.178  13.7 135.6  67.9 176.2  -19.3   43.4  -44.2               
  180  180 A S        -     0   0  110      0, 0.0     0, 0.0     0, 0.0     0, 0.0   0.518  21.2 -41.3-164.6 148.3  -21.1   44.4  -42.0               
  181  181 A Q        +     0   0  201      0, 0.0     0, 0.0     0, 0.0     0, 0.0   0.493  34.4  40.4  63.1 153.8  -22.4   46.1  -38.7               
  182  182 A G        +     0   0   67      1,-0.1     2,-0.1     0, 0.0     0, 0.0   0.759   9.8 174.5-164.7 158.3  -22.6   46.9  -35.7               
  183  183 A P        +     0   0  122      0, 0.0    -1,-0.1     0, 0.0     2,-0.1  -0.478  17.3 156.4 -86.8 164.2  -21.6   48.0  -32.1               
  184  184 A M        -     0   0  175     -2,-0.1     0, 0.0     0, 0.0     0, 0.0  -0.277  33.3 -35.9 177.5 148.6  -23.0   48.9  -28.8               
  185  185 A S        -     0   0   98      1,-0.2     2,-0.5    -2,-0.1     0, 0.0   0.776  15.6-166.4  57.8  80.6  -23.0   49.4  -25.0               
  186  186 A Q        -     0   0  205      1,-0.0     2,-0.4     3,-0.0    -1,-0.2  -0.777  30.0-154.2 -69.9 129.5  -21.4   47.5  -22.1               
  187  187 A R        -     0   0  228     -2,-0.5    -1,-0.0     1,-0.1    -2,-0.0  -0.711  32.1 -71.9-125.3  89.3  -23.3   49.1  -19.1               
  188  188 A R        -     0   0  226     -2,-0.4    -1,-0.1     1,-0.0     0, 0.0   0.937  42.5-116.7  59.2 109.6  -21.6   49.1  -15.8               
  189  189 A E        -     0   0  170      1,-0.1     2,-0.4    -3,-0.0    -1,-0.0  -0.069  23.7-121.4 -71.2 167.9  -20.9   46.2  -13.2               
  190  190 A N        +     0   0  136      2,-0.0    -1,-0.1     1,-0.0     2,-0.0  -0.935  23.4 176.5-115.7 133.0  -22.3   45.8   -9.7               
  191  191 A Y        +     0   0  216     -2,-0.4     2,-0.3     2,-0.0    -2,-0.0  -0.541  17.5 162.9-135.6  70.0  -20.3   45.4   -6.4               
  192  192 A G        -     0   0   60      1,-0.1    -2,-0.0    -2,-0.0     0, 0.0  -0.644  40.7-110.9 -76.8 142.7  -22.9   45.3   -3.5               
  193  193 A V        -     0   0  137     -2,-0.3    -1,-0.1     1,-0.0    -2,-0.0  -0.577  19.5-129.9 -80.1 134.4  -21.6   43.9   -0.2               
  194  194 A P        -     0   0  111      0, 0.0    -1,-0.0     0, 0.0     0, 0.0  -0.635  36.2-110.0 -79.0 140.7  -22.7   40.5    1.3               
  195  195 A P        -     0   0  132      0, 0.0     2,-0.4     0, 0.0     0, 0.0  -0.101  34.5 -90.9 -78.0 167.9  -23.8   40.7    5.0               
  196  196 A R        -     0   0  246      1,-0.2     0, 0.0     0, 0.0     0, 0.0  -0.670  53.8 -48.0 -90.5 134.7  -22.1   39.4    8.2               
  197  197 A R        -     0   0  237     -2,-0.4    -1,-0.2     1,-0.1     2,-0.0   0.780  42.7-122.8  47.1 103.0  -22.2   36.3   10.4               
  198  198 A A        -     0   0   90      1,-0.1    -1,-0.1     0, 0.0     2,-0.1  -0.250  48.6 -75.6 -65.1 158.1  -25.0   34.2   11.8               
  199  199 A T        -     0   0  131      2,-0.0     2,-0.4    -2,-0.0    -1,-0.1  -0.273  34.4-179.6 -58.3 135.4  -25.3   33.6   15.6               
  200  200 A I        -     0   0  166     -2,-0.1     2,-1.1     2,-0.0    -1,-0.0  -0.975  39.3-122.4-126.2 123.8  -23.3   31.3   17.9               
  201  201 A S        -     0   0  105     -2,-0.4     2,-1.4     1,-0.1    -2,-0.0  -0.492  28.1-174.3 -76.9  93.9  -24.7   31.7   21.4               
  202  202 A S        -     0   0  107     -2,-1.1     2,-1.3     2,-0.0    -1,-0.1  -0.616   7.5-176.3 -84.5  79.2  -21.9   32.9   23.8               
  203  203 A W        +     0   0  255     -2,-1.4     2,-0.5     2,-0.0    -2,-0.1  -0.691  16.9 153.5 -78.0  94.1  -23.8   32.8   27.2               
  204  204 A R        +     0   0  222     -2,-1.3     2,-0.2     0, 0.0    -2,-0.0  -0.997  18.0 130.8-101.5 128.9  -21.3   34.1   29.7               
  205  205 A N        -     0   0  152     -2,-0.5    -2,-0.0     1,-0.0     0, 0.0  -0.777  40.3 -16.1-163.1 146.5  -23.0   35.7   32.7               
  206  206 A D        -     0   0  119     -2,-0.2    -1,-0.0     1,-0.0     0, 0.0   0.696  43.2-110.2  31.8 111.9  -22.9   35.6   36.5               
  207  207 A R        +     0   0  215      0, 0.0    -1,-0.0     0, 0.0     0, 0.0   0.560  38.2  44.9  90.8 118.5  -22.0   34.1   39.5               
  208  208 A M        +     0   0  164      0, 0.0     0, 0.0     0, 0.0     0, 0.0   0.430  39.8  87.3  82.0 156.0  -22.6   32.2   42.8               
  209  209 A S        -     0   0  106      0, 0.0     0, 0.0     0, 0.0     0, 0.0   0.907  43.1-143.6  72.0  70.3  -24.3   29.4   44.8               
  210  210 A T        +     0   0  113      0, 0.0     0, 0.0     0, 0.0     0, 0.0   0.609  26.5 107.9  42.3 136.7  -23.2   25.9   45.4               
  211  211 A R        +     0   0  226      0, 0.0     0, 0.0     0, 0.0     0, 0.0   0.563  27.0  39.5  75.3 143.4  -24.6   22.3   45.8               
  212  212 A H        -     0   0  168      0, 0.0     2,-0.1     0, 0.0     0, 0.0   0.746  25.8-157.2-149.5 175.2  -25.2   19.2   45.1               
  213  213 A D        +     0   0  135      2,-0.0     2,-0.1     0, 0.0     0, 0.0  -0.256   8.8 172.4 -91.2 167.0  -24.1   15.9   43.6               
  214  214 A G        +     0   0   76     -2,-0.1     2,-0.3     0, 0.0     0, 0.0  -0.504  18.4 154.7-176.2 109.2  -25.6   12.6   42.2               
  215  215 A Y        +     0   0  223     -2,-0.1    -2,-0.0     1,-0.1     0, 0.0  -0.868  17.9  40.6-124.2 163.6  -23.6    9.7   40.4               
  216  216 A A        -     0   0   89     -2,-0.3    -1,-0.1     2,-0.0     0, 0.0   0.925  43.3-103.5  81.9 122.0  -23.6    6.0   39.5               
  217  217 A T        -     0   0  119      0, 0.0     2,-0.2     0, 0.0    -2,-0.0   0.240  19.3-166.9  -0.5 146.1  -24.8    2.7   38.5               
  218  218 A N        -     0   0  169      0, 0.0     2,-0.3     0, 0.0    -2,-0.0  -0.823   7.5-153.0-158.3 152.0  -25.7   -0.5   40.2               
  219  219 A D        -     0   0  161     -2,-0.2     0, 0.0     1,-0.0     0, 0.0  -0.768  31.4  -5.5-104.2 151.0  -26.4   -4.1   38.9               
  220  220 A G        +     0   0   79     -2,-0.3     2,-0.1     1,-0.1    -1,-0.0   0.770  19.0 175.6  85.3 134.2  -28.4   -7.2   40.1               
  221  221 A N        -     0   0  160      0, 0.0    -1,-0.1     0, 0.0     0, 0.0  -0.279  22.6-130.6-170.9 155.9  -30.3   -9.4   42.0               
  222  222 A H        +     0   0  166     -2,-0.1     0, 0.0     1,-0.1     0, 0.0  -0.050  20.1 164.5 -66.9-174.3  -32.1  -12.9   41.9               
  223  223 A P        -     0   0  110      0, 0.0     2,-0.2     0, 0.0    -1,-0.1   0.801   9.5 -17.3-142.6-177.8  -34.7  -14.8   42.3               
  224  224 A S        +     0   0  113      1,-0.2     0, 0.0     0, 0.0     0, 0.0  -0.943  48.9  62.1-164.3-179.1  -37.7  -17.2   42.7               
  225  225 A C        -     0   0  121     -2,-0.2    -1,-0.2     0, 0.0     2,-0.2   0.836  44.4-157.6  76.6 119.0  -39.6  -20.4   41.5               
  226  226 A Q        +     0   0  190      0, 0.0     2,-0.0     0, 0.0     0, 0.0  -0.456  19.9 127.3 -86.4 163.4  -38.5  -24.1   41.2               
  227  227 A E        +     0   0  166     -2,-0.2     0, 0.0     0, 0.0     0, 0.0   0.317  30.0  25.2 178.9 171.2  -39.2  -27.1   39.6               
  228  228 A T        -     0   0  113     -2,-0.0     0, 0.0     0, 0.0     0, 0.0   0.881  43.8-127.5  61.6 106.9  -38.2  -30.4   37.6               
  229  229 A R        +     0   0  213      1,-0.0     0, 0.0     0, 0.0     0, 0.0   0.388  32.5   9.2  88.0 109.7  -35.5  -32.4   36.9               
  230  230 A D        +     0   0  131      1,-0.1     2,-0.2     0, 0.0    -1,-0.0   0.784  26.9 144.7  53.0 104.7  -33.1  -34.4   34.9               
  231  231 A Y        -     0   0  247      2,-0.0    -1,-0.1     0, 0.0     0, 0.0  -0.778  25.1-152.3-159.4 145.0  -31.7  -35.0   31.4               
  232  232 A A        -     0   0   81     -2,-0.2     0, 0.0     1,-0.1     0, 0.0  -0.631  30.2 -93.3-102.5 158.0  -28.1  -35.8   30.3               
  233  233 A P        -     0   0  116      0, 0.0     2,-0.1     0, 0.0    -1,-0.1  -0.459  41.2-116.3 -75.0 141.6  -26.3  -35.1   26.9               
  234  234 A P        -     0   0  129      0, 0.0     2,-0.3     0, 0.0     0, 0.0  -0.384  25.2-156.1 -75.3 151.8  -26.3  -37.8   24.1               
  235  235 A S        +     0   0  105     -2,-0.1     0, 0.0     2,-0.0     0, 0.0  -0.979  35.3  57.3-128.8 148.3  -23.1  -39.5   22.9               
  236  236 A R        -     0   0  252     -2,-0.3     2,-0.1     2,-0.0    -1,-0.0   0.392  40.9-139.7  69.8 150.2  -22.3  -41.2   19.5               
  237  237 A G        -     0   0   58      0, 0.0     2,-0.3     0, 0.0    -2,-0.0  -0.011  12.2-117.3 139.5 115.9  -22.1  -41.4   16.4               
  238  238 A Y        -     0   0  238     -2,-0.1     2,-0.3     2,-0.0    -2,-0.0  -0.978  24.7-158.2-135.3 144.8  -22.4  -42.8   12.8               
  239  239 A A        -     0   0   90     -2,-0.3     2,-0.3     2,-0.0     0, 0.0  -0.828   9.6-154.8-115.7 156.8  -19.7  -43.6   10.2               
  240  240 A Y        -     0   0  240     -2,-0.3     2,-0.3     0, 0.0    -2,-0.0  -0.930  30.0-171.1-127.3 155.6  -19.4  -44.0    6.4               
  241  241 A R        +     0   0  202     -2,-0.3    -2,-0.0     1,-0.2     0, 0.0  -0.862  18.1  35.5-142.8 160.4  -16.6  -46.1    5.0               
  242  242 A D        +     0   0  108     -2,-0.3    -1,-0.2     1,-0.0     2,-0.1   0.964  26.8 146.6  59.2 103.8  -14.4  -47.5    2.2               
  243  243 A N        +     0   0  168      2,-0.0     2,-0.1     0, 0.0    -1,-0.0  -0.290  25.9 166.8-176.0 129.6  -12.9  -46.7   -1.1               
  244  244 A G        +     0   0   59     -2,-0.1     2,-0.1     2,-0.0     0, 0.0   0.060  22.7 160.7 119.5 105.1  -10.1  -47.8   -2.1               
  245  245 A H        -     0   0  196     -2,-0.1     2,-0.3     2,-0.0    -2,-0.0  -0.230  17.4-153.1 166.2 142.6   -7.5  -48.4   -4.8               
  246  246 A S        -     0   0  100     -2,-0.1     2,-0.3     2,-0.0    -2,-0.0  -0.690  11.4-179.5 -94.6 156.2   -3.7  -49.2   -5.0               
  247  247 A N        +     0   0  167     -2,-0.3     2,-0.2     2,-0.0    -2,-0.0  -0.910  16.9 169.3-146.7 160.3   -0.9  -48.9   -7.3               
  248  248 A R        +     0   0  215     -2,-0.3    -2,-0.0     0, 0.0     0, 0.0  -0.522   5.4 129.6-129.6-172.2    2.7  -50.1   -6.6               
  249  249 A D        +     0   0  124     -2,-0.2    -2,-0.0     0, 0.0     0, 0.0   0.658  18.5  62.1  76.3 141.7    6.1  -50.7   -8.2               
  250  250 A E        -     0   0  139      0, 0.0     0, 0.0     0, 0.0     0, 0.0   0.823  27.7 -31.9-164.5-179.6    9.2  -50.5   -8.4               
  251  251 A H        -     0   0  169      0, 0.0     2,-0.1     0, 0.0     0, 0.0   0.638  27.9-128.0  71.2 154.9   13.1  -50.3   -8.5               
  252  252 A S        -     0   0   97      0, 0.0     0, 0.0     0, 0.0     0, 0.0  -0.233  13.7  -2.3-174.0 125.1   16.1  -50.2   -7.1               
  253  253 A S        +     0   0   98     -2,-0.1     0, 0.0     0, 0.0     0, 0.0   0.770  28.9 112.0  70.6 153.3   19.6  -49.9   -5.5               
  254  254 A R        +     0   0  237      1,-0.1     2,-0.2     0, 0.0     0, 0.0   0.958  19.8 157.0  65.9 110.5   23.1  -48.2   -5.1               
  255  255 A G        -     0   0   66      2,-0.0     2,-0.3     0, 0.0    -1,-0.1  -0.380  20.4-157.6  94.3  97.3   24.2  -46.5   -2.8               
  256  256 A Y        -     0   0  242     -2,-0.2     2,-0.3     2,-0.0     0, 0.0  -0.968  12.5-170.7-141.8 152.7   27.9  -45.8   -1.8               
  257  257 A R        +     0   0  210     -2,-0.3     2,-0.2     2,-0.0    -2,-0.0  -0.977   9.0 160.8-137.3 141.6   29.2  -44.8    1.7               
  258  258 A N        -     0   0  140     -2,-0.3    -2,-0.0     0, 0.0     0, 0.0  -0.502  13.6-134.4 177.9 126.2   32.5  -43.6    3.3               
  259  259 A H        +     0   0  154     -2,-0.2    -2,-0.0     0, 0.0     0, 0.0   0.646  16.1 101.0  76.3 134.4   34.1  -42.0    6.0               
  260  260 A R        -     0   0  222      0, 0.0     0, 0.0     0, 0.0     0, 0.0   0.804  15.6  -9.4-170.3 167.3   35.8  -40.3    8.2               
  261  261 A S        +     0   0  110      0, 0.0     0, 0.0     0, 0.0     0, 0.0   0.569  34.1  69.8  67.3 148.7   37.4  -37.9   10.9               
  262  262 A S        +     0   0  105      1,-0.1     2,-0.1     0, 0.0     0, 0.0   0.772  18.7 173.3-138.2 138.8   37.9  -35.4   12.9               
  263  263 A R        +     0   0  242      2,-0.0     2,-0.2     0, 0.0    -1,-0.1  -0.168   4.8 168.6  47.2  97.3   36.8  -34.0   15.8               
  264  264 A E        -     0   0  162     -2,-0.1     2,-0.4     2,-0.0     0, 0.0  -0.827  17.5-174.0-144.5 152.8   37.8  -31.2   17.9               
  265  265 A T        +     0   0  110     -2,-0.2     2,-0.2     2,-0.0    -2,-0.0  -0.975  12.7 150.7-140.6 120.2   35.6  -29.8   20.7               
  266  266 A R        -     0   0  202     -2,-0.4     2,-0.0     1,-0.0    -2,-0.0  -0.693  15.5-166.8-163.1 125.5   35.6  -26.9   23.2               
  267  267 A D        +     0   0  137     -2,-0.2    -1,-0.0     0, 0.0    -2,-0.0   0.701  16.1 150.2  79.6 150.9   33.4  -24.9   24.8               
  268  268 A Y        -     0   0  216     -2,-0.0    -2,-0.0     2,-0.0     0, 0.0   0.932  32.3-121.6  86.0  83.3   33.3  -21.6   26.8               
  269  269 A A        -     0   0   89      1,-0.1     0, 0.0     2,-0.0     0, 0.0   0.819  31.7 -71.7  52.0 139.5   30.7  -19.1   27.3               
  270  270 A P        -     0   0  113      0, 0.0     2,-0.3     0, 0.0    -1,-0.1  -0.565  49.7-110.2 -82.1 145.4   30.0  -15.3   26.8               
  271  271 A P        -     0   0  131      0, 0.0     2,-0.3     0, 0.0    -2,-0.0  -0.555  31.9-163.7 -76.0 132.4   31.7  -12.6   29.0               
  272  272 A S        +     0   0  103     -2,-0.3     0, 0.0     2,-0.0     0, 0.0  -0.788  30.2  89.6-106.0 164.3   29.4  -10.7   31.6               
  273  273 A R        +     0   0  255     -2,-0.3     2,-0.0     2,-0.0     0, 0.0   0.421  33.7 171.7  75.8 144.4   30.2   -7.4   33.5               
  274  274 A G        -     0   0   62      0, 0.0     2,-0.3     0, 0.0    -2,-0.0   0.340  25.1 -53.4 159.1 139.5   30.2   -4.4   33.7               
  275  275 A H        +     0   0  201     -2,-0.0     2,-0.3     2,-0.0    -2,-0.0  -0.934  32.3 171.8-138.8 117.1   30.3   -0.6   34.5               
  276  276 A A        +     0   0   86     -2,-0.3     2,-0.1     0, 0.0     0, 0.0  -0.841  13.0 136.8 -96.6 151.9   28.6    1.1   37.5               
  277  277 A Y        +     0   0  214     -2,-0.3    -2,-0.0     0, 0.0     0, 0.0  -0.198  32.0  14.4 176.0 150.5   28.9    4.6   38.8               
  278  278 A R        -     0   0  212     -2,-0.1     2,-0.0     1,-0.0     0, 0.0   0.994  30.7-159.7  79.0  91.4   27.4    7.8   40.2               
  279  279 A D        -     0   0  152      2,-0.0     2,-0.2     0, 0.0    -1,-0.0  -0.245   7.2-172.6 -38.0 147.7   24.1    8.9   41.6               
  280  280 A Y        -     0   0  236      2,-0.0     2,-0.4    -2,-0.0     0, 0.0  -0.819  16.7-168.3-148.3 133.1   23.2   12.5   41.7               
  281  281 A G        -     0   0   64     -2,-0.2     2,-0.3     0, 0.0    -2,-0.0  -0.916  19.1-151.2-124.8 145.4   19.9   13.4   43.6               
  282  282 A H        -     0   0  188     -2,-0.4    -2,-0.0     1,-0.0     2,-0.0  -0.968  34.5-117.5-132.9 107.7   17.4   16.2   44.2               
  283  283 A S        -     0   0   99     -2,-0.3    -1,-0.0     1,-0.1     0, 0.0   0.189  18.7 -79.5  98.6  93.5   15.7   16.4   47.1               
  284  284 A R        +     0   0  236     -2,-0.0    -1,-0.1     0, 0.0     2,-0.1   0.484  20.8 169.5   0.5 144.5   12.4   16.4   49.2               
  285  285 A R        -     0   0  222      0, 0.0     0, 0.0     0, 0.0     0, 0.0  -0.131  24.8-138.9-175.3 122.9    9.5   18.2   50.3               
  286  286 A D        +     0   0  131     -2,-0.1     0, 0.0     0, 0.0     0, 0.0   0.861  30.7 149.6  76.0 140.4    6.4   17.4   51.9               
  287  287 A E        -     0   0  171      0, 0.0     0, 0.0     0, 0.0     0, 0.0   0.706  13.9-149.6-158.4 160.2    3.5   16.9   53.3               
  288  288 A S        +     0   0   89      2,-0.0     2,-0.2     0, 0.0     0, 0.0   0.346  17.9 139.2   0.3 134.3    0.8   14.9   55.2               
  289  289 A Y        +     0   0  212      0, 0.0     2,-0.3     0, 0.0     0, 0.0  -0.577  13.4 149.0-171.3 174.3   -2.6   13.9   55.9               
  290  290 A S        +     0   0   98     -2,-0.2    -2,-0.0     2,-0.0     0, 0.0  -0.980   9.3 115.5-158.7 173.1   -4.9   10.9   56.7               
  291  291 A R        +     0   0  236     -2,-0.3    -1,-0.0     0, 0.0     2,-0.0   0.304  12.4 167.3  84.8 152.1   -8.1    9.3   58.5               
  292  292 A G        -     0   0   62      0, 0.0    -2,-0.0     0, 0.0     0, 0.0   0.506   5.5-170.3 157.1 157.7  -11.0    7.9   58.8               
  293  293 A Y        -     0   0  200     -2,-0.0     2,-0.1     0, 0.0     0, 0.0   0.393  14.2 -37.5  74.0 164.6  -14.1    6.0   60.2               
  294  294 A R        -     0   0  192      0, 0.0     0, 0.0     0, 0.0     0, 0.0  -0.248  16.7 -81.3-174.5 121.9  -17.1    4.4   60.3               
  295  295 A N        +     0   0  127     -2,-0.1     0, 0.0     0, 0.0     0, 0.0   0.758  19.0 147.3  64.5 160.0  -20.7    2.8   60.2               
  296  296 A H        -     0   0  170      0, 0.0     2,-0.0     0, 0.0     0, 0.0   0.538  18.3 -58.3  87.3 148.2  -24.5    2.6   61.2               
  297  297 A R        -     0   0  218      0, 0.0     0, 0.0     0, 0.0     0, 0.0   0.277  21.0 -15.7-173.4 138.9  -27.7    1.9   60.6               
  298  298 A S        -     0   0   98     -2,-0.0     0, 0.0     0, 0.0     0, 0.0   0.578  17.3 -87.5  60.4 161.5  -31.4    1.2   59.7               
  299  299 A S        +     0   0  104      0, 0.0     0, 0.0     0, 0.0     0, 0.0   0.663  14.1  95.8-173.2 164.2  -34.5    1.4   58.4               
  300  300 A R        +     0   0  226      1,-0.1     2,-0.0     0, 0.0     0, 0.0   0.248  19.9  96.4  74.0 160.2  -38.2    1.7   57.0               
  301  301 A E        -     0   0  161      0, 0.0     2,-0.3     0, 0.0    -1,-0.1   0.606  25.6-149.8-139.1-161.2  -40.9    2.4   55.4               
  302  302 A T        +     0   0  119     -2,-0.0     2,-0.1     2,-0.0     0, 0.0  -0.789  18.6 135.9-126.6 152.8  -43.4    1.5   52.5               
  303  303 A R        -     0   0  218     -2,-0.3     2,-0.0     2,-0.0     0, 0.0   0.053  18.3-155.2 154.6 115.4  -46.0    2.2   49.7               
  304  304 A E        +     0   0  167     -2,-0.1     2,-0.2     0, 0.0    -2,-0.0   0.267  15.5 164.8  67.3 109.2  -46.9    1.5   46.5               
  305  305 A Y        -     0   0  245     -2,-0.0    -2,-0.0     0, 0.0     0, 0.0  -0.513  19.7-153.0-173.1 155.9  -48.7    2.6   43.5               
  306  306 A A        -     0   0   88     -2,-0.2     0, 0.0     1,-0.1     0, 0.0  -0.560   8.3-127.8-125.6 173.7  -48.7    1.5   39.8               
  307  307 A P        -     0   0  115      0, 0.0     2,-0.2     0, 0.0    -1,-0.1   0.052   5.9-127.2 -95.6-170.0  -49.3    2.8   36.1               
  308  308 A P        -     0   0  119      0, 0.0     2,-0.2     0, 0.0     0, 0.0  -0.835  15.1-145.4-140.9 156.6  -51.0    2.4   33.0               
  309  309 A S        -     0   0  117     -2,-0.2     2,-0.3     2,-0.0     0, 0.0  -0.603  13.5-171.0 -81.1 151.1  -49.6    2.3   29.4               
  310  310 A R        -     0   0  228     -2,-0.2     2,-0.2     2,-0.0     0, 0.0  -0.966   4.8-159.6-140.9 134.2  -51.5    3.6   26.3               
  311  311 A G        -     0   0   72     -2,-0.3     2,-0.3     2,-0.0    -2,-0.0  -0.693   4.8-155.7 -96.6 159.2  -50.6    3.3   22.6               
  312  312 A H        -     0   0  164     -2,-0.2     2,-0.4     2,-0.0    -2,-0.0  -0.999   8.4-173.5-135.2 135.8  -51.7    5.4   19.7               
  313  313 A G        -     0   0   66     -2,-0.3     2,-0.4     0, 0.0    -2,-0.0  -0.985   6.8-156.4-126.9 140.5  -51.9    4.5   16.0               
  314  314 A Y        -     0   0  194     -2,-0.4    -2,-0.0     1,-0.1     0, 0.0  -0.975  22.9-112.9-134.3 105.9  -52.8    6.7   12.9               
  315  315 A R        -     0   0  225     -2,-0.4    -1,-0.1     1,-0.2     2,-0.0   0.641  25.1 -78.2  78.6 119.8  -54.0    5.6    9.8               
  316  316 A D        -     0   0  154      1,-0.0     2,-0.2     2,-0.0    -1,-0.2  -0.186  18.3-167.9 -65.9 154.0  -53.3    5.2    6.1               
  317  317 A Y        -     0   0  219      2,-0.0     2,-0.4    -2,-0.0    -1,-0.0  -0.751  13.3-171.2-139.3  99.2  -53.3    7.5    3.2               
  318  318 A G        -     0   0   66     -2,-0.2     2,-0.2     1,-0.1    -2,-0.0  -0.714   4.1-170.4 -80.3 132.3  -53.1    5.7   -0.2               
  319  319 A H        +     0   0  178     -2,-0.4     2,-0.7     2,-0.0    -1,-0.1  -0.622  16.7 160.8-127.5  75.2  -52.6    7.9   -3.3               
  320  320 A S        +     0   0  123     -2,-0.2     2,-0.4     2,-0.0    -2,-0.0  -0.845   7.4 164.3 -83.5 112.4  -53.1    5.8   -6.4               
  321  321 A R        -     0   0  242     -2,-0.7     2,-0.4     2,-0.1    -2,-0.0  -0.983  20.2-155.5-124.8 125.3  -53.7    8.0   -9.4               
  322  322 A R        +     0   0  217     -2,-0.4     2,-0.1     2,-0.0    -2,-0.0  -0.786  15.2 173.8 -86.8 140.4  -53.4    6.7  -13.0               
  323  323 A H        +     0   0  184     -2,-0.4     2,-0.1     0, 0.0    -2,-0.1  -0.515  16.1 176.2-165.7 100.7  -52.7    8.8  -16.0               
  324  324 A E        +     0   0  146     -2,-0.1    -2,-0.0     0, 0.0     0, 0.0  -0.042  16.7  70.0  82.0 112.7  -52.2    7.0  -18.8               
  325  325 A S        +     0   0   93     -2,-0.1     0, 0.0     0, 0.0     0, 0.0   0.625  39.2  80.1  87.5 142.7  -51.6    7.7  -22.6               
  326  326 A Y        -     0   0  205      1,-0.1     2,-0.2     0, 0.0     0, 0.0   0.916  24.0-174.0  67.4 113.0  -49.2    8.9  -25.4               
  327  327 A S        +     0   0  110      0, 0.0     2,-0.2     0, 0.0    -1,-0.1  -0.612  16.1 174.3  71.7  78.4  -46.6    7.7  -27.1               
  328  328 A R        -     0   0  245     -2,-0.2     2,-0.1     0, 0.0     0, 0.0  -0.636   5.9-164.4-175.4 150.6  -44.5    9.7  -29.6               
  329  329 A G        +     0   0   59     -2,-0.2     0, 0.0     1,-0.1     0, 0.0  -0.277  23.5  13.9 130.7  95.1  -41.9    9.5  -31.4               
  330  330 A Y        +     0   0  213     -2,-0.1     2,-0.1     1,-0.0    -1,-0.1   0.911  33.3 144.5  47.5 114.4  -39.0   10.9  -33.6               
  331  331 A R        -     0   0  239      0, 0.0     2,-0.1     0, 0.0    -1,-0.0  -0.273  16.7-170.0 172.1 135.7  -37.2   14.0  -34.5               
  332  332 A N        +     0   0  119     -2,-0.1     0, 0.0     2,-0.0     0, 0.0  -0.090  21.1  61.8 104.2 107.2  -34.0   15.1  -35.3               
  333  333 A H        -     0   0  167     -2,-0.1     2,-0.0     2,-0.0     0, 0.0   0.274  38.1-115.6  74.5 165.6  -31.4   17.8  -35.9               
  334  334 A P        -     0   0  125      0, 0.0     2,-0.3     0, 0.0    -2,-0.0  -0.099  19.0-123.4-136.2 174.8  -29.6   20.5  -34.8               
  335  335 A S        -     0   0  123      2,-0.0     2,-0.2    -2,-0.0    -2,-0.0  -0.977  36.1-139.4-143.7 140.7  -27.7   23.7  -33.8               
  336  336 A S        +     0   0   97     -2,-0.3     2,-0.0     0, 0.0     0, 0.0  -0.588  36.5 110.1 -94.2 164.2  -23.9   24.2  -33.6               
  337  337 A R        +     0   0  221     -2,-0.2    -2,-0.0     0, 0.0     0, 0.0   0.271  41.9  41.8  92.8 134.9  -21.5   25.9  -31.2               
  338  338 A E        +     0   0  177     -2,-0.0     2,-0.5     1,-0.0     0, 0.0   0.585  28.6 151.1-131.6 144.9  -19.2   25.5  -29.0               
  339  339 A T        +     0   0  132      2,-0.0     2,-0.1     0, 0.0    -1,-0.0  -0.978  37.8 114.3 -99.5 122.9  -16.1   23.4  -28.6               
  340  340 A R        -     0   0  222     -2,-0.5     0, 0.0     0, 0.0     0, 0.0  -0.231  52.1 -62.2 174.6 133.0  -13.2   24.7  -26.5               
  341  341 A D        -     0   0  137      1,-0.2     2,-1.0    -2,-0.1    -2,-0.0   0.721  25.9-128.2  52.2  96.7  -11.1   24.6  -23.5               
  342  342 A Y        +     0   0  252      2,-0.0    -1,-0.2     0, 0.0     0, 0.0  -0.627  43.8 167.8 -61.4 103.2  -11.4   24.9  -19.7               
  343  343 A A        -     0   0   81     -2,-1.0     3,-0.1     3,-0.0     0, 0.0  -0.991  35.7-122.6-120.0 132.4   -8.6   27.5  -19.1               
  344  344 A P        -     0   0  121      0, 0.0    -2,-0.0     0, 0.0     0, 0.0  -0.489  47.0 -87.2 -70.0 148.0   -8.3   29.3  -15.6               
  345  345 A P        -     0   0  128      0, 0.0     2,-0.1     0, 0.0     0, 0.0  -0.207  32.1-131.1 -68.1 141.2   -8.6   33.1  -16.0               
  346  346 A H        -     0   0  176     -3,-0.1     2,-0.4     1,-0.1    -3,-0.0  -0.479  32.1-107.5 -73.0 153.7   -5.7   35.5  -16.6               
  347  347 A R        -     0   0  201     -2,-0.1     2,-0.4     2,-0.0    -1,-0.1  -0.767  27.7-131.4 -86.4 135.7   -5.3   38.5  -14.4               
  348  348 A D        +     0   0  154     -2,-0.4     2,-0.3     2,-0.0    -1,-0.0  -0.641  28.7 169.0 -78.0 133.1   -6.1   42.0  -15.7               
  349  349 A Y        -     0   0  207     -2,-0.4     2,-0.4     2,-0.0    -2,-0.0  -0.874  36.1-132.1-134.3 109.8   -3.7   44.9  -15.2               
  350  350 A A        -     0   0   96     -2,-0.3     2,-0.5     2,-0.0    -2,-0.0  -0.474  14.3-159.3 -69.5 119.1   -5.1   47.7  -17.4               
  351  351 A Y        -     0   0  207     -2,-0.4     2,-0.5     2,-0.0    -2,-0.0  -0.810  14.3-164.3 -78.5 131.0   -2.7   49.6  -19.7               
  352  352 A R        -     0   0  204     -2,-0.5     2,-0.3     2,-0.0    -2,-0.0  -0.935   5.8-150.4-121.2 110.3   -4.3   52.9  -20.6               
  353  353 A D        +     0   0  131     -2,-0.5     2,-0.1     1,-0.0    -2,-0.0  -0.578  24.7 163.8 -63.8 129.9   -2.9   54.9  -23.5               
  354  354 A Y        +     0   0  203     -2,-0.3     2,-0.3     2,-0.0    -2,-0.0  -0.684  14.5 176.6-138.0  90.6   -3.2   58.6  -23.3               
  355  355 A G        +     0   0   65     -2,-0.1     2,-0.3     0, 0.0    -2,-0.0  -0.724   2.2 178.3 -76.7 141.9   -0.8   59.9  -25.9               
  356  356 A H        -     0   0  178     -2,-0.3    -2,-0.0     0, 0.0     0, 0.0  -0.845  30.5 -59.4-149.5 123.9   -0.7   63.7  -26.5               
  357  357 A S        -     0   0   82     -2,-0.3     0, 0.0     1,-0.1     0, 0.0   0.643  40.7-104.3  33.3 103.3    1.4   65.9  -28.8               
  358  358 A S        -     0   0   97      0, 0.0     2,-0.3     0, 0.0    -1,-0.1   0.124  23.0-176.5  13.3 116.6    4.9   66.8  -29.5               
  359  359 A W        -     0   0  245      0, 0.0     2,-0.1     0, 0.0     0, 0.0  -0.838  16.4-175.3-139.7 128.8    6.6   70.0  -28.5               
  360  360 A D        +     0   0  135     -2,-0.3     0, 0.0     1,-0.0     0, 0.0  -0.263  22.5  60.7 -88.3-178.2   10.2   70.3  -29.7               
  361  361 A E        +     0   0  155     -2,-0.1    -1,-0.0     0, 0.0     0, 0.0   0.961  45.2   7.9  77.2 122.9   12.9   72.9  -29.2               
  362  362 A H        +     0   0  156      2,-0.0     0, 0.0     0, 0.0     0, 0.0   0.918  38.1  51.2  86.0 133.0   15.4   74.9  -27.2               
  363  363 A S        -     0   0  100      1,-0.1     0, 0.0     0, 0.0     0, 0.0   0.883  28.1-141.8  74.8  77.6   17.7   76.4  -24.6               
  364  364 A S        +     0   0  109      2,-0.0     2,-0.1     0, 0.0    -1,-0.1   0.203  19.6 168.6  33.1  98.3   20.0   75.7  -22.1               
  365  365 A R        +     0   0  223      2,-0.0     2,-0.2     0, 0.0     0, 0.0  -0.321   3.0 174.1 174.3 132.8   20.5   77.2  -18.7               
  366  366 A G        +     0   0   70     -2,-0.1     2,-0.4     2,-0.0    -2,-0.0  -0.920   6.8 160.9 120.3  43.6   22.4   76.2  -16.3               
  367  367 A Y        -     0   0  202     -2,-0.2     2,-0.4     2,-0.0    -2,-0.0  -0.982   9.6-175.1-133.9 126.7   23.3   77.7  -12.9               
  368  368 A S        -     0   0  108     -2,-0.4     2,-0.3     0, 0.0    -2,-0.0  -0.922   4.9-178.1 -98.5 140.6   24.7   76.0   -9.8               
  369  369 A Y        -     0   0  225     -2,-0.4     2,-0.1     2,-0.1    -2,-0.0  -0.962   7.3-159.0-133.1 156.6   25.2   77.7   -6.5               
  370  370 A H        +     0   0  156     -2,-0.3     0, 0.0     2,-0.0     0, 0.0  -0.327  26.3  94.7-105.2-171.5   26.6   76.3   -3.3               
  371  371 A D        -     0   0  127     -2,-0.1    -2,-0.1     0, 0.0     2,-0.0   0.431  26.5-155.8  69.4 156.0   26.5   77.3    0.4               
  372  372 A G        +     0   0   54      0, 0.0    -2,-0.0     0, 0.0     0, 0.0   0.170  25.8  90.0 156.5 132.5   25.7   77.5    3.4               
  373  373 A Y        +     0   0  236      1,-0.1     0, 0.0    -2,-0.0     0, 0.0   0.255  33.4 138.8  65.6 174.1   24.9   78.4    7.1               
  374  374 A G        -     0   0   65      0, 0.0     2,-0.1     0, 0.0    -1,-0.1   0.469  19.2-155.6  87.8 125.4   22.0   80.0    9.1               
  375  375 A E        +     0   0  197      0, 0.0     0, 0.0     0, 0.0     0, 0.0   0.379  11.9  99.8  65.5 143.3   20.0   80.1   11.7               
  376  376 A A        -     0   0   75     -2,-0.1     0, 0.0     0, 0.0     0, 0.0   0.657  18.3 -11.4-168.0 163.6   17.4   80.8   13.4               
  377  377 A L        +     0   0  171      0, 0.0     2,-0.0     0, 0.0     0, 0.0   0.600  14.5 166.0  66.3 144.9   14.1   81.5   15.3               
  378  378 A G        -     0   0   62      0, 0.0     0, 0.0     0, 0.0     0, 0.0   0.594  13.7-144.2 149.7 165.1   11.3   80.8   16.3               
  379  379 A R        +     0   0  218     -2,-0.0     2,-0.0     0, 0.0     0, 0.0   0.630  19.1 172.9  72.5 143.7    8.1   81.1   18.5               
  380  380 A D        -     0   0  132      0, 0.0     0, 0.0     0, 0.0     0, 0.0   0.754  23.4-149.2-179.6-173.4    5.8   79.4   19.9               
  381  381 A H        +     0   0  164     -2,-0.0     0, 0.0     0, 0.0     0, 0.0   0.868  39.6  98.8  84.7  91.6    2.7   78.5   22.0               
  382  382 A S        -     0   0   92      0, 0.0     0, 0.0     0, 0.0     0, 0.0   0.938  40.9 -65.8 103.8 144.3    1.7   75.8   23.7               
  383  383 A E        -     0   0  165      0, 0.0     0, 0.0     0, 0.0     0, 0.0   0.870  33.6 -94.9-166.6 169.9    0.9   73.2   25.6               
  384  384 A H        +     0   0  150      0, 0.0     0, 0.0     0, 0.0     0, 0.0   0.856  31.4  51.2-157.2-164.9    2.0   70.8   27.6               
  385  385 A L        +     0   0  147      0, 0.0     0, 0.0     0, 0.0     0, 0.0   0.753  43.3  79.9  85.4 135.8    3.2   67.6   29.7               
  386  386 A S        -     0   0  131      2,-0.1     2,-0.0     0, 0.0     0, 0.0   0.936  57.9-126.7  70.0 107.0    5.6   64.6   29.9               
  387  387 A G        -     0   0   77      1,-0.1     2,-0.3     0, 0.0     0, 0.0   0.037  15.6-122.2 153.4 105.0    8.6   64.9   30.9               
  388  388 A S        -     0   0  109      1,-0.2    -1,-0.1    -2,-0.0    -2,-0.1  -0.652  42.0 -67.6 -98.5 144.3   12.4   64.6   31.1               
  389  389 A S        -     0   0   89     -2,-0.3    -1,-0.2     1,-0.0     2,-0.2   0.627  27.2-172.0  30.2 127.6   15.2   63.3   33.2               
  390  390 A Y        -     0   0  215      1,-0.1    -1,-0.0     2,-0.1     0, 0.0  -0.595  24.9-100.6-158.4 122.3   16.9   63.8   36.6               
  391  391 A R        +     0   0  200     -2,-0.2    -1,-0.1     0, 0.0     0, 0.0   0.922  32.4 122.8  66.0 150.7   20.0   62.4   38.3               
  392  392 A D        +     0   0  130      0, 0.0    -2,-0.1     0, 0.0     0, 0.0   0.811  27.0  26.3  66.1 142.2   22.1   60.2   40.6               
  393  393 A A        -     0   0   84      0, 0.0     0, 0.0     0, 0.0     0, 0.0   0.812  25.7-142.8-153.8 176.4   24.4   58.2   41.4               
  394  394 A L        +     0   0  139      0, 0.0     0, 0.0     0, 0.0     0, 0.0   0.118  18.7 127.5 -52.1 158.9   27.8   56.2   41.3               
  395  395 A Q        -     0   0  154      0, 0.0     0, 0.0     0, 0.0     0, 0.0   0.499  34.0 -27.0-172.1 157.1   29.9   53.5   41.6               
  396  396 A R        -     0   0  224      0, 0.0     2,-0.0     0, 0.0     0, 0.0   0.914  27.2-120.1  63.2 115.1   32.5   51.0   40.2               
  397  397 A Y        +     0   0  236      2,-0.0     0, 0.0     0, 0.0     0, 0.0   0.254  19.7 175.9  61.2 113.5   34.1   49.2   37.7               
  398  398 A G        -     0   0   79     -2,-0.0     0, 0.0     0, 0.0     0, 0.0   0.136  20.3-156.3-179.9  43.4   34.5   45.3   37.4               
  399  399 A T        +     0   0  137      2,-0.0     2,-0.1     0, 0.0    -2,-0.0   0.140  28.8 117.3 -16.4 125.2   36.3   43.8   34.3               
  400  400 A S        -     0   0  116      2,-0.0     2,-0.4     0, 0.0     0, 0.0  -0.263  25.5-167.9 176.8 142.5   36.2   40.6   32.4               
  401  401 A H        +     0   0  209     -2,-0.1     2,-0.3     2,-0.0    -2,-0.0  -0.893  12.3 179.9-100.2 140.8   35.4   39.0   29.1               
  402  402 A G        -     0   0   78     -2,-0.4    -2,-0.0     2,-0.0     0, 0.0  -0.996  14.0-152.4-139.2 138.3   35.2   35.1   28.6               
  403  403 A A        -     0   0   96     -2,-0.3    -2,-0.0     0, 0.0     0, 0.0  -0.784  19.6-126.1-113.7 151.9   34.4   33.4   25.2               
  404  404 A P        -     0   0  123      0, 0.0     2,-0.1     0, 0.0    -2,-0.0  -0.693  59.8 -88.7 -83.0 152.2   32.9   30.3   23.7               
  405  405 A P        -     0   0  122      0, 0.0     0, 0.0     0, 0.0     0, 0.0  -0.256  43.1 -49.4 -96.1 157.4   35.5   28.8   21.2               
  406  406 A A        -     0   0  100      1,-0.2     2,-0.5    -2,-0.1     0, 0.0   0.730  43.8-105.8  32.1 124.1   37.0   28.6   17.8               
  407  407 A R        -     0   0  252      3,-0.0    -1,-0.2     1,-0.0     3,-0.0  -0.622  27.7-147.2 -69.3 122.1   35.9   28.1   14.2               
  408  408 A G        -     0   0   64     -2,-0.5     2,-0.2     1,-0.1    -1,-0.0  -0.698  32.4-103.6 -77.8 142.9   36.6   24.6   12.7               
  409  409 A P        -     0   0  114      0, 0.0     2,-0.6     0, 0.0    -1,-0.1  -0.490  27.0-127.8 -69.4 134.4   37.3   24.8    8.9               
  410  410 A R        -     0   0  246     -2,-0.2    -3,-0.0     1,-0.1     2,-0.0  -0.758  34.0-109.9 -80.8 120.9   34.5   23.7    6.6               
  411  411 A M        -     0   0  145     -2,-0.6     2,-1.0     1,-0.1    -1,-0.1  -0.244  27.5-132.7 -52.6 125.2   35.9   21.1    4.2               
  412  412 A S        -     0   0  117      1,-0.1     2,-1.8     2,-0.1    -1,-0.1  -0.740  14.2-164.6 -88.9 100.3   36.1   22.5    0.6               
  413  413 A Y        -     0   0  230     -2,-1.0     2,-1.7     2,-0.1    -1,-0.1  -0.617  13.3-169.8 -78.3  78.1   34.7   20.1   -1.9               
  414  414 A G        -     0   0   60     -2,-1.8     2,-1.4     1,-0.1    -2,-0.1  -0.581   3.8-170.4 -70.6  82.7   36.3   21.9   -4.9               
  415  415 A G        +     0   0   87     -2,-1.7     2,-0.5     1,-0.0    -2,-0.1  -0.656  24.3 164.4 -75.0  88.0   34.5   20.0   -7.8               
  416  416 A S        -     0   0   98     -2,-1.4    -2,-0.1     1,-0.2    -1,-0.0  -0.952  31.6 -53.5-125.2 117.9   36.6   21.5  -10.6               
  417  417 A T        -     0   0  122     -2,-0.5    -1,-0.2     1,-0.1     2,-0.1   0.925  46.5 -98.1  57.0 116.3   37.2   20.5  -14.2               
  418  418 A C        -     0   0  120      2,-0.0     2,-0.4     1,-0.0    -1,-0.1  -0.320  27.6-173.8 -50.7 130.9   38.1   17.5  -16.3               
  419  419 A H        -     0   0  171     -2,-0.1     2,-0.5     2,-0.1    -1,-0.0  -0.999  12.6-152.6-120.0 133.1   41.7   17.0  -17.6               
  420  420 A A        +     0   0   93     -2,-0.4     2,-0.3     2,-0.0    -2,-0.0  -0.909  22.0 163.7 -96.1 128.1   42.2   14.0  -20.0               
  421  421 A Y        -     0   0  222     -2,-0.5     2,-0.5     2,-0.0    -2,-0.1  -0.948  17.3-159.6-138.5 125.7   45.6   12.3  -20.2               
  422  422 A S        +     0   0  110     -2,-0.3     2,-0.2     0, 0.0    -2,-0.0  -0.897  25.0 123.4 -94.5 131.9   46.1    8.9  -21.8               
  423  423 A N        -     0   0  146     -2,-0.5    -2,-0.0     1,-0.1     0, 0.0  -0.600  32.6 -15.6-172.3 160.5   48.7    6.4  -21.4               
  424  424 A T        -     0   0  107     -2,-0.2    -1,-0.1     0, 0.0     0, 0.0   0.900  33.0-105.8  51.6 118.0   50.0    2.9  -20.6               
  425  425 A R        +     0   0  208      0, 0.0     2,-0.0     0, 0.0     0, 0.0   0.655  14.0 165.9  62.4 135.1   49.9   -0.3  -19.3               
  426  426 A D        +     0   0  103      0, 0.0     0, 0.0     0, 0.0     0, 0.0   0.585  30.7  19.9-129.5-163.5   50.4   -3.0  -17.5               
  427  427 A R        -     0   0  226     -2,-0.0     0, 0.0     0, 0.0     0, 0.0   0.745  25.6-154.3-160.5 146.6   49.8   -6.1  -16.4               
  428  428 A Y        +     0   0  229      1,-0.0     0, 0.0     0, 0.0     0, 0.0   0.219  18.0 155.1 -28.9 153.1   48.2   -9.7  -17.0               
  429  429 A G        -     0   0   61      0, 0.0    -1,-0.0     0, 0.0     0, 0.0   0.430  40.3 -38.8 167.5  77.9   47.0  -12.5  -14.8               
  430  430 A R        -     0   0  246      0, 0.0     2,-0.1     0, 0.0     0, 0.0   0.707  30.8-141.2  67.6 131.5   44.4  -15.4  -15.5               
  431  431 A S        +     0   0   96      1,-0.0     0, 0.0     0, 0.0     0, 0.0  -0.097  31.1  39.7 100.3 106.5   41.5  -16.7  -16.7               
  432  432 A W        +     0   0  235     -2,-0.1    -1,-0.0     0, 0.0     0, 0.0   0.876  26.6 112.0  44.4 138.9   38.5  -19.0  -16.3               
  433  433 A E        -     0   0  157      0, 0.0     0, 0.0     0, 0.0     0, 0.0   0.794  26.9 -32.8-163.2-176.6   35.9  -20.6  -14.8               
  434  434 A S        -     0   0   72      0, 0.0     0, 0.0     0, 0.0     0, 0.0   0.772  25.0 -60.3-159.3-167.0   32.7  -21.3  -14.2               
  435  435 A Y        +     0   0  205      0, 0.0     0, 0.0     0, 0.0     0, 0.0   0.540  28.7 121.1  12.4 122.3   28.8  -21.7  -13.7               
  436  436 A S        -     0   0  117      1,-0.1     0, 0.0     2,-0.1     0, 0.0   0.213  36.5 -46.4 167.8 143.9   25.9  -20.8  -11.9               
  437  437 A S        +     0   0  113      0, 0.0    -1,-0.1     0, 0.0     0, 0.0   0.749  51.5  75.1  76.7 141.6   22.3  -19.4  -11.6               
  438  438 A C        -     0   0  124      0, 0.0     2,-0.1     0, 0.0    -2,-0.1   0.912  35.3-171.1  53.4 124.4   19.7  -16.6  -12.4               
  439  439 A G        -     0   0   75      0, 0.0     2,-0.3     0, 0.0     0, 0.0  -0.188  17.6-160.4 121.8 100.2   18.0  -15.8  -14.9               
  440  440 A D        -     0   0  165     -2,-0.1     2,-0.3     0, 0.0     0, 0.0  -0.953  23.4-133.5-152.0 139.5   15.6  -13.3  -16.6               
  441  441 A F        -     0   0  207     -2,-0.3     2,-0.1     1,-0.1     0, 0.0  -0.699  25.7-105.6 -97.5 147.2   13.2  -13.9  -19.6               
  442  442 A H        +     0   0  169     -2,-0.3     2,-0.3     2,-0.0    -1,-0.1  -0.368  27.9 180.0 -64.3 142.9   12.8  -11.7  -22.7               
  443  443 A Y        +     0   0  208     -2,-0.1     2,-0.4     2,-0.0    -1,-0.0  -0.920  11.9 170.1-135.3 119.0    9.9   -9.4  -23.4               
  444  444 A C        +     0   0  110     -2,-0.3     2,-0.3     0, 0.0    -2,-0.0  -0.872   6.3 174.9-134.2 101.0   10.2   -7.6  -26.8               
  445  445 A D        -     0   0  118     -2,-0.4    -2,-0.0     1,-0.2     0, 0.0  -0.976  19.9 -31.6-140.0 142.0    7.3   -5.6  -28.2               
  446  446 A R        +     0   0  212     -2,-0.3    -1,-0.2     0, 0.0     0, 0.0   0.860  39.9  76.3-160.6-162.7    7.0   -3.7  -30.8               
  447  447 A E        +     0   0  139      0, 0.0    -2,-0.0     0, 0.0     0, 0.0   0.710  38.2  83.1  72.5 125.3    6.9   -1.3  -33.9               
  448  448 A H        -     0   0  160      0, 0.0     0, 0.0     0, 0.0     0, 0.0   0.529  42.8-128.4-151.5 138.5    7.7   -0.7  -37.0               
  449  449 A V        +     0   0  117      0, 0.0     0, 0.0     0, 0.0     0, 0.0   0.874  28.0  87.6  58.6 130.6    6.4   -1.5  -40.4               
  450  450 A C        +     0   0  113      0, 0.0     2,-0.0     0, 0.0     0, 0.0   0.565  24.8  50.3  71.0 146.6    7.0   -2.8  -44.0               
  451  451 A R        -     0   0  218      0, 0.0     0, 0.0     0, 0.0     0, 0.0   0.768  34.8 -91.1-147.1 169.4    7.3   -4.6  -46.6               
  452  452 A K        +     0   0  179     -2,-0.0     2,-0.1     2,-0.0     0, 0.0   0.559  31.1 118.9  13.4 138.0    6.0   -7.3  -49.2               
  453  453 A D        -     0   0  140      2,-0.0     2,-0.3     0, 0.0     0, 0.0  -0.046  27.9-138.7-157.0-175.5    5.6  -10.1  -50.5               
  454  454 A Q        +     0   0  168     -2,-0.1     2,-0.2     2,-0.0    -2,-0.0  -0.661  30.7 130.3 -93.3 140.5    2.8  -12.6  -51.6               
  455  455 A R        -     0   0  253     -2,-0.3    -2,-0.0     2,-0.0     0, 0.0  -0.711  36.9-133.7-168.1 147.0    2.0  -16.3  -51.6               
  456  456 A N        -     0   0  165     -2,-0.2    -2,-0.0     1,-0.1     0, 0.0  -0.463  18.4-122.5 -93.2 161.6   -1.2  -18.2  -50.5               
  457  457 A P        -     0   0  103      0, 0.0     2,-0.2     0, 0.0    -1,-0.1  -0.451  20.4-106.6 -94.7 168.4   -1.6  -21.4  -48.3               
  458  458 A P        -     0   0  131      0, 0.0     2,-0.4     0, 0.0     0, 0.0  -0.658  38.7-130.1 -82.9 153.9   -3.3  -24.9  -48.7               
  459  459 A S        -     0   0  114     -2,-0.2     2,-0.3     0, 0.0     0, 0.0  -0.894  16.5-161.9-112.7 137.1   -6.6  -25.5  -46.8               
  460  460 A L        -     0   0  186     -2,-0.4     0, 0.0     1,-0.1     0, 0.0  -0.939  36.9 -36.4-146.4 138.0   -7.8  -28.3  -44.5               
  461  461 A G        -     0   0   67     -2,-0.3     2,-0.5     1,-0.1    -1,-0.1   0.454  13.7-170.3-174.0 131.2  -10.7  -29.0  -43.7               
  462  462 A R        +     0   0  251      2,-0.0     2,-0.3     0, 0.0    -1,-0.1  -0.780  30.0 175.2 -82.3 131.1  -14.5  -28.9  -42.8               
  463  463 A V        -     0   0  137     -2,-0.5     0, 0.0     0, 0.0     0, 0.0  -0.980  22.1-132.1-130.3 139.6  -16.1  -32.2  -41.7               
  464  464 A L        -     0   0  136     -2,-0.3     2,-0.6     1,-0.0    -2,-0.0  -0.533  16.2-119.1 -77.3 153.6  -19.7  -32.5  -40.4               
  465  465 A P        -     0   0  125      0, 0.0    -1,-0.0     0, 0.0     0, 0.0  -0.891  38.6-137.2 -78.4 120.8  -20.9  -34.3  -37.3               
  466  466 A D        -     0   0  148     -2,-0.6     2,-0.2     1,-0.1     0, 0.0  -0.460  20.0-120.4 -75.2 153.3  -23.2  -37.0  -38.8               
  467  467 A P        +     0   0  104      0, 0.0    -1,-0.1     0, 0.0     2,-0.0  -0.663  50.3  61.3 -98.4 162.2  -26.6  -37.7  -37.1               
  468  468 A R        +     0   0  232     -2,-0.2    -2,-0.0     1,-0.1     0, 0.0   0.161  40.0  90.1 106.7 150.0  -28.6  -40.6  -35.4               
  469  469 A E        +     0   0  192     -2,-0.0    -1,-0.1     0, 0.0     0, 0.0   0.786  50.1  40.1  68.9 126.9  -28.8  -43.2  -32.6               
  470  470 A A        -     0   0   84      0, 0.0    -2,-0.0     0, 0.0     0, 0.0   0.701  50.0-112.2-150.7 153.4  -29.8  -43.5  -29.7               
  471  471 A Y        +     0   0  242      1,-0.0     2,-0.1     0, 0.0     0, 0.0   0.639  34.8 142.6  25.3 118.8  -32.5  -43.0  -27.0               
  472  472 A G        -     0   0   79      0, 0.0    -1,-0.0     0, 0.0     0, 0.0  -0.426  36.7-112.2 178.1 107.3  -32.5  -40.9  -23.7               
  473  473 A S        +     0   0  125     -2,-0.1     2,-0.0     2,-0.0     0, 0.0  -0.063  49.5  74.6 -57.6 160.8  -35.4  -38.9  -22.1               
  474  474 A S        -     0   0  121      0, 0.0     2,-0.2     0, 0.0     0, 0.0   0.559  34.3-155.9-149.5 170.5  -36.8  -36.2  -21.2               
  475  475 A S        -     0   0   90      1,-0.0     2,-0.6    -2,-0.0    -2,-0.0  -0.533  20.5-131.9 -97.2 149.9  -38.7  -33.2  -22.7               
  476  476 A Y        +     0   0  242     -2,-0.2     2,-0.3     2,-0.0    -1,-0.0  -0.841  48.9 147.4 -82.9 115.0  -39.6  -29.5  -22.1               
  477  477 A V        -     0   0  126     -2,-0.6     2,-0.2     2,-0.0    -2,-0.0  -0.982  24.4-166.1-147.6 152.8  -43.4  -29.2  -22.8               
  478  478 A A        +     0   0   92     -2,-0.3    -2,-0.0     0, 0.0     0, 0.0  -0.719  28.3  74.6-118.7 177.6  -46.3  -27.1  -21.4               
  479  479 A S        +     0   0  106     -2,-0.2    -2,-0.0     0, 0.0     0, 0.0   0.618  41.5  48.3  98.8 135.6  -50.2  -26.9  -21.4               
  480  480 A I        -     0   0  153      0, 0.0     0, 0.0     0, 0.0     0, 0.0   0.959  39.6-118.6  70.5  99.5  -53.6  -28.1  -20.3               
  481  481 A V        +     0   0  122      0, 0.0     0, 0.0     0, 0.0     0, 0.0   0.999  21.5 144.5  98.8 159.9  -55.8  -29.1  -17.7               
  482  482 A D        -     0   0  163      0, 0.0     2,-0.0     0, 0.0     0, 0.0   0.403  14.8-152.0  68.5 153.7  -58.2  -31.5  -15.7               
  483  483 A G        +     0   0   68      2,-0.0     0, 0.0     0, 0.0     0, 0.0   0.378  22.7 160.9 162.6 139.7  -59.5  -32.7  -13.2               
  484  484 A G        -     0   0   81     -2,-0.0     2,-0.1     2,-0.0     0, 0.0   0.414  22.0-123.2  84.0 132.0  -61.2  -34.4  -10.1               
  485  485 A E        -     0   0  148      0, 0.0     2,-0.2     0, 0.0    -2,-0.0  -0.142   7.6-166.3  99.3 101.1  -61.9  -34.7   -6.8               
  486  486 A S        -     0   0  108     -2,-0.1     2,-0.0     0, 0.0    -2,-0.0  -0.614  24.3-135.2-165.7 120.9  -61.9  -36.6   -3.5               
  487  487 A R        +     0   0  207     -2,-0.2     0, 0.0     1,-0.0     0, 0.0   0.459  19.2  71.4  60.4 135.4  -63.4  -36.3   -0.4               
  488  488 A S        +     0   0  107     -2,-0.0     2,-0.2     2,-0.0    -1,-0.0   0.467  21.7  64.0-172.0 135.7  -63.8  -36.2    2.7               
  489  489 A E        +     0   0  198      0, 0.0     2,-0.2     0, 0.0     0, 0.0  -0.676  26.0 148.2-167.3 138.2  -64.2  -35.7    6.5               
  490  490 A K        +     0   0  211     -2,-0.2     2,-0.3     2,-0.0    -2,-0.0  -0.704  17.6 149.6-161.4 109.8  -65.9  -33.2    8.8               
  491  491 A G        -     0   0   63     -2,-0.2     2,-0.1     2,-0.0     0, 0.0  -0.841  28.9-132.9-162.2 120.0  -67.4  -33.7   12.2               
  492  492 A D        +     0   0  161     -2,-0.3     2,-0.2     2,-0.0    -2,-0.0  -0.030  17.7 172.4  61.2  91.4  -68.1  -32.2   15.2               
  493  493 A S        +     0   0  115     -2,-0.1     2,-0.3     0, 0.0    -2,-0.0  -0.812  13.8 155.7-146.7 137.7  -67.7  -33.1   18.7               
  494  494 A S        +     0   0   93     -2,-0.2    -2,-0.0     1,-0.1     2,-0.0  -0.966  31.5  65.7-145.9 154.0  -68.3  -30.6   21.6               
  495  495 A R              0   0  223     -2,-0.3    -1,-0.1     1,-0.1     0, 0.0   0.299 360.0 360.0  72.9 143.7  -69.3  -31.3   25.3               
  496  496 A Y              0   0  293     -2,-0.0    -1,-0.1     0, 0.0     0, 0.0   0.600 360.0 360.0-120.0 360.0  -68.5  -32.6   28.0               
