==== Secondary Structure Definition by the program DSSP, CMBI version 2.0                          ==== DATE=2026-03-08        .
REFERENCE W. KABSCH AND C.SANDER, BIOPOLYMERS 22 (1983) 2577-2637                                                              .
HEADER                                            01-AUG-25                                                                    .
COMPND    MOL_ID: 1; MOLECULE: SERINE/ARGININE-RICH SPLICING FACTOR 7; CHAIN: A                                                .
SOURCE    MOL_ID: 1; ORGANISM_SCIENTIFIC: HOMO SAPIENS; ORGANISM_TAXID: 9606                                                   .
AUTHOR                                                                                                                         .
  238  1  0  0  0 TOTAL NUMBER OF RESIDUES, NUMBER OF CHAINS, NUMBER OF SS-BRIDGES(TOTAL,INTRACHAIN,INTERCHAIN)                .
 28671.3   ACCESSIBLE SURFACE OF PROTEIN (ANGSTROM**2)                                                                         .
   84 35.3   TOTAL NUMBER OF HYDROGEN BONDS OF TYPE O(I)-->H-N(J)  , SAME NUMBER PER 100 RESIDUES                              .
    0  0.0   TOTAL NUMBER OF HYDROGEN BONDS IN     PARALLEL BRIDGES, SAME NUMBER PER 100 RESIDUES                              .
   23  9.7   TOTAL NUMBER OF HYDROGEN BONDS IN ANTIPARALLEL BRIDGES, SAME NUMBER PER 100 RESIDUES                              .
    1  0.4   TOTAL NUMBER OF HYDROGEN BONDS OF TYPE O(I)-->H-N(I-5), SAME NUMBER PER 100 RESIDUES                              .
    0  0.0   TOTAL NUMBER OF HYDROGEN BONDS OF TYPE O(I)-->H-N(I-4), SAME NUMBER PER 100 RESIDUES                              .
    1  0.4   TOTAL NUMBER OF HYDROGEN BONDS OF TYPE O(I)-->H-N(I-3), SAME NUMBER PER 100 RESIDUES                              .
    0  0.0   TOTAL NUMBER OF HYDROGEN BONDS OF TYPE O(I)-->H-N(I-2), SAME NUMBER PER 100 RESIDUES                              .
    0  0.0   TOTAL NUMBER OF HYDROGEN BONDS OF TYPE O(I)-->H-N(I-1), SAME NUMBER PER 100 RESIDUES                              .
    0  0.0   TOTAL NUMBER OF HYDROGEN BONDS OF TYPE O(I)-->H-N(I+0), SAME NUMBER PER 100 RESIDUES                              .
    0  0.0   TOTAL NUMBER OF HYDROGEN BONDS OF TYPE O(I)-->H-N(I+1), SAME NUMBER PER 100 RESIDUES                              .
   22  9.2   TOTAL NUMBER OF HYDROGEN BONDS OF TYPE O(I)-->H-N(I+2), SAME NUMBER PER 100 RESIDUES                              .
   16  6.7   TOTAL NUMBER OF HYDROGEN BONDS OF TYPE O(I)-->H-N(I+3), SAME NUMBER PER 100 RESIDUES                              .
   21  8.8   TOTAL NUMBER OF HYDROGEN BONDS OF TYPE O(I)-->H-N(I+4), SAME NUMBER PER 100 RESIDUES                              .
    0  0.0   TOTAL NUMBER OF HYDROGEN BONDS OF TYPE O(I)-->H-N(I+5), SAME NUMBER PER 100 RESIDUES                              .
  1  2  3  4  5  6  7  8  9 10 11 12 13 14 15 16 17 18 19 20 21 22 23 24 25 26 27 28 29 30     *** HISTOGRAMS OF ***           .
  0  0  0  0  0  0  0  0  1  0  1  0  0  0  0  0  0  0  0  0  0  0  0  0  0  0  0  0  0  0    RESIDUES PER ALPHA HELIX         .
  0  0  0  0  0  0  0  0  0  0  0  0  0  0  0  0  0  0  0  0  0  0  0  0  0  0  0  0  0  0    PARALLEL BRIDGES PER LADDER      .
  1  1  0  2  0  1  0  0  0  0  0  0  0  0  0  0  0  0  0  0  0  0  0  0  0  0  0  0  0  0    ANTIPARALLEL BRIDGES PER LADDER  .
  1  0  1  0  0  0  0  0  0  0  0  0  0  0  0  0  0  0  0  0  0  0  0  0  0  0  0  0  0  0    LADDERS PER SHEET                .
  #  RESIDUE AA STRUCTURE BP1 BP2  ACC     N-H-->O    O-->H-N    N-H-->O    O-->H-N    TCO  KAPPA ALPHA  PHI   PSI    X-CA   Y-CA   Z-CA            CHAIN
    1    1 A M              0   0  237      0, 0.0     0, 0.0     0, 0.0     0, 0.0   0.000 360.0 360.0 360.0 128.2   21.0   -7.2   -1.6               
    2    2 A S        -     0   0  107      0, 0.0     3,-0.2     0, 0.0     0, 0.0   0.311 360.0-174.7 150.3  82.1   17.3   -6.3   -1.0               
    3    3 A R        +     0   0  248      1,-0.2     2,-0.3     2,-0.1     3,-0.2   0.434  69.5  81.7 -77.0   4.7   15.0   -9.4   -1.5               
    4    4 A Y        +     0   0  184      1,-0.2     4,-0.3     2,-0.1    -1,-0.2  -0.233  59.7 118.5 -97.1  39.5   11.7   -7.5   -1.0               
    5    5 A G        +     0   0   28     -2,-0.3    -1,-0.2    -3,-0.2    -2,-0.1   0.341  67.5  38.2 -98.7   3.7   11.7   -6.3   -4.7               
    6    6 A R  S    S+     0   0  223     -3,-0.2     3,-0.1     0, 0.0    -1,-0.1   0.649 119.6  34.0-126.7 -23.5    8.6   -7.7   -6.4               
    7    7 A Y  S >> S+     0   0  136      1,-0.1     3,-2.0     2,-0.1     4,-1.1   0.274  77.4 113.7-115.6   4.3    5.6   -7.6   -3.9               
    8    8 A G  T 34 S+     0   0   57     -4,-0.3    -1,-0.1     1,-0.3    -3,-0.1   0.367  79.0  50.2 -69.7   4.0    6.5   -4.3   -2.0               
    9    9 A G  T 34 S+     0   0   26     -3,-0.1    75,-0.6     2,-0.1    -1,-0.3   0.505 106.6  53.7-105.5 -14.3    3.4   -2.5   -3.3               
   10   10 A E  T <4 S+     0   0   88     -3,-2.0    -2,-0.2     1,-0.2    72,-0.1   0.664  99.0  60.2 -99.0 -17.7    0.8   -5.3   -2.4               
   11   11 A T  S  < S+     0   0   15     -4,-1.1    43,-3.0    49,-0.1     2,-0.6   0.550  87.5  88.0 -84.9 -10.6    1.7   -5.7    1.3               
   12   12 A K  E     -A   53   0A  83     70,-0.3    70,-2.6    41,-0.2     2,-0.4  -0.842  58.5-167.2 -99.6 124.6    0.8   -2.0    2.2               
   13   13 A V  E     -AB  52  81A   0     39,-3.5    39,-2.7    -2,-0.6     2,-0.4  -0.880  10.3-146.9-109.3 130.1   -2.8   -1.2    3.1               
   14   14 A Y  E     -AB  51  80A  59     66,-3.5    66,-2.8    -2,-0.4     2,-0.5  -0.851  11.1-163.0 -92.8 136.1   -4.1    2.4    3.3               
   15   15 A V  E     +AB  50  79A   0     35,-3.1    35,-2.9    -2,-0.4    64,-0.2  -0.975  13.5 177.3-125.8 109.9   -6.8    3.0    5.9               
   16   16 A G  E     + B   0  78A   0     62,-3.3    62,-2.5    -2,-0.5    33,-0.2  -0.667  52.9  40.6-107.4 169.5   -8.9    6.2    5.6               
   17   17 A N        +     0   0   91     31,-0.5     2,-0.5    60,-0.2    32,-0.2   0.825  65.8 170.3  60.0  38.5  -11.8    7.8    7.5               
   18   18 A L        -     0   0   13     30,-2.4    -1,-0.2    -3,-0.2    55,-0.1  -0.685  33.2-125.3 -73.8 120.4  -10.5    6.8   11.0               
   19   19 A G    >   -     0   0   16     -2,-0.5     3,-2.3    53,-0.4    29,-0.1  -0.202  32.3 -94.3 -58.5 160.9  -12.7    8.6   13.6               
   20   20 A T  T 3  S+     0   0  164      1,-0.3    -1,-0.1    27,-0.1    53,-0.1   0.630 127.5  48.4 -56.8 -13.9  -10.9   10.8   16.2               
   21   21 A G  T 3  S+     0   0   58     52,-0.2     2,-1.5    51,-0.1    -1,-0.3   0.436  77.7 108.7-103.1  -4.8  -10.9    7.7   18.5               
   22   22 A A    <   +     0   0   10     -3,-2.3    26,-0.1    50,-0.1     2,-0.1  -0.570  51.5 174.7 -82.3  87.2   -9.5    5.0   16.1               
   23   23 A G    >>  -     0   0   37     -2,-1.5     4,-1.7     1,-0.0     3,-1.0  -0.271  47.7 -86.4 -83.8 176.5   -6.0    4.5   17.6               
   24   24 A K  H 3> S+     0   0  115      1,-0.3     4,-3.0     2,-0.2     5,-0.2   0.851 123.3  58.1 -51.3 -43.2   -3.2    2.0   16.8               
   25   25 A G  H 3> S+     0   0   32      2,-0.2     4,-2.2     1,-0.2    -1,-0.3   0.797 105.3  48.5 -64.4 -31.8   -4.6   -0.7   19.1               
   26   26 A E  H <> S+     0   0   58     -3,-1.0     4,-2.6     2,-0.2    -1,-0.2   0.921 114.3  45.3 -76.6 -41.2   -8.0   -0.8   17.3               
   27   27 A L  H  X S+     0   0    1     -4,-1.7     4,-3.1     2,-0.2     5,-0.4   0.947 112.6  52.3 -60.3 -47.7   -6.3   -1.1   13.8               
   28   28 A E  H  X S+     0   0   90     -4,-3.0     4,-2.5     1,-0.2    -2,-0.2   0.945 113.3  44.0 -57.8 -46.1   -3.9   -3.7   15.3               
   29   29 A R  H  X S+     0   0  163     -4,-2.2     4,-0.5     1,-0.2    -1,-0.2   0.906 117.6  44.5 -61.6 -46.5   -6.9   -5.8   16.6               
   30   30 A A  H  < S+     0   0   12     -4,-2.6     3,-0.4     1,-0.2     4,-0.2   0.889 120.6  38.4 -69.3 -41.5   -8.9   -5.4   13.4               
   31   31 A F  H >X S+     0   0    0     -4,-3.1     3,-1.6     1,-0.2     4,-1.2   0.826 104.7  67.7 -82.8 -30.3   -6.1   -6.1   10.9               
   32   32 A S  H 3< S+     0   0   73     -4,-2.5    -1,-0.2    -5,-0.4    -2,-0.2   0.662  89.8  68.1 -62.6 -17.9   -4.4   -8.9   13.1               
   33   33 A Y  T 3< S+     0   0  193     -4,-0.5    -1,-0.3    -3,-0.4    -2,-0.2   0.803 104.6  40.6 -67.1 -31.4   -7.5  -11.0   12.4               
   34   34 A Y  T <4 S-     0   0   59     -3,-1.6    -2,-0.2     1,-0.3    -1,-0.2   0.750 128.6 -41.6 -92.6 -27.9   -6.5  -11.3    8.7               
   35   35 A G  S  < S-     0   0   11     -4,-1.2    -1,-0.3    27,-0.1     2,-0.2  -0.966  74.8 -52.3 176.5 171.2   -2.8  -11.8    9.1               
   36   36 A P        -     0   0   66      0, 0.0    19,-1.9     0, 0.0     2,-0.5  -0.443  52.0-136.7 -63.8 127.9    0.6  -10.9   10.8               
   37   37 A L  E     -C   54   0A  44     -2,-0.2    17,-0.3    17,-0.2     3,-0.1  -0.770  17.3-170.8 -90.6 127.4    1.2   -7.1   10.7               
   38   38 A R  E    S-     0   0A 131     15,-2.5     2,-0.3    -2,-0.5    16,-0.2   0.921  74.0  -5.3 -79.5 -51.4    4.8   -6.0    9.9               
   39   39 A T  E     -C   53   0A  71     14,-1.4    14,-3.1     2,-0.0     2,-0.5  -0.993  55.1-157.3-146.4 142.2    4.2   -2.3   10.7               
   40   40 A V  E     -C   52   0A  30     -2,-0.3     2,-0.5    12,-0.2    12,-0.2  -0.980  17.7-179.7-118.9 119.4    1.3   -0.1   11.7               
   41   41 A W  E     -C   51   0A 148     10,-3.2    10,-3.2    -2,-0.5     2,-0.6  -0.975  12.1-157.6-122.1 122.6    1.7    3.7   11.0               
   42   42 A I  E     -C   50   0A  50     -2,-0.5     2,-0.7     8,-0.3     8,-0.3  -0.882  11.3-144.0-102.0 121.3   -1.0    6.3   11.8               
   43   43 A A  E     -C   49   0A  11      6,-1.7     6,-1.1    -2,-0.6     5,-0.5  -0.731  15.6-176.3 -80.0 114.0   -0.9    9.5    9.9               
   44   44 A R        +     0   0  223     -2,-0.7    -1,-0.1     1,-0.2     6,-0.1   0.463  62.9  80.6 -85.1  -5.2   -1.9   12.3   12.4               
   45   45 A N  S    S+     0   0  155      1,-0.5    -1,-0.2     4,-0.1     3,-0.0  -0.812 100.7  24.1-150.9  99.6   -1.8   15.0    9.6               
   46   46 A P  S >  S-     0   0   81      0, 0.0     3,-0.6     0, 0.0    -1,-0.5   0.511 110.8-123.0 -67.1 151.8   -4.3   15.0    7.9               
   47   47 A P  T 3  S+     0   0  104      0, 0.0    -3,-0.2     0, 0.0   -30,-0.1  -0.457  87.3  42.9 -67.3 138.8   -6.4   13.4   10.8               
   48   48 A G  T 3  S+     0   0   17     -5,-0.5   -30,-2.4     1,-0.3   -31,-0.5   0.613  85.0 108.0 104.0  18.3   -8.1   10.0   10.0               
   49   49 A F  E <   + C   0  43A  47     -6,-1.1    -6,-1.7    -3,-0.6     2,-0.3  -0.965  33.5 168.5-126.7 144.3   -5.5    8.1    8.0               
   50   50 A A  E     -AC  15  42A   0    -35,-2.9   -35,-3.1    -2,-0.4     2,-0.4  -0.947  21.5-143.0-142.0 164.0   -3.3    5.0    8.7               
   51   51 A F  E     -AC  14  41A  44    -10,-3.2   -10,-3.2    -2,-0.3     2,-0.5  -1.000  11.8-166.2-129.5 130.3   -1.1    2.6    6.9               
   52   52 A V  E     -AC  13  40A   0    -39,-2.7   -39,-3.5    -2,-0.4     2,-0.5  -0.973   5.7-157.3-118.2 124.3   -0.8   -1.1    7.7               
   53   53 A E  E     -AC  12  39A  45    -14,-3.1   -15,-2.5    -2,-0.5   -14,-1.4  -0.948  12.1-159.0-101.6 122.3    2.0   -3.2    6.3               
   54   54 A F  E     - C   0  37A   1    -43,-3.0   -17,-0.2    -2,-0.5   -43,-0.1  -0.559  22.9-133.6 -89.2 157.9    1.3   -7.0    6.1               
   55   55 A E  S    S+     0   0  134    -19,-1.9    -1,-0.1    -2,-0.2   -18,-0.1   0.919  97.6  43.0 -70.8 -44.5    3.9   -9.7    5.9               
   56   56 A D  S  > S-     0   0   57    -20,-0.4     4,-1.5     1,-0.1    -1,-0.2  -0.822  70.5-147.6-106.4 135.7    1.8  -11.4    3.1               
   57   57 A P  H  > S+     0   0   22      0, 0.0     4,-2.0     0, 0.0     5,-0.1   0.805 101.0  60.5 -69.9 -26.4    0.2   -9.6    0.2               
   58   58 A R  H  > S+     0   0  172      2,-0.2     4,-2.4     1,-0.2     5,-0.2   0.950 104.8  47.3 -63.9 -45.4   -2.7  -12.2    0.2               
   59   59 A D  H  > S+     0   0   35      1,-0.2     4,-2.8     2,-0.2    -1,-0.2   0.855 109.6  54.5 -65.4 -35.9   -3.6  -11.2    3.8               
   60   60 A A  H  X S+     0   0    0     -4,-1.5     4,-2.2     2,-0.2    -1,-0.2   0.910 109.9  46.3 -62.6 -43.9   -3.5   -7.5    2.8               
   61   61 A E  H  X S+     0   0   85     -4,-2.0     4,-2.5     2,-0.2    -2,-0.2   0.921 114.9  46.4 -64.2 -44.6   -6.0   -8.2   -0.1               
   62   62 A D  H  X S+     0   0   82     -4,-2.4     4,-2.0     2,-0.2     5,-0.2   0.920 112.0  51.3 -66.3 -40.7   -8.3  -10.2    2.2               
   63   63 A A  H  X S+     0   0    0     -4,-2.8     4,-2.2     2,-0.2     5,-0.3   0.907 110.9  48.8 -60.5 -43.0   -8.0   -7.5    4.9               
   64   64 A V  H  X S+     0   0   18     -4,-2.2     4,-2.0     1,-0.2    -2,-0.2   0.948 113.2  46.6 -63.1 -46.9   -9.0   -4.8    2.3               
   65   65 A R  H  < S+     0   0  205     -4,-2.5    -1,-0.2     1,-0.2    -2,-0.2   0.795 121.1  37.8 -65.4 -32.6  -12.0   -6.9    1.1               
   66   66 A G  H  < S+     0   0   36     -4,-2.0    -1,-0.2    -5,-0.2    -2,-0.2   0.670 122.3  40.1 -92.8 -23.9  -13.2   -7.6    4.6               
   67   67 A L  H >< S+     0   0    1     -4,-2.2     3,-2.0    -5,-0.2     2,-0.2   0.622  83.3 107.9-104.4 -17.1  -12.4   -4.2    6.4               
   68   68 A D  T 3< S+     0   0   84     -4,-2.0    10,-0.2    -5,-0.3     3,-0.1  -0.445  95.2  11.0 -61.3 124.7  -13.4   -1.8    3.6               
   69   69 A G  T 3  S+     0   0   41      8,-2.3    -1,-0.3     1,-0.3     2,-0.1   0.389  93.0 144.8  82.8  -0.0  -16.7   -0.2    4.8               
   70   70 A K    <   -     0   0  106     -3,-2.0     7,-2.9     7,-0.3     2,-0.9  -0.438  52.7-124.8 -69.3 137.3  -16.4   -1.6    8.4               
   71   71 A V  E     -D   76   0B  90      5,-0.2     2,-0.5    -2,-0.1     5,-0.2  -0.771  32.8-179.9 -85.0 106.9  -17.6    0.8   11.1               
   72   72 A I  E >  S-D   75   0B   6      3,-2.4     3,-2.0    -2,-0.9   -53,-0.4  -0.954  72.4 -14.8-109.2 123.7  -14.7    1.3   13.6               
   73   73 A C  T 3  S-     0   0   79     -2,-0.5   -52,-0.2     1,-0.3    -1,-0.2   0.850 129.5 -53.3  50.6  40.6  -15.5    3.6   16.6               
   74   74 A G  T 3  S+     0   0   71      1,-0.2     2,-0.4    -3,-0.1    -1,-0.3   0.427 119.4 103.1  78.6   1.6  -18.7    4.9   14.8               
   75   75 A S  E <  S-D   72   0B  43     -3,-2.0    -3,-2.4   -56,-0.0     2,-0.7  -0.929  75.3-119.7-115.7 137.8  -16.8    5.9   11.6               
   76   76 A R  E     -D   71   0B 189     -2,-0.4     2,-0.3    -5,-0.2    -5,-0.2  -0.693  31.6-143.2 -74.1 114.4  -16.9    4.0    8.2               
   77   77 A V        -     0   0    3     -7,-2.9    -8,-2.3    -2,-0.7     2,-0.5  -0.580   3.7-147.9 -79.9 135.6  -13.3    3.0    7.5               
   78   78 A R  E     -B   16   0A 131    -62,-2.5   -62,-3.3    -2,-0.3     2,-0.5  -0.946  15.3-167.4-102.0 122.8  -12.1    3.1    3.9               
   79   79 A V  E     +B   15   0A   3     -2,-0.5     2,-0.4   -64,-0.2   -64,-0.2  -0.961  10.7 172.3-118.5 120.4   -9.5    0.4    3.2               
   80   80 A E  E     -B   14   0A  76    -66,-2.8   -66,-3.5    -2,-0.5     2,-0.4  -0.981  39.6-112.6-126.0 140.1   -7.5    0.5    0.0               
   81   81 A L  E     -B   13   0A  63     -2,-0.4     2,-1.4   -68,-0.2   -68,-0.3  -0.574  43.3-117.2 -59.6 120.7   -4.5   -1.5   -1.2               
   82   82 A S        -     0   0   17    -70,-2.6     2,-2.6    -2,-0.4   -70,-0.3  -0.572  21.6-151.5 -64.9  98.1   -1.8    1.1   -1.3               
   83   83 A T        -     0   0  138     -2,-1.4     2,-2.3     1,-0.1    -1,-0.1  -0.533  14.1-170.3 -67.1  74.3   -1.0    1.2   -5.0               
   84   84 A G        -     0   0   44     -2,-2.6     3,-0.1   -75,-0.6    -1,-0.1  -0.658  24.8-135.3 -66.4  76.6    2.5    2.2   -4.2               
   85   85 A M        -     0   0  162     -2,-2.3     2,-0.2     1,-0.2    -2,-0.0  -0.249  32.8-104.9 -30.6 108.5    3.1    2.8   -7.9               
   86   86 A P        -     0   0   89      0, 0.0     2,-1.0     0, 0.0    -1,-0.2  -0.373  15.7-140.5 -56.3 122.7    6.5    1.1   -8.0               
   87   87 A R  S    S+     0   0  255     -2,-0.2     2,-0.3    -3,-0.1     3,-0.2  -0.145  70.9 125.1 -68.8  40.0    9.1    3.8   -8.2               
   88   88 A R        +     0   0  154     -2,-1.0    -1,-0.0     1,-0.2     0, 0.0  -0.930  53.8  36.2-131.4  95.4   10.5    1.1  -10.5               
   89   89 A S    >   +     0   0   45     -2,-0.3     3,-1.5     0, 0.0    -1,-0.2   0.571  25.3 178.2-158.1 157.6   11.0    2.4  -13.2               
   90   90 A R  T 3  S+     0   0  249      1,-0.2     3,-0.1    -3,-0.2    -3,-0.0   0.260 107.4  61.3 -60.3  12.7   12.2    5.4  -15.2               
   91   91 A F  T 3  S+     0   0  188      1,-0.1     2,-0.7     2,-0.0    -1,-0.2   0.448  79.1  80.9-124.5  -8.0   11.4    2.8  -18.0               
   92   92 A D    <   +     0   0  123     -3,-1.5    -1,-0.1     3,-0.0    -4,-0.0  -0.509  57.7 165.2 -99.7  55.5    7.6    2.3  -17.3               
   93   93 A R        -     0   0  164     -2,-0.7     3,-0.2    -3,-0.1    -3,-0.0  -0.673  56.9 -95.6 -55.9 128.7    6.5    5.4  -19.2               
   94   94 A P        -     0   0  103      0, 0.0     4,-0.1     0, 0.0    -1,-0.1  -0.322  63.1 -79.0 -47.7 133.6    2.7    4.8  -19.6               
   95   95 A P        -     0   0  113      0, 0.0     2,-2.8     0, 0.0     3,-0.4  -0.251  41.8-133.7 -49.5 117.4    2.7    3.2  -23.2               
   96   96 A A  S    S+     0   0   76      1,-0.2    -3,-0.0    -3,-0.2     0, 0.0  -0.317  88.0  88.2 -70.4  49.5    3.1    6.4  -25.3               
   97   97 A R        +     0   0  229     -2,-2.8    -1,-0.2     2,-0.1     3,-0.0  -0.056  37.2 126.6-152.8  30.0    0.2    4.9  -27.5               
   98   98 A R  S    S-     0   0  196     -3,-0.4     3,-0.1    -4,-0.1     2,-0.0  -0.867  77.1-106.7 -73.6 124.7   -3.1    6.1  -26.0               
   99   99 A P        -     0   0  105      0, 0.0     2,-0.6     0, 0.0    -2,-0.1  -0.404  40.3 -99.2 -51.2 133.4   -4.6    7.7  -29.2               
  100  100 A F        -     0   0   75      1,-0.1    15,-0.0    13,-0.1     0, 0.0  -0.506  36.4-138.5 -59.2 107.1   -4.4   11.5  -28.8               
  101  101 A D    >   -     0   0   77     -2,-0.6     3,-2.5     1,-0.1    12,-0.2  -0.609  11.8-132.0 -66.8 125.4   -7.9   12.3  -27.7               
  102  102 A P  T 3  S+     0   0   97      0, 0.0    -1,-0.1     0, 0.0    -2,-0.1   0.616 106.0  58.4 -57.3 -12.6   -8.8   15.6  -29.7               
  103  103 A N  T 3  S+     0   0  135      9,-0.1     2,-0.4     2,-0.1    -3,-0.0   0.573  78.6 109.0 -92.0 -13.2  -10.0   17.1  -26.4               
  104  104 A D    <   -     0   0   49     -3,-2.5     9,-0.9     1,-0.0     2,-0.4  -0.504  50.0-169.1 -72.1 122.3   -6.6   16.7  -24.5               
  105  105 A R  B     -E  112   0C 153     -2,-0.4     2,-0.4     7,-0.2     7,-0.2  -0.878  32.6-101.2-106.5 145.6   -4.9   20.0  -23.9               
  106  106 A C     >  -     0   0    2      5,-2.8     4,-2.6    -2,-0.4     3,-0.4  -0.514  25.4-146.6 -60.6 120.3   -1.4   20.5  -22.7               
  107  107 A Y  T  4 S+     0   0  213     -2,-0.4    -1,-0.2     1,-0.2     8,-0.1   0.649  96.8  48.4 -64.8 -14.4   -1.6   21.3  -18.9               
  108  108 A E  T  4 S+     0   0   87      3,-0.1    -1,-0.2     1,-0.0    -2,-0.0   0.690 130.4  12.5-101.3 -24.9    1.5   23.6  -19.3               
  109  109 A C  T  4 S-     0   0   25     -3,-0.4    -2,-0.2     2,-0.2     3,-0.1   0.462  89.2-126.8-128.7  -6.4    0.6   25.7  -22.4               
  110  110 A G     <  +     0   0   48     -4,-2.6     2,-0.2     1,-0.2    -3,-0.1   0.354  62.7 137.6  74.3  -3.5   -3.1   25.0  -23.0               
  111  111 A E    >   -     0   0  103     -6,-0.1    -5,-2.8    -5,-0.1     3,-0.5  -0.466  51.8-127.3 -77.0 142.4   -2.5   24.0  -26.7               
  112  112 A K  B 3  S+E  105   0C 126     -7,-0.2    -7,-0.2     1,-0.2    -1,-0.1  -0.541  84.6  51.1 -77.9 153.9   -4.2   21.0  -28.3               
  113  113 A G  T 3  S+     0   0   53     -9,-0.9     2,-0.3   -12,-0.2    -1,-0.2   0.388 100.1  59.6  97.6  -0.7   -2.1   18.3  -30.0               
  114  114 A H  S <  S-     0   0   17     -3,-0.5     2,-0.2   -10,-0.3    -1,-0.1  -0.990  70.8-124.0-151.8 151.4    0.5   17.5  -27.3               
  115  115 A Y    >   -     0   0   76     -2,-0.3     3,-2.1    -9,-0.1     4,-0.3  -0.533  43.5 -98.7 -81.9 159.6    0.8   16.2  -23.7               
  116  116 A A  G >  S+     0   0   23      1,-0.3     3,-1.3   -11,-0.2     6,-0.2   0.841 124.7  58.8 -48.6 -35.5    2.6   18.3  -21.0               
  117  117 A Y  G 3  S+     0   0  216      1,-0.3    -1,-0.3     5,-0.0   -11,-0.0   0.773 108.1  44.4 -64.7 -28.2    5.7   16.1  -21.5               
  118  118 A D  G <  S+     0   0   88     -3,-2.1     2,-0.3     4,-0.0    -1,-0.3   0.200  83.2 144.1-101.3  11.9    5.9   17.1  -25.2               
  119  119 A C    X>  -     0   0    2     -3,-1.3     4,-1.7    -4,-0.3     3,-1.0  -0.327  48.9-146.2 -62.4 120.6    5.3   20.8  -24.5               
  120  120 A H  T 34 S+     0   0  129     -2,-0.3     4,-0.5     1,-0.3    -1,-0.2   0.724  99.0  64.2 -59.6 -20.7    7.2   23.1  -26.9               
  121  121 A R  T >4 S+     0   0  174      2,-0.2     3,-0.6     1,-0.2     4,-0.4   0.899 104.6  44.2 -69.2 -37.3    7.5   25.6  -23.9               
  122  122 A Y  G X> S+     0   0  142     -3,-1.0     3,-1.4     1,-0.2     4,-0.9   0.858 101.1  68.1 -75.7 -32.7    9.6   23.0  -21.9               
  123  123 A S  G 3< S+     0   0   61     -4,-1.7     4,-0.3     1,-0.3    -1,-0.2   0.703  93.2  60.5 -62.7 -19.0   11.8   22.1  -24.9               
  124  124 A R  G <4 S+     0   0  201     -3,-0.6     3,-0.3    -4,-0.5    -1,-0.3   0.795 102.0  51.7 -77.0 -25.0   13.4   25.6  -24.8               
  125  125 A R  T <4 S+     0   0  224     -3,-1.4     3,-0.2    -4,-0.4    -2,-0.2   0.671 111.1  44.9 -90.2 -15.8   14.8   25.2  -21.2               
  126  126 A R  S >< S+     0   0  216     -4,-0.9     3,-1.0     1,-0.1    -1,-0.2   0.411  82.2 101.6-100.2  -0.2   16.6   21.8  -21.8               
  127  127 A R  T 3   +     0   0  159     -3,-0.3    -1,-0.1    -4,-0.3     3,-0.1   0.329  64.5  74.3 -77.0  11.7   18.3   22.8  -25.2               
  128  128 A S  T 3  S+     0   0  111     -3,-0.2    -1,-0.2     1,-0.1     3,-0.1   0.355  93.0  46.3-101.9   1.2   21.8   23.5  -23.7               
  129  129 A R  S <  S+     0   0  234     -3,-1.0    -1,-0.1     1,-0.1    -2,-0.1   0.361  98.9  49.7-137.2  11.2   23.1   19.9  -23.0               
  130  130 A S        +     0   0  118     -4,-0.1     2,-0.3    -3,-0.1    -1,-0.1  -0.464  51.1 132.3-155.1  80.3   22.6   17.3  -25.9               
  131  131 A R        +     0   0  201     -3,-0.1     3,-0.1     1,-0.1    -1,-0.0  -0.756  39.5  97.1-125.6  86.2   23.6   18.0  -29.5               
  132  132 A S        +     0   0  114     -2,-0.3    -1,-0.1     1,-0.1     0, 0.0  -0.281  62.6  64.3-162.9  79.7   25.6   15.2  -31.0               
  133  133 A R        +     0   0  249     -3,-0.0     2,-0.9     0, 0.0    -1,-0.1   0.029  47.7 160.8-180.0  73.3   23.6   12.7  -33.2               
  134  134 A S        -     0   0  115     -3,-0.1     2,-1.1     2,-0.1    -3,-0.0  -0.859  13.6-175.6 -97.6  96.5   22.2   14.4  -36.4               
  135  135 A H        -     0   0  153     -2,-0.9     2,-1.0     2,-0.0     0, 0.0  -0.821  11.7-175.5 -81.1  88.9   21.4   11.6  -38.8               
  136  136 A S        -     0   0  109     -2,-1.1     2,-0.4     0, 0.0    -2,-0.1  -0.804   1.7-170.9 -92.3  93.4   20.3   13.9  -41.7               
  137  137 A R        +     0   0  201     -2,-1.0    -2,-0.0     1,-0.1     0, 0.0  -0.709  41.9  32.4 -69.7 142.1   19.0   11.7  -44.5               
  138  138 A S  S    S+     0   0  105     -2,-0.4    -1,-0.1     2,-0.0     0, 0.0   0.828  71.8  48.5  85.7 128.3   18.3   13.4  -47.9               
  139  139 A R        +     0   0  252      0, 0.0     0, 0.0     0, 0.0     0, 0.0   0.893  54.2  98.2  95.5  97.1   19.2   16.1  -50.4               
  140  140 A G        +     0   0   78      0, 0.0     2,-0.8     0, 0.0    -2,-0.0   0.151  29.1 177.8 169.7  68.9   22.6   17.2  -51.9               
  141  141 A R        +     0   0  248      2,-0.0     2,-0.1     0, 0.0     0, 0.0  -0.750  35.2 119.4 -68.3 108.5   23.9   16.0  -55.3               
  142  142 A R        -     0   0  233     -2,-0.8     0, 0.0     2,-0.0     0, 0.0  -0.232  47.5-133.3 176.2 107.2   27.3   17.7  -56.1               
  143  143 A Y        +     0   0  189     -2,-0.1    -2,-0.0     0, 0.0     0, 0.0   0.179  30.0 147.5  46.6 102.7   30.6   16.8  -56.7               
  144  144 A S        -     0   0  102      0, 0.0     2,-0.1     0, 0.0    -2,-0.0   0.178  18.1-168.5 161.6  89.0   34.0   18.0  -55.4               
  145  145 A R        +     0   0  214      0, 0.0     0, 0.0     0, 0.0     0, 0.0   0.172  40.2  77.5  41.9 125.3   36.8   16.2  -55.0               
  146  146 A S        +     0   0  111      1,-0.1     0, 0.0    -2,-0.1     0, 0.0   0.928  18.4 145.0  82.9 105.6   40.0   17.4  -53.1               
  147  147 A R        -     0   0  244      2,-0.0    -1,-0.1     0, 0.0     0, 0.0  -0.345  34.8-152.9-156.6  79.3   41.1   17.8  -49.5               
  148  148 A S        -     0   0  111      1,-0.0     2,-0.3     2,-0.0     0, 0.0  -0.002  15.4-172.2   1.2 113.8   44.8   17.1  -49.1               
  149  149 A R        -     0   0  246      2,-0.0     2,-0.2     0, 0.0    -1,-0.0  -0.770  25.0-143.5-132.5  95.8   46.3   15.8  -45.9               
  150  150 A S        +     0   0  117     -2,-0.3     2,-0.1     1,-0.1    -2,-0.0  -0.318  34.4 161.0 -40.5 112.4   50.0   15.9  -46.5               
  151  151 A R        +     0   0  249     -2,-0.2     2,-0.3     0, 0.0    -1,-0.1  -0.701  23.4 174.0-130.0  82.6   52.2   13.2  -45.0               
  152  152 A G        +     0   0   66     -2,-0.1     3,-0.0     1,-0.1    -2,-0.0  -0.641  19.1 117.8 -71.8 144.4   55.3   13.5  -47.1               
  153  153 A R        +     0   0  243     -2,-0.3    -1,-0.1     0, 0.0     0, 0.0   0.470  45.6  63.7 153.1  80.8   58.5   11.6  -46.5               
  154  154 A R        -     0   0  231      0, 0.0     2,-0.2     0, 0.0     0, 0.0   0.132  40.3-178.0 179.9 102.1   60.2    9.1  -48.7               
  155  155 A S        +     0   0  107      1,-0.0    -3,-0.0     2,-0.0     0, 0.0  -0.531  22.6 141.4 -50.8 132.4   61.7    9.7  -52.0               
  156  156 A R        +     0   0  227     -2,-0.2     2,-0.4     0, 0.0    -1,-0.0  -0.001  16.0 175.1-175.7  85.8   63.1    6.7  -53.8               
  157  157 A S        +     0   0  120      2,-0.0     2,-0.2     0, 0.0    -2,-0.0  -0.686  11.9 161.0 -54.6 124.2   62.6    6.4  -57.5               
  158  158 A A        -     0   0   99     -2,-0.4     0, 0.0     0, 0.0     0, 0.0  -0.708  30.4-137.9-153.3 111.8   64.5    3.5  -58.8               
  159  159 A S        -     0   0  117     -2,-0.2     2,-0.3     1,-0.1    -2,-0.0  -0.059  33.5 -82.4 -59.3 162.4   63.4    2.1  -62.2               
  160  160 A P        +     0   0  121      0, 0.0     2,-0.2     0, 0.0    -1,-0.1  -0.564  44.3 164.8 -89.4 130.8   63.1   -1.7  -63.0               
  161  161 A R        -     0   0  230     -2,-0.3     0, 0.0     1,-0.0     0, 0.0  -0.807  25.3-120.2-151.1 111.1   65.7   -4.3  -64.0               
  162  162 A R        +     0   0  223     -2,-0.2    -1,-0.0     0, 0.0     0, 0.0   0.778  33.0  73.9  91.9 125.5   65.5   -7.8  -64.0               
  163  163 A S        +     0   0   83      0, 0.0    -2,-0.0     0, 0.0     0, 0.0   0.922  30.8  58.5  87.4 126.0   66.3  -11.4  -63.2               
  164  164 A R        -     0   0  227      0, 0.0     0, 0.0     0, 0.0     0, 0.0   0.970  28.7-156.2  90.2  91.7   66.5  -14.6  -61.2               
  165  165 A S        -     0   0  102      0, 0.0     2,-0.1     0, 0.0     0, 0.0   0.467  20.2-175.4  76.0 112.0   64.9  -17.0  -59.6               
  166  166 A I        -     0   0  169      0, 0.0     2,-0.2     0, 0.0     0, 0.0  -0.376  25.1-179.2-161.5 109.2   64.7  -19.7  -57.1               
  167  167 A S        +     0   0   97     -2,-0.1     2,-0.1     0, 0.0     0, 0.0  -0.522   6.9 171.4 -65.2 155.1   61.4  -21.7  -57.0               
  168  168 A L        -     0   0  149     -2,-0.2     0, 0.0     0, 0.0     0, 0.0  -0.181  14.3-157.4-178.0 101.0   60.4  -24.6  -54.7               
  169  169 A R        +     0   0  223     -2,-0.1     0, 0.0     0, 0.0     0, 0.0   0.330  18.1 163.7  49.8 117.3   57.3  -26.2  -54.3               
  170  170 A R        -     0   0  233      0, 0.0     0, 0.0     0, 0.0     0, 0.0   0.556  14.9-167.8 172.2 117.3   55.2  -28.1  -52.3               
  171  171 A S        +     0   0   80      0, 0.0     0, 0.0     0, 0.0     0, 0.0   0.707  10.9  63.6  92.6 124.1   51.8  -28.9  -52.0               
  172  172 A R        -     0   0  236      0, 0.0     0, 0.0     0, 0.0     0, 0.0   0.817  23.3-102.2  65.0 148.8   48.6  -30.3  -50.5               
  173  173 A S        +     0   0  106      0, 0.0     0, 0.0     0, 0.0     0, 0.0   0.869  19.1 116.3 174.0 163.7   45.9  -30.9  -48.5               
  174  174 A A        -     0   0   89      0, 0.0     0, 0.0     0, 0.0     0, 0.0   0.995  23.9 -96.0  80.4 103.4   43.3  -32.3  -46.1               
  175  175 A S        +     0   0   97      0, 0.0     0, 0.0     0, 0.0     0, 0.0   0.914  27.0  23.4  73.2 125.8   41.2  -32.2  -43.2               
  176  176 A L        +     0   0  161      0, 0.0     0, 0.0     0, 0.0     0, 0.0   0.932  15.0 138.3  75.7 141.7   39.7  -32.5  -39.8               
  177  177 A R        -     0   0  235      0, 0.0     2,-0.1     0, 0.0     0, 0.0   0.595  17.4-160.3 108.7 106.7   39.4  -33.0  -35.9               
  178  178 A R        -     0   0  209      0, 0.0     2,-0.1     0, 0.0     0, 0.0   0.202   5.6-166.9  78.2 113.4   37.6  -31.8  -33.2               
  179  179 A S        -     0   0  119     -2,-0.1     2,-0.1     2,-0.0     0, 0.0  -0.328  15.5-156.0 179.0 104.9   37.7  -31.6  -29.3               
  180  180 A R        +     0   0  218     -2,-0.1     2,-0.1     0, 0.0     0, 0.0  -0.136  12.9 178.4  64.2 104.0   35.1  -30.7  -27.0               
  181  181 A S        +     0   0  130     -2,-0.1    -2,-0.0     1,-0.0     0, 0.0  -0.332  39.8   2.4 172.8 135.2   34.5  -29.3  -23.5               
  182  182 A G        +     0   0   78     -2,-0.1    -1,-0.0     1,-0.0     0, 0.0   0.804  36.4 176.4-168.4 151.6   31.9  -28.6  -21.6               
  183  183 A S        +     0   0  112      0, 0.0    -1,-0.0     0, 0.0     0, 0.0   0.158   9.6 170.6 -57.1 166.0   28.1  -28.4  -20.8               
  184  184 A I        -     0   0  136      0, 0.0     0, 0.0     0, 0.0     0, 0.0   0.394  41.2 -18.9-170.9 127.8   25.3  -27.7  -18.8               
  185  185 A K        +     0   0  203      0, 0.0     0, 0.0     0, 0.0     0, 0.0   0.941  54.2  34.6  58.8 132.4   21.5  -27.5  -19.4               
  186  186 A G        -     0   0   66      2,-0.0     0, 0.0     0, 0.0     0, 0.0   0.549  31.6-118.2-179.7 128.5   18.9  -27.2  -20.9               
  187  187 A S        -     0   0   85      0, 0.0     0, 0.0     0, 0.0     0, 0.0   0.829   8.7-137.8  49.2 110.0   16.4  -27.5  -23.8               
  188  188 A R        -     0   0  189      0, 0.0    -2,-0.0     0, 0.0     0, 0.0   0.728   3.5-161.6  71.7 122.6   14.4  -26.6  -26.3               
  189  189 A Y        -     0   0  152      0, 0.0     0, 0.0     0, 0.0     0, 0.0   0.439  29.0 -63.5-176.1 144.5   11.7  -26.6  -28.2               
  190  190 A F        -     0   0  188      1,-0.1     2,-0.2     0, 0.0     0, 0.0   0.991  12.5-147.1  74.3 121.6   10.1  -25.6  -31.4               
  191  191 A Q        +     0   0  175      2,-0.0    -1,-0.1     0, 0.0     0, 0.0  -0.626  40.5  78.2 -81.3 153.8    8.9  -23.1  -34.0               
  192  192 A S        +     0   0  104     -2,-0.2     0, 0.0     0, 0.0     0, 0.0   0.651  31.3  17.9  76.9 163.9    6.0  -23.2  -36.4               
  193  193 A P        -     0   0  112      0, 0.0    -2,-0.0     0, 0.0     0, 0.0   0.827  20.7-115.0-135.7 178.7    3.1  -23.1  -37.9               
  194  194 A S        +     0   0  102      1,-0.0     0, 0.0     0, 0.0     0, 0.0   0.321  33.8 120.8   0.6 126.8   -0.5  -22.6  -39.2               
  195  195 A R        -     0   0  231      2,-0.0    -1,-0.0     0, 0.0     0, 0.0   0.496  31.3-106.3 153.6 118.2   -3.6  -24.6  -40.0               
  196  196 A S        +     0   0   92      0, 0.0     0, 0.0     0, 0.0     0, 0.0   0.944  26.2 120.7  70.7 141.7   -7.1  -25.5  -39.5               
  197  197 A R        -     0   0  232      0, 0.0    -2,-0.0     0, 0.0     0, 0.0   0.768  21.1-141.0  80.2 136.9  -10.2  -27.4  -38.4               
  198  198 A S        +     0   0   90      0, 0.0     0, 0.0     0, 0.0     0, 0.0   0.827  22.2 160.9-175.9 167.1  -13.0  -27.8  -36.8               
  199  199 A R        -     0   0  235      0, 0.0     0, 0.0     0, 0.0     0, 0.0   0.690  22.9-167.6  83.3 137.7  -16.2  -28.4  -34.8               
  200  200 A S        -     0   0  102      0, 0.0     0, 0.0     0, 0.0     0, 0.0   0.806  31.2-150.2-179.1 164.2  -18.9  -27.6  -33.1               
  201  201 A R        -     0   0  233      0, 0.0     0, 0.0     0, 0.0     0, 0.0   0.707  34.7-164.4 113.3  83.1  -22.0  -26.7  -31.1               
  202  202 A S        +     0   0  101      2,-0.0     0, 0.0     0, 0.0     0, 0.0   0.467  32.2 161.9  63.9 115.9  -24.5  -24.3  -31.5               
  203  203 A I        +     0   0  156      0, 0.0     2,-0.4     0, 0.0     0, 0.0   0.235  15.6 166.6-159.0 130.0  -27.1  -22.4  -30.6               
  204  204 A S        +     0   0  109      2,-0.0    -2,-0.0     0, 0.0     0, 0.0  -0.799   4.8 165.1 -83.1 138.2  -28.3  -19.2  -32.3               
  205  205 A R        -     0   0  238     -2,-0.4     2,-0.1     0, 0.0     0, 0.0  -0.901  20.6-155.1-150.8 149.0  -31.6  -17.5  -31.7               
  206  206 A P        -     0   0  115      0, 0.0    -2,-0.0     0, 0.0     0, 0.0  -0.412  19.1 -22.3-113.7 171.9  -32.5  -13.9  -32.8               
  207  207 A R        +     0   0  246     -2,-0.1     2,-0.2     1,-0.0     0, 0.0   0.477  28.3 172.2  19.9 119.3  -34.4  -10.6  -32.6               
  208  208 A S        -     0   0  114      0, 0.0     2,-0.2     0, 0.0    -1,-0.0  -0.667   6.2-175.4-149.7 114.3  -37.6   -9.3  -31.2               
  209  209 A S        +     0   0  112     -2,-0.2     0, 0.0     1,-0.0     0, 0.0  -0.500  27.0 127.1 -49.6 150.1  -38.7   -5.8  -31.1               
  210  210 A R        -     0   0  228     -2,-0.2    -1,-0.0     0, 0.0     0, 0.0   0.594  32.9 -99.8 142.1 105.4  -41.9   -4.8  -29.4               
  211  211 A S        +     0   0   93      0, 0.0     0, 0.0     0, 0.0     0, 0.0   0.971  28.6   8.3  74.0 129.9  -43.6   -2.7  -26.9               
  212  212 A K        +     0   0  199      0, 0.0     2,-0.0     0, 0.0     0, 0.0   0.844  18.3 139.7  57.3 112.5  -45.3   -1.5  -23.8               
  213  213 A S        -     0   0  105      2,-0.0     0, 0.0     0, 0.0     0, 0.0   0.072  28.6-125.9 173.8 115.7  -46.4   -1.4  -20.5               
  214  214 A R        +     0   0  236     -2,-0.0     0, 0.0     2,-0.0     0, 0.0   0.535  24.3 165.7  64.0 106.6  -46.7    0.7  -17.7               
  215  215 A S        +     0   0  127      0, 0.0     2,-0.4     0, 0.0    -2,-0.0  -0.513  18.2 177.7-156.1 108.7  -46.0    1.3  -14.1               
  216  216 A P        -     0   0  115      0, 0.0    -2,-0.0     0, 0.0     0, 0.0  -0.902  34.4 -66.0 -94.8 137.1  -46.5    4.8  -12.6               
  217  217 A S        -     0   0  105     -2,-0.4     2,-0.3     1,-0.1     0, 0.0   0.899  17.1-130.3  46.9 147.2  -45.9    5.7   -8.9               
  218  218 A P        -     0   0  130      0, 0.0     2,-0.5     0, 0.0    -1,-0.1  -0.846  18.9-165.4-124.9 126.2  -46.9    5.4   -5.5               
  219  219 A K        -     0   0  203     -2,-0.3     2,-0.5     0, 0.0     0, 0.0  -0.811  16.4-161.3 -70.8 125.4  -47.3    8.7   -3.7               
  220  220 A R        -     0   0  228     -2,-0.5     0, 0.0     1,-0.1     0, 0.0  -0.958  22.9 -86.4-124.0 108.7  -47.4    7.9   -0.0               
  221  221 A S        -     0   0   80     -2,-0.5    -1,-0.1     1,-0.1     0, 0.0   0.566  33.5 -75.7  29.7 114.6  -48.8   10.2    2.6               
  222  222 A R        -     0   0  235      1,-0.0    -1,-0.1     2,-0.0     0, 0.0   0.398  11.4-160.1  60.6 103.1  -48.4   12.9    4.8               
  223  223 A S        +     0   0  124      0, 0.0     2,-0.4     0, 0.0    -1,-0.0  -0.928  24.2 165.2-126.9 112.5  -47.0   13.6    8.1               
  224  224 A P        +     0   0  112      0, 0.0     2,-0.2     0, 0.0    -2,-0.0  -0.951  16.4 135.2-119.5 112.9  -48.5   16.8    9.7               
  225  225 A S        -     0   0  126     -2,-0.4     0, 0.0     1,-0.0     0, 0.0  -0.489  36.9 -34.6 174.8 133.3  -47.9   17.4   13.4               
  226  226 A G        -     0   0   73     -2,-0.2    -1,-0.0     1,-0.1     0, 0.0   0.737  14.0-139.6 175.2 135.8  -47.1   19.8   15.4               
  227  227 A S        -     0   0  118      1,-0.1     2,-0.2     0, 0.0    -1,-0.1  -0.169  53.8 -91.3 -61.2 159.7  -45.5   22.9   16.8               
  228  228 A P        +     0   0  124      0, 0.0     2,-0.3     0, 0.0    -1,-0.1  -0.519  48.5 165.0 -83.8 135.6  -44.2   23.1   20.5               
  229  229 A R        +     0   0  228     -2,-0.2     0, 0.0     1,-0.2     0, 0.0  -0.920  20.2  37.4-150.8 141.6  -46.4   24.4   23.4               
  230  230 A R        -     0   0  213     -2,-0.3    -1,-0.2     0, 0.0     2,-0.0   0.904  35.7-136.7  76.8 111.2  -46.5   24.4   27.2               
  231  231 A S        +     0   0  111      0, 0.0     2,-0.1     0, 0.0    -2,-0.0   0.223  15.8 164.8  70.4 103.2  -45.2   24.6   30.3               
  232  232 A A        -     0   0  106     -2,-0.0     0, 0.0     2,-0.0     0, 0.0  -0.407  21.9-145.1-175.7 130.1  -45.4   23.1   33.8               
  233  233 A S        -     0   0  113     -2,-0.1     2,-0.5     1,-0.1     0, 0.0  -0.142  29.1 -96.8 -68.4 165.1  -42.9   23.4   36.7               
  234  234 A P        -     0   0  126      0, 0.0     2,-0.4     0, 0.0    -1,-0.1  -0.790  35.3-174.5 -87.3 129.4  -42.0   20.7   39.4               
  235  235 A E        -     0   0  182     -2,-0.5     2,-0.1     0, 0.0     0, 0.0  -0.968  25.5-116.7-119.7 141.2  -43.8   20.8   42.7               
  236  236 A R        -     0   0  237     -2,-0.4     2,-0.4     1,-0.0     0, 0.0  -0.308  12.4-142.8 -68.2 151.5  -42.7   18.4   45.5               
  237  237 A M              0   0  179     -2,-0.1    -1,-0.0     1,-0.0     0, 0.0  -0.972 360.0 360.0-112.2 138.1  -44.5   15.6   47.3               
  238  238 A D              0   0  239     -2,-0.4    -1,-0.0     0, 0.0     0, 0.0  -0.198 360.0 360.0 -47.2 360.0  -43.9   15.0   51.0               
