==== Secondary Structure Definition by the program DSSP, CMBI version 2.0                          ==== DATE=2026-03-08        .
REFERENCE W. KABSCH AND C.SANDER, BIOPOLYMERS 22 (1983) 2577-2637                                                              .
HEADER                                            01-AUG-25                                                                    .
COMPND    MOL_ID: 1; MOLECULE: ZINC FINGER PROTEIN 239; CHAIN: A                                                               .
SOURCE    MOL_ID: 1; ORGANISM_SCIENTIFIC: HOMO SAPIENS; ORGANISM_TAXID: 9606                                                   .
AUTHOR                                                                                                                         .
  458  1  0  0  0 TOTAL NUMBER OF RESIDUES, NUMBER OF CHAINS, NUMBER OF SS-BRIDGES(TOTAL,INTRACHAIN,INTERCHAIN)                .
 48089.5   ACCESSIBLE SURFACE OF PROTEIN (ANGSTROM**2)                                                                         .
  229 50.0   TOTAL NUMBER OF HYDROGEN BONDS OF TYPE O(I)-->H-N(J)  , SAME NUMBER PER 100 RESIDUES                              .
    0  0.0   TOTAL NUMBER OF HYDROGEN BONDS IN     PARALLEL BRIDGES, SAME NUMBER PER 100 RESIDUES                              .
   28  6.1   TOTAL NUMBER OF HYDROGEN BONDS IN ANTIPARALLEL BRIDGES, SAME NUMBER PER 100 RESIDUES                              .
    9  2.0   TOTAL NUMBER OF HYDROGEN BONDS OF TYPE O(I)-->H-N(I-5), SAME NUMBER PER 100 RESIDUES                              .
    0  0.0   TOTAL NUMBER OF HYDROGEN BONDS OF TYPE O(I)-->H-N(I-4), SAME NUMBER PER 100 RESIDUES                              .
    0  0.0   TOTAL NUMBER OF HYDROGEN BONDS OF TYPE O(I)-->H-N(I-3), SAME NUMBER PER 100 RESIDUES                              .
    0  0.0   TOTAL NUMBER OF HYDROGEN BONDS OF TYPE O(I)-->H-N(I-2), SAME NUMBER PER 100 RESIDUES                              .
    0  0.0   TOTAL NUMBER OF HYDROGEN BONDS OF TYPE O(I)-->H-N(I-1), SAME NUMBER PER 100 RESIDUES                              .
    0  0.0   TOTAL NUMBER OF HYDROGEN BONDS OF TYPE O(I)-->H-N(I+0), SAME NUMBER PER 100 RESIDUES                              .
    0  0.0   TOTAL NUMBER OF HYDROGEN BONDS OF TYPE O(I)-->H-N(I+1), SAME NUMBER PER 100 RESIDUES                              .
   85 18.6   TOTAL NUMBER OF HYDROGEN BONDS OF TYPE O(I)-->H-N(I+2), SAME NUMBER PER 100 RESIDUES                              .
   36  7.9   TOTAL NUMBER OF HYDROGEN BONDS OF TYPE O(I)-->H-N(I+3), SAME NUMBER PER 100 RESIDUES                              .
   81 17.7   TOTAL NUMBER OF HYDROGEN BONDS OF TYPE O(I)-->H-N(I+4), SAME NUMBER PER 100 RESIDUES                              .
    0  0.0   TOTAL NUMBER OF HYDROGEN BONDS OF TYPE O(I)-->H-N(I+5), SAME NUMBER PER 100 RESIDUES                              .
  1  2  3  4  5  6  7  8  9 10 11 12 13 14 15 16 17 18 19 20 21 22 23 24 25 26 27 28 29 30     *** HISTOGRAMS OF ***           .
  0  0  0  0  0  0  0  3  0  1  2  3  0  0  0  0  0  0  0  0  0  0  0  0  0  0  0  0  0  0    RESIDUES PER ALPHA HELIX         .
  0  0  0  0  0  0  0  0  0  0  0  0  0  0  0  0  0  0  0  0  0  0  0  0  0  0  0  0  0  0    PARALLEL BRIDGES PER LADDER      .
  0  8  1  0  0  0  0  0  0  0  0  0  0  0  0  0  0  0  0  0  0  0  0  0  0  0  0  0  0  0    ANTIPARALLEL BRIDGES PER LADDER  .
  9  0  0  0  0  0  0  0  0  0  0  0  0  0  0  0  0  0  0  0  0  0  0  0  0  0  0  0  0  0    LADDERS PER SHEET                .
  #  RESIDUE AA STRUCTURE BP1 BP2  ACC     N-H-->O    O-->H-N    N-H-->O    O-->H-N    TCO  KAPPA ALPHA  PHI   PSI    X-CA   Y-CA   Z-CA            CHAIN
    1    1 A M              0   0  238      0, 0.0     2,-0.0     0, 0.0     0, 0.0   0.000 360.0 360.0 360.0 103.8  -10.4   17.4   69.9               
    2    2 A A        +     0   0   96      2,-0.0     0, 0.0     0, 0.0     0, 0.0   0.486 360.0 108.8  65.9 119.4   -7.8   15.3   69.1               
    3    3 A S        +     0   0  102     -2,-0.0     2,-0.0     0, 0.0     0, 0.0   0.788  16.2 152.4-148.2 151.4   -6.0   12.7   68.6               
    4    4 A T        +     0   0  126      0, 0.0    -2,-0.0     0, 0.0     0, 0.0   0.467   2.5 159.7  47.8 143.9   -4.3   10.6   66.2               
    5    5 A I        -     0   0  146     -2,-0.0     0, 0.0     0, 0.0     0, 0.0   0.898  21.1 -76.2-161.6 168.7   -1.9    8.4   65.4               
    6    6 A T        +     0   0  133      0, 0.0     0, 0.0     0, 0.0     0, 0.0   0.946  22.9 149.0-156.8 174.5   -0.4    5.8   63.3               
    7    7 A G        +     0   0   74      0, 0.0     2,-0.2     0, 0.0     0, 0.0   0.193  17.4 150.0 166.8  94.5    0.3    2.3   61.7               
    8    8 A S        +     0   0  116      1,-0.1     0, 0.0     0, 0.0     0, 0.0  -0.534  20.6  58.5 -91.4 177.6    1.4    0.7   58.4               
    9    9 A Q        +     0   0  168     -2,-0.2     2,-0.2     1,-0.1    -1,-0.1   0.877  14.4 113.9-169.3 154.1    3.0   -1.9   56.9               
   10   10 A D        -     0   0  163      2,-0.0     2,-0.3     0, 0.0    -1,-0.1  -0.846  20.1-149.4-169.9 163.3    4.3   -5.3   55.7               
   11   11 A C        -     0   0  101     -2,-0.2     2,-0.4     2,-0.0     0, 0.0  -0.904   3.4-158.8-116.5 144.6    4.8   -7.6   52.6               
   12   12 A I        -     0   0  162     -2,-0.3     2,-0.3     2,-0.0    -2,-0.0  -0.985  14.5-154.6-123.2 124.0    4.8  -11.4   52.1               
   13   13 A V        +     0   0  113     -2,-0.4     2,-0.3     2,-0.0    -2,-0.0  -0.719  16.4 171.8 -88.4 140.6    6.6  -12.9   49.1               
   14   14 A N        +     0   0  159     -2,-0.3     2,-0.4     2,-0.0    -2,-0.0  -0.893   6.7 177.5-146.6 127.8    5.8  -16.2   47.4               
   15   15 A H        +     0   0  173     -2,-0.3     2,-0.1     0, 0.0    -2,-0.0  -0.975  17.7 128.1-122.8 139.3    7.3  -17.4   44.1               
   16   16 A R        +     0   0  252      1,-0.4    -2,-0.0    -2,-0.4     0, 0.0  -0.419  43.9  45.3-179.9 128.9    7.0  -20.7   42.0               
   17   17 A G        -     0   0   67     -2,-0.1    -1,-0.4     0, 0.0     2,-0.2   0.651  40.6-155.8  78.4 124.3    6.1  -21.3   38.2               
   18   18 A E        +     0   0  185      0, 0.0     0, 0.0     0, 0.0     0, 0.0  -0.135  29.6 114.2  58.0 114.9    6.7  -20.3   35.1               
   19   19 A V        +     0   0  131     -2,-0.2     0, 0.0     0, 0.0     0, 0.0   0.890  33.7  33.7-153.2 169.3    5.0  -20.5   32.3               
   20   20 A D        -     0   0  158      0, 0.0     2,-0.1     0, 0.0     0, 0.0   0.761  29.3-155.4-152.5-173.5    3.4  -18.9   29.8               
   21   21 A G        +     0   0   53      2,-0.0     0, 0.0     0, 0.0     0, 0.0  -0.885  30.3 134.2 172.7 -22.4    3.0  -16.4   27.7               
   22   22 A E        -     0   0  188     -2,-0.1     2,-1.4     1,-0.1     0, 0.0  -0.494  48.6-130.2 -67.8 129.8    0.7  -14.3   25.4               
   23   23 A P        -     0   0  119      0, 0.0     2,-0.8     0, 0.0    -1,-0.1  -0.575  21.7-172.7 -86.1  87.3    1.2  -10.4   26.0               
   24   24 A E        -     0   0  137     -2,-1.4     2,-1.8     1,-0.1    -2,-0.0  -0.684  26.6-135.2 -65.5 111.9   -2.2   -8.8   26.4               
   25   25 A L        -     0   0  164     -2,-0.8     2,-0.3     2,-0.0    -1,-0.1  -0.554  25.6-163.4 -72.2  81.9   -1.2   -5.1   26.5               
   26   26 A D        -     0   0  141     -2,-1.8     2,-0.4     1,-0.0    -2,-0.0  -0.509  12.1-174.9 -69.0 130.5   -3.3   -4.0   29.4               
   27   27 A I        -     0   0  142     -2,-0.3    -2,-0.0     2,-0.0    -1,-0.0  -0.862  25.5-131.9-131.2  97.4   -3.7   -0.2   29.7               
   28   28 A S        -     0   0   95     -2,-0.4     2,-0.8     1,-0.1    -2,-0.0  -0.162  11.4-127.6 -53.0 130.5   -5.6    0.6   32.9               
   29   29 A P        -     0   0  124      0, 0.0     2,-1.0     0, 0.0    -1,-0.1  -0.709  25.2-130.6 -79.3 110.4   -8.6    3.0   32.7               
   30   30 A C        -     0   0  123     -2,-0.8    -2,-0.0     1,-0.1     0, 0.0  -0.591  45.5 -78.1 -66.1 102.6   -8.0    5.8   35.3               
   31   31 A Q        -     0   0  183     -2,-1.0    -1,-0.1     1,-0.0     0, 0.0   0.899  41.8 -94.3  46.0 145.5  -11.2    6.3   37.3               
   32   32 A Q        +     0   0  175      0, 0.0     2,-0.2     0, 0.0    -1,-0.0  -0.155  27.4 171.0 -69.4 171.2  -14.7    7.8   37.2               
   33   33 A W        +     0   0  266      1,-0.1     0, 0.0     0, 0.0     0, 0.0  -0.532  43.2  35.0-168.1 155.5  -16.4   10.9   38.2               
   34   34 A G        -     0   0   80     -2,-0.2     2,-0.3     1,-0.1    -1,-0.1   0.947  40.6-169.9  91.7  92.7  -19.9   12.5   37.7               
   35   35 A E        +     0   0  204      2,-0.0     2,-0.2     0, 0.0    -1,-0.1  -0.811  13.6 166.7 -91.7 144.5  -23.4   11.0   37.5               
   36   36 A A        -     0   0  104     -2,-0.3     2,-0.1     0, 0.0     0, 0.0  -0.781  17.8-144.5-157.4 122.6  -26.4   13.0   36.4               
   37   37 A S        +     0   0  115     -2,-0.2    -2,-0.0     2,-0.0     0, 0.0  -0.290  31.5  73.6 -76.3 172.4  -30.0   11.9   35.3               
   38   38 A S        -     0   0  114     -2,-0.1     2,-0.2     0, 0.0    -1,-0.0   0.765  29.9-147.2-158.1 176.2  -32.7   12.1   33.5               
   39   39 A P        -     0   0  113      0, 0.0     2,-0.3     0, 0.0    -2,-0.0  -0.605   2.3-159.6-105.0 155.3  -34.6   11.8   30.1               
   40   40 A I        -     0   0  168     -2,-0.2     0, 0.0     2,-0.0     0, 0.0  -0.886  28.5-115.4-136.1 108.8  -37.4   13.4   27.9               
   41   41 A S        -     0   0   81     -2,-0.3     0, 0.0     0, 0.0     0, 0.0   0.250  34.8 -52.9  13.1 123.5  -39.3   11.8   25.1               
   42   42 A R        +     0   0  232      0, 0.0    -2,-0.0     0, 0.0     0, 0.0   0.603  17.1 173.2  67.5 156.3  -39.9   12.0   21.3               
   43   43 A N        -     0   0  131      0, 0.0     0, 0.0     0, 0.0     0, 0.0   0.675  27.8 -97.2-152.0 158.8  -40.5   12.5   18.2               
   44   44 A R        +     0   0  198      2,-0.0     0, 0.0     0, 0.0     0, 0.0   0.946  38.1  12.6  53.1 134.4  -40.4   11.3   14.5               
   45   45 A D        +     0   0  126      1,-0.0     2,-0.2     0, 0.0     0, 0.0   0.815  29.1 127.7  61.3  95.7  -39.1   10.8   11.1               
   46   46 A S        -     0   0  112      2,-0.0     2,-0.5     0, 0.0    -1,-0.0  -0.610  32.5-149.2-156.3 126.6  -36.4   11.1    8.6               
   47   47 A V        -     0   0  137     -2,-0.2     2,-0.5     1,-0.0     0, 0.0  -0.695  16.7-170.6 -73.7 122.1  -35.2    8.2    6.4               
   48   48 A M        -     0   0  161     -2,-0.5     2,-0.3     2,-0.0    -2,-0.0  -0.901  13.5-146.7-121.1 100.4  -31.5    8.6    5.6               
   49   49 A T        -     0   0  118     -2,-0.5     2,-2.1     1,-0.1    -2,-0.0  -0.495  20.3-127.0 -56.6 118.3  -30.2    6.2    3.0               
   50   50 A L        -     0   0  167     -2,-0.3     2,-0.3     2,-0.1    -1,-0.1  -0.511  28.3-169.5 -73.4  78.5  -26.5    5.4    3.9               
   51   51 A Q        -     0   0  175     -2,-2.1     2,-2.0     1,-0.1    -3,-0.0  -0.554  35.3-112.7 -55.0 129.7  -24.9    6.3    0.6               
   52   52 A S        -     0   0  124     -2,-0.3    -1,-0.1     1,-0.0     2,-0.1  -0.536  40.5-146.2 -71.2  81.0  -21.3    4.9    1.0               
   53   53 A G        -     0   0   62     -2,-2.0     2,-0.4     1,-0.1    -1,-0.0  -0.314  12.6-116.7 -57.2 126.2  -19.7    8.4    1.0               
   54   54 A C        -     0   0  119     -2,-0.1     2,-1.1     1,-0.1    -1,-0.1  -0.497  16.4-138.3 -63.4 120.5  -16.3    8.5   -0.7               
   55   55 A F        -     0   0  206     -2,-0.4     2,-0.1     2,-0.0    -1,-0.1  -0.749  26.0-146.9 -75.4 101.9  -13.5    9.5    1.8               
   56   56 A E        -     0   0  172     -2,-1.1     2,-1.0     1,-0.1    -3,-0.0  -0.438  21.8-103.0 -67.0 144.3  -11.5   11.9   -0.5               
   57   57 A N        -     0   0  148     -2,-0.1     2,-1.9     1,-0.1    -1,-0.1  -0.610  25.3-154.1 -74.8 105.0   -7.7   11.9    0.0               
   58   58 A I        -     0   0  152     -2,-1.0     2,-2.0     1,-0.1    -1,-0.1  -0.573  14.4-173.9 -74.7  79.9   -6.8   15.1    2.0               
   59   59 A E        +     0   0  114     -2,-1.9     2,-0.4     1,-0.1    -1,-0.1  -0.480  27.5 145.0 -73.1  68.9   -3.2   15.3    0.6               
   60   60 A S        +     0   0   93     -2,-2.0     2,-1.2     2,-0.1    -1,-0.1  -0.523  18.2 166.0-104.1  61.1   -2.2   18.2    2.8               
   61   61 A E        -     0   0  125     -2,-0.4     2,-0.7     2,-0.0    -2,-0.1  -0.679  13.6-179.3 -79.2  93.9    1.4   17.1    3.4               
   62   62 A T        -     0   0  141     -2,-1.2     2,-0.5     2,-0.0    -2,-0.1  -0.860  32.2-130.3 -80.7 117.7    3.4   20.1    4.9               
   63   63 A Y        +     0   0  173     -2,-0.7    -2,-0.0     2,-0.0     0, 0.0  -0.632  35.1 171.3 -80.3 126.4    6.8   18.5    5.2               
   64   64 A L        -     0   0  157     -2,-0.5     2,-1.5     2,-0.0    -2,-0.0  -0.996  34.7-130.6-119.6 124.2    9.0   18.6    8.3               
   65   65 A P        -     0   0  122      0, 0.0     2,-0.3     0, 0.0    -2,-0.0  -0.554  18.4-161.8 -78.7  89.0   12.1   16.3    7.9               
   66   66 A L        -     0   0  124     -2,-1.5     2,-1.5     1,-0.1    -2,-0.0  -0.588  33.6-111.6 -63.6 126.5   12.2   14.1   11.0               
   67   67 A K        -     0   0  200     -2,-0.3     2,-0.8     1,-0.1    -1,-0.1  -0.484  36.8-170.2 -76.1  84.1   15.8   12.9   10.9               
   68   68 A V        -     0   0   90     -2,-1.5     2,-0.6   307,-0.0   307,-0.1  -0.692  15.4-145.1 -74.0 109.5   15.6    9.1   10.2               
   69   69 A S        -     0   0  110     -2,-0.8     2,-1.1   305,-0.2    -2,-0.0  -0.693  24.3-129.5 -67.0 115.4   19.0    7.5   10.7               
   70   70 A S        -     0   0   93     -2,-0.6     2,-0.6     2,-0.0    -1,-0.1  -0.646  18.5-163.2 -78.2  98.9   19.0    4.9    8.0               
   71   71 A Q        -     0   0  147     -2,-1.1     2,-0.5     2,-0.0    -3,-0.0  -0.731  14.2-174.8 -63.8 118.2   20.0    1.5    9.3               
   72   72 A I        -     0   0  125     -2,-0.6     2,-1.3     2,-0.1    -2,-0.0  -0.971  19.9-139.9-119.0 109.8   20.8   -0.3    6.0               
   73   73 A D        +     0   0  159     -2,-0.5     2,-0.3     2,-0.0    -2,-0.0  -0.612  47.6 138.2 -72.1  95.3   21.6   -4.0    6.6               
   74   74 A T        -     0   0  119     -2,-1.3    -2,-0.1     0, 0.0     2,-0.0  -0.971  50.2-116.1-134.0 130.2   24.6   -4.8    4.3               
   75   75 A Q        -     0   0  194     -2,-0.3    -2,-0.0     1,-0.2     0, 0.0  -0.296  53.7 -19.6 -71.2 146.0   27.3   -6.9    5.7               
   76   76 A D        +     0   0  148     -2,-0.0    -1,-0.2     1,-0.0     2,-0.2   0.792  57.3 123.4  42.7  96.2   31.0   -6.3    6.4               
   77   77 A S        -     0   0  112      2,-0.1     2,-0.7     0, 0.0    -1,-0.0  -0.562  46.6-130.7-163.2 130.9   33.6   -3.8    5.3               
   78   78 A S        +     0   0  124     -2,-0.2     2,-0.3     2,-0.0    -2,-0.0  -0.562  34.3 158.3 -79.1 113.0   35.5   -1.6    7.8               
   79   79 A V        -     0   0  137     -2,-0.7     2,-0.2     0, 0.0    -2,-0.1  -0.980  42.0-104.9-129.2 143.1   35.7    2.2    7.1               
   80   80 A K        -     0   0  203     -2,-0.3     2,-0.4     1,-0.1    -2,-0.0  -0.408  19.9-129.3 -78.5 138.7   36.5    4.7    9.9               
   81   81 A F        -     0   0  198     -2,-0.2     2,-0.9     1,-0.0    -1,-0.1  -0.663  14.3-140.1 -74.4 126.7   34.2    7.1   11.7               
   82   82 A C        -     0   0  129     -2,-0.4     2,-0.4     2,-0.0    -1,-0.0  -0.806  22.8-154.8 -78.4 105.5   35.3   10.7   12.0               
   83   83 A K        +     0   0  168     -2,-0.9     2,-0.4     2,-0.0    -2,-0.0  -0.740  17.8 178.4 -72.0 132.3   34.2   11.7   15.5               
   84   84 A N        -     0   0  161     -2,-0.4    -2,-0.0     2,-0.0     0, 0.0  -0.943  14.2-160.0-126.9 111.8   33.6   15.4   16.1               
   85   85 A E        -     0   0  160     -2,-0.4     2,-0.4     1,-0.0    -2,-0.0  -0.715  13.4-132.0 -81.4 135.9   32.5   15.9   19.8               
   86   86 A P        -     0   0  126      0, 0.0     2,-0.1     0, 0.0    -2,-0.0  -0.770  24.7-126.0 -79.0 135.8   30.6   19.1   20.7               
   87   87 A Q        -     0   0  199     -2,-0.4     0, 0.0     1,-0.1     0, 0.0  -0.358  34.2-100.8 -79.1 166.9   32.0   20.9   23.8               
   88   88 A D        +     0   0  143     -2,-0.1    -1,-0.1     1,-0.0     0, 0.0   0.012  49.8 108.8 -90.9-179.0   29.7   21.8   26.7               
   89   89 A H        -     0   0  143      0, 0.0    -1,-0.0     0, 0.0    -2,-0.0   0.953  33.7-134.2  89.2  89.0   27.7   24.5   28.6               
   90   90 A Q        +     0   0  142      2,-0.0     0, 0.0     0, 0.0     0, 0.0   0.950  32.6 126.1  95.9 142.2   24.4   25.5   29.3               
   91   91 A E        -     0   0  155      1,-0.1     0, 0.0     0, 0.0     0, 0.0   0.942  26.0-142.6  71.4  83.1   21.1   27.3   29.8               
   92   92 A S        +     0   0  115      0, 0.0     2,-0.2     0, 0.0    -1,-0.1   0.141  20.7 159.5  19.0 114.4   17.6   27.2   28.8               
   93   93 A R        -     0   0  255      0, 0.0     2,-0.2     0, 0.0     0, 0.0  -0.802  17.6-151.7-160.0 153.2   15.0   29.6   28.0               
   94   94 A R        +     0   0  231     -2,-0.2     0, 0.0     1,-0.0     0, 0.0  -0.612  20.7 147.8 -77.2 157.5   11.7   29.6   26.0               
   95   95 A L        -     0   0  148     -2,-0.2    -1,-0.0     1,-0.1     0, 0.0   0.220  29.5 -88.8 172.6 128.7    9.6   31.9   24.2               
   96   96 A F        -     0   0  200      1,-0.1     2,-0.3     0, 0.0    -1,-0.1   0.704  31.3 -78.4  64.0 163.9    7.2   32.4   21.3               
   97   97 A V        +     0   0  127      2,-0.0     2,-0.3     0, 0.0    -1,-0.1  -0.869  27.5 174.1-105.3 141.7    6.4   33.2   17.6               
   98   98 A M        -     0   0  152     -2,-0.3     2,-0.4     2,-0.1     0, 0.0  -0.949  16.5-154.9-138.2 139.4    6.3   36.3   15.5               
   99   99 A E        +     0   0  185     -2,-0.3     2,-0.3     2,-0.0    -2,-0.0  -0.870  24.1 172.9 -84.9 138.7    5.8   36.7   11.7               
  100  100 A E        -     0   0  175     -2,-0.4     2,-0.5     2,-0.1    -2,-0.1  -0.974  18.3-148.7-151.6 144.0    7.2   40.0   10.4               
  101  101 A S        +     0   0  111     -2,-0.3     2,-0.3     0, 0.0    -2,-0.0  -0.903  21.1 168.4-124.7 107.9    7.6   41.2    6.8               
  102  102 A T        +     0   0  132     -2,-0.5    -2,-0.1     1,-0.1     0, 0.0  -0.964  21.6   1.0-155.2 154.9   10.4   43.5    5.4               
  103  103 A E        -     0   0  164     -2,-0.3     2,-0.9     1,-0.0    -1,-0.1   0.735   6.5-171.2-152.2 162.8   11.6   44.6    2.6               
  104  104 A R        +     0   0  231      2,-0.0     2,-0.5     0, 0.0    -1,-0.0  -0.779  30.8 176.8 -89.6 106.1   12.2   45.3   -1.1               
  105  105 A K        -     0   0  177     -2,-0.9     2,-0.5     2,-0.0     0, 0.0  -0.936   6.1-177.8-110.5 118.0   15.5   47.2   -1.7               
  106  106 A V        +     0   0  119     -2,-0.5     2,-0.4     2,-0.0    -2,-0.0  -0.947   6.4 174.7-100.9 128.7   16.7   47.9   -5.2               
  107  107 A I        -     0   0  152     -2,-0.5     2,-0.4     2,-0.0    -2,-0.0  -0.993  10.2-169.8-132.4 128.6   20.0   49.7   -5.6               
  108  108 A K        +     0   0  199     -2,-0.4    -2,-0.0     1,-0.0     0, 0.0  -0.906  26.1 137.5 -98.6 147.0   21.8   50.5   -9.0               
  109  109 A G        -     0   0   66     -2,-0.4    -2,-0.0     1,-0.1    -1,-0.0   0.103  39.5 -85.2 160.0  93.7   25.4   51.8   -8.9               
  110  110 A E        -     0   0  205      1,-0.1     2,-0.3     0, 0.0    -1,-0.1   0.505  35.9 -75.3  65.6 175.8   28.6   51.3  -10.7               
  111  111 A S        -     0   0  110      2,-0.0     2,-0.3     0, 0.0    -1,-0.1  -0.857   9.3-165.2-126.1 151.7   31.9   49.4  -11.0               
  112  112 A C        -     0   0  121     -2,-0.3     2,-0.6     2,-0.1     0, 0.0  -0.986  14.7-157.0-136.0 138.3   35.4   48.6   -9.8               
  113  113 A S        +     0   0  117     -2,-0.3     2,-0.4     2,-0.0    -2,-0.0  -0.932  21.7 166.9-107.3 107.7   37.9   46.7  -11.9               
  114  114 A E        -     0   0  182     -2,-0.6     2,-0.5     2,-0.0    -2,-0.1  -0.966  31.3-120.3-125.0 143.1   40.6   44.9   -9.9               
  115  115 A N        -     0   0  156     -2,-0.4     2,-0.7     1,-0.0    -2,-0.0  -0.653  15.1-167.2 -82.2 127.2   43.1   42.3  -11.2               
  116  116 A L        -     0   0  161     -2,-0.5     2,-0.4     2,-0.0    -1,-0.0  -0.873  19.9-156.6-104.7  96.9   43.4   38.8   -9.8               
  117  117 A Q        -     0   0  173     -2,-0.7     2,-0.5     2,-0.0    -2,-0.0  -0.590   8.9-167.2 -65.0 126.7   46.7   37.5  -11.3               
  118  118 A V        -     0   0  132     -2,-0.4     2,-0.2     0, 0.0    -2,-0.0  -0.987  32.2-116.5-111.3 119.8   46.9   33.7  -11.5               
  119  119 A K        -     0   0  178     -2,-0.5     2,-0.4     1,-0.1    -2,-0.0  -0.375  12.0-144.0 -63.9 129.3   50.6   32.9  -12.2               
  120  120 A L        -     0   0  166     -2,-0.2     2,-0.4     2,-0.0    -1,-0.1  -0.724  23.9-176.3 -65.9 132.1   51.9   31.3  -15.3               
  121  121 A V        +     0   0  130     -2,-0.4     2,-0.3     2,-0.0    -2,-0.0  -0.938  14.8 152.1-133.8 115.3   54.8   29.1  -14.2               
  122  122 A S        +     0   0  101     -2,-0.4     2,-0.2     0, 0.0    -2,-0.0  -0.959  16.1 115.8-135.9 125.9   56.7   27.3  -17.0               
  123  123 A D        +     0   0  178     -2,-0.3    -2,-0.0     1,-0.2     0, 0.0  -0.638  28.2  89.5-178.2 146.6   60.4   26.2  -16.8               
  124  124 A G        -     0   0   82     -2,-0.2     2,-0.2     0, 0.0    -1,-0.2   0.369  50.2-147.1 125.9 100.2   62.3   22.9  -16.8               
  125  125 A Q        -     0   0  165      1,-0.1     0, 0.0     0, 0.0     0, 0.0  -0.584  18.0 -69.8 -91.1 151.0   63.6   21.1  -19.9               
  126  126 A E        +     0   0  154     -2,-0.2    -1,-0.1     0, 0.0     2,-0.0   0.883  22.3 164.1  51.0 146.0   64.3   17.6  -21.4               
  127  127 A L        +     0   0  157      2,-0.0     0, 0.0     0, 0.0     0, 0.0   0.339  47.5  13.9-148.8-178.9   65.3   14.7  -22.2               
  128  128 A A        +     0   0   95      1,-0.2     0, 0.0    -2,-0.0     0, 0.0   0.991  32.2 159.9  80.2  90.7   64.6   11.3  -24.0               
  129  129 A S        -     0   0  114      2,-0.0     2,-0.3     0, 0.0    -1,-0.2  -0.854  17.2-162.5 -90.9 153.3   62.1   10.1  -26.5               
  130  130 A P        -     0   0  130      0, 0.0     2,-0.2     0, 0.0     0, 0.0  -0.972  20.2-141.6-112.9 149.9   62.5    7.2  -28.6               
  131  131 A L        +     0   0  155     -2,-0.3    -2,-0.0     2,-0.0     0, 0.0  -0.623  30.3 148.3 -80.8 151.2   60.2    6.9  -31.7               
  132  132 A L        -     0   0  154     -2,-0.2    -1,-0.0     2,-0.0     0, 0.0   0.140  34.4-118.5 178.7 114.3   58.5    4.3  -33.5               
  133  133 A N        -     0   0  131      1,-0.1     2,-0.5     0, 0.0    -2,-0.0   0.472   7.7-162.2  22.8 114.0   55.3    4.0  -35.5               
  134  134 A G        -     0   0   83      2,-0.0     2,-0.5     0, 0.0    -1,-0.1  -0.894  23.8-161.7-114.5  96.7   52.1    2.0  -35.0               
  135  135 A E        -     0   0  159     -2,-0.5     2,-2.0     1,-0.1     0, 0.0  -0.688  17.0-137.9 -80.3 122.7   50.4    2.2  -38.5               
  136  136 A A        -     0   0  107     -2,-0.5     2,-0.7     2,-0.1    -1,-0.1  -0.500  28.3-170.9 -76.1  74.2   46.7    1.4  -38.6               
  137  137 A T        -     0   0  123     -2,-2.0     2,-1.1     1,-0.1    -2,-0.0  -0.597   8.5-155.9 -73.1 109.0   47.0   -0.7  -41.8               
  138  138 A C        +     0   0  127     -2,-0.7     2,-0.1     1,-0.1    -1,-0.1  -0.727  36.7 135.4 -91.5  92.6   43.4   -1.5  -42.9               
  139  139 A Q        +     0   0  174     -2,-1.1     2,-0.1     1,-0.1    -2,-0.1  -0.545  28.0  55.8-159.7  95.8   43.5   -4.7  -45.1               
  140  140 A N        -     0   0  163     -2,-0.1     2,-0.3     2,-0.0    -1,-0.1  -0.194  52.4-136.4 179.6 148.8   41.6   -7.8  -45.3               
  141  141 A G        +     0   0   72     -2,-0.1     2,-0.3     2,-0.0    -2,-0.0  -0.599  23.7 166.6 -89.3 141.6   38.0   -8.7  -45.9               
  142  142 A Q        -     0   0  187     -2,-0.3     2,-0.6     2,-0.1    -2,-0.0  -0.872  30.6-144.4-131.6 117.8   35.4  -11.1  -44.6               
  143  143 A L        +     0   0  172     -2,-0.3     2,-0.3     2,-0.0    -2,-0.0  -0.641  28.8 162.7 -68.6 117.9   31.9  -10.2  -45.8               
  144  144 A K        -     0   0  180     -2,-0.6     2,-1.1     0, 0.0    -2,-0.1  -0.945  33.6-136.5-131.4 121.0   29.2  -10.9  -43.2               
  145  145 A E        +     0   0  191     -2,-0.3    -2,-0.0     1,-0.1     0, 0.0  -0.639  62.0 109.2 -79.7  96.9   25.9   -9.0  -43.9               
  146  146 A S        +     0   0  103     -2,-1.1     2,-1.2     2,-0.1    -1,-0.1  -0.194  28.7 163.4-162.5  67.6   24.6   -7.5  -40.7               
  147  147 A L        +     0   0  161      3,-0.0    -2,-0.0     2,-0.0     3,-0.0  -0.634   5.3 173.7 -90.0  78.9   24.8   -3.7  -40.6               
  148  148 A D        -     0   0   72     -2,-1.2     2,-0.1     1,-0.1    -2,-0.1  -0.616  59.6 -81.9 -57.9 141.6   22.5   -2.5  -37.8               
  149  149 A P        -     0   0   98      0, 0.0     2,-0.9     0, 0.0    -1,-0.1  -0.351  51.1-116.2 -56.5 121.5   23.2    1.3  -37.7               
  150  150 A I        -     0   0  140     -2,-0.1     2,-0.7     1,-0.1    -3,-0.0  -0.501  15.0-141.9 -70.5 102.5   26.4    1.6  -35.6               
  151  151 A D        -     0   0  107     -2,-0.9     2,-1.7     1,-0.1    -1,-0.1  -0.556  32.4-124.3 -55.2 100.6   25.5    3.6  -32.4               
  152  152 A C        -     0   0  101     -2,-0.7     2,-1.7     1,-0.1    -1,-0.1  -0.393  33.0-173.3 -73.0  83.6   28.9    5.4  -32.5               
  153  153 A N        -     0   0  116     -2,-1.7     2,-2.5     1,-0.1    -1,-0.1  -0.564  10.0-157.4 -84.3  76.6   30.2    4.5  -29.1               
  154  154 A C        +     0   0   93     -2,-1.7     2,-1.7     1,-0.1    -1,-0.1  -0.331  22.4 168.5 -64.0  71.1   33.4    6.7  -29.0               
  155  155 A K        +     0   0  167     -2,-2.5    -1,-0.1     1,-0.2    -2,-0.1  -0.652  55.8  83.0 -74.1  71.4   35.5    4.9  -26.3               
  156  156 A D        +     0   0  145     -2,-1.7    -1,-0.2     0, 0.0    -2,-0.1  -0.084  41.7 108.5-170.8  71.0   38.6    6.9  -27.3               
  157  157 A I    >   +     0   0  134     -3,-0.1     2,-1.7     3,-0.0     3,-0.6  -0.518  32.5 163.0-128.4  66.5   38.9   10.4  -25.7               
  158  158 A H  T 3   +     0   0  195      1,-0.2    -3,-0.0    -3,-0.0     0, 0.0  -0.651  58.5  61.2 -73.4  83.2   41.7    9.7  -23.3               
  159  159 A G  T 3   +     0   0   65     -2,-1.7     2,-0.6     1,-0.2    -1,-0.2   0.599  56.4 107.6 165.6  14.7   42.5   13.4  -22.6               
  160  160 A W    <   -     0   0  244     -3,-0.6    -1,-0.2     0, 0.0     2,-0.2  -0.937  54.4-142.0-102.5 120.6   40.1   15.9  -21.1               
  161  161 A K        -     0   0  198     -2,-0.6     2,-0.7     1,-0.1     0, 0.0  -0.507  35.8 -94.5 -65.7 144.0   40.9   17.0  -17.5               
  162  162 A S        +     0   0  114     -2,-0.2     2,-0.4     1,-0.1    -1,-0.1  -0.512  54.3 166.1 -63.7 107.1   37.8   17.4  -15.3               
  163  163 A Q        -     0   0  163     -2,-0.7     2,-2.0     2,-0.1    -1,-0.1  -0.855  21.4-161.0-125.8  91.1   37.0   21.1  -15.5               
  164  164 A V        -     0   0  133     -2,-0.4     2,-0.9     2,-0.0    -2,-0.1  -0.532  15.1-177.9 -73.1  77.2   33.5   21.6  -14.1               
  165  165 A V        -     0   0  112     -2,-2.0     2,-0.7     2,-0.0    -2,-0.1  -0.755  22.2-138.6 -80.2 107.7   32.8   25.0  -15.7               
  166  166 A S        -     0   0   83     -2,-0.9     2,-2.3     1,-0.1     3,-0.3  -0.598   3.0-147.2 -65.9 109.7   29.3   26.1  -14.5               
  167  167 A C        +     0   0  129     -2,-0.7     3,-0.2     1,-0.2    -1,-0.1  -0.485  58.5 127.9 -74.5  67.7   27.6   27.7  -17.5               
  168  168 A S        +     0   0   87     -2,-2.3     2,-0.3     1,-0.2    -1,-0.2   0.426  53.5  63.2-110.7  -4.0   25.8   30.1  -15.1               
  169  169 A Q        +     0   0  165     -3,-0.3    -1,-0.2     1,-0.1    -3,-0.0  -0.730  63.0  89.1-134.9  91.1   26.6   33.4  -16.8               
  170  170 A Q        +     0   0  192     -2,-0.3     2,-0.5    -3,-0.2    -1,-0.1  -0.344  33.6 145.6-159.1  94.3   25.5   34.4  -20.2               
  171  171 A R        +     0   0  258     -3,-0.0     2,-0.3     2,-0.0    -3,-0.0  -0.899  22.7 132.9-113.8  98.9   22.1   36.1  -20.3               
  172  172 A A        -     0   0   81     -2,-0.5     0, 0.0     2,-0.1     0, 0.0  -0.805  64.6 -39.0-147.8 106.0   22.1   38.6  -23.1               
  173  173 A H  S    S+     0   0  187     -2,-0.3     2,-0.2     2,-0.0    -2,-0.0   0.788  81.1  98.9  51.3  77.5   19.3   39.0  -25.7               
  174  174 A T        -     0   0  122      2,-0.0     2,-1.0     0, 0.0    -2,-0.1  -0.648  44.6-153.3-161.4 134.5   17.3   36.2  -27.3               
  175  175 A E        +     0   0  199     -2,-0.2     2,-0.6     2,-0.0    -2,-0.0  -0.393  34.9 158.9 -92.0  57.6   13.7   35.0  -26.2               
  176  176 A E        -     0   0  171     -2,-1.0    -2,-0.0     1,-0.0     3,-0.0  -0.712  33.0-139.8 -87.4 120.8   14.0   31.4  -27.5               
  177  177 A K        -     0   0  192     -2,-0.6     2,-0.2     1,-0.1    -2,-0.0  -0.626  22.9-109.5 -76.1 133.3   11.5   29.0  -25.8               
  178  178 A P        -     0   0  129      0, 0.0     2,-1.4     0, 0.0    -1,-0.1  -0.440  34.1-128.4 -57.6 120.8   12.6   25.5  -24.9               
  179  179 A C        -     0   0  106     -2,-0.2     2,-1.6     1,-0.1    -3,-0.0  -0.597  19.1-154.4 -81.8  88.7   10.7   23.3  -27.4               
  180  180 A D        -     0   0  119     -2,-1.4     2,-2.4     1,-0.1     3,-0.3  -0.434   7.3-167.0 -69.6  84.3    9.1   20.7  -25.0               
  181  181 A H        +     0   0  144     -2,-1.6    -1,-0.1     1,-0.2     3,-0.1  -0.372  54.4 106.7 -73.7  63.5    8.6   17.8  -27.4               
  182  182 A N        +     0   0  132     -2,-2.4    -1,-0.2     1,-0.1     2,-0.1   0.091  62.8  62.4-133.1  23.7    6.3   15.8  -25.1               
  183  183 A N        +     0   0  134     -3,-0.3     2,-1.4     1,-0.0    -1,-0.1  -0.482  35.8 162.7-150.0  87.5    2.8   16.2  -26.8               
  184  184 A C        +     0   0  131     -3,-0.1     2,-0.3    -2,-0.1    -3,-0.0  -0.531  53.3 115.9 -83.9  63.4    2.1   14.8  -30.3               
  185  185 A G  S    S-     0   0   38     -2,-1.4    -1,-0.0     2,-0.1    -3,-0.0  -0.814  76.7 -89.1-148.5  96.5   -1.6   15.1  -29.3               
  186  186 A K        +     0   0  212     -2,-0.3     2,-0.3     1,-0.1    -2,-0.1   0.335  56.8 143.6  -4.4  97.3   -4.1   17.5  -31.1               
  187  187 A I        -     0   0  150      2,-0.1     2,-0.5     0, 0.0    -2,-0.1  -0.906  24.6-170.9-131.2 118.6   -4.5   21.0  -29.9               
  188  188 A L        +     0   0  165     -2,-0.3     2,-0.2     2,-0.0    -2,-0.0  -0.890  22.3 138.9 -89.0 132.1   -5.0   23.6  -32.7               
  189  189 A N        -     0   0  162     -2,-0.5     2,-0.2     2,-0.0    -2,-0.1  -0.772  36.5-134.6-164.7 147.0   -5.0   27.3  -31.9               
  190  190 A T        -     0   0  142     -2,-0.2    -2,-0.0     2,-0.0     0, 0.0  -0.522   4.4-154.3 -89.2 156.6   -3.5   30.3  -33.8               
  191  191 A S        -     0   0  108     -2,-0.2     2,-1.3     2,-0.1    -2,-0.0  -0.974  30.3-114.7-130.8 144.8   -1.4   33.3  -32.6               
  192  192 A P        +     0   0  120      0, 0.0     2,-0.4     0, 0.0    -2,-0.0  -0.434  69.6 109.1-100.8  67.1   -1.5   36.5  -34.6               
  193  193 A D        -     0   0  153     -2,-1.3     2,-1.8     2,-0.1    -2,-0.1  -0.994  64.5-128.1-132.9 128.1    1.8   37.5  -36.2               
  194  194 A G        +     0   0   78     -2,-0.4     0, 0.0     2,-0.1     0, 0.0  -0.266  66.0 108.8 -83.8  52.3    2.0   37.1  -40.0               
  195  195 A H        -     0   0  172     -2,-1.8     2,-1.3     2,-0.0    -2,-0.1  -0.975  60.4-137.2-123.5 120.0    5.2   35.0  -40.8               
  196  196 A P        -     0   0  120      0, 0.0     2,-1.3     0, 0.0    -2,-0.1  -0.593  13.6-160.4 -73.8  97.3    4.9   31.4  -42.1               
  197  197 A Y        -     0   0  174     -2,-1.3     2,-1.2     1,-0.0    -2,-0.0  -0.694  16.9-143.3 -70.9  95.3    7.5   29.5  -40.1               
  198  198 A E        -     0   0  179     -2,-1.3     2,-0.8     1,-0.1    -1,-0.0  -0.550  11.7-141.4 -64.5  97.4    7.7   26.5  -42.5               
  199  199 A K        -     0   0  123     -2,-1.2     2,-2.5     1,-0.1     3,-0.1  -0.573   1.4-145.2 -58.6 108.9    8.2   23.6  -40.1               
  200  200 A I        +     0   0  151     -2,-0.8    -1,-0.1     1,-0.2    -2,-0.1  -0.433  64.6 124.0 -71.8  60.3   10.7   21.3  -41.8               
  201  201 A H        +     0   0  119     -2,-2.5    -1,-0.2     1,-0.1    -2,-0.1  -0.062  23.7 121.6-111.7  27.4    8.7   18.4  -40.1               
  202  202 A T        +     0   0  119     -3,-0.1     2,-1.6     2,-0.1    -1,-0.1   0.022  30.5 124.7 -73.0  24.2    8.2   16.9  -43.6               
  203  203 A A        -     0   0   70      2,-0.0     2,-0.1    -3,-0.0    -1,-0.1  -0.729  59.9-151.8 -74.9  79.0   10.0   14.0  -42.0               
  204  204 A E        -     0   0  130     -2,-1.6     2,-2.1     1,-0.1     3,-0.1  -0.389  15.8-124.6 -52.1 131.5    7.0   11.9  -43.1               
  205  205 A K        +     0   0  109      1,-0.2    12,-0.2    -2,-0.1    11,-0.2  -0.448  47.6 162.7 -80.6  65.0    6.5    8.9  -40.6               
  206  206 A Q        +     0   0  126     -2,-2.1     2,-0.9    11,-0.2    -1,-0.2   0.559  49.6  80.3 -65.3 -12.3    6.7    6.5  -43.5               
  207  207 A Y  E     +A  216   0A  84      9,-1.6     9,-2.4    -3,-0.1     2,-0.4  -0.751  60.4 178.9-108.9  85.6    7.5    3.4  -41.3               
  208  208 A E  E     -A  215   0A 113     -2,-0.9     2,-0.9     7,-0.2     7,-0.2  -0.685  28.7-129.3 -85.0 136.4    4.3    2.1  -39.6               
  209  209 A C    >>  -     0   0    0      5,-2.5     4,-2.3    -2,-0.4     3,-2.2  -0.753  13.0-155.0 -84.8 105.8    4.3   -0.9  -37.3               
  210  210 A S  T 34 S+     0   0  108     -2,-0.9    -1,-0.1     1,-0.3    -2,-0.0   0.644  90.9  56.3 -54.6 -21.0    1.6   -3.3  -38.7               
  211  211 A Q  T 34 S+     0   0  148      3,-0.1    -1,-0.3     1,-0.1    -2,-0.0   0.567 128.8   6.7 -87.0 -14.9    1.2   -4.9  -35.1               
  212  212 A C  T <4 S-     0   0   54     -3,-2.2    -2,-0.2     2,-0.1     3,-0.1   0.394  91.2-112.6-153.4   4.3    0.4   -1.6  -33.2               
  213  213 A G     <  +     0   0   40     -4,-2.3     2,-0.5     1,-0.2    -3,-0.1   0.604  60.5 153.1  66.6  11.1   -0.0    1.4  -35.6               
  214  214 A K        -     0   0  104     -5,-0.5    -5,-2.5     8,-0.0     2,-0.5  -0.673  33.1-150.4 -75.6 125.1    3.2    3.1  -34.2               
  215  215 A N  E     -A  208   0A  69     -2,-0.5     2,-0.3    -7,-0.2    -7,-0.2  -0.856  13.4-164.5-104.9 125.0    4.6    5.4  -36.9               
  216  216 A F  E     -A  207   0A  42     -9,-2.4    -9,-1.6    -2,-0.5     3,-0.1  -0.744  27.5-136.6-113.9 153.9    8.4    6.0  -37.0               
  217  217 A S  S    S+     0   0   63     -2,-0.3     2,-0.3   -12,-0.2   -11,-0.2   0.736  91.6  33.0 -77.0 -27.8   10.7    8.5  -38.7               
  218  218 A Q  S  > S-     0   0  109    -11,-0.1     4,-1.9     1,-0.1     3,-0.4  -0.983  72.0-129.5-133.6 147.3   13.3    5.8  -39.8               
  219  219 A S  H  > S+     0   0   51     -2,-0.3     4,-2.7     1,-0.2     5,-0.2   0.822 112.1  60.3 -59.6 -31.8   13.1    2.1  -40.8               
  220  220 A S  H  > S+     0   0   28      2,-0.2     4,-2.3     1,-0.2    -1,-0.2   0.886 104.2  48.1 -61.9 -41.6   15.9    1.5  -38.2               
  221  221 A E  H  > S+     0   0   71     -3,-0.4     4,-2.0     2,-0.2    -2,-0.2   0.906 113.1  48.2 -67.6 -41.2   13.5    2.8  -35.4               
  222  222 A L  H  X S+     0   0   16     -4,-1.9     4,-2.5     2,-0.2    -2,-0.2   0.932 112.1  48.6 -63.5 -47.1   10.7    0.5  -36.7               
  223  223 A L  H  X S+     0   0   90     -4,-2.7     4,-1.0     2,-0.2    -2,-0.2   0.904 112.3  48.9 -61.7 -41.6   13.0   -2.6  -36.9               
  224  224 A L  H  < S+     0   0   52     -4,-2.3     3,-0.2     1,-0.2    -1,-0.2   0.868 112.8  48.5 -65.3 -35.8   14.3   -1.9  -33.4               
  225  225 A H  H >< S+     0   0   13     -4,-2.0     3,-2.1     1,-0.2     4,-0.5   0.854  99.7  65.2 -71.4 -34.4   10.6   -1.5  -32.2               
  226  226 A Q  H >X S+     0   0   68     -4,-2.5     4,-1.8     1,-0.3     3,-1.6   0.845  89.9  67.8 -60.3 -27.1    9.6   -4.8  -34.0               
  227  227 A R  T 3< S+     0   0   38     -4,-1.0     4,-0.3     1,-0.3    -1,-0.3   0.716  91.2  62.1 -61.4 -21.7   11.9   -6.6  -31.5               
  228  228 A D  T <4 S+     0   0   95     -3,-2.1    -1,-0.3    -4,-0.2    -2,-0.2   0.723 109.1  41.2 -72.9 -23.0    9.3   -5.6  -28.8               
  229  229 A H  T <4 S+     0   0   77     -3,-1.6    -2,-0.2    -4,-0.5    -1,-0.1   0.781 114.2  48.5 -94.0 -34.4    6.7   -7.7  -30.6               
  230  230 A T  S  < S-     0   0   78     -4,-1.8    -2,-0.1     2,-0.1     3,-0.1   0.422 100.9-130.6 -81.0  -1.5    8.9  -10.8  -31.5               
  231  231 A E        +     0   0  137     -4,-0.3     2,-0.2     1,-0.2    -3,-0.1   0.456  50.7 163.6  55.5   7.2   10.1  -10.9  -27.9               
  232  232 A E        +     0   0  116     -6,-0.2    -1,-0.2    -5,-0.1    -2,-0.1  -0.301  18.4 175.6 -66.2 119.3   13.6  -11.1  -29.5               
  233  233 A K        +     0   0   80     -2,-0.2    12,-0.2     1,-0.1    11,-0.1  -0.747   5.3 169.5-123.1  76.1   16.3  -10.4  -27.0               
  234  234 A P        +     0   0   79      0, 0.0     2,-1.0     0, 0.0    11,-0.2   0.826  64.1  72.5 -62.1 -32.5   19.6  -10.9  -29.0               
  235  235 A Y  E     -B  244   0B  69      9,-1.8     9,-2.2     2,-0.0     2,-0.2  -0.721  69.7-179.4 -92.3  95.5   21.8   -9.4  -26.2               
  236  236 A K  E     -B  243   0B 133     -2,-1.0     2,-0.7     7,-0.2     7,-0.2  -0.656  28.1-125.7 -95.1 150.3   21.9  -11.9  -23.3               
  237  237 A C    >>  -     0   0    2      5,-1.6     3,-2.1    -2,-0.2     4,-2.0  -0.874  11.7-156.7 -97.2 107.4   23.6  -11.4  -19.9               
  238  238 A E  T 34 S+     0   0  179     -2,-0.7    -1,-0.1     1,-0.3     3,-0.0   0.814  91.1  59.9 -50.0 -36.2   26.0  -14.4  -19.2               
  239  239 A Q  T 34 S+     0   0  153      1,-0.2    -1,-0.3    -3,-0.1    -2,-0.0   0.639 129.4   3.4 -69.0 -20.2   25.9  -13.6  -15.4               
  240  240 A C  T <4 S-     0   0   53     -3,-2.1    -2,-0.2     2,-0.1    -1,-0.2   0.312  91.2-113.7-154.1   9.7   22.0  -14.1  -15.2               
  241  241 A G     <  +     0   0   59     -4,-2.0     2,-0.2     1,-0.2    -3,-0.1   0.318  61.9 151.4  68.3  -6.8   20.5  -15.2  -18.5               
  242  242 A K        -     0   0  125     -5,-0.3    -5,-1.6    -6,-0.1     2,-0.3  -0.381  33.3-148.3 -64.4 124.7   18.5  -11.8  -18.9               
  243  243 A G  E     -B  236   0B  26     -7,-0.2     2,-0.3    -2,-0.2    -7,-0.2  -0.716  11.6-166.1 -95.2 145.9   17.9  -10.8  -22.5               
  244  244 A F  E     -B  235   0B  46     -9,-2.2    -9,-1.8    -2,-0.3     3,-0.0  -0.950  25.9-139.0-129.5 146.8   17.7   -7.3  -23.9               
  245  245 A T  S    S+     0   0   34     -2,-0.3     2,-0.3   -12,-0.2   -18,-0.1   0.707  93.0  43.5 -75.0 -21.8   16.4   -5.9  -27.3               
  246  246 A R  S >> S-     0   0  103    -11,-0.1     4,-1.5     1,-0.1     3,-0.8  -0.988  74.1-135.5-130.6 140.2   19.5   -3.4  -27.5               
  247  247 A S  H 3> S+     0   0   60     -2,-0.3     4,-2.6     1,-0.2     5,-0.2   0.869 107.0  58.2 -57.6 -41.4   23.2   -3.8  -26.7               
  248  248 A S  H 3> S+     0   0   42      1,-0.2     4,-2.0     2,-0.2    -1,-0.2   0.807 104.1  52.4 -63.4 -29.0   23.3   -0.5  -24.7               
  249  249 A S  H <> S+     0   0   49     -3,-0.8     4,-1.4     2,-0.2    -1,-0.2   0.886 109.6  48.4 -74.7 -36.3   20.6   -1.9  -22.4               
  250  250 A L  H  X S+     0   0   22     -4,-1.5     4,-2.4     2,-0.2    -2,-0.2   0.935 111.5  50.6 -62.9 -45.1   22.7   -5.0  -21.8               
  251  251 A L  H  X S+     0   0   85     -4,-2.6     4,-1.1     1,-0.2    -2,-0.2   0.923 111.1  47.1 -61.4 -44.7   25.8   -2.8  -21.1               
  252  252 A I  H  < S+     0   0   67     -4,-2.0    -1,-0.2     1,-0.2    -2,-0.2   0.807 113.1  51.4 -65.7 -29.4   23.8   -0.6  -18.6               
  253  253 A H  H >< S+     0   0   23     -4,-1.4     3,-2.2     1,-0.2     4,-0.4   0.860  98.5  63.2 -74.6 -35.3   22.5   -3.9  -17.0               
  254  254 A Q  H >X S+     0   0   80     -4,-2.4     3,-2.0     1,-0.3     4,-1.8   0.873  91.2  67.7 -59.6 -31.9   26.1   -5.4  -16.6               
  255  255 A A  T 3< S+     0   0   15     -4,-1.1    -1,-0.3     1,-0.3    -2,-0.2   0.528  90.7  63.6 -62.9  -8.5   26.8   -2.5  -14.2               
  256  256 A V  T <4 S+     0   0   89     -3,-2.2    -1,-0.3     3,-0.1    -2,-0.2   0.681 107.9  40.8 -84.2 -21.6   24.3   -4.2  -11.8               
  257  257 A H  T <4 S+     0   0   77     -3,-2.0    -2,-0.2    -4,-0.4    -3,-0.1   0.769 119.4  42.1 -96.1 -33.2   26.7   -7.3  -11.6               
  258  258 A T  S  < S-     0   0   78     -4,-1.8    -3,-0.2     2,-0.1     3,-0.1   0.462  99.8-136.4 -82.4  -6.3   30.0   -5.3  -11.4               
  259  259 A D        +     0   0  110     -5,-0.3     2,-0.2     1,-0.2    -3,-0.1   0.507  46.6 163.8  52.7  11.9   28.3   -2.8   -9.0               
  260  260 A E        +     0   0  121     -6,-0.2    -1,-0.2     1,-0.1    -2,-0.1  -0.318  20.8 179.3 -64.4 123.9   30.1   -0.1  -11.1               
  261  261 A K        +     0   0   76     -2,-0.2    12,-0.2    -3,-0.1    11,-0.1  -0.762   5.3 173.1-126.6  79.4   28.6    3.3  -10.6               
  262  262 A P        +     0   0   95      0, 0.0     2,-1.0     0, 0.0    11,-0.2   0.820  67.7  70.0 -61.2 -31.9   30.7    5.6  -12.8               
  263  263 A Y  E     +C  272   0C  99      9,-1.8     9,-2.0     2,-0.0     2,-0.3  -0.741  69.9 175.9 -93.9  92.9   28.5    8.6  -12.1               
  264  264 A K  E     -C  271   0C 135     -2,-1.0     2,-0.6     7,-0.2     7,-0.2  -0.735  30.5-124.8 -96.1 147.1   29.1    9.6   -8.4               
  265  265 A C    >>  -     0   0    2      5,-1.8     4,-2.1    -2,-0.3     3,-1.7  -0.855  11.2-152.1 -92.7 117.6   27.5   12.6   -6.7               
  266  266 A D  T 34 S+     0   0  153     -2,-0.6    -1,-0.1     1,-0.3    -2,-0.0   0.753  92.6  58.8 -60.3 -26.3   30.2   14.9   -5.1               
  267  267 A K  T 34 S+     0   0  146      1,-0.1    -1,-0.3     3,-0.1    -2,-0.0   0.601 128.6   6.0 -80.5 -16.1   27.7   16.1   -2.4               
  268  268 A C  T <4 S-     0   0   64     -3,-1.7    -2,-0.2     2,-0.1    -1,-0.1   0.310  91.0-117.0-149.1   5.3   26.9   12.6   -0.9               
  269  269 A G     <  +     0   0   56     -4,-2.1     2,-0.2     1,-0.2    -3,-0.1   0.316  60.7 153.5  69.4  -7.6   29.2   10.0   -2.6               
  270  270 A K        -     0   0  126     -5,-0.3    -5,-1.8    -6,-0.1     2,-0.2  -0.330  33.0-145.2 -64.8 124.0   26.1    8.2   -4.0               
  271  271 A G  E     -C  264   0C  18     -7,-0.2     2,-0.3    -2,-0.2    -7,-0.2  -0.615  14.5-169.4 -90.4 149.0   26.9    6.3   -7.3               
  272  272 A F  E     -C  263   0C  35     -9,-2.0    -9,-1.8    -2,-0.2     3,-0.0  -0.973  27.2-139.7-133.6 148.3   24.6    5.8  -10.3               
  273  273 A T  S    S+     0   0   47     -2,-0.3     2,-0.3   -12,-0.2   -18,-0.1   0.525  91.7  48.0 -80.2  -8.8   24.9    3.5  -13.5               
  274  274 A R  S >> S-     0   0  124    -11,-0.2     4,-1.6     1,-0.1     3,-0.8  -0.995  70.7-139.9-139.1 136.0   23.6    6.4  -15.7               
  275  275 A S  H 3> S+     0   0   69     -2,-0.3     4,-2.7     1,-0.2     5,-0.2   0.891 107.2  58.5 -55.2 -42.9   24.5   10.2  -16.1               
  276  276 A S  H 3> S+     0   0   43      1,-0.2     4,-2.0     2,-0.2    -1,-0.2   0.815 105.0  50.3 -58.1 -33.7   20.7   10.9  -16.4               
  277  277 A S  H <> S+     0   0   46     -3,-0.8     4,-1.3     2,-0.2    -1,-0.2   0.864 110.5  48.7 -76.9 -34.5   20.1    9.3  -13.0               
  278  278 A L  H  X S+     0   0   24     -4,-1.6     4,-2.0     2,-0.2    -2,-0.2   0.932 111.5  50.1 -65.2 -45.4   22.9   11.4  -11.4               
  279  279 A L  H  X S+     0   0  127     -4,-2.7     4,-0.9     1,-0.2    -2,-0.2   0.933 111.3  48.0 -59.9 -46.4   21.5   14.6  -13.0               
  280  280 A I  H  < S+     0   0   76     -4,-2.0    -1,-0.2     1,-0.2    -2,-0.2   0.816 111.5  52.6 -62.2 -32.0   17.9   13.8  -11.7               
  281  281 A H  H >X S+     0   0   26     -4,-1.3     3,-2.0     1,-0.2     4,-0.6   0.838  94.8  67.6 -75.0 -31.0   19.5   13.2   -8.3               
  282  282 A H  H >X S+     0   0   65     -4,-2.0     4,-1.6     1,-0.3     3,-1.4   0.875  89.3  66.8 -58.4 -32.2   21.3   16.6   -8.2               
  283  283 A A  H 3X S+     0   0   18     -4,-0.9     4,-1.0     1,-0.3    -1,-0.3   0.713  92.9  60.6 -58.7 -22.0   17.8   18.2   -7.9               
  284  284 A V  H <4 S+     0   0  105     -3,-2.0    -1,-0.3    -4,-0.2    -2,-0.2   0.812 110.7  40.0 -72.2 -29.9   17.6   16.5   -4.4               
  285  285 A H  H << S+     0   0   68     -3,-1.4    -2,-0.2    -4,-0.6    -1,-0.2   0.636 122.1  39.4 -95.5 -22.3   20.7   18.6   -3.3               
  286  286 A T  H  < S-     0   0   70     -4,-1.6    -3,-0.2     2,-0.1    -2,-0.2   0.582  98.2-133.2 -92.7 -17.6   19.7   21.9   -5.0               
  287  287 A G     <  +     0   0   49     -4,-1.0    -3,-0.1    -5,-0.3    -4,-0.1   0.495  46.6 167.6  71.7   5.6   16.0   21.5   -4.2               
  288  288 A E        +     0   0  116     -6,-0.2    -1,-0.2     1,-0.1    -2,-0.1  -0.272  19.2 176.2 -63.8 129.3   15.3   22.4   -7.8               
  289  289 A K        +     0   0  120     -3,-0.1    12,-0.2     1,-0.1    11,-0.1  -0.721   7.3 167.0-133.0  74.7   11.8   21.8   -9.0               
  290  290 A P        +     0   0   93      0, 0.0     2,-0.9     0, 0.0    11,-0.2   0.864  65.3  71.3 -62.3 -35.4   11.6   23.1  -12.6               
  291  291 A Y  E    S+D  300   0D  89      9,-1.7     9,-2.8     2,-0.0     2,-0.3  -0.714  70.1 179.8 -90.1  99.2    8.2   21.4  -13.2               
  292  292 A K  E     -D  299   0D 137     -2,-0.9     2,-0.7     7,-0.2     7,-0.2  -0.747  29.6-123.5 -99.5 148.4    5.5   23.3  -11.2               
  293  293 A C    >>  -     0   0    4      5,-1.7     4,-2.3    -2,-0.3     3,-1.5  -0.850  14.2-153.6 -90.3 116.3    1.8   22.6  -11.0               
  294  294 A D  T 34 S+     0   0  154     -2,-0.7    -1,-0.1     1,-0.3    -2,-0.0   0.772  91.7  57.0 -62.9 -26.6   -0.2   25.7  -12.0               
  295  295 A K  T 34 S+     0   0  145      1,-0.1    -1,-0.3     3,-0.1    -2,-0.0   0.630 129.8   5.7 -78.5 -19.0   -3.2   24.7   -9.9               
  296  296 A C  T <4 S-     0   0   63     -3,-1.5    -2,-0.2     2,-0.1    -1,-0.1   0.324  89.8-117.5-148.4   2.6   -1.4   24.4   -6.5               
  297  297 A G     <  +     0   0   57     -4,-2.3    -3,-0.1     1,-0.2     2,-0.1   0.301  59.4 153.3  69.8  -8.6    2.3   25.7   -6.9               
  298  298 A K        -     0   0   72     -5,-0.2    -5,-1.7    -6,-0.1     2,-0.3  -0.310  33.8-145.5 -60.3 121.9    3.6   22.1   -6.0               
  299  299 A G  E     -D  292   0D  13     -7,-0.2     2,-0.3    -3,-0.1    -7,-0.2  -0.744  15.8-169.2 -99.3 144.5    7.0   21.7   -7.6               
  300  300 A F  E     -D  291   0D  34     -9,-2.8    -9,-1.7    -2,-0.3     3,-0.0  -0.924  27.5-140.1-129.9 147.7    8.6   18.5   -9.1               
  301  301 A S  S    S+     0   0   49     -2,-0.3     2,-0.3   -12,-0.2   -18,-0.1   0.422  92.1  47.0 -84.6  -1.9   12.2   17.5  -10.3               
  302  302 A Q  S >> S-     0   0   54    -11,-0.2     4,-1.6     1,-0.1     3,-0.8  -0.986  71.1-139.9-143.5 135.5   10.7   15.5  -13.2               
  303  303 A S  H 3> S+     0   0   50     -2,-0.3     4,-2.8     1,-0.2     5,-0.2   0.894 106.1  60.0 -57.0 -41.4    7.9   16.3  -15.8               
  304  304 A S  H 3> S+     0   0   59      1,-0.2     4,-1.6     2,-0.2    -1,-0.2   0.802 105.4  48.4 -58.7 -31.4    6.6   12.7  -15.5               
  305  305 A K  H <> S+     0   0  101     -3,-0.8     4,-1.9     2,-0.2    -1,-0.2   0.866 110.0  50.9 -80.7 -34.8    6.0   13.3  -11.7               
  306  306 A L  H  X S+     0   0   21     -4,-1.6     4,-2.5     2,-0.2    -2,-0.2   0.950 110.5  50.0 -61.0 -48.3    4.1   16.6  -12.5               
  307  307 A H  H  X S+     0   0   97     -4,-2.8     4,-0.8     1,-0.2    -2,-0.2   0.898 111.4  47.6 -59.9 -42.3    1.9   14.7  -15.1               
  308  308 A I  H >< S+     0   0   48     -4,-1.6     3,-0.5    -5,-0.2     4,-0.3   0.903 113.6  49.2 -64.3 -38.6    1.1   12.0  -12.5               
  309  309 A H  H >X S+     0   0   17     -4,-1.9     3,-2.1     1,-0.2     4,-0.5   0.856  96.4  68.4 -70.5 -34.1    0.3   14.7   -9.9               
  310  310 A Q  H >< S+     0   0   73     -4,-2.5     3,-1.4     1,-0.3     4,-0.2   0.824  88.6  68.9 -55.1 -27.9   -2.0   16.7  -12.3               
  311  311 A R  G XX S+     0   0   34     -4,-0.8     4,-1.7    -3,-0.5     3,-0.8   0.770  87.4  64.3 -61.5 -27.2   -4.4   13.6  -12.0               
  312  312 A V  G <4 S+     0   0   76     -3,-2.1    -1,-0.3    -4,-0.3    -2,-0.2   0.805 106.6  44.4 -64.1 -27.4   -5.0   14.7   -8.3               
  313  313 A H  G << S+     0   0   61     -3,-1.4    -1,-0.2    -4,-0.5    -2,-0.2   0.333 119.9  38.9-100.9   0.6   -6.6   17.9   -9.8               
  314  314 A T  T <4 S-     0   0   83     -3,-0.8    -2,-0.2    -4,-0.2    -3,-0.2   0.445  99.2-127.4-115.2 -13.7   -8.6   16.2  -12.6               
  315  315 A G     <  +     0   0   54     -4,-1.7    -3,-0.1     1,-0.2    -4,-0.1   0.420  49.5 167.3  74.2   1.7   -9.8   13.1  -10.6               
  316  316 A E        +     0   0  102     -5,-0.4    -1,-0.2    -6,-0.2    -2,-0.1  -0.241  17.3 172.0 -59.4 125.3   -8.4   11.0  -13.5               
  317  317 A K        +     0   0  126     -3,-0.1    12,-0.2    -2,-0.1    11,-0.2  -0.642   0.5 172.8-129.7  70.8   -8.1    7.3  -12.6               
  318  318 A P        +     0   0   71      0, 0.0     2,-0.4     0, 0.0    11,-0.1   0.247  61.4  74.3 -74.1  11.9   -7.1    5.6  -16.0               
  319  319 A Y  E     -E  328   0E  63      9,-1.4     9,-2.6    11,-0.1     2,-0.2  -0.832  66.0-175.7-130.0  89.2   -6.5    2.1  -14.4               
  320  320 A E  E     -E  327   0E 119     -2,-0.4     2,-0.7     7,-0.3     7,-0.2  -0.510  25.6-127.4 -84.1 151.1   -9.8    0.3  -13.4               
  321  321 A C    >>  -     0   0    1      5,-0.8     4,-2.3    -2,-0.2     3,-2.0  -0.911  12.5-155.2-100.5 109.8  -10.1   -3.0  -11.6               
  322  322 A E  T 34 S+     0   0  197     -2,-0.7    -1,-0.1     1,-0.3    -2,-0.0   0.744  90.9  58.5 -55.9 -28.1  -12.5   -5.3  -13.7               
  323  323 A E  T 34 S+     0   0  125      1,-0.1    -1,-0.3     3,-0.1    -3,-0.0   0.611 128.9   5.1 -77.7 -16.4  -13.4   -7.3  -10.5               
  324  324 A C  T <4 S-     0   0   53     -3,-2.0    -2,-0.2     2,-0.1    -1,-0.1   0.386  90.7-114.0-152.3   2.1  -14.8   -4.3   -8.5               
  325  325 A G     <  +     0   0   43     -4,-2.3     2,-0.7     1,-0.2    -3,-0.1   0.555  63.3 148.1  65.8   7.8  -14.9   -1.0  -10.7               
  326  326 A M        -     0   0  103     -5,-0.5    -5,-0.8    -6,-0.1     2,-0.3  -0.671  33.0-156.1 -78.2 117.7  -12.2    0.6   -8.4               
  327  327 A S  E     -E  320   0E  29     -2,-0.7     2,-0.3    -7,-0.2    -7,-0.3  -0.735   7.3-161.7-103.3 142.3  -10.1    3.0  -10.5               
  328  328 A F  E     -E  319   0E  45     -9,-2.6    -9,-1.4    -2,-0.3     3,-0.1  -0.856  25.0-136.4-122.2 149.2   -6.5    4.1   -9.8               
  329  329 A S  S    S+     0   0   35     -2,-0.3     2,-0.3   -12,-0.2   -18,-0.1   0.675  94.2  42.5 -77.9 -16.4   -4.3    7.1  -11.0               
  330  330 A Q  S >> S-     0   0   64    -11,-0.1     4,-1.3     1,-0.1     3,-1.3  -0.999  74.6-135.1-136.9 134.8   -1.2    4.7  -11.5               
  331  331 A R  H 3> S+     0   0  180     -2,-0.3     4,-2.5     1,-0.3     5,-0.2   0.802 105.5  61.9 -58.8 -33.6   -0.9    1.1  -12.9               
  332  332 A S  H 3> S+     0   0   61      2,-0.2     4,-1.8     1,-0.2    -1,-0.3   0.841 103.0  50.1 -57.2 -36.4    1.3    0.1   -9.9               
  333  333 A N  H <> S+     0   0   64     -3,-1.3     4,-1.9     2,-0.2    -2,-0.2   0.889 109.2  50.1 -79.8 -36.0   -1.6    0.8   -7.5               
  334  334 A L  H  X S+     0   0   20     -4,-1.3     4,-2.6     2,-0.2    -2,-0.2   0.954 111.6  49.3 -59.1 -49.6   -4.1   -1.3   -9.6               
  335  335 A H  H  < S+     0   0  105     -4,-2.5     4,-0.5     1,-0.2    -2,-0.2   0.860 112.1  47.8 -61.9 -36.8   -1.5   -4.2   -9.6               
  336  336 A I  H  < S+     0   0   56     -4,-1.8     3,-0.4    -5,-0.2    -1,-0.2   0.853 112.2  51.3 -69.7 -33.0   -1.1   -3.8   -5.8               
  337  337 A H  H >X S+     0   0   24     -4,-1.9     3,-2.7     1,-0.2     4,-0.6   0.891  96.6  65.9 -71.3 -38.0   -4.9   -3.7   -5.4               
  338  338 A Q  H 3X S+     0   0   77     -4,-2.6     4,-2.2     1,-0.3     6,-0.3   0.728  88.7  71.0 -58.9 -18.6   -5.4   -7.0   -7.5               
  339  339 A R  H 34 S+     0   0   34     -4,-0.5     4,-0.3    -3,-0.4    -1,-0.3   0.625  89.0  62.1 -68.2 -16.7   -3.6   -8.7   -4.6               
  340  340 A V  H <4 S+     0   0  102     -3,-2.7    -1,-0.2     3,-0.2    -2,-0.2   0.900 110.6  37.1 -74.0 -41.7   -6.8   -8.1   -2.5               
  341  341 A H  H  < S+     0   0   67     -4,-0.6    -2,-0.2    -3,-0.2    -3,-0.1   0.961 122.7  41.4 -75.3 -52.0   -8.9  -10.3   -4.9               
  342  342 A T  S  < S-     0   0   98     -4,-2.2    -1,-0.2     1,-0.1    -3,-0.2   0.581 100.6-133.3 -68.5 -14.0   -6.2  -13.0   -5.7               
  343  343 A G        +     0   0   44     -4,-0.3    -3,-0.2     1,-0.2    -4,-0.1   0.593  42.5 172.3  65.5  11.9   -5.2  -13.0   -2.0               
  344  344 A E        +     0   0   88     -6,-0.3    -1,-0.2     1,-0.1    -2,-0.1  -0.287  14.9 176.2 -62.1 126.0   -1.5  -12.9   -3.2               
  345  345 A R        +     0   0  144      1,-0.1    12,-0.2    -2,-0.1    11,-0.2  -0.637   9.1 163.4-130.5  72.7    1.0  -12.4   -0.4               
  346  346 A P        +     0   0   55      0, 0.0     2,-1.2     0, 0.0    11,-0.2   0.807  60.5  75.1 -63.9 -33.2    4.6  -12.5   -1.9               
  347  347 A Y  E     -F  356   0F  83      9,-2.0     9,-1.8     2,-0.0     2,-0.3  -0.687  67.6-179.9 -91.3  90.6    6.3  -10.9    1.1               
  348  348 A K  E     -F  355   0F 149     -2,-1.2     2,-0.4     7,-0.3     7,-0.2  -0.728  28.8-122.7 -89.0 140.6    6.5  -13.6    3.8               
  349  349 A C     >  -     0   0    2      5,-2.2     4,-0.9    -2,-0.3    14,-0.0  -0.683  13.7-150.2 -73.8 133.0    8.0  -13.1    7.3               
  350  350 A G  T  4 S+     0   0   73     -2,-0.4    -1,-0.1     2,-0.2    -2,-0.0   0.800  92.6  50.9 -72.5 -28.5   10.8  -15.7    7.9               
  351  351 A E  T  4 S+     0   0  115      1,-0.2    -1,-0.1     3,-0.1    -2,-0.0   0.812 130.3  11.9 -86.1 -33.4   10.2  -15.8   11.7               
  352  352 A C  T  4 S-     0   0   65      2,-0.1    -2,-0.2     0, 0.0    -1,-0.2   0.196  92.7-123.0-128.5   9.9    6.4  -16.4   11.8               
  353  353 A G     <  +     0   0   51     -4,-0.9    -3,-0.1     1,-0.2     2,-0.0   0.303  56.2 155.6  68.0 -10.8    5.6  -17.3    8.1               
  354  354 A K        -     0   0  118     -6,-0.2    -5,-2.2     1,-0.1     2,-0.3  -0.238  33.5-139.7 -61.1 124.8    3.0  -14.4    8.0               
  355  355 A G  E     -F  348   0F  15     -7,-0.2     2,-0.3    -2,-0.0    -7,-0.3  -0.616  17.2-170.8 -89.9 146.9    2.4  -13.1    4.4               
  356  356 A F  E     -F  347   0F  29     -9,-1.8    -9,-2.0    -2,-0.3     6,-0.0  -0.958  26.4-141.1-132.9 147.3    2.0   -9.5    3.1               
  357  357 A S  S    S+     0   0   32     -2,-0.3     2,-0.3   -12,-0.2   -18,-0.1   0.571  92.1  42.2 -82.7 -11.1    0.9   -8.0   -0.3               
  358  358 A Q  S  > S-     0   0   70    -11,-0.2     4,-1.1     1,-0.1     3,-0.1  -0.989  74.2-135.1-137.0 145.4    3.5   -5.2    0.0               
  359  359 A S  H  > S+     0   0   71     -2,-0.3     4,-2.4     1,-0.2     5,-0.1   0.838 104.8  62.0 -69.4 -34.4    7.2   -5.2    1.2               
  360  360 A S  H  > S+     0   0   51      1,-0.2     4,-2.7     2,-0.2     5,-0.2   0.919 103.3  49.8 -52.8 -47.2    6.6   -2.0    3.3               
  361  361 A N  H  > S+     0   0   66      1,-0.2     4,-1.4     2,-0.2    -1,-0.2   0.824 110.0  50.5 -68.6 -32.0    4.1   -3.9    5.5               
  362  362 A L  H  X S+     0   0   22     -4,-1.1     4,-1.9     2,-0.2    -1,-0.2   0.901 110.9  49.1 -68.3 -41.9    6.6   -6.8    5.9               
  363  363 A H  H  X S+     0   0  135     -4,-2.4     4,-1.1     2,-0.2     3,-0.3   0.966 112.2  46.9 -63.1 -48.7    9.3   -4.3    7.0               
  364  364 A I  H  < S+     0   0   54     -4,-2.7    -1,-0.2     1,-0.2    -2,-0.2   0.841 111.4  54.1 -59.9 -34.8    6.9   -2.6    9.5               
  365  365 A H  H >X S+     0   0   15     -4,-1.4     3,-2.1    -5,-0.2     4,-0.5   0.873  97.1  63.2 -69.0 -35.8    5.9   -6.1   10.8               
  366  366 A R  H >X S+     0   0  121     -4,-1.9     4,-2.5    -3,-0.3     3,-1.4   0.859  89.4  69.8 -58.8 -32.0    9.6   -7.1   11.4               
  367  367 A C  H 3< S+     0   0   13     -4,-1.1     4,-0.4     1,-0.3    -1,-0.3   0.628  91.3  61.1 -58.8 -16.1    9.8   -4.3   14.1               
  368  368 A I  H <4 S+     0   0  124     -3,-2.1    -1,-0.3    -4,-0.2    -2,-0.2   0.827 112.1  36.4 -76.5 -34.0    7.3   -6.6   16.1               
  369  369 A H  H << S+     0   0   71     -3,-1.4    -2,-0.2    -4,-0.5    -3,-0.1   0.908 122.4  42.0 -84.9 -45.7   10.0   -9.4   16.2               
  370  370 A T  S  < S-     0   0   74     -4,-2.5    -3,-0.2     1,-0.1    -2,-0.1   0.619  99.2-136.0 -72.4 -14.6   13.2   -7.1   16.5               
  371  371 A G        +     0   0   45     -4,-0.4    -4,-0.1    -5,-0.4    -3,-0.1   0.431  47.9 161.3  68.8   0.7   11.3   -4.9   19.1               
  372  372 A E        -     0   0   77     -6,-0.2    -1,-0.2     1,-0.1    -2,-0.1  -0.198  26.3-174.0 -62.3 138.2   12.8   -1.9   17.1               
  373  373 A K        +     0   0  123     -3,-0.1    12,-0.2     1,-0.1    11,-0.2  -0.679   7.7 173.8-133.2  75.1   11.1    1.5   17.6               
  374  374 A P        +     0   0   74      0, 0.0     2,-0.8     0, 0.0  -305,-0.2   0.671  68.0  69.4 -62.4 -19.6   12.8    3.9   15.1               
  375  375 A Y  E     -G  384   0G  60      9,-2.2     9,-2.0  -307,-0.1     2,-0.3  -0.822  69.8-177.5-106.5  93.5   10.4    6.7   15.9               
  376  376 A Q  E     -G  383   0G 141     -2,-0.8     2,-0.6     7,-0.2     7,-0.2  -0.694  27.0-123.7 -91.3 142.9   11.0    8.0   19.5               
  377  377 A C    >>  -     0   0    2      5,-1.8     4,-1.8    -2,-0.3     3,-0.9  -0.773  12.5-152.6 -82.9 119.8    9.0   10.7   21.3               
  378  378 A Y  T 34 S+     0   0  174     -2,-0.6    -1,-0.1     1,-0.2    -2,-0.0   0.722  91.9  55.0 -66.5 -21.8   11.3   13.5   22.5               
  379  379 A E  T 34 S+     0   0   96      1,-0.1    -1,-0.2     3,-0.1    -2,-0.0   0.661 130.3   6.1 -86.2 -18.8    8.9   14.5   25.4               
  380  380 A C  T <4 S-     0   0   66     -3,-0.9    -2,-0.2     2,-0.1    -1,-0.1   0.255  91.5-115.4-149.7  10.8    8.7   11.0   27.1               
  381  381 A G     <  +     0   0   54     -4,-1.8     2,-0.2     1,-0.2    -3,-0.1   0.343  60.2 154.3  67.1  -6.7   11.2    8.6   25.3               
  382  382 A K        -     0   0  117     -5,-0.2    -5,-1.8    -6,-0.2     2,-0.3  -0.353  32.5-146.0 -64.2 120.2    8.3    6.4   24.1               
  383  383 A G  E     -G  376   0G  16     -7,-0.2     2,-0.3    -2,-0.2    -7,-0.2  -0.633  15.1-170.7 -90.3 146.5    9.3    4.5   20.9               
  384  384 A F  E     -G  375   0G  35     -9,-2.0    -9,-2.2    -2,-0.3     3,-0.0  -0.940  27.8-139.2-131.3 150.0    7.0    3.5   17.9               
  385  385 A S  S    S+     0   0   38     -2,-0.3     2,-0.3   -12,-0.2   -18,-0.1   0.618  91.4  47.8 -81.8 -14.4    7.5    1.3   14.8               
  386  386 A Q  S >> S-     0   0   64    -11,-0.2     4,-1.7     1,-0.1     3,-0.5  -0.985  71.1-139.3-131.5 142.4    5.7    3.9   12.6               
  387  387 A S  H 3> S+     0   0   64     -2,-0.3     4,-2.4     1,-0.2     5,-0.1   0.791 105.7  62.3 -66.0 -28.3    6.0    7.7   12.1               
  388  388 A S  H 3> S+     0   0   36      2,-0.2     4,-2.0     1,-0.2    -1,-0.2   0.894 104.7  46.5 -56.0 -42.7    2.1    7.8   11.9               
  389  389 A D  H <> S+     0   0   55     -3,-0.5     4,-2.2     2,-0.2    -2,-0.2   0.889 111.4  49.5 -82.5 -36.9    1.8    6.4   15.5               
  390  390 A L  H  X S+     0   0   12     -4,-1.7     4,-2.4     2,-0.2    -1,-0.2   0.946 111.9  50.3 -58.2 -49.4    4.5    8.8   16.9               
  391  391 A R  H  X S+     0   0  170     -4,-2.4     4,-0.6     1,-0.2    -2,-0.2   0.878 112.7  46.1 -60.1 -39.1    2.6   11.8   15.2               
  392  392 A I  H  < S+     0   0   53     -4,-2.0     3,-0.5     1,-0.2    -1,-0.2   0.846 111.8  52.7 -70.2 -34.7   -0.7   10.5   16.7               
  393  393 A H  H >X S+     0   0   27     -4,-2.2     3,-2.6     1,-0.2     4,-0.6   0.877  95.6  66.3 -69.4 -36.9    1.0   10.1   20.1               
  394  394 A L  H >X S+     0   0   39     -4,-2.4     4,-2.4     1,-0.3     3,-0.6   0.792  89.2  69.8 -57.9 -23.6    2.4   13.8   20.1               
  395  395 A R  H 3X S+     0   0   42     -4,-0.6     4,-0.6    -3,-0.5    -1,-0.3   0.649  89.2  62.4 -63.9 -19.7   -1.3   14.8   20.4               
  396  396 A V  H <4 S+     0   0  104     -3,-2.6    -1,-0.2     2,-0.2    -2,-0.2   0.876 109.9  38.9 -71.6 -37.4   -1.3   13.4   24.0               
  397  397 A H  H << S+     0   0   68     -4,-0.6    -2,-0.2    -3,-0.6    -3,-0.1   0.925 122.3  40.4 -79.5 -46.2    1.4   16.0   24.9               
  398  398 A T  H  < S-     0   0   94     -4,-2.4    -1,-0.2     2,-0.1    -3,-0.2   0.590 101.4-131.4 -75.1 -13.3   -0.1   19.0   22.9               
  399  399 A G     <  +     0   0   42     -4,-0.6    -3,-0.1    -5,-0.2    -4,-0.1   0.483  44.6 170.2  71.0   4.8   -3.7   18.0   23.9               
  400  400 A E        +     0   0   91     -6,-0.2    -1,-0.2     1,-0.1    -2,-0.1  -0.216  14.5 174.9 -58.2 124.0   -4.6   18.4   20.1               
  401  401 A K        +     0   0  120      1,-0.1    12,-0.2    12,-0.1    11,-0.2  -0.633   6.3 166.8-129.0  72.6   -8.1   17.0   19.4               
  402  402 A P        +     0   0   50      0, 0.0     2,-1.0     0, 0.0    11,-0.2   0.816  58.8  77.0 -60.7 -32.7   -8.9   17.8   15.6               
  403  403 A Y  E     -H  412   0H  85      9,-2.1     9,-1.8     2,-0.0     2,-0.3  -0.681  65.8-174.9 -93.9  98.2  -12.0   15.5   15.4               
  404  404 A H  E     -H  411   0H 120     -2,-1.0     2,-0.9     7,-0.2     7,-0.2  -0.701  26.2-125.0 -96.1 140.4  -15.0   17.2   17.1               
  405  405 A C    >>  -     0   0    2      5,-1.9     4,-2.0    -2,-0.3     3,-1.9  -0.732  13.1-154.9 -83.8 108.9  -18.5   15.7   17.6               
  406  406 A G  T 34 S+     0   0   86     -2,-0.9    -1,-0.1     1,-0.3    -2,-0.0   0.625  92.0  56.8 -58.5 -14.6  -21.1   18.1   16.0               
  407  407 A K  T 34 S+     0   0  146      3,-0.1    -1,-0.3     1,-0.1    -2,-0.0   0.605 130.0   4.6 -89.6 -17.1  -23.8   16.7   18.4               
  408  408 A C  T <4 S-     0   0   66     -3,-1.9    -2,-0.2     2,-0.1    -1,-0.1   0.251  91.3-114.8-152.6  11.7  -22.0   17.5   21.7               
  409  409 A G     <  +     0   0   52     -4,-2.0    -3,-0.1     1,-0.2     2,-0.1   0.249  60.4 153.3  69.4 -12.5  -18.7   19.5   21.0               
  410  410 A K        -     0   0  127     -5,-0.3    -5,-1.9    -6,-0.2     2,-0.3  -0.282  33.2-146.5 -61.5 119.4  -16.5   16.5   22.3               
  411  411 A G  E     -H  404   0H  17     -7,-0.2     2,-0.3    -2,-0.1    -7,-0.2  -0.622  13.9-168.5 -89.2 145.3  -13.0   16.5   20.7               
  412  412 A F  E     -H  403   0H  36     -9,-1.8    -9,-2.1    -2,-0.3     6,-0.0  -0.959  27.5-138.4-131.8 147.2  -10.9   13.5   19.8               
  413  413 A S  S    S+     0   0   37     -2,-0.3     2,-0.3   -12,-0.2   -18,-0.1   0.558  93.4  43.8 -80.3  -9.0   -7.2   13.0   18.7               
  414  414 A Q  S >> S-     0   0   65    -11,-0.2     4,-1.4     1,-0.1     3,-0.5  -1.000  72.6-137.9-139.3 138.8   -8.3   10.3   16.1               
  415  415 A S  H 3> S+     0   0   68     -2,-0.3     4,-2.7     1,-0.2     5,-0.2   0.865 105.0  61.3 -61.5 -37.7  -11.2   10.1   13.6               
  416  416 A S  H 3> S+     0   0   54      1,-0.2     4,-2.1     2,-0.2    -1,-0.2   0.858 104.0  49.2 -57.7 -37.7  -11.8    6.4   14.5               
  417  417 A K  H <> S+     0   0  102     -3,-0.5     4,-2.0     2,-0.2    -1,-0.2   0.872 110.4  50.4 -74.4 -34.9  -12.6    7.4   18.1               
  418  418 A L  H  X S+     0   0   22     -4,-1.4     4,-2.4     2,-0.2    -2,-0.2   0.942 110.9  49.2 -62.5 -47.6  -15.0   10.2   16.9               
  419  419 A L  H  X S+     0   0   99     -4,-2.7     4,-0.9     1,-0.2    -2,-0.2   0.908 112.4  47.4 -61.3 -42.8  -16.8    7.6   14.7               
  420  420 A I  H  < S+     0   0   46     -4,-2.1     3,-0.5     1,-0.2     4,-0.3   0.897 112.4  51.0 -63.0 -39.9  -17.1    5.1   17.6               
  421  421 A H  H >X S+     0   0   27     -4,-2.0     3,-2.0     1,-0.2     4,-0.5   0.866  97.3  66.3 -67.3 -35.4  -18.4    7.9   19.8               
  422  422 A Q  H >X S+     0   0   81     -4,-2.4     3,-1.4     1,-0.3     4,-0.6   0.840  89.6  67.5 -57.3 -29.6  -21.1    9.0   17.2               
  423  423 A R  H 3X S+     0   0   46     -4,-0.9     4,-1.8    -3,-0.5     3,-0.3   0.727  89.0  64.5 -62.1 -22.4  -22.7    5.5   18.0               
  424  424 A V  H <4 S+     0   0  108     -3,-2.0    -1,-0.3    -4,-0.3    -2,-0.2   0.827 106.0  44.4 -66.8 -29.1  -23.5    6.9   21.5               
  425  425 A H  H << S+     0   0   63     -3,-1.4    -2,-0.2    -4,-0.5    -1,-0.2   0.475 121.0  37.7 -94.1 -10.2  -25.8    9.5   19.7               
  426  426 A T  H  < S-     0   0   75     -4,-0.6    -2,-0.2    -3,-0.3    -3,-0.2   0.532  99.4-128.9-107.0 -16.9  -27.4    7.0   17.3               
  427  427 A G     <  +     0   0   52     -4,-1.8    -3,-0.1     1,-0.2    -4,-0.1   0.413  48.0 168.1  77.7   1.3  -27.7    4.0   19.7               
  428  428 A E        +     0   0   94     -5,-0.3    -1,-0.2    -6,-0.1    -2,-0.1  -0.179  20.7 178.8 -56.3 131.7  -26.0    1.8   17.1               
  429  429 A K        +     0   0  135      1,-0.1    11,-0.3    12,-0.1    12,-0.2  -0.626   7.2 168.5-130.6  70.2  -24.8   -1.6   18.2               
  430  430 A P        +     0   0   73      0, 0.0     2,-0.6     0, 0.0    11,-0.2   0.500  62.6  73.2 -68.2  -6.7  -23.3   -3.3   15.0               
  431  431 A Y  E     -I  440   0I  80      9,-2.1     9,-2.2    11,-0.0     2,-0.3  -0.860  66.9-177.5-114.9  94.0  -21.7   -6.2   17.0               
  432  432 A E  E     -I  439   0I 127     -2,-0.6     2,-0.9     7,-0.3     7,-0.2  -0.667  28.6-122.8 -93.5 143.9  -24.4   -8.7   18.2               
  433  433 A C  E >>> -I  438   0I   2      5,-1.3     3,-2.4    -2,-0.3     4,-2.0  -0.766  14.3-155.3 -86.5 106.7  -23.7  -11.7   20.4               
  434  434 A S  T 345S+     0   0  118     -2,-0.9    -1,-0.1     1,-0.3    -2,-0.0   0.605  92.0  57.6 -55.3 -17.0  -25.1  -14.8   18.5               
  435  435 A K  T 345S+     0   0  147      3,-0.1    -1,-0.3     1,-0.1    -2,-0.0   0.587 129.1   4.2 -86.3 -17.0  -25.5  -16.7   21.8               
  436  436 A C  T <45S-     0   0   67     -3,-2.4    -2,-0.2     2,-0.1     3,-0.1   0.302  91.5-110.7-155.7   9.4  -27.9  -14.1   23.5               
  437  437 A G  T  <5 +     0   0   43     -4,-2.0     2,-0.8     1,-0.2    -3,-0.1   0.544  61.7 153.8  67.3   6.0  -28.9  -11.2   21.1               
  438  438 A K  E   < -I  433   0I 123     -5,-0.5    -5,-1.3    -6,-0.1     2,-0.3  -0.588  32.1-150.0 -76.8 110.5  -26.8   -8.7   23.2               
  439  439 A G  E     -I  432   0I  20     -2,-0.8     2,-0.3    -7,-0.2    -7,-0.3  -0.597  12.8-169.7 -81.1 139.6  -25.7   -5.8   20.9               
  440  440 A F  E     -I  431   0I  33     -9,-2.2    -9,-2.1    -2,-0.3     3,-0.0  -0.932  27.1-140.0-127.1 148.3  -22.4   -3.8   21.4               
  441  441 A S  S    S+     0   0   35     -2,-0.3     2,-0.3   -12,-0.2   -18,-0.1   0.570  92.0  42.0 -82.4 -10.0  -21.1   -0.6   19.7               
  442  442 A Q  S  > S-     0   0   56    -11,-0.2     4,-1.3     1,-0.1     3,-0.3  -0.998  74.0-135.0-139.9 141.5  -17.5   -2.0   19.6               
  443  443 A S  H  > S+     0   0   69     -2,-0.3     4,-2.6     1,-0.2     5,-0.2   0.824 104.8  61.8 -66.2 -33.3  -16.1   -5.5   18.6               
  444  444 A S  H  > S+     0   0   54      2,-0.2     4,-2.7     1,-0.2    -1,-0.2   0.913 103.4  49.8 -56.2 -43.7  -13.7   -5.5   21.6               
  445  445 A N  H  > S+     0   0   67     -3,-0.3     4,-2.2     1,-0.2    -1,-0.2   0.865 111.0  49.3 -70.1 -34.5  -16.7   -5.4   24.0               
  446  446 A L  H  X S+     0   0   20     -4,-1.3     4,-2.5     2,-0.2    -2,-0.2   0.925 111.2  49.7 -65.5 -45.0  -18.4   -8.3   22.1               
  447  447 A H  H  X S+     0   0   94     -4,-2.6     4,-1.1     2,-0.2    -2,-0.2   0.932 112.2  47.2 -61.3 -44.9  -15.1  -10.3   22.3               
  448  448 A I  H >X S+     0   0  102     -4,-2.7     3,-0.7     1,-0.2     4,-0.7   0.931 112.5  50.4 -61.2 -43.4  -14.9   -9.6   26.1               
  449  449 A H  H >X S+     0   0   33     -4,-2.2     3,-1.2     1,-0.2     4,-1.2   0.892 103.1  59.3 -63.5 -36.7  -18.6  -10.6   26.5               
  450  450 A Q  H 3< S+     0   0   74     -4,-2.5    -1,-0.2     1,-0.2    -2,-0.2   0.784  93.9  66.2 -63.1 -24.7  -17.9  -13.8   24.5               
  451  451 A R  H X< S+     0   0  101     -4,-1.1     3,-1.0    -3,-0.7     4,-0.3   0.831  97.4  54.9 -63.6 -29.4  -15.4  -14.8   27.3               
  452  452 A V  H X< S+     0   0   93     -3,-1.2     3,-2.1    -4,-0.7    -2,-0.2   0.962 102.4  55.4 -65.7 -46.9  -18.5  -15.0   29.7               
  453  453 A H  T 3< S+     0   0   49     -4,-1.2    -1,-0.2     1,-0.3    -2,-0.2   0.305 105.2  54.9 -69.7   5.9  -20.1  -17.5   27.3               
  454  454 A K  T <  S+     0   0  180     -3,-1.0    -1,-0.3     3,-0.0    -2,-0.2   0.390  94.9  67.3-109.8  -7.7  -17.0  -19.7   27.6               
  455  455 A K  S <  S+     0   0  182     -3,-2.1    -2,-0.2    -4,-0.3    -3,-0.1   0.247  81.6  85.1 -98.3   9.4  -17.1  -19.9   31.5               
  456  456 A D        +     0   0  116     -4,-0.2     2,-0.6     2,-0.0    -1,-0.1  -0.762  38.9 149.5-120.3  76.5  -20.3  -22.0   31.7               
  457  457 A P              0   0  114      0, 0.0    -3,-0.0     0, 0.0     0, 0.0  -0.976 360.0 360.0 -85.1 120.9  -19.7  -25.7   31.4               
  458  458 A R              0   0  295     -2,-0.6    -2,-0.0     0, 0.0     0, 0.0  -0.693 360.0 360.0 -86.7 360.0  -22.5  -27.3   33.5               
