==== Secondary Structure Definition by the program DSSP, CMBI version 2.0                          ==== DATE=2026-03-08        .
REFERENCE W. KABSCH AND C.SANDER, BIOPOLYMERS 22 (1983) 2577-2637                                                              .
HEADER                                            01-AUG-25                                                                    .
COMPND    MOL_ID: 1; MOLECULE: POLYADENYLATE-BINDING PROTEIN 1-LIKE; CHAIN: A                                                  .
SOURCE    MOL_ID: 1; ORGANISM_SCIENTIFIC: HOMO SAPIENS; ORGANISM_TAXID: 9606                                                   .
AUTHOR                                                                                                                         .
  619  1  0  0  0 TOTAL NUMBER OF RESIDUES, NUMBER OF CHAINS, NUMBER OF SS-BRIDGES(TOTAL,INTRACHAIN,INTERCHAIN)                .
 52152.3   ACCESSIBLE SURFACE OF PROTEIN (ANGSTROM**2)                                                                         .
  364 58.8   TOTAL NUMBER OF HYDROGEN BONDS OF TYPE O(I)-->H-N(J)  , SAME NUMBER PER 100 RESIDUES                              .
    0  0.0   TOTAL NUMBER OF HYDROGEN BONDS IN     PARALLEL BRIDGES, SAME NUMBER PER 100 RESIDUES                              .
   95 15.3   TOTAL NUMBER OF HYDROGEN BONDS IN ANTIPARALLEL BRIDGES, SAME NUMBER PER 100 RESIDUES                              .
    1  0.2   TOTAL NUMBER OF HYDROGEN BONDS OF TYPE O(I)-->H-N(I-5), SAME NUMBER PER 100 RESIDUES                              .
    1  0.2   TOTAL NUMBER OF HYDROGEN BONDS OF TYPE O(I)-->H-N(I-4), SAME NUMBER PER 100 RESIDUES                              .
    6  1.0   TOTAL NUMBER OF HYDROGEN BONDS OF TYPE O(I)-->H-N(I-3), SAME NUMBER PER 100 RESIDUES                              .
    0  0.0   TOTAL NUMBER OF HYDROGEN BONDS OF TYPE O(I)-->H-N(I-2), SAME NUMBER PER 100 RESIDUES                              .
    0  0.0   TOTAL NUMBER OF HYDROGEN BONDS OF TYPE O(I)-->H-N(I-1), SAME NUMBER PER 100 RESIDUES                              .
    0  0.0   TOTAL NUMBER OF HYDROGEN BONDS OF TYPE O(I)-->H-N(I+0), SAME NUMBER PER 100 RESIDUES                              .
    0  0.0   TOTAL NUMBER OF HYDROGEN BONDS OF TYPE O(I)-->H-N(I+1), SAME NUMBER PER 100 RESIDUES                              .
   53  8.6   TOTAL NUMBER OF HYDROGEN BONDS OF TYPE O(I)-->H-N(I+2), SAME NUMBER PER 100 RESIDUES                              .
   42  6.8   TOTAL NUMBER OF HYDROGEN BONDS OF TYPE O(I)-->H-N(I+3), SAME NUMBER PER 100 RESIDUES                              .
  167 27.0   TOTAL NUMBER OF HYDROGEN BONDS OF TYPE O(I)-->H-N(I+4), SAME NUMBER PER 100 RESIDUES                              .
    0  0.0   TOTAL NUMBER OF HYDROGEN BONDS OF TYPE O(I)-->H-N(I+5), SAME NUMBER PER 100 RESIDUES                              .
  1  2  3  4  5  6  7  8  9 10 11 12 13 14 15 16 17 18 19 20 21 22 23 24 25 26 27 28 29 30     *** HISTOGRAMS OF ***           .
  0  0  0  1  1  0  0  4  2  0  4  0  1  0  0  0  0  0  1  1  1  1  0  0  0  0  0  0  0  0    RESIDUES PER ALPHA HELIX         .
  0  0  0  0  0  0  0  0  0  0  0  0  0  0  0  0  0  0  0  0  0  0  0  0  0  0  0  0  0  0    PARALLEL BRIDGES PER LADDER      .
  1  4  0  4  4  1  3  0  0  0  0  0  0  0  0  0  0  0  0  0  0  0  0  0  0  0  0  0  0  0    ANTIPARALLEL BRIDGES PER LADDER  .
  4  0  4  0  0  0  0  0  0  0  0  0  0  0  0  0  0  0  0  0  0  0  0  0  0  0  0  0  0  0    LADDERS PER SHEET                .
  #  RESIDUE AA STRUCTURE BP1 BP2  ACC     N-H-->O    O-->H-N    N-H-->O    O-->H-N    TCO  KAPPA ALPHA  PHI   PSI    X-CA   Y-CA   Z-CA            CHAIN
    1    1 A M              0   0  239      0, 0.0     0, 0.0     0, 0.0     0, 0.0   0.000 360.0 360.0 360.0 108.9  -31.9    4.8   33.4               
    2    2 A N        +     0   0  165      3,-0.0     2,-0.9     0, 0.0     0, 0.0  -0.196 360.0 163.4-173.8  76.8  -28.3    3.6   34.1               
    3    3 A A        +     0   0   99      1,-0.1     2,-0.0     0, 0.0     0, 0.0  -0.753  43.3  96.0-101.5  77.5  -25.9    6.6   33.9               
    4    4 A S        +     0   0  111     -2,-0.9     2,-0.3     2,-0.0    -1,-0.1  -0.393  47.8 106.9-165.0  82.3  -22.8    5.3   35.7               
    5    5 A G        +     0   0   68      1,-0.1    -3,-0.0    -2,-0.0     0, 0.0  -0.930  67.6   1.7-159.4 138.6  -20.0    3.9   33.5               
    6    6 A S        -     0   0   66     -2,-0.3     2,-0.9     1,-0.2    -1,-0.1   0.959  65.5-131.4  56.1  84.6  -16.4    4.9   32.3               
    7    7 A G        -     0   0   81     -3,-0.1    -1,-0.2     2,-0.1    -3,-0.0  -0.494  16.7-166.9 -66.7 104.3  -15.2    8.2   33.8               
    8    8 A Y        -     0   0   71     -2,-0.9    -1,-0.0     1,-0.1     4,-0.0  -0.829  10.6-155.6 -82.9 107.7  -13.8   10.4   31.1               
    9    9 A P  S    S+     0   0  129      0, 0.0     2,-0.4     0, 0.0    -1,-0.1   0.389  74.1  63.2 -73.0   5.7  -12.0   13.1   33.3               
   10   10 A L  S    S-     0   0   88      2,-0.1     2,-2.4    77,-0.1    77,-0.2  -0.998  79.5-134.8-133.6 129.6  -12.3   15.7   30.5               
   11   11 A A        +     0   0   15     -2,-0.4    48,-3.0    48,-0.3     2,-0.5  -0.321  63.0 142.0 -73.8  51.9  -15.5   17.2   28.9               
   12   12 A S  E     -A   58   0A  11     -2,-2.4    75,-2.5    46,-0.2     2,-0.4  -0.909  33.9-167.6-112.8 121.5  -13.7   16.5   25.5               
   13   13 A L  E     -AB  57  86A   0     44,-3.0    44,-2.3    -2,-0.5     2,-0.5  -0.849  16.0-141.8-105.6 141.2  -15.4   15.3   22.3               
   14   14 A Y  E     -AB  56  85A  56     71,-2.7    71,-2.2    -2,-0.4     2,-0.5  -0.888  16.8-165.0 -89.1 128.5  -13.9   14.1   19.1               
   15   15 A V  E     +AB  55  84A   0     40,-2.9    40,-2.5    -2,-0.5     3,-0.2  -0.941  17.5 175.0-119.0 103.2  -15.9   15.3   16.1               
   16   16 A G  E     +AB  54  83A   0     67,-3.0    67,-2.5    -2,-0.5    38,-0.2  -0.449  48.3  47.5 -99.9 176.7  -14.9   13.4   12.9               
   17   17 A D  S    S+     0   0   45     36,-0.6     2,-0.3     1,-0.2    37,-0.2   0.752  72.4 165.1  59.2  32.6  -16.1   13.2    9.3               
   18   18 A L        -     0   0    5     35,-2.3    -1,-0.2    -3,-0.2    60,-0.1  -0.579  44.0-107.0 -75.7 136.7  -16.0   17.0    9.0               
   19   19 A H    >   -     0   0   48     58,-0.4     3,-2.6    -2,-0.3    34,-0.1  -0.313  34.0-113.2 -58.6 140.9  -16.2   18.6    5.5               
   20   20 A P  T 3  S+     0   0   75      0, 0.0    31,-0.6     0, 0.0    -1,-0.1   0.763 115.1  54.0 -54.8 -31.6  -12.7   20.1    4.5               
   21   21 A D  T 3  S+     0   0   91     29,-0.1     2,-0.1    57,-0.1    -2,-0.1   0.387  78.3 126.4 -79.3  -5.2  -14.0   23.8    4.6               
   22   22 A V    <   -     0   0    0     -3,-2.6     2,-0.3    55,-0.1    31,-0.1  -0.415  45.0-158.3 -62.5 130.5  -15.4   23.4    8.2               
   23   23 A T     >  -     0   0   50     -2,-0.1     4,-1.8     1,-0.1     5,-0.2  -0.733  31.9-110.9-107.2 160.3  -14.1   26.2   10.5               
   24   24 A E  H  > S+     0   0   72     -2,-0.3     4,-2.0     1,-0.2     5,-0.1   0.833 120.1  54.9 -53.6 -35.9  -13.7   26.6   14.3               
   25   25 A A  H  > S+     0   0   58      2,-0.2     4,-2.7     1,-0.2    -1,-0.2   0.917 103.8  51.9 -69.0 -43.7  -16.5   29.2   14.1               
   26   26 A M  H  > S+     0   0   68      1,-0.2     4,-2.1     2,-0.2    -2,-0.2   0.866 112.1  47.9 -62.1 -36.5  -19.0   26.9   12.3               
   27   27 A L  H  X S+     0   0    0     -4,-1.8     4,-2.6     2,-0.2     5,-0.3   0.906 109.8  52.5 -68.6 -41.0  -18.4   24.3   15.1               
   28   28 A Y  H  X S+     0   0  129     -4,-2.0     4,-2.3     2,-0.2    -2,-0.2   0.952 111.6  45.9 -59.5 -48.3  -18.9   27.1   17.7               
   29   29 A E  H  < S+     0   0  141     -4,-2.7    -2,-0.2     1,-0.2    -1,-0.2   0.938 116.7  45.2 -57.9 -48.2  -22.3   28.1   16.2               
   30   30 A K  H  < S+     0   0   57     -4,-2.1    -2,-0.2     1,-0.2    -1,-0.2   0.860 121.6  35.9 -65.3 -40.5  -23.4   24.4   15.9               
   31   31 A F  H >< S+     0   0    0     -4,-2.6     3,-1.7     1,-0.2     4,-0.5   0.646  92.0  87.2 -94.3 -17.6  -22.3   23.3   19.4               
   32   32 A S  G >< S+     0   0   50     -4,-2.3     3,-1.2    -5,-0.3    -1,-0.2   0.809  82.3  61.4 -56.2 -31.7  -23.0   26.4   21.5               
   33   33 A P  G 3  S+     0   0  100      0, 0.0    -1,-0.3     0, 0.0    -2,-0.1   0.757  97.5  60.6 -65.6 -22.4  -26.7   25.4   22.2               
   34   34 A A  G <  S-     0   0    4     -3,-1.7    -2,-0.2     1,-0.3    34,-0.2   0.677 122.3 -82.3 -78.4 -14.8  -25.3   22.3   23.9               
   35   35 A G    <   -     0   0   10     -3,-1.2     2,-0.4    -4,-0.5    -1,-0.3  -0.809  69.3 -21.6 142.8 178.8  -23.5   24.5   26.5               
   36   36 A P        -     0   0   66      0, 0.0    24,-2.5     0, 0.0     2,-0.5  -0.413  57.3-148.4 -60.0 116.1  -20.4   26.7   27.4               
   37   37 A I  E     -C   59   0A  27     -2,-0.4    22,-0.3    22,-0.2     3,-0.1  -0.768  13.7-168.9 -89.8 125.2  -17.5   25.7   25.1               
   38   38 A L  E    S-     0   0A 127     20,-2.3     2,-0.3    -2,-0.5    21,-0.2   0.844  70.3 -16.2 -78.5 -42.3  -14.0   26.1   26.7               
   39   39 A S  E     -C   58   0A  52     19,-1.7    19,-2.9     2,-0.0     2,-0.4  -0.959  50.0-153.7-163.0 152.9  -12.1   25.5   23.3               
   40   40 A I  E     -C   57   0A  35     -2,-0.3     2,-0.4    17,-0.2    17,-0.2  -0.992  12.5-177.1-126.2 136.1  -12.4   24.2   19.7               
   41   41 A R  E     -C   56   0A 180     15,-2.5    15,-2.3    -2,-0.4     2,-0.5  -0.888  11.9-159.3-135.7 106.0   -9.5   22.9   17.6               
   42   42 A V  E     -C   55   0A   9     -2,-0.4     2,-0.5    13,-0.3    13,-0.3  -0.710  28.1-127.0 -74.8 125.5   -9.9   21.8   14.0               
   43   43 A C  E     -C   54   0A  20     11,-2.4     9,-3.0    -2,-0.5    11,-0.5  -0.673  34.6-176.5 -79.8 123.8   -7.0   19.4   13.2               
   44   44 A R  E     -C   51   0A  73     -2,-0.5     7,-0.3     7,-0.3     2,-0.1  -0.939  34.1 -98.5-124.5 143.2   -5.2   20.7   10.0               
   45   45 A D     >  -     0   0   56      5,-2.8     4,-1.9    -2,-0.3     5,-0.1  -0.382  31.5-136.4 -58.2 132.6   -2.3   19.2    8.1               
   46   46 A V  T  4 S+     0   0  134      1,-0.2    -1,-0.1     2,-0.2    -2,-0.0   0.899  98.5  38.4 -66.2 -40.7    0.9   21.1    9.1               
   47   47 A A  T  4 S+     0   0   90      1,-0.1    -1,-0.2     3,-0.0    -2,-0.0   0.871 129.7  26.6 -78.4 -41.6    2.3   21.5    5.6               
   48   48 A T  T  4 S-     0   0   61      2,-0.1    -2,-0.2     0, 0.0    -1,-0.1   0.481  88.6-136.9-106.6  -5.8   -0.9   22.3    3.6               
   49   49 A R     <  +     0   0  188     -4,-1.9     2,-0.1     1,-0.2    -3,-0.1   0.452  56.8 139.8  57.5   7.4   -3.1   23.8    6.4               
   50   50 A R        -     0   0  171      1,-0.1    -5,-2.8    -6,-0.1    -1,-0.2  -0.465  62.4 -95.0 -73.1 146.3   -6.1   21.8    5.0               
   51   51 A S  E     - C   0  44A  17    -31,-0.6    -7,-0.3    -7,-0.3    -1,-0.1  -0.376  18.2-145.5 -59.0 138.4   -8.5   20.1    7.5               
   52   52 A L  E     -     0   0A  89     -9,-3.0   -35,-0.2     2,-0.3    -8,-0.1   0.281  53.4-101.9 -81.8   5.2   -7.8   16.5    8.4               
   53   53 A G  E    S+     0   0A  19    -10,-0.3   -35,-2.3     1,-0.2   -36,-0.6   0.617  92.8  80.5  81.6  15.4  -11.6   16.0    8.6               
   54   54 A Y  E     -AC  16  43A  63    -11,-0.5   -11,-2.4   -38,-0.2    -2,-0.3  -0.989  49.8-172.9-148.3 159.8  -11.8   16.1   12.4               
   55   55 A A  E     -AC  15  42A   0    -40,-2.5   -40,-2.9    -2,-0.3     2,-0.4  -0.937  20.7-128.4-140.0 163.1  -11.8   18.5   15.4               
   56   56 A Y  E     -AC  14  41A  59    -15,-2.3   -15,-2.5    -2,-0.3     2,-0.4  -0.972  19.4-166.6-113.3 136.1  -11.7   18.4   19.2               
   57   57 A I  E     -AC  13  40A   0    -44,-2.3   -44,-3.0    -2,-0.4     2,-0.5  -0.992   2.4-162.7-122.8 123.1  -14.4   20.3   21.3               
   58   58 A N  E     -AC  12  39A  43    -19,-2.9   -20,-2.3    -2,-0.4   -19,-1.7  -0.946   8.0-160.6-107.4 119.0  -13.8   20.9   25.0               
   59   59 A F  E     - C   0  37A   7    -48,-3.0   -48,-0.3    -2,-0.5   -22,-0.2  -0.460  26.2-124.2 -85.8 163.8  -16.9   21.9   27.1               
   60   60 A Q  S    S+     0   0  128    -24,-2.5   -23,-0.1     1,-0.2    -1,-0.1   0.764  98.6  31.4 -77.0 -27.3  -16.8   23.6   30.5               
   61   61 A Q  S >> S-     0   0  104    -25,-0.3     4,-1.2   -50,-0.1     3,-0.9  -0.982  74.6-132.3-131.2 144.7  -19.0   20.7   32.1               
   62   62 A P  H 3> S+     0   0   72      0, 0.0     4,-2.6     0, 0.0     3,-0.2   0.883 107.5  60.9 -64.6 -34.3  -19.2   16.9   31.2               
   63   63 A A  H 3> S+     0   0   53      1,-0.2     4,-1.7     2,-0.2     5,-0.0   0.708 102.8  52.0 -65.1 -21.9  -23.0   17.1   31.1               
   64   64 A D  H <> S+     0   0   18     -3,-0.9     4,-1.8     2,-0.2    -1,-0.2   0.847 110.1  48.2 -80.0 -34.5  -22.8   19.7   28.3               
   65   65 A A  H  X S+     0   0    0     -4,-1.2     4,-2.2     2,-0.2    -2,-0.2   0.904 112.3  48.9 -69.3 -41.2  -20.5   17.3   26.3               
   66   66 A E  H  X S+     0   0   99     -4,-2.6     4,-2.7     2,-0.2     5,-0.3   0.972 111.6  49.4 -60.6 -49.8  -22.9   14.4   26.9               
   67   67 A R  H  X S+     0   0  105     -4,-1.7     4,-1.9     1,-0.2    -2,-0.2   0.844 111.4  49.7 -58.0 -38.1  -25.9   16.6   25.8               
   68   68 A A  H  X S+     0   0    0     -4,-1.8     4,-2.1     2,-0.2    -1,-0.2   0.893 111.3  49.0 -66.2 -41.9  -23.9   17.5   22.7               
   69   69 A L  H  X S+     0   0   22     -4,-2.2     4,-0.9     1,-0.2    -2,-0.2   0.940 116.5  41.3 -64.1 -46.3  -23.1   13.8   21.9               
   70   70 A D  H  < S+     0   0  114     -4,-2.7    -2,-0.2     1,-0.2    -1,-0.2   0.862 124.8  34.8 -70.2 -37.9  -26.8   12.7   22.3               
   71   71 A T  H  < S+     0   0   93     -4,-1.9    -2,-0.2    -5,-0.3    -1,-0.2   0.765 123.6  36.7 -90.8 -30.1  -28.4   15.7   20.5               
   72   72 A M  H >< S+     0   0   17     -4,-2.1     3,-1.3    -5,-0.2    10,-0.2   0.366  77.0 122.7-114.1   1.5  -25.9   16.6   17.7               
   73   73 A N  T 3< S+     0   0   26     -4,-0.9    10,-0.2     1,-0.2   -58,-0.0  -0.461  85.6  10.2 -67.9 140.2  -24.5   13.2   16.5               
   74   74 A F  T 3  S+     0   0   26      8,-2.4    -1,-0.2     1,-0.2    39,-0.1   0.378  90.5 153.4  67.1   3.4  -25.0   12.6   12.7               
   75   75 A E    <   -     0   0   81     -3,-1.3     7,-2.7     6,-0.2     2,-0.6  -0.268  51.1-108.1 -56.8 139.4  -26.1   16.3   12.2               
   76   76 A M  E     +D   81   0B 144      5,-0.2     2,-0.5     3,-0.1    -1,-0.1  -0.601  38.2 178.1 -80.4 118.6  -25.5   17.6    8.7               
   77   77 A L  E >  S-D   80   0B  22      3,-3.0     3,-1.7    -2,-0.6   -58,-0.4  -0.973  78.5 -19.4-120.9 117.0  -22.7   20.2    8.5               
   78   78 A K  T 3  S-     0   0  100     -2,-0.5    -1,-0.1     1,-0.2   -57,-0.1   0.805 129.6 -53.2  49.4  35.6  -22.0   21.4    4.9               
   79   79 A G  T 3  S+     0   0   66      1,-0.2    -1,-0.2   -60,-0.1    -3,-0.1   0.484 120.1 103.6  81.9   6.2  -23.8   18.3    3.6               
   80   80 A Q  E <  S-D   77   0B  80     -3,-1.7    -3,-3.0    -5,-0.1     2,-0.4  -0.968  74.3-121.0-114.6 134.9  -21.7   15.7    5.6               
   81   81 A P  E     -D   76   0B  47      0, 0.0    -5,-0.2     0, 0.0     2,-0.2  -0.628  30.5-130.4 -72.0 123.2  -23.1   14.0    8.8               
   82   82 A I        -     0   0    1     -7,-2.7    -8,-2.4    -2,-0.4     2,-0.6  -0.505  12.6-143.0 -73.8 141.7  -20.8   14.8   11.7               
   83   83 A R  E     -B   16   0A  50    -67,-2.5   -67,-3.0    -2,-0.2     2,-0.3  -0.925  16.3-164.4-112.4 111.3  -19.6   11.9   13.9               
   84   84 A I  E     +B   15   0A   1     -2,-0.6     2,-0.3   -69,-0.2   -69,-0.2  -0.725  16.3 159.0 -96.6 139.6  -19.3   12.6   17.6               
   85   85 A M  E     -B   14   0A  38    -71,-2.2   -71,-2.7    -2,-0.3     2,-0.1  -0.974  48.1 -88.2-145.3 158.8  -17.4   10.5   20.1               
   86   86 A W  E     -B   13   0A  60     -2,-0.3     2,-1.6   -73,-0.2   -73,-0.2  -0.435  56.0-103.1 -61.2 141.1  -15.8   10.8   23.6               
   87   87 A S        -     0   0   23    -75,-2.5     2,-0.4   -77,-0.2    -1,-0.1  -0.517  39.5-169.5 -78.4  88.0  -12.1   12.0   23.1               
   88   88 A Q        -     0   0   49     -2,-1.6   -80,-0.0     1,-0.2   -75,-0.0  -0.596   7.9-172.9 -70.8 125.5   -9.9    8.9   23.7               
   89   89 A R        +     0   0  176     -2,-0.4    -1,-0.2     4,-0.0    -2,-0.0   0.818  56.3  94.8 -85.5 -30.6   -6.2   10.0   24.0               
   90   90 A D     >  -     0   0   78      1,-0.1     4,-1.6     4,-0.0     5,-0.1  -0.394  61.8-154.2 -72.4 124.4   -4.7    6.5   24.0               
   91   91 A P  H  > S+     0   0   49      0, 0.0     4,-1.6     0, 0.0     5,-0.2   0.878  94.3  60.8 -59.6 -35.2   -3.6    5.0   20.6               
   92   92 A G  H >> S+     0   0   50      2,-0.2     4,-1.9     1,-0.2     3,-0.7   0.963 106.1  41.1 -58.5 -59.2   -4.2    1.5   22.1               
   93   93 A L  H 34 S+     0   0  103      1,-0.2     4,-0.3     2,-0.2    -1,-0.2   0.853 118.0  49.3 -61.5 -34.2   -7.9    1.8   22.8               
   94   94 A R  H 3< S+     0   0  121     -4,-1.6    -1,-0.2     1,-0.2    -2,-0.2   0.752 120.9  34.4 -72.6 -28.5   -8.4    3.7   19.4               
   95   95 A K  H << S+     0   0  165     -4,-1.6    -2,-0.2    -3,-0.7    -1,-0.2   0.531  90.8  92.9-104.2 -11.3   -6.5    1.0   17.4               
   96   96 A S  S  < S-     0   0   66     -4,-1.9    -3,-0.1    -5,-0.2    -2,-0.1   0.740  73.9-146.7 -58.0 -31.3   -7.4   -2.2   19.3               
   97   97 A G    >   +     0   0   29     -4,-0.3     3,-1.9     1,-0.3    76,-0.3   0.294  46.9 146.4  74.0  -6.9  -10.4   -3.1   17.0               
   98   98 A V  T 3   +     0   0   83      1,-0.3    -1,-0.3    -5,-0.1     3,-0.1  -0.337  69.1  14.3 -64.1 134.8  -12.2   -4.6   20.1               
   99   99 A G  T 3  S+     0   0    2      1,-0.2    46,-2.6    -3,-0.1     2,-0.6   0.309  94.9 133.8  77.5  -5.9  -16.0   -4.0   20.0               
  100  100 A N  E <   -E  144   0C  30     -3,-1.9    73,-2.5    44,-0.2     2,-0.3  -0.659  31.8-176.6 -81.4 122.3  -15.8   -3.1   16.2               
  101  101 A I  E     -EF 143 172C   0     42,-3.2    42,-1.8    -2,-0.6     2,-0.4  -0.789  15.6-144.3-109.8 155.1  -18.4   -4.7   14.0               
  102  102 A F  E     -EF 142 171C  15     69,-3.2    69,-1.9    -2,-0.3     2,-0.4  -0.987  11.8-160.3-123.7 128.1  -18.8   -4.4   10.2               
  103  103 A I  E     -EF 141 170C   0     38,-2.7    38,-2.4    -2,-0.4     2,-0.3  -0.912  10.3-175.7-118.3 132.9  -22.2   -4.4    8.5               
  104  104 A K  E     +EF 140 169C 102     65,-2.7    65,-2.5    -2,-0.4    36,-0.2  -0.906  57.5  32.3-129.3 158.0  -22.9   -5.2    4.8               
  105  105 A N  S    S+     0   0   86     34,-1.3    35,-0.2    -2,-0.3    -1,-0.2   0.815  73.8 166.6  59.7  35.7  -25.8   -5.2    2.4               
  106  106 A L        -     0   0    0     33,-1.9     2,-0.2    -3,-0.2    -1,-0.2  -0.389  44.2-100.4 -62.6 152.1  -27.6   -2.3    4.2               
  107  107 A E    >   -     0   0   56     56,-0.1     3,-1.8    59,-0.1    32,-0.1  -0.568  26.7-122.7 -71.7 145.3  -30.4   -0.6    2.4               
  108  108 A D  T 3  S+     0   0   92      1,-0.3    29,-0.5    -2,-0.2    -1,-0.1   0.657 110.7  63.5 -68.0 -15.9  -29.4    2.7    0.7               
  109  109 A S  T 3  S+     0   0   76     55,-0.1     2,-0.7    27,-0.1    -1,-0.3   0.597  79.1 102.1 -75.3 -20.5  -32.1    4.5    2.8               
  110  110 A I    <   -     0   0   10     -3,-1.8    29,-0.1     4,-0.1     2,-0.1  -0.626  54.2-171.7 -83.2 113.0  -30.4    3.6    6.1               
  111  111 A D     >  -     0   0   83     -2,-0.7     4,-1.9    26,-0.0     5,-0.2  -0.208  42.1 -90.1 -88.6-179.1  -28.5    6.6    7.6               
  112  112 A N  H  > S+     0   0   14      2,-0.2     4,-2.1     1,-0.2     5,-0.1   0.851 125.2  51.4 -62.6 -33.9  -26.1    6.8   10.6               
  113  113 A K  H  > S+     0   0  105      2,-0.2     4,-3.2     1,-0.2     5,-0.2   0.952 109.3  47.3 -74.2 -47.7  -29.0    7.5   13.0               
  114  114 A A  H  > S+     0   0   38      1,-0.2     4,-2.1     2,-0.2    -2,-0.2   0.877 114.4  49.6 -59.3 -37.6  -31.2    4.6   11.9               
  115  115 A L  H  X S+     0   0    0     -4,-1.9     4,-2.1     2,-0.2    -2,-0.2   0.911 113.6  45.7 -66.2 -43.0  -28.1    2.4   12.2               
  116  116 A Y  H  X S+     0   0   55     -4,-2.1     4,-2.4     2,-0.2    -2,-0.2   0.971 112.3  49.9 -60.8 -54.4  -27.3    3.8   15.7               
  117  117 A D  H  < S+     0   0   75     -4,-3.2     4,-0.4     1,-0.2    -2,-0.2   0.894 113.9  47.0 -54.8 -44.1  -31.0    3.5   16.9               
  118  118 A T  H >< S+     0   0   45     -4,-2.1     3,-0.7    -5,-0.2    -1,-0.2   0.932 118.8  37.4 -62.1 -52.1  -31.1   -0.2   15.6               
  119  119 A F  H >< S+     0   0    0     -4,-2.1     3,-1.9     1,-0.2     4,-0.4   0.669  94.5  83.0 -84.3 -15.2  -27.8   -1.4   17.2               
  120  120 A S  G >< S+     0   0   51     -4,-2.4     3,-0.8     1,-0.3    -1,-0.2   0.738  78.7  73.3 -58.5 -22.8  -28.0    0.7   20.5               
  121  121 A T  G <  S+     0   0  108     -3,-0.7    -1,-0.3    -4,-0.4    -2,-0.1   0.718  92.9  52.5 -63.3 -25.0  -30.2   -2.2   21.8               
  122  122 A F  G <  S-     0   0   34     -3,-1.9     2,-0.2     1,-0.3    -1,-0.2   0.595 124.4 -61.9 -89.9 -15.3  -27.1   -4.5   22.1               
  123  123 A G  S <  S-     0   0   27     -3,-0.8    -1,-0.3    -4,-0.4     2,-0.2  -0.886  77.8 -29.7 153.4 177.7  -25.0   -2.1   24.2               
  124  124 A N        -     0   0   87     -2,-0.2    22,-2.4    -3,-0.1     2,-0.7  -0.405  53.2-146.0 -64.8 126.3  -23.3    1.3   24.4               
  125  125 A I  E     -G  145   0C  10     20,-0.2    20,-0.3    -2,-0.2     3,-0.1  -0.853  17.5-176.6 -99.3 111.4  -22.1    2.5   20.9               
  126  126 A L  E    S-     0   0C  42     18,-1.8     2,-0.3    -2,-0.7   -40,-0.2   0.751  75.9  -3.2 -70.4 -30.2  -18.8    4.5   21.0               
  127  127 A S  E     -G  144   0C   7     17,-1.5    17,-3.3   -42,-0.1     2,-0.3  -0.922  57.6-175.8-159.7 140.9  -19.1    5.2   17.2               
  128  128 A C  E     +G  143   0C   2     -2,-0.3     2,-0.2    15,-0.2    15,-0.2  -0.979   9.6 174.6-133.6 155.9  -21.3    4.3   14.2               
  129  129 A K  E     -G  142   0C  67     13,-2.5    13,-2.4    -2,-0.3     2,-0.4  -0.821  21.9-153.4-157.3 123.9  -20.8    5.2   10.5               
  130  130 A V  E     -G  141   0C   4     11,-0.3     2,-0.8    -2,-0.2    11,-0.3  -0.729  34.2-122.8 -81.3 134.6  -22.5    4.4    7.2               
  131  131 A A  E     -     0   0C  13      9,-2.8     7,-3.0    -2,-0.4     9,-0.4  -0.774  37.1-175.0 -83.9 111.6  -20.0    4.6    4.3               
  132  132 A C  E     -G  137   0C  74     -2,-0.8     5,-0.2     5,-0.3     2,-0.2  -0.651  11.8-171.7-101.0 158.1  -21.3    7.2    1.8               
  133  133 A D        -     0   0   84      3,-2.7     3,-0.1    -2,-0.2     5,-0.0  -0.547  52.8 -74.0-122.1-165.7  -20.1    8.3   -1.7               
  134  134 A E  S    S+     0   0  191      1,-0.2     3,-0.1    -2,-0.2    -2,-0.0   0.593 132.3  45.1 -69.4 -12.9  -21.2   11.1   -4.1               
  135  135 A H  S    S-     0   0  181      1,-0.3     2,-0.3     0, 0.0    -1,-0.2   0.632 121.3 -89.5-107.1 -20.8  -24.3    9.1   -5.0               
  136  136 A G  S    S+     0   0   32     -3,-0.1    -3,-2.7   -27,-0.0    -1,-0.3  -0.998  78.6   3.0 152.5-147.8  -25.5    8.0   -1.5               
  137  137 A S  E     - G   0 132C  21    -29,-0.5    -5,-0.3    -2,-0.3     4,-0.1  -0.548  51.2-144.5 -68.7 137.0  -24.9    5.0    0.9               
  138  138 A R  E     -     0   0C 141     -7,-3.0   -33,-0.2     2,-0.3    -6,-0.1   0.203  47.0-106.8 -84.1  10.9  -22.4    2.4   -0.3               
  139  139 A G  E    S+     0   0C  11      1,-0.1   -33,-1.9   -29,-0.1   -34,-1.3   0.671  90.8  86.7  69.9  18.9  -24.6   -0.3    1.4               
  140  140 A F  E     +E  104   0C  41     -9,-0.4    -9,-2.8   -36,-0.2    -2,-0.3  -0.997  47.5 171.3-146.1 154.3  -22.1   -0.9    4.3               
  141  141 A G  E     -EG 103 130C   0    -38,-2.4   -38,-2.7    -2,-0.3     2,-0.3  -0.871  22.4-127.2-149.8 176.8  -21.3    0.5    7.7               
  142  142 A F  E     -EG 102 129C  50    -13,-2.4   -13,-2.5    -2,-0.3     2,-0.4  -0.986  13.4-169.8-132.8 140.5  -19.3    0.2   11.0               
  143  143 A V  E     -EG 101 128C   0    -42,-1.8   -42,-3.2    -2,-0.3     2,-0.6  -0.999   7.6-158.2-132.4 131.6  -20.4    0.1   14.7               
  144  144 A H  E     -EG 100 127C  26    -17,-3.3   -18,-1.8    -2,-0.4   -17,-1.5  -0.955  10.4-163.3-110.3 108.0  -18.0    0.3   17.6               
  145  145 A F  E     - G   0 125C   0    -46,-2.6   -20,-0.2    -2,-0.6   -21,-0.1  -0.631  26.5-127.0 -81.7 151.1  -19.4   -1.0   20.9               
  146  146 A E  S    S+     0   0   70    -22,-2.4     2,-0.3    -2,-0.2   -21,-0.1   0.838  95.6  43.3 -61.5 -32.8  -17.7   -0.2   24.2               
  147  147 A T  S  > S-     0   0   60    -23,-0.3     4,-1.3   -48,-0.1    -2,-0.2  -0.791  72.9-136.5-119.0 153.4  -17.6   -4.0   25.0               
  148  148 A H  H  > S+     0   0   83     -2,-0.3     4,-2.3     2,-0.2     5,-0.1   0.850 106.2  59.9 -72.3 -32.0  -16.6   -7.1   22.9               
  149  149 A E  H  > S+     0   0  114      2,-0.2     4,-2.6     1,-0.2     5,-0.2   0.913 103.8  48.4 -65.2 -45.5  -19.7   -8.9   24.4               
  150  150 A A  H  > S+     0   0    5      2,-0.2     4,-2.7     1,-0.2    -1,-0.2   0.924 111.9  50.8 -61.5 -43.1  -22.2   -6.4   23.0               
  151  151 A A  H  X S+     0   0    0     -4,-1.3     4,-2.2     2,-0.2    -2,-0.2   0.900 111.7  47.2 -60.6 -41.7  -20.4   -6.7   19.6               
  152  152 A Q  H  X S+     0   0   57     -4,-2.3     4,-2.9     2,-0.2    -2,-0.2   0.904 112.0  49.7 -68.8 -40.6  -20.7  -10.5   19.7               
  153  153 A Q  H  X S+     0   0  109     -4,-2.6     4,-2.0     2,-0.2     5,-0.3   0.929 111.4  49.6 -62.4 -43.7  -24.4  -10.4   20.8               
  154  154 A A  H  X S+     0   0    0     -4,-2.7     4,-2.5     2,-0.2     5,-0.4   0.904 113.6  46.3 -61.0 -43.3  -25.1   -8.0   17.9               
  155  155 A I  H  X S+     0   0   15     -4,-2.2     4,-1.8     1,-0.2    -2,-0.2   0.960 113.9  47.2 -61.4 -52.8  -23.2  -10.3   15.4               
  156  156 A N  H  < S+     0   0  117     -4,-2.9    -2,-0.2     1,-0.2    -1,-0.2   0.797 122.5  35.0 -63.4 -32.2  -25.0  -13.5   16.7               
  157  157 A T  H  < S+     0   0   76     -4,-2.0    -2,-0.2    -5,-0.2    -3,-0.2   0.923 124.0  35.8 -87.1 -52.4  -28.5  -11.8   16.6               
  158  158 A M  H >< S+     0   0   18     -4,-2.5     3,-1.8    -5,-0.3     2,-0.5   0.643  83.1 110.0 -85.9 -18.4  -28.4   -9.5   13.5               
  159  159 A N  T 3< S+     0   0   74     -4,-1.8    10,-0.2    -5,-0.4     3,-0.1  -0.468  96.7   5.1 -66.7 114.5  -26.3  -11.5   11.1               
  160  160 A G  T 3  S+     0   0   43      8,-2.8    -1,-0.3    -2,-0.5     9,-0.1   0.284  99.7 133.0  91.2  -5.1  -28.7  -12.7    8.3               
  161  161 A M    <   -     0   0   89     -3,-1.8     7,-2.4     7,-0.2     2,-0.5  -0.285  63.2-106.3 -67.6 156.9  -31.7  -10.7    9.6               
  162  162 A L  E     -H  167   0D 106      5,-0.2     2,-0.5    -3,-0.1     5,-0.2  -0.800  33.7-178.3 -85.4 123.4  -33.9   -8.6    7.3               
  163  163 A L  E >  S-H  166   0D  22      3,-2.8     3,-1.4    -2,-0.5   -56,-0.1  -0.988  81.8 -18.9-122.2 110.4  -33.4   -4.8    7.7               
  164  164 A N  T 3  S-     0   0   85     -2,-0.5    -1,-0.2     1,-0.2   -55,-0.1   0.966 127.7 -53.8  45.0  63.1  -35.8   -3.0    5.3               
  165  165 A D  T 3  S+     0   0  155      1,-0.1     2,-0.4    -3,-0.1    -1,-0.2   0.325 118.7 109.2  58.4  -2.4  -36.3   -6.2    3.2               
  166  166 A R  E <  S-H  163   0D  77     -3,-1.4    -3,-2.8    -2,-0.1     2,-0.7  -0.843  73.1-125.5 -98.7 131.9  -32.5   -6.6    2.7               
  167  167 A K  E     -H  162   0D 139     -2,-0.4    -5,-0.2    -5,-0.2     2,-0.2  -0.665  31.0-146.7 -72.5 110.5  -30.6   -9.5    4.5               
  168  168 A V        -     0   0    2     -7,-2.4    -8,-2.8    -2,-0.7     2,-0.5  -0.551   2.6-143.3 -80.1 142.1  -27.8   -7.7    6.4               
  169  169 A F  E     -F  104   0C 106    -65,-2.5   -65,-2.7    -2,-0.2     2,-0.4  -0.947  20.8-174.8-101.3 125.8  -24.4   -9.4    6.9               
  170  170 A V  E     +F  103   0C   1     -2,-0.5     2,-0.3   -67,-0.2   -67,-0.2  -0.976  18.7 132.8-123.8 130.7  -22.9   -8.6   10.4               
  171  171 A G  E     -F  102   0C  11    -69,-1.9   -69,-3.2    -2,-0.4     3,-0.1  -0.959  55.5 -53.7-160.5 177.7  -19.4   -9.7   11.5               
  172  172 A H  E     -F  101   0C  92     -2,-0.3     2,-0.6   -71,-0.2   -71,-0.3  -0.265  61.0-101.5 -60.4 144.1  -16.1   -8.6   13.2               
  173  173 A F        -     0   0   76    -73,-2.5     2,-0.5   -76,-0.3    -1,-0.1  -0.573  35.8-160.0 -67.1 115.5  -14.3   -5.5   11.8               
  174  174 A K        -     0   0   72     -2,-0.6   -77,-0.0     1,-0.1    -3,-0.0  -0.869  21.3-118.6 -94.9 130.7  -11.4   -6.6    9.6               
  175  175 A S     >  -     0   0   47     -2,-0.5     4,-2.8     1,-0.1     5,-0.2  -0.080  24.7-109.0 -60.6 159.6   -8.7   -4.0    9.0               
  176  176 A R  H  > S+     0   0  188      1,-0.2     4,-2.2     2,-0.2     5,-0.1   0.927 120.0  47.7 -57.8 -43.8   -8.0   -2.7    5.4               
  177  177 A R  H  > S+     0   0  215      2,-0.2     4,-1.9     1,-0.2    -1,-0.2   0.901 113.9  45.7 -64.8 -46.7   -4.6   -4.5    5.4               
  178  178 A E  H  > S+     0   0   80      2,-0.2     4,-2.8     1,-0.2     5,-0.2   0.943 114.0  49.1 -62.1 -47.2   -6.0   -7.8    6.8               
  179  179 A R  H  X S+     0   0   73     -4,-2.8     4,-2.4     1,-0.2    -2,-0.2   0.865 111.3  49.7 -60.4 -40.9   -8.9   -7.6    4.3               
  180  180 A E  H  X S+     0   0  104     -4,-2.2     4,-1.4    -5,-0.2    -1,-0.2   0.824 111.4  49.9 -68.5 -30.8   -6.4   -7.0    1.4               
  181  181 A A  H  X S+     0   0   63     -4,-1.9     4,-2.9     2,-0.2    -2,-0.2   0.938 113.2  44.7 -71.0 -45.3   -4.3  -10.0    2.6               
  182  182 A E  H  X S+     0   0   87     -4,-2.8     4,-2.6     1,-0.2    -2,-0.2   0.908 117.4  44.7 -65.0 -42.7   -7.4  -12.3    2.7               
  183  183 A L  H  X S+     0   0  111     -4,-2.4     4,-0.8    -5,-0.2    -1,-0.2   0.801 112.0  54.7 -68.6 -29.5   -8.6  -11.0   -0.7               
  184  184 A G  H  X S+     0   0   31     -4,-1.4     4,-1.3     2,-0.2     3,-0.5   0.954 110.5  44.2 -65.7 -49.6   -4.9  -11.3   -1.9               
  185  185 A A  H >X S+     0   0   53     -4,-2.9     4,-1.5     1,-0.2     3,-0.9   0.961 116.2  47.1 -57.9 -50.8   -4.9  -15.0   -0.8               
  186  186 A R  H 3< S+     0   0  186     -4,-2.6    -1,-0.2     1,-0.3    -2,-0.2   0.629 109.5  54.6 -68.4 -16.1   -8.4  -15.6   -2.4               
  187  187 A A  H 3< S+     0   0   42     -4,-0.8    -1,-0.3    -3,-0.5    -2,-0.2   0.664 101.2  57.3 -87.7 -22.0   -7.2  -13.7   -5.6               
  188  188 A L  H << S+     0   0  122     -4,-1.3     2,-0.4    -3,-0.9    -2,-0.2   0.843  92.6  85.9 -70.2 -32.0   -4.2  -16.1   -5.9               
  189  189 A E     <  +     0   0  113     -4,-1.5     2,-0.4    -5,-0.1    53,-0.0  -0.522  63.7 169.5 -63.3 117.9   -7.0  -18.8   -6.0               
  190  190 A F        +     0   0   34     -2,-0.4    55,-0.2     1,-0.1    54,-0.2  -0.994  30.8 172.6-135.0 135.2   -8.1  -19.1   -9.6               
  191  191 A T        +     0   0   43     -2,-0.4    47,-2.4    53,-0.1     2,-0.6   0.611  68.1  84.1-100.2 -24.4  -10.3  -21.6  -11.4               
  192  192 A N  E     -I  237   0E  71     45,-0.2    74,-2.8    74,-0.1     2,-0.4  -0.745  60.7-168.5 -90.0 120.7  -10.3  -19.7  -14.7               
  193  193 A I  E     -IJ 236 265E   0     43,-3.3    43,-2.2    -2,-0.6     2,-0.5  -0.835  13.9-146.0-102.7 138.9   -7.4  -20.2  -17.1               
  194  194 A Y  E     -IJ 235 264E  33     70,-3.3    70,-2.1    -2,-0.4     2,-0.4  -0.952  17.9-164.0 -98.4 123.8   -6.6  -18.1  -20.2               
  195  195 A V  E     +IJ 234 263E   0     39,-2.4    39,-2.6    -2,-0.5     2,-0.3  -0.936  10.9 178.7-112.9 131.5   -5.1  -20.2  -23.0               
  196  196 A K  E     +IJ 233 262E  96     66,-2.7    66,-2.7    -2,-0.4    37,-0.2  -0.910  53.8  42.1-134.3 161.1   -3.3  -18.5  -25.9               
  197  197 A N  S    S+     0   0   64     35,-1.6    36,-0.2    -2,-0.3    -1,-0.1   0.631  72.9 167.1  69.1  24.6   -1.5  -19.6  -29.1               
  198  198 A L        -     0   0    1     34,-1.7    -1,-0.2    -3,-0.1    62,-0.1  -0.289  44.0-100.9 -55.9 144.2   -4.2  -22.2  -29.8               
  199  199 A P        -     0   0    2      0, 0.0     3,-0.4     0, 0.0    33,-0.2  -0.250  28.9-119.6 -55.9 156.3   -4.1  -23.8  -33.4               
  200  200 A V  S    S+     0   0   73      1,-0.2    30,-0.3    -3,-0.1    32,-0.1   0.849 114.2  56.4 -73.8 -32.0   -6.8  -22.3  -35.7               
  201  201 A D  S    S+     0   0  120      2,-0.0     2,-0.7     5,-0.0    -1,-0.2   0.568  82.7 103.1 -69.4 -21.1   -8.4  -25.8  -36.1               
  202  202 A V        +     0   0   15     -3,-0.4    30,-0.1     4,-0.1     2,-0.1  -0.620  51.3 178.8 -77.7 114.3   -8.8  -26.2  -32.2               
  203  203 A D     >  -     0   0   69     -2,-0.7     4,-2.2    19,-0.0     5,-0.2  -0.142  50.3 -75.4 -92.8-171.4  -12.5  -25.6  -31.3               
  204  204 A E  H  > S+     0   0   62      2,-0.2     4,-1.6     1,-0.2     5,-0.1   0.861 132.2  48.9 -58.4 -36.3  -14.3  -25.8  -27.9               
  205  205 A Q  H  > S+     0   0   98      2,-0.2     4,-3.0     1,-0.2     5,-0.2   0.954 110.4  48.3 -73.5 -48.0  -14.2  -29.6  -28.0               
  206  206 A G  H  > S+     0   0   20      1,-0.2     4,-2.0     2,-0.2    -2,-0.2   0.872 113.5  49.1 -60.2 -35.5  -10.4  -29.9  -28.9               
  207  207 A L  H  X S+     0   0    0     -4,-2.2     4,-0.8     2,-0.2    -1,-0.2   0.866 112.0  49.2 -69.3 -36.1   -9.7  -27.3  -26.1               
  208  208 A Q  H >X S+     0   0   81     -4,-1.6     4,-2.0     2,-0.2     3,-0.9   0.955 110.6  49.2 -64.8 -48.9  -11.9  -29.5  -23.7               
  209  209 A D  H 3X S+     0   0   91     -4,-3.0     4,-0.6     1,-0.3     3,-0.3   0.927 109.6  52.3 -59.7 -44.9  -10.1  -32.7  -24.6               
  210  210 A L  H 3< S+     0   0   40     -4,-2.0    -1,-0.3     1,-0.2    -2,-0.2   0.724 120.0  34.1 -59.7 -29.1   -6.6  -31.1  -24.1               
  211  211 A F  H X< S+     0   0    0     -3,-0.9     3,-1.8    -4,-0.8     4,-0.4   0.572  92.7  89.7-107.7 -11.7   -7.6  -29.9  -20.5               
  212  212 A S  H >< S+     0   0   66     -4,-2.0     3,-1.0    -3,-0.3    -2,-0.1   0.818  77.1  68.2 -54.9 -34.9   -9.9  -32.8  -19.4               
  213  213 A Q  T 3< S+     0   0  128     -4,-0.6    -1,-0.3     1,-0.2    -2,-0.1   0.555  96.6  54.0 -64.0 -12.6   -6.9  -34.7  -18.0               
  214  214 A F  T <  S-     0   0   26     -3,-1.8     2,-0.3     1,-0.3    -1,-0.2   0.630 118.1 -62.0 -99.8 -17.4   -6.5  -32.1  -15.1               
  215  215 A G  S <  S-     0   0   24     -3,-1.0     2,-0.6    -4,-0.4    -1,-0.3  -0.962  72.9 -36.4 156.2-174.9  -10.0  -32.0  -13.5               
  216  216 A K        -     0   0  128     -2,-0.3    23,-1.9    -3,-0.1     2,-0.4  -0.693  52.0-148.6 -87.5 115.5  -13.7  -31.2  -14.0               
  217  217 A M  E     -K  238   0E  33     -2,-0.6    21,-0.3    21,-0.2     3,-0.1  -0.707  14.8-170.6 -85.0 132.1  -14.3  -28.2  -16.3               
  218  218 A L  E    S+     0   0E 102     19,-2.6     2,-0.3    -2,-0.4    20,-0.2   0.665  76.9   4.4 -86.9 -27.5  -17.4  -26.0  -15.6               
  219  219 A S  E     -K  237   0E  68     18,-1.3    18,-3.0   -11,-0.0     2,-0.4  -0.909  55.9-171.4-161.6 137.9  -17.0  -24.0  -18.9               
  220  220 A V  E     +K  236   0E  28     -2,-0.3     2,-0.3    16,-0.2    16,-0.2  -0.983  14.6 172.9-126.2 137.7  -14.7  -24.0  -22.0               
  221  221 A K  E     -K  235   0E 123     14,-2.3    14,-2.4    -2,-0.4     2,-0.3  -0.872  20.5-155.2-150.0 121.5  -14.8  -21.2  -24.7               
  222  222 A V  E     -K  234   0E   4     -2,-0.3     2,-0.7    12,-0.3    12,-0.3  -0.701  27.3-127.6 -86.6 137.1  -12.7  -20.5  -27.7               
  223  223 A M  E     -K  233   0E  57     10,-2.8     8,-2.6    -2,-0.3    10,-0.5  -0.818  29.5-172.9 -92.7 114.1  -12.7  -16.8  -28.7               
  224  224 A R  E     -K  230   0E 108     -2,-0.7     6,-0.2     6,-0.3     2,-0.1  -0.603  20.1-120.0 -99.1 155.9  -13.6  -16.3  -32.4               
  225  225 A D    >   -     0   0   81      4,-2.5     3,-2.0    -2,-0.2    -1,-0.1  -0.433  40.3 -89.8 -85.8 173.3  -13.5  -13.0  -34.3               
  226  226 A N  T 3  S+     0   0  169      1,-0.3    -1,-0.0    -2,-0.1    -2,-0.0   0.806 129.4  57.9 -56.7 -29.0  -16.6  -11.3  -36.1               
  227  227 A S  T 3  S-     0   0   93      2,-0.1    -1,-0.3     1,-0.1     3,-0.1   0.087 121.1-108.9 -83.7  15.2  -15.6  -13.4  -39.3               
  228  228 A G  S <  S+     0   0   42     -3,-2.0     2,-0.2     1,-0.2    -2,-0.1   0.265  75.1 138.6  75.2  -9.9  -15.9  -16.7  -37.3               
  229  229 A H        -     0   0  133     -5,-0.1    -4,-2.5     1,-0.1     2,-0.3  -0.431  62.6-105.6 -72.3 134.7  -12.1  -17.2  -37.3               
  230  230 A S  E     - K   0 224E  15    -30,-0.3    -6,-0.3    -6,-0.2    -1,-0.1  -0.389  17.4-147.7 -60.5 122.3  -10.4  -18.5  -34.1               
  231  231 A R  E     -     0   0E 134     -8,-2.6   -34,-0.2    -2,-0.3    -1,-0.1   0.267  43.8-112.2 -73.8  13.4   -8.5  -15.6  -32.3               
  232  232 A C  E    S+     0   0E  32    -33,-0.2   -34,-1.7     1,-0.1   -35,-1.6   0.724  88.5  89.0  57.0  26.9   -6.0  -18.4  -31.2               
  233  233 A F  E     +IK 196 223E  35    -10,-0.5   -10,-2.8   -37,-0.2    -2,-0.2  -0.993  46.0 163.9-146.5 154.5   -7.1  -17.9  -27.5               
  234  234 A G  E     -IK 195 222E   0    -39,-2.6   -39,-2.4    -2,-0.3     2,-0.4  -0.852  29.1-113.5-151.0-178.6   -9.8  -19.3  -25.1               
  235  235 A F  E     -IK 194 221E  63    -14,-2.4   -14,-2.3    -2,-0.2     2,-0.4  -0.990  17.6-167.8-129.0 140.3  -10.9  -19.7  -21.5               
  236  236 A V  E     -IK 193 220E   0    -43,-2.2   -43,-3.3    -2,-0.4     2,-0.5  -0.999   5.6-162.3-127.6 124.8  -11.2  -22.9  -19.4               
  237  237 A N  E     -IK 192 219E  31    -18,-3.0   -19,-2.6    -2,-0.4   -18,-1.3  -0.959   8.2-163.5-109.7 117.9  -12.9  -22.8  -16.0               
  238  238 A F  E     - K   0 217E   0    -47,-2.4   -21,-0.2    -2,-0.5   -47,-0.1  -0.443  27.8-123.7 -86.3 166.7  -12.3  -25.7  -13.5               
  239  239 A E  S    S+     0   0   90    -23,-1.9     2,-0.3    -2,-0.1   -22,-0.1   0.830  95.5  37.6 -75.8 -32.2  -14.3  -26.7  -10.5               
  240  240 A K  S  > S-     0   0  119    -24,-0.2     4,-1.8   -49,-0.1     5,-0.1  -0.889  73.4-131.1-124.3 151.4  -11.3  -26.3   -8.2               
  241  241 A H  H  > S+     0   0   50     -2,-0.3     4,-2.5     1,-0.2     5,-0.2   0.916 108.5  56.2 -62.4 -43.1   -8.2  -24.0   -7.9               
  242  242 A E  H  > S+     0   0  127      2,-0.2     4,-2.6     1,-0.2    -1,-0.2   0.859 106.2  50.5 -59.8 -38.8   -5.8  -27.0   -7.6               
  243  243 A E  H  > S+     0   0   30      2,-0.2     4,-2.6     1,-0.2    -1,-0.2   0.946 112.3  46.8 -64.9 -45.9   -7.1  -28.5  -11.0               
  244  244 A A  H  X S+     0   0    0     -4,-1.8     4,-2.3     2,-0.2    -2,-0.2   0.872 112.8  49.7 -64.2 -37.8   -6.6  -25.1  -12.7               
  245  245 A Q  H  X S+     0   0   99     -4,-2.5     4,-2.6     2,-0.2    -2,-0.2   0.935 110.8  49.2 -67.1 -44.9   -3.1  -24.7  -11.2               
  246  246 A K  H  X S+     0   0  107     -4,-2.6     4,-2.1     2,-0.2     5,-0.2   0.934 112.0  49.7 -57.6 -46.6   -2.1  -28.3  -12.3               
  247  247 A A  H  X S+     0   0    0     -4,-2.6     4,-2.2     1,-0.2     5,-0.3   0.906 111.1  48.8 -60.4 -44.3   -3.4  -27.4  -15.8               
  248  248 A V  H  X S+     0   0   25     -4,-2.3     4,-1.9     1,-0.2    15,-0.2   0.942 112.1  48.9 -59.4 -48.3   -1.4  -24.1  -15.9               
  249  249 A V  H  < S+     0   0  102     -4,-2.6    -2,-0.2     1,-0.2    -1,-0.2   0.865 120.2  35.3 -62.8 -38.6    1.9  -25.9  -14.8               
  250  250 A H  H  < S+     0   0  121     -4,-2.1    -1,-0.2    -5,-0.2    -2,-0.2   0.719 123.0  40.5 -91.2 -25.9    1.6  -28.8  -17.3               
  251  251 A M  H >< S+     0   0    1     -4,-2.2     3,-1.6    -5,-0.2     2,-0.6   0.664  87.1  98.7 -98.3 -20.6    0.1  -26.9  -20.4               
  252  252 A N  T 3< S+     0   0   76     -4,-1.9    10,-0.2    -5,-0.3     3,-0.1  -0.599 102.5   7.1 -72.7 117.8    2.0  -23.6  -20.2               
  253  253 A G  T 3  S+     0   0   46      8,-3.2     2,-0.3    -2,-0.6    -1,-0.3   0.369  96.2 141.0  85.5   0.8    4.9  -24.0  -22.8               
  254  254 A K    <   -     0   0   88     -3,-1.6     7,-2.8     7,-0.3     2,-0.4  -0.560  53.2-124.3 -73.0 134.6    3.5  -27.3  -24.1               
  255  255 A E  E     +L  260   0F 130     -2,-0.3     2,-0.4     5,-0.2     5,-0.2  -0.673  33.5 173.9 -79.9 126.5    3.8  -27.8  -27.9               
  256  256 A V  E >  S-L  259   0F  19      3,-2.6     3,-1.3    -2,-0.4    -2,-0.0  -0.989  71.2 -15.7-135.0 123.5    0.4  -28.5  -29.7               
  257  257 A S  T 3  S-     0   0   87     -2,-0.4     3,-0.1     1,-0.3    -1,-0.1   0.865 130.6 -49.2  47.6  46.1    0.3  -28.6  -33.5               
  258  258 A G  T 3  S+     0   0   58      1,-0.2     2,-0.4   -59,-0.0    -1,-0.3   0.645 119.7 105.3  75.5  13.2    3.7  -26.9  -33.9               
  259  259 A R  E <  S-L  256   0F 107     -3,-1.3    -3,-2.6    -5,-0.0     2,-0.7  -0.992  70.5-127.2-128.4 133.4    2.8  -24.0  -31.4               
  260  260 A L  E     -L  255   0F 106     -2,-0.4    -5,-0.2    -5,-0.2     2,-0.2  -0.657  32.2-138.6 -74.1 110.9    3.8  -23.4  -27.8               
  261  261 A L        -     0   0    3     -7,-2.8    -8,-3.2    -2,-0.7     2,-0.6  -0.461   5.9-146.7 -66.8 139.3    0.6  -22.9  -25.8               
  262  262 A Y  E     +J  196   0E 116    -66,-2.7   -66,-2.7   -10,-0.2     2,-0.4  -0.962  20.8 178.8-105.4 118.6    0.5  -20.2  -23.2               
  263  263 A A  E     +J  195   0E   1     -2,-0.6     2,-0.3   -15,-0.2   -68,-0.2  -0.979  16.8 136.3-119.5 128.9   -1.7  -21.2  -20.2               
  264  264 A G  E     -J  194   0E   7    -70,-2.1   -70,-3.3    -2,-0.4    -2,-0.0  -0.983  56.9 -56.8-160.6 169.3   -2.1  -18.8  -17.2               
  265  265 A R  E     -J  193   0E  81     -2,-0.3     2,-1.0   -72,-0.2   -72,-0.3  -0.275  56.8-113.8 -53.1 130.9   -4.6  -17.3  -14.7               
  266  266 A A        -     0   0   22    -74,-2.8     2,-0.2   -30,-0.2   -74,-0.1  -0.538  34.8-150.5 -69.3 101.7   -7.5  -15.5  -16.4               
  267  267 A Q        -     0   0   60     -2,-1.0     2,-0.0     1,-0.1    -1,-0.0  -0.550  16.4-114.3 -70.9 139.3   -6.9  -11.8  -15.5               
  268  268 A K     >  -     0   0  166     -2,-0.2     4,-2.8     1,-0.1     5,-0.3  -0.346  30.0-109.3 -66.6 153.1  -10.0   -9.5  -15.2               
  269  269 A R  H  > S+     0   0  217      1,-0.2     4,-2.0     2,-0.2     5,-0.1   0.873 119.8  46.0 -53.7 -43.5  -10.2   -6.6  -17.8               
  270  270 A V  H  > S+     0   0   99      2,-0.2     4,-2.4     1,-0.2    -1,-0.2   0.913 113.0  49.5 -67.0 -44.6   -9.4   -3.9  -15.1               
  271  271 A E  H  > S+     0   0   70      1,-0.2     4,-2.5     2,-0.2    -2,-0.2   0.955 113.3  46.5 -59.2 -50.2   -6.5   -6.0  -13.6               
  272  272 A R  H  X S+     0   0   95     -4,-2.8     4,-2.5     1,-0.2    -1,-0.2   0.865 112.3  50.4 -59.8 -42.2   -4.9   -6.5  -17.0               
  273  273 A Q  H  X S+     0   0  126     -4,-2.0     4,-2.4    -5,-0.3    -1,-0.2   0.901 111.2  48.4 -66.7 -39.2   -5.4   -2.8  -17.9               
  274  274 A N  H  X S+     0   0   97     -4,-2.4     4,-2.5     2,-0.2    -2,-0.2   0.905 113.2  47.2 -68.0 -41.6   -3.7   -1.7  -14.6               
  275  275 A E  H  X S+     0   0   43     -4,-2.5     4,-2.7     2,-0.2    -2,-0.2   0.939 113.3  48.4 -62.8 -46.0   -0.8   -4.1  -15.1               
  276  276 A L  H  X S+     0   0  119     -4,-2.5     4,-2.3     2,-0.2    -2,-0.2   0.908 111.6  50.1 -63.3 -40.5   -0.3   -3.0  -18.8               
  277  277 A K  H  X S+     0   0  123     -4,-2.4     4,-2.6     2,-0.2    -2,-0.2   0.947 111.3  49.1 -58.4 -48.8   -0.5    0.7  -17.6               
  278  278 A R  H  X S+     0   0  139     -4,-2.5     4,-2.7     1,-0.2    -2,-0.2   0.904 111.6  48.3 -59.5 -45.1    2.2   -0.1  -14.9               
  279  279 A R  H  X S+     0   0  149     -4,-2.7     4,-2.6     2,-0.2    -1,-0.2   0.880 113.2  48.3 -63.4 -38.5    4.5   -1.8  -17.5               
  280  280 A F  H  X S+     0   0  141     -4,-2.3     4,-2.1     2,-0.2    -2,-0.2   0.895 111.8  49.2 -68.0 -39.7    4.1    1.1  -19.9               
  281  281 A E  H  X S+     0   0   98     -4,-2.6     4,-2.0     2,-0.2    -2,-0.2   0.935 112.9  47.8 -64.5 -43.7    4.9    3.6  -17.1               
  282  282 A Q  H  X S+     0   0   98     -4,-2.7     4,-3.1     2,-0.2     3,-0.4   0.965 112.4  48.0 -59.1 -51.8    8.0    1.5  -16.2               
  283  283 A M  H  X S+     0   0  129     -4,-2.6     4,-1.8     1,-0.3    -2,-0.2   0.855 112.6  49.9 -60.5 -34.6    9.1    1.4  -19.9               
  284  284 A K  H  X S+     0   0  130     -4,-2.1     4,-0.7     2,-0.2    -1,-0.3   0.841 112.5  47.4 -69.0 -35.9    8.5    5.2  -20.1               
  285  285 A Q  H  X S+     0   0  134     -4,-2.0     4,-2.8    -3,-0.4     3,-0.5   0.922 111.5  49.2 -72.7 -43.4   10.6    5.7  -16.9               
  286  286 A D  H  X S+     0   0   81     -4,-3.1     4,-2.6     1,-0.3    -2,-0.2   0.886 111.0  51.4 -61.3 -39.1   13.4    3.4  -18.1               
  287  287 A R  H  < S+     0   0  163     -4,-1.8     4,-0.4    -5,-0.3    -1,-0.3   0.711 110.7  49.4 -70.2 -23.6   13.3    5.5  -21.4               
  288  288 A L  H >X S+     0   0   68     -4,-0.7     3,-1.1    -3,-0.5     4,-0.7   0.956 113.9  43.7 -72.1 -53.9   13.6    8.7  -19.3               
  289  289 A R  H >< S+     0   0  205     -4,-2.8     3,-0.8     1,-0.2    -2,-0.2   0.871 110.0  56.6 -60.4 -41.6   16.6    7.4  -17.2               
  290  290 A R  T 3< S+     0   0  160     -4,-2.6    -1,-0.2     1,-0.2    -2,-0.1   0.658 114.8  36.8 -64.3 -23.1   18.4    5.9  -20.3               
  291  291 A Y  T <> S+     0   0   99     -3,-1.1     4,-1.1    -4,-0.4     2,-0.4   0.335  85.2 117.1-113.2   2.0   18.4    9.3  -22.2               
  292  292 A Q  T << S-     0   0  140     -3,-0.8     2,-0.3    -4,-0.7    -4,-0.0  -0.609  95.0 -10.2 -75.9 124.4   19.0   11.7  -19.2               
  293  293 A G  T  4 S+     0   0   30     -2,-0.4    -1,-0.2     2,-0.2    49,-0.1   0.006 128.3  72.4  77.3 -25.8   22.4   13.6  -19.6               
  294  294 A V  T  4 S+     0   0   16     -2,-0.3    46,-2.3    52,-0.1     2,-0.5   0.628  77.3  82.5 -94.4 -19.5   23.5   11.4  -22.6               
  295  295 A N  E  <  -M  339   0G  31     -4,-1.1    73,-2.9    44,-0.2     2,-0.3  -0.823  62.3-160.4 -97.6 124.6   21.2   12.7  -25.4               
  296  296 A L  E     -MN 338 367G   0     42,-3.1    42,-1.7    -2,-0.5     2,-0.6  -0.745  13.1-141.7-100.9 145.4   22.2   15.8  -27.3               
  297  297 A Y  E     -MN 337 366G  32     69,-3.2    69,-1.9    -2,-0.3     2,-0.5  -0.954  19.8-166.5-102.2 117.5   20.1   18.1  -29.4               
  298  298 A V  E     +MN 336 365G   0     38,-2.4    38,-2.8    -2,-0.6     2,-0.3  -0.932  11.6 177.0-108.6 124.5   22.0   19.3  -32.5               
  299  299 A K  E     +MN 335 364G 107     65,-2.8    65,-2.8    -2,-0.5    36,-0.2  -0.877  51.9  44.7-127.5 163.2   20.5   22.3  -34.5               
  300  300 A N  S    S+     0   0   66     34,-1.8    35,-0.2    -2,-0.3    -1,-0.1   0.767  71.3 172.1  67.4  33.8   21.5   24.4  -37.5               
  301  301 A L        -     0   0    1     33,-1.7    -1,-0.2    -3,-0.2     2,-0.2  -0.430  38.8-110.2 -61.0 139.3   22.5   21.3  -39.5               
  302  302 A D    >   -     0   0   19     56,-0.3     3,-2.1    59,-0.2    32,-0.1  -0.486  27.4-118.1 -63.6 144.0   23.4   21.9  -43.1               
  303  303 A D  T 3  S+     0   0  112      1,-0.3    29,-0.3    -2,-0.2    -1,-0.1   0.747 114.7  62.7 -65.4 -21.6   20.7   20.4  -45.4               
  304  304 A S  T 3  S+     0   0   70      2,-0.0     2,-0.6     5,-0.0    -1,-0.3   0.412  80.7 104.1 -78.8  -3.9   23.5   18.1  -46.8               
  305  305 A I    <   -     0   0   11     -3,-2.1     2,-0.1    53,-0.1    29,-0.1  -0.781  49.6-179.2 -89.6 118.8   24.1   16.5  -43.4               
  306  306 A D     >  -     0   0   65     -2,-0.6     4,-2.6    26,-0.0     5,-0.2  -0.397  47.3 -87.0-100.7 176.9   22.6   12.9  -43.0               
  307  307 A D  H  > S+     0   0   58      1,-0.2     4,-1.9     2,-0.2     5,-0.1   0.833 127.5  49.5 -57.0 -33.6   22.5   10.5  -40.1               
  308  308 A D  H  > S+     0   0  118      2,-0.2     4,-2.5     3,-0.2    -1,-0.2   0.907 111.3  45.4 -80.5 -42.5   26.0    9.1  -41.1               
  309  309 A K  H  > S+     0   0   98      2,-0.2     4,-2.6     1,-0.2     5,-0.2   0.927 113.9  51.7 -62.7 -42.5   27.8   12.5  -41.5               
  310  310 A L  H  X S+     0   0    2     -4,-2.6     4,-1.4     1,-0.2    -2,-0.2   0.928 111.6  46.7 -59.0 -45.1   26.2   13.5  -38.2               
  311  311 A R  H  X S+     0   0   93     -4,-1.9     4,-1.4    -5,-0.2    -2,-0.2   0.910 112.7  50.3 -60.5 -44.1   27.6   10.2  -36.6               
  312  312 A K  H  < S+     0   0  152     -4,-2.5    -2,-0.2     1,-0.2     3,-0.2   0.894 109.7  48.8 -65.3 -42.9   31.1   10.8  -38.2               
  313  313 A E  H  < S+     0   0   61     -4,-2.6    -1,-0.2     1,-0.2    -2,-0.2   0.810 118.2  41.2 -67.4 -29.8   31.4   14.4  -36.9               
  314  314 A F  H >< S+     0   0    1     -4,-1.4     3,-1.6    -5,-0.2     4,-0.4   0.618  91.2  87.3 -93.6 -13.7   30.4   13.4  -33.4               
  315  315 A S  G >< S+     0   0   65     -4,-1.4     3,-0.9     1,-0.3    -1,-0.2   0.772  77.2  65.2 -61.9 -27.7   32.4   10.0  -33.2               
  316  316 A P  G 3  S+     0   0   93      0, 0.0    -1,-0.3     0, 0.0    -2,-0.1   0.647 101.0  53.9 -65.0 -14.4   35.7   11.7  -31.9               
  317  317 A Y  G <  S-     0   0   29     -3,-1.6     2,-0.3     1,-0.3    32,-0.2   0.605 121.6 -52.2 -97.6 -14.5   33.9   12.6  -28.7               
  318  318 A G  S <  S-     0   0   20     -3,-0.9     2,-0.8    -4,-0.4    -1,-0.3  -0.966  74.2 -44.6 162.0-177.7   32.5    9.2  -27.6               
  319  319 A V        -     0   0  102     -2,-0.3     2,-1.0    -3,-0.1    22,-0.5  -0.700  52.1-142.6 -87.2 110.2   30.5    6.0  -28.5               
  320  320 A I  E     -O  340   0G  19     -2,-0.8    20,-0.3    20,-0.2     3,-0.2  -0.601  21.3-179.8 -80.6 104.6   27.4    7.0  -30.3               
  321  321 A T  E    S+     0   0G  86     18,-1.4     2,-0.3    -2,-1.0    -1,-0.2   0.818  77.6   3.2 -68.7 -31.7   24.5    4.7  -29.3               
  322  322 A S  E     -O  339   0G  53     17,-1.5    17,-3.1   -11,-0.0     2,-0.4  -0.872  58.6-179.5-158.1 127.0   22.1    6.6  -31.7               
  323  323 A A  E     +O  338   0G   7     -2,-0.3     2,-0.3    15,-0.2    15,-0.2  -0.981  18.2 164.9-118.7 136.5   22.5    9.5  -34.2               
  324  324 A K  E     -O  337   0G 114     13,-2.3    13,-2.6    -2,-0.4     2,-0.3  -0.848  27.2-149.9-155.5 123.0   19.4   10.7  -36.1               
  325  325 A V  E     -O  336   0G   3     11,-0.3     2,-0.8    -2,-0.3    11,-0.3  -0.610  29.8-122.7 -78.8 139.0   18.5   13.8  -38.2               
  326  326 A M  E     -     0   0G  67      9,-2.8     7,-3.0    -2,-0.3     9,-0.4  -0.817  36.3-174.6 -89.4 112.6   14.9   14.8  -38.1               
  327  327 A T  E     -O  332   0G  77     -2,-0.8     2,-0.3     5,-0.3     5,-0.2  -0.642  15.7-168.9-103.9 158.8   13.4   14.9  -41.7               
  328  328 A E  E >  S-O  331   0G 126      3,-2.5     3,-1.9    -2,-0.2    -2,-0.0  -0.951  81.3  -5.7-147.7 125.9   10.0   15.9  -43.1               
  329  329 A G  T 3  S-     0   0   79     -2,-0.3     3,-0.1     1,-0.3    -2,-0.0   0.651 130.5 -60.4  61.8  15.1    9.0   15.2  -46.7               
  330  330 A G  T 3  S+     0   0   66      1,-0.3     2,-0.3     0, 0.0    -1,-0.3   0.143 116.1 113.2  92.0 -12.2   12.6   13.8  -47.2               
  331  331 A H  E <  S- O   0 328G 150     -3,-1.9    -3,-2.5     1,-0.1    -1,-0.3  -0.675  73.9-110.6 -92.1 142.0   14.1   17.3  -46.3               
  332  332 A S  E     - O   0 327G  27     -2,-0.3    -5,-0.3   -29,-0.3     4,-0.1  -0.533  12.9-143.3 -68.6 129.3   16.2   17.8  -43.1               
  333  333 A K  E     -     0   0G  87     -7,-3.0   -33,-0.2    -2,-0.3    -1,-0.1   0.264  48.4-106.7 -70.7  10.3   14.5   20.1  -40.5               
  334  334 A G  E    S+     0   0G  14      1,-0.1   -34,-1.8    -8,-0.1   -33,-1.7   0.663  93.5  82.7  65.6  16.9   18.0   21.5  -39.7               
  335  335 A F  E     +M  299   0G  48     -9,-0.4    -9,-2.8   -36,-0.2    -2,-0.3  -0.995  46.7 160.3-147.1 156.8   18.1   19.5  -36.4               
  336  336 A G  E     -MO 298 325G   0    -38,-2.8   -38,-2.4    -2,-0.3     2,-0.4  -0.858  30.9-107.6-154.3-176.3   18.9   16.0  -35.0               
  337  337 A F  E     -MO 297 324G  63    -13,-2.6   -13,-2.3    -2,-0.2     2,-0.4  -0.985  17.4-168.9-128.7 140.9   19.8   14.0  -31.9               
  338  338 A V  E     -MO 296 323G   0    -42,-1.7   -42,-3.1    -2,-0.4     2,-0.5  -0.985   7.6-165.5-130.8 117.2   23.1   12.3  -30.8               
  339  339 A C  E     -MO 295 322G   3    -17,-3.1   -17,-1.5    -2,-0.4   -18,-1.4  -0.928   6.3-164.0-106.2 123.9   23.1    9.9  -27.9               
  340  340 A F  E     - O   0 320G   3    -46,-2.3   -20,-0.2    -2,-0.5   -46,-0.1  -0.294  30.4-116.4 -88.7 175.2   26.4    8.9  -26.3               
  341  341 A S  S    S+     0   0   63    -22,-0.5   -47,-0.1     1,-0.1   -21,-0.1   0.798  98.6  31.6 -77.1 -34.6   27.2    6.0  -23.9               
  342  342 A S  S  > S-     0   0   25    -48,-0.1     4,-1.8   -23,-0.1    -2,-0.1  -0.885  71.9-130.4-128.2 150.6   28.2    8.3  -21.1               
  343  343 A P  H  > S+     0   0   53      0, 0.0     4,-2.1     0, 0.0     5,-0.1   0.755 110.2  61.1 -70.0 -21.8   27.2   11.9  -19.9               
  344  344 A E  H  > S+     0   0  133      2,-0.2     4,-2.5     1,-0.2     5,-0.2   0.955 105.9  44.7 -67.0 -49.3   30.9   12.8  -19.8               
  345  345 A E  H  > S+     0   0   42      1,-0.2     4,-2.7     2,-0.2     5,-0.2   0.924 114.0  51.0 -57.0 -45.8   31.3   12.1  -23.5               
  346  346 A A  H  X S+     0   0    0     -4,-1.8     4,-2.2     2,-0.2    -2,-0.2   0.895 110.7  47.9 -61.6 -40.5   28.0   14.0  -24.1               
  347  347 A T  H  X S+     0   0   75     -4,-2.1     4,-2.0     2,-0.2    -2,-0.2   0.899 111.3  50.7 -69.7 -39.0   29.3   17.0  -22.0               
  348  348 A K  H  X S+     0   0  104     -4,-2.5     4,-2.3     2,-0.2     5,-0.3   0.959 110.9  49.0 -60.2 -49.2   32.7   17.0  -24.0               
  349  349 A A  H  X S+     0   0    0     -4,-2.7     4,-2.4     1,-0.2     5,-0.4   0.881 110.0  51.4 -59.8 -41.0   30.8   17.0  -27.3               
  350  350 A V  H  X S+     0   0   34     -4,-2.2     4,-1.0     1,-0.2    -1,-0.2   0.897 112.5  47.3 -60.0 -40.5   28.6   20.0  -26.1               
  351  351 A T  H  < S+     0   0  109     -4,-2.0    -2,-0.2     1,-0.1    -1,-0.2   0.891 122.2  31.6 -71.6 -40.4   31.7   21.9  -25.1               
  352  352 A E  H  < S+     0   0  100     -4,-2.3    -2,-0.2    -5,-0.1    -3,-0.2   0.777 122.8  43.0 -92.8 -29.8   33.7   21.3  -28.4               
  353  353 A M  H >< S+     0   0    0     -4,-2.4     3,-1.3    -5,-0.3     2,-0.5   0.662  83.6 103.2 -93.7 -18.3   30.9   21.1  -31.1               
  354  354 A N  T 3< S+     0   0   78     -4,-1.0    10,-0.2    -5,-0.4     3,-0.1  -0.562  99.8   7.1 -70.8 117.6   28.7   24.0  -29.9               
  355  355 A G  T 3  S+     0   0   47      8,-2.9    -1,-0.3    -2,-0.5     2,-0.1   0.174  95.7 139.0  90.9 -11.0   29.4   26.9  -32.4               
  356  356 A R    <   -     0   0  103     -3,-1.3     7,-2.9     6,-0.2     2,-0.5  -0.423  55.5-124.1 -67.3 132.4   31.6   24.7  -34.6               
  357  357 A I  E     +P  362   0H 118      5,-0.3     2,-0.4    -2,-0.1    -1,-0.1  -0.686  33.1 176.0 -79.0 122.8   31.1   25.3  -38.4               
  358  358 A V  E >   -P  361   0H  16      3,-2.3     3,-1.1    -2,-0.5     2,-0.3  -0.992  66.6 -26.6-131.2 119.5   30.1   22.1  -40.2               
  359  359 A G  T 3  S-     0   0   56     -2,-0.4   -58,-0.0     1,-0.2    -2,-0.0  -0.632 128.2 -30.2  67.3-129.1   29.2   22.6  -43.9               
  360  360 A T  T 3  S+     0   0  114     -2,-0.3    -1,-0.2    -3,-0.1   -59,-0.1   0.476 125.1  69.3 -93.6  -5.3   28.0   26.2  -44.3               
  361  361 A K  E <  S-P  358   0H  52     -3,-1.1    -3,-2.3   -61,-0.1     2,-0.4  -0.905  77.1-119.7-126.4 141.3   26.4   26.6  -40.8               
  362  362 A P  E     -P  357   0H  66      0, 0.0    -5,-0.3     0, 0.0    -6,-0.2  -0.674  40.4-125.0 -74.6 126.5   27.6   26.9  -37.1               
  363  363 A L        -     0   0    5     -7,-2.9    -8,-2.9    -2,-0.4     2,-0.5  -0.406  11.2-148.2 -71.2 145.6   26.1   24.1  -35.1               
  364  364 A Y  E     -N  299   0G 123    -65,-2.8   -65,-2.8   -10,-0.2     2,-0.4  -0.978  21.7-177.0-110.4 119.9   24.1   24.6  -31.9               
  365  365 A V  E     +N  298   0G   3     -2,-0.5     2,-0.3   -67,-0.2   -67,-0.2  -0.974  13.2 145.8-124.3 125.8   24.6   21.7  -29.4               
  366  366 A A  E     -N  297   0G  23    -69,-1.9   -69,-3.2    -2,-0.4     2,-0.1  -0.972  55.2 -75.0-148.4 163.8   22.9   21.3  -26.1               
  367  367 A L  E     -N  296   0G  91     -2,-0.3     2,-0.9   -71,-0.2   -71,-0.3  -0.408  61.7-103.6 -60.3 133.6   21.4   18.6  -23.7               
  368  368 A A        -     0   0   28    -73,-2.9     2,-0.2   -77,-0.2   -75,-0.1  -0.481  37.1-161.2 -73.7 104.4   18.2   17.3  -25.2               
  369  369 A Q        -     0   0  109     -2,-0.9     2,-0.1     1,-0.1    -1,-0.0  -0.576  22.8-111.9 -78.2 142.7   15.1   18.8  -23.3               
  370  370 A R     >  -     0   0   90     -2,-0.2     4,-3.1     1,-0.1     5,-0.3  -0.355  21.1-117.4 -72.4 154.8   11.7   16.9  -23.7               
  371  371 A K  H  > S+     0   0  172      1,-0.2     4,-1.9     2,-0.2    -1,-0.1   0.884 115.4  44.1 -59.4 -42.0    8.8   18.6  -25.6               
  372  372 A E  H  > S+     0   0  136      2,-0.2     4,-2.3     3,-0.2    -1,-0.2   0.928 116.9  44.8 -70.6 -46.6    6.6   18.7  -22.4               
  373  373 A E  H  > S+     0   0  105      2,-0.2     4,-2.9     1,-0.2     5,-0.2   0.949 114.4  48.8 -63.6 -49.1    9.4   20.0  -20.1               
  374  374 A R  H  X S+     0   0  119     -4,-3.1     4,-2.5     1,-0.2    -1,-0.2   0.879 111.7  50.7 -58.8 -40.1   10.6   22.6  -22.7               
  375  375 A K  H  X S+     0   0  149     -4,-1.9     4,-2.3    -5,-0.3    -2,-0.2   0.911 111.4  47.9 -64.2 -42.0    6.9   23.7  -23.1               
  376  376 A A  H  X S+     0   0   50     -4,-2.3     4,-2.9     2,-0.2    -2,-0.2   0.941 112.8  47.8 -64.2 -45.9    6.6   24.0  -19.3               
  377  377 A I  H  X S+     0   0   61     -4,-2.9     4,-2.7     1,-0.2     5,-0.2   0.939 114.7  46.2 -59.0 -48.6    9.9   26.0  -19.0               
  378  378 A L  H  X S+     0   0   93     -4,-2.5     4,-1.5     2,-0.2    -1,-0.2   0.879 113.0  50.0 -62.8 -38.4    8.7   28.3  -21.9               
  379  379 A T  H  X S+     0   0   61     -4,-2.3     4,-2.8     2,-0.2    -2,-0.2   0.931 112.0  47.6 -67.0 -42.8    5.3   28.7  -20.3               
  380  380 A N  H  X S+     0   0   86     -4,-2.9     4,-2.9     1,-0.2    -2,-0.2   0.938 111.6  49.9 -63.6 -45.1    6.9   29.6  -16.9               
  381  381 A Q  H  X S+     0   0   86     -4,-2.7     4,-1.5     2,-0.2    -1,-0.2   0.791 112.9  48.4 -62.7 -30.7    9.2   32.1  -18.6               
  382  382 A Y  H  X S+     0   0  141     -4,-1.5     4,-2.0    -5,-0.2    -2,-0.2   0.931 112.3  46.9 -73.6 -45.7    6.2   33.6  -20.4               
  383  383 A M  H  X S+     0   0   97     -4,-2.8     4,-2.0     2,-0.2    -2,-0.2   0.901 110.9  52.9 -62.5 -40.0    4.1   33.8  -17.1               
  384  384 A Q  H  X S+     0   0  125     -4,-2.9     4,-2.2     2,-0.2     5,-0.2   0.942 109.2  49.1 -60.5 -45.3    7.1   35.4  -15.3               
  385  385 A R  H  X S+     0   0  160     -4,-1.5     4,-1.5     1,-0.2    -2,-0.2   0.852 110.2  51.4 -63.4 -34.7    7.4   38.1  -18.1               
  386  386 A L  H  X S+     0   0   86     -4,-2.0     4,-1.2     2,-0.2    -1,-0.2   0.851 109.3  51.1 -68.7 -34.1    3.6   38.7  -17.7               
  387  387 A S  H  X S+     0   0   67     -4,-2.0     4,-0.6     2,-0.2     3,-0.2   0.931 110.2  47.5 -68.7 -42.1    4.1   39.2  -13.9               
  388  388 A T  H  < S+     0   0   82     -4,-2.2     3,-0.5     1,-0.2     4,-0.2   0.817 108.5  55.5 -72.4 -28.3    6.9   41.7  -14.3               
  389  389 A M  H >< S+     0   0  143     -4,-1.5     3,-0.9    -5,-0.2     4,-0.3   0.846 103.4  56.3 -67.9 -32.5    4.9   43.7  -16.9               
  390  390 A R  H 3< S+     0   0  210     -4,-1.2     3,-0.3    -3,-0.2    -1,-0.2   0.679  99.4  60.5 -73.1 -17.4    2.0   44.0  -14.3               
  391  391 A T  T 3< S+     0   0  114     -4,-0.6    -1,-0.2    -3,-0.5    -2,-0.2   0.466 100.3  54.4 -88.7  -3.0    4.3   45.6  -11.7               
  392  392 A L  S <  S+     0   0  151     -3,-0.9     2,-0.9    -4,-0.2    -1,-0.2   0.433  83.9  87.5-109.6  -2.7    5.2   48.7  -13.9               
  393  393 A S        +     0   0   88     -3,-0.3    -1,-0.1    -4,-0.3    -4,-0.0  -0.647  45.0 144.0-100.5  76.3    1.6   50.0  -14.7               
  394  394 A N        -     0   0  144     -2,-0.9     2,-0.6    -3,-0.1    -3,-0.0  -0.918  38.6-149.3-110.8 101.3    0.8   52.3  -11.8               
  395  395 A P        -     0   0  119      0, 0.0     2,-0.3     0, 0.0    -2,-0.1  -0.620   3.8-148.0 -78.1 117.2   -1.3   55.3  -13.2               
  396  396 A L        -     0   0  171     -2,-0.6     2,-0.4     1,-0.0    -2,-0.0  -0.643  19.0-136.7 -77.4 137.7   -0.8   58.6  -11.3               
  397  397 A L        +     0   0  172     -2,-0.3    -1,-0.0     0, 0.0     2,-0.0  -0.880  43.4  68.2-109.6 132.2   -4.1   60.7  -11.4               
  398  398 A G        +     0   0   73     -2,-0.4    -2,-0.0     1,-0.0     0, 0.0   0.269  42.2  51.7  93.6 140.7   -4.4   64.5  -12.0               
  399  399 A S        -     0   0  122     -2,-0.0    -1,-0.0     0, 0.0     2,-0.0   0.702  34.4-133.3-148.2 168.9   -4.3   67.2  -13.6               
  400  400 A F        +     0   0  195      0, 0.0     2,-0.2     0, 0.0     0, 0.0  -0.263  31.2 128.4 -49.8 138.3   -5.3   69.3  -16.7               
  401  401 A Q        -     0   0  190     -2,-0.0     0, 0.0     0, 0.0     0, 0.0  -0.617  44.8-105.8-165.2 172.7   -3.9   71.5  -19.1               
  402  402 A Q        -     0   0  173     -2,-0.2     2,-0.2     1,-0.1     0, 0.0  -0.114  32.0-113.3 -84.5 165.7   -4.0   71.7  -23.0               
  403  403 A P        +     0   0  105      0, 0.0     2,-0.2     0, 0.0    -1,-0.1  -0.514  23.8 172.9-102.3 159.4   -1.4   70.9  -25.8               
  404  404 A S        -     0   0  113     -2,-0.2     0, 0.0     1,-0.1     0, 0.0  -0.754  36.4 -18.6-162.9 133.9    0.8   72.4  -28.5               
  405  405 A S        -     0   0  102     -2,-0.2    -1,-0.1     0, 0.0     0, 0.0   0.982  51.5 -73.3  66.7 113.8    3.6   71.3  -30.9               
  406  406 A Y        +     0   0  214      2,-0.0     2,-0.1     0, 0.0     0, 0.0   0.543  34.4 139.2  31.6 117.9    6.3   69.0  -32.0               
  407  407 A F        -     0   0  208      2,-0.0     0, 0.0     0, 0.0     0, 0.0  -0.302  17.4-167.5-175.6 140.2    9.7   67.8  -31.4               
  408  408 A L        -     0   0  164     -2,-0.1     2,-0.2     0, 0.0    -2,-0.0  -0.883   8.3-179.0 -96.4 136.7   11.6   64.4  -31.5               
  409  409 A P        -     0   0  121      0, 0.0    -2,-0.0     0, 0.0     0, 0.0  -0.825  19.1 -70.6-148.2 176.9   14.9   63.4  -30.3               
  410  410 A A        -     0   0   93     -2,-0.2     0, 0.0     1,-0.2     0, 0.0   0.663   5.3-120.9-164.3 154.5   16.8   60.6  -30.2               
  411  411 A M        -     0   0  193      1,-0.0     2,-0.6     0, 0.0    -1,-0.2  -0.681  29.6-139.7 -85.0 147.6   18.5   57.2  -29.5               
  412  412 A P        +     0   0  124      0, 0.0    -1,-0.0     0, 0.0     0, 0.0  -0.930  32.7 156.1-105.2 115.9   22.1   56.6  -28.2               
  413  413 A Q        +     0   0  181     -2,-0.6     0, 0.0     0, 0.0     0, 0.0  -0.685   9.2 122.4-112.8-176.1   24.2   53.8  -29.6               
  414  414 A P        +     0   0  109      0, 0.0     0, 0.0     0, 0.0     0, 0.0   0.456  12.0  33.0-124.7-134.3   27.3   52.6  -30.2               
  415  415 A P        +     0   0  124      0, 0.0     2,-0.2     0, 0.0     0, 0.0   0.685  14.1 173.5-134.8-168.2   30.3   51.1  -30.5               
  416  416 A A        +     0   0   89      1,-0.0     0, 0.0     0, 0.0     0, 0.0  -0.651  21.1  97.0-118.5 176.1   32.5   48.0  -30.8               
  417  417 A Q        -     0   0  186     -2,-0.2    -1,-0.0     0, 0.0     0, 0.0   0.864  35.2 -74.5  95.1 114.8   36.1   46.5  -31.4               
  418  418 A A        +     0   0   97      0, 0.0     0, 0.0     0, 0.0     0, 0.0   0.837  26.9 130.4  82.6 154.1   39.3   45.2  -30.3               
  419  419 A A        -     0   0   84      0, 0.0     0, 0.0     0, 0.0     0, 0.0   0.970  34.2 -73.6  89.0  97.5   42.9   44.8  -28.9               
  420  420 A Y        +     0   0  196      2,-0.0     0, 0.0     0, 0.0     0, 0.0   0.977  44.0  23.1  76.4 130.9   45.1   43.0  -26.7               
  421  421 A Y        +     0   0  215      1,-0.0     0, 0.0     0, 0.0     0, 0.0   0.943  29.3 131.7  60.7 130.9   46.9   41.6  -23.5               
  422  422 A G        -     0   0   77      0, 0.0    -1,-0.0     0, 0.0     2,-0.0   0.119  30.0-145.3 158.1  95.6   46.5   40.9  -19.8               
  423  423 A C        +     0   0  141      2,-0.0     0, 0.0     0, 0.0     0, 0.0  -0.335  30.1  66.4 -57.0 147.1   47.3   37.9  -17.5               
  424  424 A G        -     0   0   63     -2,-0.0     2,-0.2     0, 0.0     0, 0.0   0.608  34.4-125.0 162.2-178.6   46.1   36.3  -14.7               
  425  425 A P        +     0   0  124      0, 0.0     2,-0.3     0, 0.0    -2,-0.0  -0.523   9.6 171.6-109.1 152.0   44.0   34.4  -12.2               
  426  426 A V        -     0   0  146     -2,-0.2     0, 0.0     2,-0.0     0, 0.0  -0.932  16.5-170.8-141.4 125.2   42.3   34.2   -8.7               
  427  427 A T        -     0   0  128     -2,-0.3     2,-0.4     2,-0.0     0, 0.0  -0.700  14.7-149.4 -86.2 155.5   39.9   31.4   -7.5               
  428  428 A P        -     0   0  129      0, 0.0     2,-0.2     0, 0.0    -2,-0.0  -0.984  22.6-145.1-120.0 127.5   37.8   31.1   -4.5               
  429  429 A T        -     0   0  133     -2,-0.4    -2,-0.0     1,-0.0     0, 0.0  -0.557   6.7-130.0 -83.0 142.3   37.3   27.5   -3.3               
  430  430 A Q        -     0   0  177     -2,-0.2     2,-0.4     2,-0.0    -1,-0.0  -0.614  19.9-153.0 -78.1 148.9   34.1   26.1   -1.7               
  431  431 A P        -     0   0  119      0, 0.0     0, 0.0     0, 0.0     0, 0.0  -0.990  12.3-172.3-121.9 144.8   34.3   24.0    1.5               
  432  432 A A        -     0   0   95     -2,-0.4     2,-0.2     2,-0.0    -2,-0.0  -0.896  34.1-108.9-119.6 155.1   31.9   21.3    2.9               
  433  433 A P        +     0   0  128      0, 0.0     2,-0.2     0, 0.0     0, 0.0  -0.472  31.1 175.5-101.6 155.8   32.5   20.0    6.5               
  434  434 A R        -     0   0  217      1,-0.2    -2,-0.0    -2,-0.2     0, 0.0  -0.580  24.9 -91.9-163.4 112.9   33.8   16.9    8.4               
  435  435 A W        +     0   0  212     -2,-0.2    -1,-0.2     0, 0.0     0, 0.0   0.579  30.2 147.0  51.5 167.5   34.5   15.9   12.2               
  436  436 A T        -     0   0  118      0, 0.0    -2,-0.0     0, 0.0     0, 0.0   0.726  27.9 -96.4-148.9 146.2   35.9   15.4   15.2               
  437  437 A S        +     0   0  104      0, 0.0     0, 0.0     0, 0.0     0, 0.0   0.839  36.6  15.7  51.7 119.1   35.5   15.2   19.0               
  438  438 A Q        +     0   0  193      0, 0.0     0, 0.0     0, 0.0     0, 0.0   0.629  24.5 165.3  90.4 149.9   35.7   16.5   22.5               
  439  439 A P        -     0   0  112      0, 0.0     0, 0.0     0, 0.0     0, 0.0  -0.059   8.8-150.0-122.1-148.3   36.0   19.1   25.5               
  440  440 A P        -     0   0  104      0, 0.0     0, 0.0     0, 0.0     0, 0.0   0.654  12.0-156.3-143.7 166.0   35.9   20.5   28.6               
  441  441 A R        +     0   0  236      2,-0.0     0, 0.0     0, 0.0     0, 0.0   0.643  10.7 149.9  60.2 174.3   35.6   23.3   31.3               
  442  442 A P        +     0   0  107      0, 0.0     0, 0.0     0, 0.0     0, 0.0   0.842  15.2  43.6-136.9-161.0   35.5   25.4   33.8               
  443  443 A S        +     0   0  112      0, 0.0    -2,-0.0     0, 0.0     0, 0.0   0.490  30.6  81.4  81.8 142.7   35.4   28.5   36.3               
  444  444 A S        +     0   0  119      0, 0.0     0, 0.0     0, 0.0     0, 0.0   0.889  39.1  31.1-162.9 172.9   34.3   31.5   37.6               
  445  445 A A        -     0   0   73      0, 0.0     0, 0.0     0, 0.0     0, 0.0   0.576  14.2-177.4-176.3 147.0   32.0   33.1   39.4               
  446  446 A Y        +     0   0  221      0, 0.0     0, 0.0     0, 0.0     0, 0.0   0.854  11.2 144.0  43.7 165.9   29.3   34.6   41.8               
  447  447 A P        -     0   0  110      0, 0.0     0, 0.0     0, 0.0     0, 0.0   0.944   8.8-173.3-139.9-128.4   27.0   36.9   43.1               
  448  448 A P        +     0   0  125      0, 0.0     2,-0.1     0, 0.0     0, 0.0   0.632  18.0 176.5-124.7 179.5   24.1   38.4   44.7               
  449  449 A G        -     0   0   74      0, 0.0     0, 0.0     0, 0.0     0, 0.0  -0.361  31.8 -20.9 152.6 153.4   21.2   40.3   46.3               
  450  450 A A        -     0   0   92     -2,-0.1     0, 0.0     0, 0.0     0, 0.0   0.451  25.3 -53.5-168.7 144.2   18.2   40.2   47.7               
  451  451 A S        +     0   0  106      0, 0.0     0, 0.0     0, 0.0     0, 0.0   0.744  19.4  78.2  61.8 149.6   14.7   39.6   49.2               
  452  452 A M        -     0   0  158      0, 0.0     0, 0.0     0, 0.0     0, 0.0   0.756  21.7-103.0-163.9 149.8   11.5   39.1   49.8               
  453  453 A V        -     0   0  124      2,-0.0     0, 0.0     0, 0.0     0, 0.0   0.817  25.6  -9.6  49.8 139.9    8.1   37.5   50.4               
  454  454 A R        -     0   0  229      1,-0.1     0, 0.0     2,-0.0     0, 0.0   0.913  16.0-143.7-164.0 167.2    4.9   36.4   49.8               
  455  455 A P        +     0   0  111      0, 0.0    -1,-0.1     0, 0.0    -2,-0.0  -0.242  25.0  44.0-108.0-154.6    1.3   35.6   48.4               
  456  456 A P        +     0   0  113      0, 0.0     2,-0.3     0, 0.0    -2,-0.0   0.665  11.6 138.8-129.4 159.8   -2.1   35.0   48.3               
  457  457 A V        -     0   0  148      0, 0.0     0, 0.0     0, 0.0     0, 0.0  -0.986  30.3-151.6-146.7 143.0   -6.0   35.3   49.1               
  458  458 A V        +     0   0  130     -2,-0.3     0, 0.0     1,-0.1     0, 0.0  -0.646  17.7  41.0-119.7-174.8   -9.2   35.1   46.9               
  459  459 A P        +     0   0  108      0, 0.0     2,-0.1     0, 0.0    -1,-0.1   0.861  16.9 110.1-128.8 174.6  -12.5   35.8   46.2               
  460  460 A R        +     0   0  252      2,-0.0     0, 0.0     0, 0.0     0, 0.0  -0.533  17.1 176.3-177.0 147.3  -15.9   37.3   45.7               
  461  461 A R        +     0   0  230     -2,-0.1     0, 0.0     2,-0.0     0, 0.0  -0.315   6.4 167.6 -78.1 174.7  -18.6   38.5   43.1               
  462  462 A P        +     0   0  117      0, 0.0     2,-0.1     0, 0.0    -2,-0.0  -0.406  19.6 163.1-152.3-144.9  -21.6   39.7   42.5               
  463  463 A P        +     0   0  113      0, 0.0    -2,-0.0     0, 0.0     0, 0.0  -0.307  10.8  74.9-137.6-179.7  -23.7   41.1   39.7               
  464  464 A A        -     0   0   88      1,-0.1     2,-0.3    -2,-0.1     0, 0.0   0.938   7.4-170.6  62.4 133.3  -26.2   42.5   37.1               
  465  465 A H        -     0   0  192      2,-0.0     2,-0.2     0, 0.0    -1,-0.1  -0.936  24.9-138.5-154.2 164.0  -28.6   45.1   35.7               
  466  466 A I        +     0   0  147     -2,-0.3     2,-0.1     2,-0.0     0, 0.0  -0.669  21.5 148.7-114.7 156.8  -31.0   45.0   32.7               
  467  467 A S        +     0   0  115     -2,-0.2    -2,-0.0     0, 0.0     0, 0.0  -0.028  20.4   9.7 132.3 152.7  -32.6   46.8   29.6               
  468  468 A S        -     0   0  106     -2,-0.1    -2,-0.0     1,-0.0     0, 0.0   0.605  14.9-163.7-163.0 143.1  -34.0   47.1   26.6               
  469  469 A V        +     0   0  120      1,-0.0     2,-0.2     0, 0.0    -1,-0.0   0.266   7.2 176.6 -14.4 140.5  -35.6   46.1   23.2               
  470  470 A R        -     0   0  252      2,-0.0     2,-0.1     0, 0.0    -1,-0.0  -0.898  17.6-163.9-155.4 158.6  -36.3   47.6   19.8               
  471  471 A Q        +     0   0  176     -2,-0.2     0, 0.0     2,-0.0     0, 0.0  -0.404  14.2 132.1-112.5-178.8  -37.9   45.9   16.7               
  472  472 A A        +     0   0  102     -2,-0.1    -2,-0.0     0, 0.0     0, 0.0   0.654  20.0  28.1  83.6 145.1  -38.7   45.8   12.9               
  473  473 A S        -     0   0  102      1,-0.0    -2,-0.0     0, 0.0     0, 0.0   0.633  13.1-166.9-159.9 151.9  -39.0   44.6   10.0               
  474  474 A T        +     0   0  117      2,-0.0     2,-0.1     0, 0.0    -1,-0.0   0.428  10.9 159.3  10.8 134.3  -39.5   42.3    6.9               
  475  475 A Q        +     0   0  193      2,-0.0     0, 0.0     0, 0.0     0, 0.0  -0.522  14.1 138.5-169.3 149.0  -39.2   41.9    3.3               
  476  476 A V        -     0   0  131     -2,-0.1     2,-0.3     2,-0.0    -2,-0.0  -0.973  18.2-169.5-144.3 147.6  -38.9   38.9    0.8               
  477  477 A P        -     0   0  127      0, 0.0     2,-0.2     0, 0.0    -2,-0.0  -0.959  11.6-154.1-135.7 154.5  -40.2   37.9   -2.5               
  478  478 A R        -     0   0  232     -2,-0.3    -2,-0.0     0, 0.0     2,-0.0  -0.505   9.9-177.5 -80.8 164.1  -40.0   34.5   -4.4               
  479  479 A T        -     0   0  134     -2,-0.2     0, 0.0     0, 0.0     0, 0.0  -0.181  22.4-119.7-172.9 110.6  -40.0   33.2   -7.9               
  480  480 A V        -     0   0  137      1,-0.1     2,-0.2    -2,-0.0     0, 0.0   0.869  16.2-109.8  38.1 153.4  -39.9   29.7   -9.4               
  481  481 A P        -     0   0  119      0, 0.0     2,-0.3     0, 0.0    -1,-0.1  -0.562  12.8-149.4-112.9 173.6  -37.9   27.2  -11.7               
  482  482 A H        -     0   0  169     -2,-0.2     2,-0.2     2,-0.0     0, 0.0  -0.987  14.2-149.3-149.7 165.9  -37.9   25.4  -15.1               
  483  483 A T        +     0   0  107     -2,-0.3     2,-0.1     0, 0.0     0, 0.0  -0.683  14.8 165.1-120.2 160.1  -36.6   22.1  -16.6               
  484  484 A Q        -     0   0  172     -2,-0.2    -2,-0.0     2,-0.0     2,-0.0  -0.158   6.7-168.6 166.2 126.4  -35.3   20.0  -19.5               
  485  485 A R        +     0   0  237     -2,-0.1     2,-0.0     2,-0.0     0, 0.0   0.415  12.1 161.7  51.2 129.9  -33.6   17.0  -20.7               
  486  486 A V        +     0   0  138     -2,-0.0     2,-0.3     0, 0.0    -2,-0.0   0.268  10.0 178.2-155.6 162.0  -32.2   15.3  -23.2               
  487  487 A A        +     0   0   77     -2,-0.0     2,-0.1     0, 0.0    -2,-0.0  -0.831   7.7 155.4-108.9 152.9  -29.8   12.3  -23.6               
  488  488 A N        -     0   0  141     -2,-0.3     0, 0.0     2,-0.0     0, 0.0  -0.291  25.8-122.8 174.2 129.3  -28.1   10.1  -26.2               
  489  489 A I        +     0   0  162     -2,-0.1     0, 0.0     2,-0.0     0, 0.0   0.575  23.8 157.0  62.5 125.4  -25.4    8.0  -27.3               
  490  490 A G        +     0   0   73      0, 0.0     2,-0.5     0, 0.0    -2,-0.0   0.239   6.1 174.9 157.8  80.7  -22.7    7.8  -30.0               
  491  491 A T        +     0   0  131      2,-0.0     2,-0.2     0, 0.0    -2,-0.0  -0.810  21.0 136.5 -81.8 131.4  -19.4    5.8  -30.1               
  492  492 A Q        -     0   0  194     -2,-0.5     2,-0.3     2,-0.0     0, 0.0  -0.830  29.5-146.5-167.8 158.0  -17.2    5.8  -33.2               
  493  493 A T        +     0   0  121     -2,-0.2     2,-0.1     0, 0.0    -2,-0.0  -0.866  23.4 129.1-108.4 142.3  -13.5    6.1  -34.1               
  494  494 A T        -     0   0  147     -2,-0.3    -2,-0.0     1,-0.0     0, 0.0  -0.389  40.1 -42.2 178.0 144.3  -11.1    7.3  -36.8               
  495  495 A G        -     0   0   73      1,-0.1     2,-0.3    -2,-0.1    -1,-0.0   0.906  39.1-117.8  65.9 116.9   -8.1    9.1  -38.0               
  496  496 A P        +     0   0  129      0, 0.0     2,-0.3     0, 0.0    -1,-0.1  -0.676  28.7 159.8 -93.9 146.2   -6.3   12.6  -37.4               
  497  497 A S        -     0   0  131     -2,-0.3     2,-0.1     2,-0.0     0, 0.0  -0.934  27.5-146.2-152.5 149.2   -5.5   15.5  -39.7               
  498  498 A G        +     0   0   69     -2,-0.3     0, 0.0     0, 0.0     0, 0.0  -0.126  40.8  87.8-106.1-163.0   -4.8   19.0  -38.4               
  499  499 A V        +     0   0  164      1,-0.1     2,-0.1    -2,-0.1    -2,-0.0   0.694  40.1 113.2  75.8 128.8   -4.9   22.9  -38.8               
  500  500 A G        -     0   0   75      0, 0.0    -1,-0.1     0, 0.0     2,-0.1  -0.096  36.8-150.2 145.2 117.8   -7.6   25.3  -37.6               
  501  501 A C        +     0   0  127     -2,-0.1     0, 0.0     1,-0.0     0, 0.0  -0.362  35.7  98.2 -86.6 175.5   -7.8   28.1  -34.9               
  502  502 A C        +     0   0  117      1,-0.2    -1,-0.0    -2,-0.1     0, 0.0   0.810   6.3 147.8 109.2 106.1  -10.5   29.7  -32.7               
  503  503 A T        -     0   0  137      0, 0.0    -1,-0.2     0, 0.0     2,-0.1  -0.941  40.0-137.3-134.6 125.1  -12.0   29.6  -29.2               
  504  504 A P        -     0   0  133      0, 0.0     0, 0.0     0, 0.0     0, 0.0  -0.295  26.4 -91.0 -84.3 166.5  -13.4   33.0  -28.0               
  505  505 A G        -     0   0   83     -2,-0.1     0, 0.0     1,-0.0     0, 0.0   0.166  15.9-154.8 -72.6 176.3  -12.9   34.6  -24.5               
  506  506 A R        -     0   0  243      2,-0.0     2,-0.1     0, 0.0    -1,-0.0  -0.937  31.4-121.8-144.2 138.3  -14.4   34.9  -21.0               
  507  507 A P        -     0   0  123      0, 0.0     2,-0.5     0, 0.0     0, 0.0  -0.464   9.8-133.9 -83.8 151.2  -13.7   37.9  -18.8               
  508  508 A L        -     0   0  169     -2,-0.1    -2,-0.0     2,-0.0     0, 0.0  -0.883  17.7-147.2 -94.9 126.2  -12.1   38.1  -15.3               
  509  509 A L        -     0   0  166     -2,-0.5     2,-0.8     2,-0.0     0, 0.0  -0.747  13.5-131.7 -85.2 138.9  -13.9   40.4  -12.8               
  510  510 A P        -     0   0  119      0, 0.0     2,-0.7     0, 0.0    -2,-0.0  -0.814  17.2-162.8 -94.4 107.9  -11.7   42.1  -10.1               
  511  511 A C        -     0   0  132     -2,-0.8     2,-0.3     2,-0.0    -2,-0.0  -0.798  10.2-149.3 -84.5 117.4  -13.0   41.8   -6.5               
  512  512 A K        -     0   0  208     -2,-0.7     2,-0.3     2,-0.0     0, 0.0  -0.635  14.4-175.0 -70.4 140.4  -11.4   44.4   -4.2               
  513  513 A C        -     0   0  133     -2,-0.3     2,-0.1     0, 0.0    -2,-0.0  -0.966  21.8-128.3-138.9 127.3  -10.9   43.4   -0.6               
  514  514 A S        -     0   0  115     -2,-0.3     2,-0.5     1,-0.1    -2,-0.0  -0.401  21.8-106.0 -76.3 146.8   -9.6   46.0    1.9               
  515  515 A S        +     0   0  127     -2,-0.1     2,-0.5     2,-0.0    -1,-0.1  -0.584  35.2 177.6 -68.2 118.0   -6.7   45.6    4.3               
  516  516 A A        -     0   0   82     -2,-0.5     2,-0.4     2,-0.0     0, 0.0  -0.995  24.4-138.1-116.3 119.3   -7.7   45.1    7.9               
  517  517 A A        -     0   0  103     -2,-0.5     2,-0.4     0, 0.0    -2,-0.0  -0.640  16.0-164.8 -77.0 131.0   -4.6   44.5   10.2               
  518  518 A H        -     0   0  178     -2,-0.4     2,-0.1     0, 0.0    -2,-0.0  -0.975  23.6-115.2-119.3 132.9   -4.8   41.9   12.9               
  519  519 A S        -     0   0   83     -2,-0.4     2,-1.1     1,-0.1     0, 0.0  -0.317  21.2-121.5 -66.5 137.5   -2.3   41.8   15.7               
  520  520 A T        -     0   0  134     -2,-0.1     2,-0.8     2,-0.0    -1,-0.1  -0.686  22.8-166.6 -81.8  97.5    0.1   38.8   16.2               
  521  521 A Y        -     0   0  199     -2,-1.1     2,-1.0     1,-0.0    -1,-0.0  -0.770  17.6-144.0 -78.0 110.3   -0.5   37.3   19.6               
  522  522 A R        -     0   0  241     -2,-0.8     2,-0.3     2,-0.0    -2,-0.0  -0.718  10.0-151.0 -83.1 101.3    2.6   35.0   20.0               
  523  523 A V        -     0   0  129     -2,-1.0     2,-0.4     1,-0.0    -2,-0.0  -0.606  12.5-134.4 -69.1 126.2    1.5   31.9   21.9               
  524  524 A Q        -     0   0  186     -2,-0.3    -1,-0.0     3,-0.0     3,-0.0  -0.740  14.5-141.9 -78.3 129.0    4.4   30.4   23.9               
  525  525 A E        -     0   0  122     -2,-0.4     2,-0.2     1,-0.1    12,-0.0  -0.671  28.2-101.7 -81.9 147.1    4.7   26.6   23.6               
  526  526 A P        -     0   0  109      0, 0.0     2,-0.5     0, 0.0    -1,-0.1  -0.513  34.6-141.8 -68.7 135.6    5.7   24.6   26.8               
  527  527 A A        -     0   0   35     -2,-0.2     2,-0.7    10,-0.1    10,-0.1  -0.876  11.7-126.1-100.5 130.1    9.4   23.6   26.8               
  528  528 A V  B     -Q  536   0I  35      8,-0.7     8,-1.3    -2,-0.5     2,-0.6  -0.646  30.9-161.5 -74.0 112.5   10.5   20.2   28.2               
  529  529 A H        +     0   0  142     -2,-0.7     5,-0.1     6,-0.2    -1,-0.0  -0.901  15.6 179.8-102.6 118.9   13.1   21.0   30.8               
  530  530 A I    >   -     0   0   39     -2,-0.6     3,-2.0     3,-0.4     2,-0.2  -0.968  45.9 -99.5-109.2 130.7   15.5   18.3   32.1               
  531  531 A P  T 3  S+     0   0  135      0, 0.0     3,-0.1     0, 0.0    -2,-0.0  -0.319 107.8  14.8 -55.7 114.4   18.0   19.7   34.7               
  532  532 A G  T 3  S+     0   0   88      1,-0.3     2,-0.3    -2,-0.2    -3,-0.0   0.376 108.9  87.3 102.4   0.7   21.3   20.4   32.9               
  533  533 A Q  S <  S-     0   0   70     -3,-2.0    -3,-0.4    23,-0.0    -1,-0.3  -0.950  81.8 -99.1-126.6 150.1   20.2   20.4   29.2               
  534  534 A E        -     0   0  146     -2,-0.3     2,-0.1     1,-0.1    -4,-0.1  -0.333  54.6 -89.5 -60.0 143.8   18.8   23.1   26.8               
  535  535 A P        -     0   0   48      0, 0.0     2,-1.1     0, 0.0    -6,-0.2  -0.345  35.2-135.9 -60.7 127.5   14.9   23.0   26.4               
  536  536 A L  B     -Q  528   0I  11     -8,-1.3    -8,-0.7    -2,-0.1     2,-0.3  -0.716  28.4-171.5 -89.6  95.2   13.9   20.7   23.5               
  537  537 A T    >>  -     0   0   37     -2,-1.1     3,-1.9   -10,-0.1     4,-1.6  -0.656  34.5-122.0 -85.7 147.8   11.2   22.7   21.7               
  538  538 A A  H 3> S+     0   0   49      1,-0.3     4,-2.4    -2,-0.3     5,-0.1   0.872 115.3  59.3 -53.4 -36.1    9.0   21.2   18.8               
  539  539 A S  H 34 S+     0   0   84      2,-0.2     4,-0.4     1,-0.2    -1,-0.3   0.702 102.2  52.5 -66.4 -23.2   10.4   24.1   16.7               
  540  540 A M  H X> S+     0   0   77     -3,-1.9     4,-0.8     2,-0.2     3,-0.8   0.916 111.3  45.1 -78.8 -44.3   14.0   22.8   17.2               
  541  541 A L  H >< S+     0   0    7     -4,-1.6     3,-0.8     1,-0.2    -2,-0.2   0.906 108.3  58.4 -62.6 -40.5   13.2   19.2   16.1               
  542  542 A A  T 3< S+     0   0   82     -4,-2.4    -1,-0.2     1,-0.2    -2,-0.2   0.703 105.6  50.8 -62.7 -21.1   11.3   20.6   13.1               
  543  543 A A  T <4 S+     0   0   89     -3,-0.8    -1,-0.2    -4,-0.4    -2,-0.2   0.683  97.5  81.4 -88.4 -22.1   14.5   22.4   11.9               
  544  544 A A  S << S-     0   0   16     -4,-0.8     2,-0.1    -3,-0.8     5,-0.0  -0.557  87.9-103.7 -86.0 147.6   16.8   19.3   12.1               
  545  545 A P    >>  -     0   0   82      0, 0.0     4,-2.3     0, 0.0     3,-0.8  -0.378  43.6-100.9 -61.8 150.3   17.1   16.5    9.4               
  546  546 A L  H 3> S+     0   0  130      1,-0.3     4,-1.5     2,-0.2     5,-0.1   0.725 121.2  51.2 -51.6 -34.7   15.4   13.2   10.4               
  547  547 A H  H 3> S+     0   0  158      2,-0.2     4,-1.7     1,-0.1    -1,-0.3   0.923 112.6  45.8 -68.4 -42.3   18.6   11.4   11.6               
  548  548 A E  H <> S+     0   0  103     -3,-0.8     4,-2.9     2,-0.2     5,-0.2   0.882 107.7  58.5 -71.7 -35.1   19.6   14.4   13.8               
  549  549 A Q  H  X S+     0   0   30     -4,-2.3     4,-2.0     1,-0.2    -1,-0.2   0.924 107.4  47.1 -55.2 -47.1   16.0   14.6   15.2               
  550  550 A K  H  X S+     0   0   69     -4,-1.5     4,-2.4    -5,-0.2    -2,-0.2   0.881 111.8  50.6 -67.2 -35.4   16.3   10.9   16.4               
  551  551 A Q  H  X S+     0   0  104     -4,-1.7     4,-2.3     2,-0.2    -2,-0.2   0.963 110.0  49.2 -63.5 -49.4   19.8   11.7   17.9               
  552  552 A M  H  < S+     0   0   46     -4,-2.9     4,-0.3     1,-0.2    -2,-0.2   0.852 114.6  45.6 -58.0 -38.9   18.4   14.7   19.8               
  553  553 A I  H >X S+     0   0    0     -4,-2.0     4,-2.1    -5,-0.2     3,-1.3   0.903 110.2  54.4 -70.3 -41.3   15.4   12.6   21.1               
  554  554 A G  H 3X S+     0   0    9     -4,-2.4     4,-2.7     1,-0.3    -2,-0.2   0.891 100.7  59.2 -60.7 -39.6   17.8    9.7   22.0               
  555  555 A E  H 3< S+     0   0   99     -4,-2.3    -1,-0.3     1,-0.2    -2,-0.2   0.595 112.6  40.8 -66.8 -12.4   20.0   12.0   24.2               
  556  556 A R  H <> S+     0   0   28     -3,-1.3     4,-0.9    -4,-0.3    -2,-0.2   0.740 116.1  47.4-100.2 -35.9   16.8   12.7   26.3               
  557  557 A L  H  X S+     0   0    0     -4,-2.1     4,-2.4     2,-0.1     5,-0.3   0.907 101.7  64.7 -70.5 -43.2   15.4    9.2   26.4               
  558  558 A Y  H  X S+     0   0  103     -4,-2.7     4,-2.2     1,-0.2    -1,-0.1   0.872 103.2  44.7 -56.0 -47.4   18.7    7.5   27.4               
  559  559 A P  H  > S+     0   0   56      0, 0.0     4,-1.9     0, 0.0    -1,-0.2   0.946 115.0  48.6 -60.6 -46.3   19.2    9.2   30.9               
  560  560 A L  H  X S+     0   0   58     -4,-0.9     4,-0.6     1,-0.2    -2,-0.2   0.843 115.6  44.1 -63.2 -36.3   15.5    8.6   31.8               
  561  561 A I  H  X S+     0   0    0     -4,-2.4     4,-3.2     2,-0.2     3,-0.3   0.822 109.0  57.8 -75.6 -33.4   15.7    4.9   30.7               
  562  562 A H  H  < S+     0   0   70     -4,-2.2     4,-0.3    -5,-0.3    -2,-0.2   0.869 101.9  54.7 -68.1 -34.5   19.1    4.4   32.5               
  563  563 A D  H  < S+     0   0  141     -4,-1.9    -1,-0.2     2,-0.2    -2,-0.2   0.783 118.9  35.1 -64.2 -30.3   17.5    5.5   35.9               
  564  564 A V  H  < S+     0   0   52     -4,-0.6    -2,-0.2    -3,-0.3     2,-0.2   0.877 136.4  14.8 -90.8 -46.2   14.9    2.7   35.4               
  565  565 A H    >X  +     0   0   69     -4,-3.2     4,-1.6     1,-0.1     3,-0.8  -0.600  63.0 177.2-139.7  78.5   16.9   -0.1   33.7               
  566  566 A T  T 34 S+     0   0   90     -4,-0.3     4,-0.3     1,-0.2    -1,-0.1   0.800  81.2  45.7 -49.9 -43.9   20.7    0.5   33.8               
  567  567 A Q  T 34 S+     0   0  195      1,-0.2    -1,-0.2     2,-0.1     4,-0.2   0.775 121.8  33.7 -77.9 -30.4   21.7   -2.8   32.0               
  568  568 A L  T X> S+     0   0   37     -3,-0.8     4,-2.6    -7,-0.1     3,-0.7   0.473  83.6 109.6-105.6  -3.0   19.2   -2.7   29.1               
  569  569 A A  H 3X S+     0   0    0     -4,-1.6     4,-2.8     1,-0.3     5,-0.2   0.810  79.1  49.3 -47.2 -45.8   19.1    1.2   28.6               
  570  570 A G  H 3> S+     0   0   46     -4,-0.3     4,-2.0     2,-0.2    -1,-0.3   0.903 115.9  42.6 -63.2 -41.3   21.0    1.1   25.3               
  571  571 A K  H <> S+     0   0  125     -3,-0.7     4,-2.5     2,-0.2    -2,-0.2   0.934 116.0  48.0 -70.5 -45.6   18.8   -1.6   23.8               
  572  572 A I  H  X S+     0   0    0     -4,-2.6     4,-2.7     2,-0.2     5,-0.2   0.929 113.0  48.5 -62.5 -45.2   15.5   -0.1   25.1               
  573  573 A T  H  X S+     0   0    9     -4,-2.8     4,-2.4    -5,-0.3    -1,-0.2   0.920 110.9  51.8 -60.4 -43.4   16.6    3.4   23.8               
  574  574 A G  H  < S+     0   0   39     -4,-2.0    -2,-0.2    -5,-0.2    -1,-0.2   0.925 113.0  44.1 -58.5 -46.2   17.4    1.8   20.4               
  575  575 A M  H >< S+     0   0   62     -4,-2.5     3,-1.6     1,-0.2     4,-0.4   0.907 112.9  50.8 -65.4 -44.5   13.9    0.1   20.2               
  576  576 A L  H >< S+     0   0    5     -4,-2.7     3,-1.8     1,-0.3    -2,-0.2   0.888 100.3  64.8 -64.4 -34.9   12.1    3.3   21.3               
  577  577 A L  T 3< S+     0   0   39     -4,-2.4    -1,-0.3     1,-0.3    -2,-0.2   0.556  89.4  68.0 -66.2  -5.7   14.0    5.3   18.7               
  578  578 A E  T <  S+     0   0  164     -3,-1.6    -1,-0.3    -4,-0.2    -2,-0.2   0.741  85.9  92.9 -79.0 -20.1   12.1    3.2   16.0               
  579  579 A I  S <  S-     0   0   38     -3,-1.8     2,-0.2    -4,-0.4    -3,-0.0  -0.120  94.3 -81.9 -68.7 159.0    8.8    5.0   17.1               
  580  580 A D    >>  -     0   0  119      1,-0.1     4,-2.2     4,-0.0     3,-1.4  -0.447  36.5-123.2 -62.7 136.6    7.4    8.1   15.4               
  581  581 A N  H 3> S+     0   0   29      1,-0.3     4,-1.5     2,-0.2    -1,-0.1   0.738 110.5  57.1 -57.8 -27.1    9.0   11.4   16.7               
  582  582 A S  H 3> S+     0   0   84      2,-0.2     4,-1.3     3,-0.1    -1,-0.3   0.805 108.5  45.4 -73.8 -31.4    5.5   12.8   17.8               
  583  583 A E  H <> S+     0   0   58     -3,-1.4     4,-2.0     2,-0.2    -2,-0.2   0.900 110.9  53.8 -78.5 -38.1    4.8    9.8   20.0               
  584  584 A L  H  X S+     0   0    0     -4,-2.2     4,-1.5     2,-0.2    -2,-0.2   0.864 107.4  51.8 -62.0 -36.3    8.4   10.0   21.5               
  585  585 A L  H  X S+     0   0   43     -4,-1.5     4,-1.2    -5,-0.2    -1,-0.2   0.928 108.1  50.7 -65.1 -43.0    7.6   13.7   22.3               
  586  586 A L  H  X S+     0   0  103     -4,-1.3     4,-1.3     1,-0.2    -2,-0.2   0.843 108.2  53.6 -62.5 -34.2    4.4   12.7   24.2               
  587  587 A M  H  < S+     0   0    2     -4,-2.0     7,-0.4     2,-0.2    -1,-0.2   0.838 105.8  52.6 -68.9 -32.8    6.4   10.1   26.1               
  588  588 A L  H  < S+     0   0   24     -4,-1.5    -2,-0.2     1,-0.2    -1,-0.2   0.745 111.4  47.4 -73.1 -23.5    8.9   12.9   27.2               
  589  589 A E  H  < S+     0   0  122     -4,-1.2    -2,-0.2     1,-0.2    -1,-0.2   0.727 115.2  47.9 -82.8 -26.7    5.9   14.9   28.5               
  590  590 A S     X  -     0   0   40     -4,-1.3     4,-1.9    -5,-0.1    -1,-0.2  -0.897  59.3-171.0-122.2 103.7    4.3   11.9   30.4               
  591  591 A P  H  > S+     0   0   87      0, 0.0     4,-2.4     0, 0.0     5,-0.1   0.833  91.6  57.1 -62.5 -30.1    6.6    9.8   32.7               
  592  592 A E  H  > S+     0   0  160      2,-0.2     4,-2.3     1,-0.2     5,-0.2   0.934 106.8  47.7 -63.7 -45.3    3.7    7.3   33.0               
  593  593 A S  H  > S+     0   0   51      1,-0.2     4,-1.3     2,-0.2    -1,-0.2   0.860 111.5  52.3 -63.6 -35.8    3.6    6.8   29.2               
  594  594 A L  H  X S+     0   0    8     -4,-1.9     4,-1.8    -7,-0.4    -2,-0.2   0.944 109.8  47.3 -65.4 -47.9    7.4    6.4   29.2               
  595  595 A H  H  X S+     0   0   85     -4,-2.4     4,-2.7     1,-0.2     3,-0.4   0.952 109.5  52.8 -61.4 -47.4    7.4    3.7   31.9               
  596  596 A A  H  X S+     0   0   60     -4,-2.3     4,-1.7     1,-0.2    -1,-0.2   0.833 112.2  46.7 -57.5 -34.0    4.6    1.6   30.2               
  597  597 A K  H  X S+     0   0   49     -4,-1.3     4,-1.9     2,-0.2    -1,-0.2   0.786 109.1  53.7 -78.8 -29.8    6.7    1.7   27.0               
  598  598 A I  H  X S+     0   0    0     -4,-1.8     4,-2.5    -3,-0.4    -2,-0.2   0.942 109.5  49.2 -64.4 -46.2    9.9    0.7   28.9               
  599  599 A D  H  X S+     0   0   92     -4,-2.7     4,-2.6     2,-0.2    -2,-0.2   0.908 110.5  50.2 -61.2 -43.0    7.9   -2.3   30.3               
  600  600 A E  H  X S+     0   0  107     -4,-1.7     4,-1.9    -5,-0.2    -1,-0.2   0.930 112.7  46.8 -59.1 -45.3    6.7   -3.3   26.8               
  601  601 A A  H  X S+     0   0    6     -4,-1.9     4,-2.3     2,-0.2    -2,-0.2   0.881 111.5  51.4 -66.6 -37.6   10.3   -3.1   25.4               
  602  602 A V  H  X S+     0   0   12     -4,-2.5     4,-2.5     2,-0.2    -2,-0.2   0.931 108.2  51.8 -64.2 -44.6   11.6   -5.2   28.4               
  603  603 A A  H  X S+     0   0   58     -4,-2.6     4,-2.3     1,-0.2    -2,-0.2   0.912 111.5  47.1 -59.7 -42.6    9.0   -7.9   27.8               
  604  604 A V  H  X S+     0   0   76     -4,-1.9     4,-2.1     2,-0.2    -1,-0.2   0.920 112.5  49.5 -64.4 -43.3   10.0   -8.1   24.1               
  605  605 A L  H  X S+     0   0   20     -4,-2.3     4,-1.9     2,-0.2    -2,-0.2   0.861 111.6  48.9 -65.5 -36.9   13.8   -8.2   25.0               
  606  606 A Q  H  X S+     0   0  119     -4,-2.5     4,-2.2     2,-0.2    -2,-0.2   0.922 109.9  51.5 -67.2 -43.8   13.1  -11.0   27.6               
  607  607 A A  H  X S+     0   0   56     -4,-2.3     4,-1.0     2,-0.2    -2,-0.2   0.903 110.6  48.9 -60.0 -40.8   11.1  -13.0   25.0               
  608  608 A H  H >X S+     0   0  112     -4,-2.1     4,-1.3     1,-0.2     3,-0.6   0.925 110.6  50.0 -66.4 -42.1   14.0  -12.7   22.5               
  609  609 A Q  H 3X S+     0   0   87     -4,-1.9     4,-1.0     1,-0.2    -2,-0.2   0.863 105.9  56.9 -64.1 -35.3   16.6  -13.9   25.1               
  610  610 A A  H 3< S+     0   0   78     -4,-2.2    -1,-0.2     1,-0.2    -2,-0.2   0.759 109.7  45.8 -67.0 -25.2   14.3  -16.9   26.0               
  611  611 A M  H << S+     0   0  165     -4,-1.0    -1,-0.2    -3,-0.6    -2,-0.2   0.720 108.2  57.1 -85.4 -25.0   14.5  -17.9   22.2               
  612  612 A E  H  < S+     0   0  134     -4,-1.3    -2,-0.2    -3,-0.1    -3,-0.1   0.624  79.9  98.4 -86.1 -14.5   18.4  -17.4   22.0               
  613  613 A Q  S  < S-     0   0  158     -4,-1.0     2,-0.2     1,-0.0    -4,-0.0  -0.633  75.0-133.6 -71.6 116.8   19.4  -19.8   24.8               
  614  614 A P        -     0   0  113      0, 0.0     2,-1.6     0, 0.0    -2,-0.1  -0.507  28.8-103.6 -67.0 136.9   20.4  -23.1   23.2               
  615  615 A K        -     0   0  218     -2,-0.2     2,-0.4     3,-0.0     3,-0.1  -0.453  48.7-179.6 -63.7  86.5   18.8  -26.1   25.0               
  616  616 A A        +     0   0   71     -2,-1.6    -3,-0.0     1,-0.2     0, 0.0  -0.796  42.1  28.8 -86.0 137.1   21.8  -27.4   27.0               
  617  617 A Y        +     0   0  222     -2,-0.4    -1,-0.2     1,-0.1     2,-0.1   0.995  49.0 117.4  68.0  96.7   21.1  -30.6   29.2               
  618  618 A M              0   0  200     -3,-0.1    -1,-0.1     0, 0.0    -3,-0.0  -0.516 360.0 360.0-142.5 121.9   19.0  -33.4   29.2               
  619  619 A H              0   0  259     -2,-0.1     0, 0.0     0, 0.0     0, 0.0  -0.950 360.0 360.0-138.9 360.0   21.1  -36.6   29.0               
