==== Secondary Structure Definition by the program DSSP, CMBI version 2.0                          ==== DATE=2026-03-08        .
REFERENCE W. KABSCH AND C.SANDER, BIOPOLYMERS 22 (1983) 2577-2637                                                              .
HEADER                                            01-AUG-25                                                                    .
COMPND    MOL_ID: 1; MOLECULE: CUGBP ELAV-LIKE FAMILY MEMBER 3; CHAIN: A                                                       .
SOURCE    MOL_ID: 1; ORGANISM_SCIENTIFIC: HOMO SAPIENS; ORGANISM_TAXID: 9606                                                   .
AUTHOR                                                                                                                         .
  465  1  0  0  0 TOTAL NUMBER OF RESIDUES, NUMBER OF CHAINS, NUMBER OF SS-BRIDGES(TOTAL,INTRACHAIN,INTERCHAIN)                .
 41936.4   ACCESSIBLE SURFACE OF PROTEIN (ANGSTROM**2)                                                                         .
  232 49.9   TOTAL NUMBER OF HYDROGEN BONDS OF TYPE O(I)-->H-N(J)  , SAME NUMBER PER 100 RESIDUES                              .
    0  0.0   TOTAL NUMBER OF HYDROGEN BONDS IN     PARALLEL BRIDGES, SAME NUMBER PER 100 RESIDUES                              .
   63 13.5   TOTAL NUMBER OF HYDROGEN BONDS IN ANTIPARALLEL BRIDGES, SAME NUMBER PER 100 RESIDUES                              .
    2  0.4   TOTAL NUMBER OF HYDROGEN BONDS OF TYPE O(I)-->H-N(I-5), SAME NUMBER PER 100 RESIDUES                              .
    1  0.2   TOTAL NUMBER OF HYDROGEN BONDS OF TYPE O(I)-->H-N(I-4), SAME NUMBER PER 100 RESIDUES                              .
    1  0.2   TOTAL NUMBER OF HYDROGEN BONDS OF TYPE O(I)-->H-N(I-3), SAME NUMBER PER 100 RESIDUES                              .
    0  0.0   TOTAL NUMBER OF HYDROGEN BONDS OF TYPE O(I)-->H-N(I-2), SAME NUMBER PER 100 RESIDUES                              .
    0  0.0   TOTAL NUMBER OF HYDROGEN BONDS OF TYPE O(I)-->H-N(I-1), SAME NUMBER PER 100 RESIDUES                              .
    0  0.0   TOTAL NUMBER OF HYDROGEN BONDS OF TYPE O(I)-->H-N(I+0), SAME NUMBER PER 100 RESIDUES                              .
    0  0.0   TOTAL NUMBER OF HYDROGEN BONDS OF TYPE O(I)-->H-N(I+1), SAME NUMBER PER 100 RESIDUES                              .
   39  8.4   TOTAL NUMBER OF HYDROGEN BONDS OF TYPE O(I)-->H-N(I+2), SAME NUMBER PER 100 RESIDUES                              .
   35  7.5   TOTAL NUMBER OF HYDROGEN BONDS OF TYPE O(I)-->H-N(I+3), SAME NUMBER PER 100 RESIDUES                              .
   83 17.8   TOTAL NUMBER OF HYDROGEN BONDS OF TYPE O(I)-->H-N(I+4), SAME NUMBER PER 100 RESIDUES                              .
    1  0.2   TOTAL NUMBER OF HYDROGEN BONDS OF TYPE O(I)-->H-N(I+5), SAME NUMBER PER 100 RESIDUES                              .
  1  2  3  4  5  6  7  8  9 10 11 12 13 14 15 16 17 18 19 20 21 22 23 24 25 26 27 28 29 30     *** HISTOGRAMS OF ***           .
  0  0  0  0  1  0  1  2  1  0  3  0  0  1  1  0  0  0  0  0  0  0  0  0  0  0  0  0  0  0    RESIDUES PER ALPHA HELIX         .
  0  0  0  0  0  0  0  0  0  0  0  0  0  0  0  0  0  0  0  0  0  0  0  0  0  0  0  0  0  0    PARALLEL BRIDGES PER LADDER      .
  0  1  0  3  3  3  0  0  0  0  0  0  0  0  0  0  0  0  0  0  0  0  0  0  0  0  0  0  0  0    ANTIPARALLEL BRIDGES PER LADDER  .
  1  0  3  0  0  0  0  0  0  0  0  0  0  0  0  0  0  0  0  0  0  0  0  0  0  0  0  0  0  0    LADDERS PER SHEET                .
  #  RESIDUE AA STRUCTURE BP1 BP2  ACC     N-H-->O    O-->H-N    N-H-->O    O-->H-N    TCO  KAPPA ALPHA  PHI   PSI    X-CA   Y-CA   Z-CA            CHAIN
    1    1 A M              0   0  199      0, 0.0     2,-0.5     0, 0.0    33,-0.0   0.000 360.0 360.0 360.0 150.5  -20.8  -19.0   -4.8               
    2    2 A K        -     0   0   66     32,-0.1    55,-0.1     4,-0.0    54,-0.1  -0.772 360.0-127.8 -77.9 127.5  -18.3  -16.7   -3.2               
    3    3 A E    >   -     0   0   86     53,-2.4     3,-1.8    -2,-0.5    -1,-0.0  -0.424  18.8-117.4 -70.0 149.1  -18.5  -16.8    0.6               
    4    4 A P  T 3  S+     0   0  135      0, 0.0    -1,-0.1     0, 0.0    53,-0.1   0.819 117.5  48.2 -59.7 -27.6  -18.9  -13.4    2.3               
    5    5 A D  T 3  S+     0   0   69     51,-0.1    52,-0.1     2,-0.1     2,-0.0   0.291  80.9 143.0 -95.0   7.8  -15.5  -14.0    4.1               
    6    6 A A    <   -     0   0    0     -3,-1.8     2,-0.4    50,-0.2    52,-0.1  -0.268  43.4-138.7 -56.2 128.3  -13.7  -15.0    0.8               
    7    7 A I        -     0   0   36     50,-0.1    48,-1.2    -2,-0.0     2,-0.5  -0.731   2.6-144.3 -94.8 131.0  -10.1  -13.7    0.7               
    8    8 A K  E     -A   54   0A  63     -2,-0.4    78,-2.8    78,-0.2     2,-0.4  -0.848  22.0-155.3 -88.0 128.2   -8.4  -12.2   -2.3               
    9    9 A L  E     -AB  53  85A   1     44,-3.5    44,-2.6    -2,-0.5     2,-0.5  -0.848  11.1-138.4-103.9 140.0   -4.7  -13.2   -2.5               
   10   10 A F  E     -AB  52  84A  68     74,-2.9    74,-2.8    -2,-0.4     2,-0.6  -0.892  18.3-161.6 -90.1 127.5   -1.9  -11.3   -4.2               
   11   11 A V  E     +AB  51  83A   0     40,-3.1    40,-2.3    -2,-0.5    72,-0.2  -0.943  14.3 179.3-114.9 105.7    0.5  -13.8   -5.9               
   12   12 A G  E     +AB  50  82A   3     70,-2.8    70,-2.1    -2,-0.6    38,-0.2  -0.538  52.8  48.4 -97.8 172.4    3.9  -12.3   -6.8               
   13   13 A Q        +     0   0   53     36,-0.7    61,-0.4     1,-0.2    37,-0.2   0.870  69.3 156.2  62.0  42.8    7.0  -13.8   -8.5               
   14   14 A I        -     0   0    2     35,-2.6    -1,-0.2    -3,-0.2     2,-0.1  -0.853  49.5-110.4 -93.2 130.2    5.1  -15.3  -11.4               
   15   15 A P    >   -     0   0    5      0, 0.0     3,-2.0     0, 0.0    34,-0.1  -0.360  26.7-123.6 -55.5 135.4    7.1  -16.0  -14.7               
   16   16 A R  T 3  S+     0   0  177      1,-0.3    31,-0.4    31,-0.1    33,-0.1   0.546 107.8  57.4 -64.2 -11.7    5.9  -13.5  -17.4               
   17   17 A H  T 3  S+     0   0  133      2,-0.1     2,-0.4    32,-0.0    -1,-0.3   0.516  85.2  94.7 -94.6 -13.0    5.0  -16.4  -19.8               
   18   18 A L    <   -     0   0   26     -3,-2.0     2,-0.2     4,-0.1    31,-0.1  -0.702  57.1-168.8 -83.3 132.8    2.6  -18.2  -17.4               
   19   19 A E    >>  -     0   0   70     -2,-0.4     4,-2.1    19,-0.0     3,-1.0  -0.526  43.1 -85.0-108.3 178.5   -1.1  -17.3  -17.9               
   20   20 A E  H 3> S+     0   0   60      1,-0.2     4,-2.7     2,-0.2    17,-0.0   0.860 127.0  58.2 -51.9 -38.5   -4.2  -18.0  -15.8               
   21   21 A K  H 34 S+     0   0  138      1,-0.2    -1,-0.2     2,-0.2    -3,-0.0   0.822 110.1  42.2 -62.4 -34.1   -4.5  -21.4  -17.5               
   22   22 A D  H <4 S+     0   0   62     -3,-1.0     4,-0.4     2,-0.1    -2,-0.2   0.801 118.8  44.4 -84.6 -33.3   -1.0  -22.5  -16.3               
   23   23 A L  H >X S+     0   0    0     -4,-2.1     4,-1.3     2,-0.1     3,-0.8   0.843  97.4  74.5 -79.3 -37.1   -1.5  -21.1  -12.8               
   24   24 A K  H >X S+     0   0   99     -4,-2.7     4,-3.0     1,-0.2     3,-0.8   0.879  94.7  49.0 -47.6 -52.5   -5.1  -22.4  -12.2               
   25   25 A P  H 3> S+     0   0   77      0, 0.0     4,-0.7     0, 0.0    -1,-0.2   0.797 108.6  55.3 -63.0 -27.6   -4.0  -26.1  -11.7               
   26   26 A I  H <4 S+     0   0   32     -3,-0.8    -2,-0.2    -4,-0.4    -3,-0.1   0.818 119.3  31.8 -70.6 -33.2   -1.3  -25.0   -9.1               
   27   27 A F  H X< S+     0   0    0     -4,-1.3     3,-2.2    -3,-0.8     4,-0.5   0.785 104.1  72.3 -95.3 -31.8   -3.9  -23.2   -7.0               
   28   28 A E  H >< S+     0   0   94     -4,-3.0     3,-1.1     1,-0.3    -2,-0.1   0.797  84.6  71.1 -61.8 -25.3   -7.0  -25.3   -7.6               
   29   29 A Q  T 3< S+     0   0  130     -4,-0.7    -1,-0.3     1,-0.2    -2,-0.1   0.696  96.2  52.5 -60.6 -21.9   -5.5  -28.1   -5.4               
   30   30 A F  T <  S-     0   0   30     -3,-2.2     2,-0.2     1,-0.3    -1,-0.2   0.599 127.4 -63.3 -91.8 -13.4   -6.1  -25.8   -2.3               
   31   31 A G  S <  S-     0   0   19     -3,-1.1    -1,-0.3    -4,-0.5     2,-0.3  -0.856  75.5 -33.0 152.5 178.9   -9.8  -25.3   -3.1               
   32   32 A R        -     0   0  184     -2,-0.2    24,-2.9    -3,-0.1     2,-0.4  -0.441  55.8-137.9 -67.1 120.7  -12.4  -24.0   -5.6               
   33   33 A I  E     -C   55   0A  27     -2,-0.3    22,-0.3    22,-0.2     3,-0.1  -0.650  19.6-175.8 -78.7 127.7  -11.1  -20.8   -7.3               
   34   34 A F  E    S-     0   0A 102     20,-2.7     2,-0.3    -2,-0.4    21,-0.2   0.851  74.9  -1.8 -83.6 -44.6  -13.7  -18.0   -7.6               
   35   35 A E  E     -C   54   0A  85     19,-1.9    19,-3.3     2,-0.0     2,-0.4  -0.986  54.5-176.9-151.3 135.7  -11.4  -15.7   -9.7               
   36   36 A L  E     +C   53   0A  26     -2,-0.3     2,-0.4    17,-0.2    17,-0.2  -0.963  15.4 174.8-134.1 118.7   -7.8  -15.8  -11.0               
   37   37 A T  E     -C   52   0A  51     15,-2.8    15,-3.0    -2,-0.4     2,-0.3  -0.979  23.0-142.6-132.1 115.5   -6.6  -12.7  -12.8               
   38   38 A V  E     -C   51   0A   7     -2,-0.4     2,-0.8    13,-0.3    13,-0.3  -0.597  26.0-121.4 -72.9 133.6   -3.1  -12.2  -14.1               
   39   39 A I  E     +     0   0A  44     11,-2.4     9,-3.1    -2,-0.3    11,-0.5  -0.683  37.4 179.2 -80.9 113.2   -1.9   -8.6  -13.7               
   40   40 A K  E     -C   47   0A  85     -2,-0.8     2,-0.3     7,-0.3     7,-0.2  -0.804  37.2-101.7-107.9 147.4   -1.0   -7.2  -17.2               
   41   41 A D     >  -     0   0   42      5,-2.8     4,-2.2    -2,-0.3     5,-0.1  -0.592  29.3-135.3 -66.3 130.4    0.2   -3.7  -17.9               
   42   42 A K  T  4 S+     0   0  187     -2,-0.3    -1,-0.1     1,-0.2    -2,-0.0   0.777  99.4  36.6 -62.8 -31.0   -2.7   -1.7  -19.4               
   43   43 A Y  T  4 S+     0   0  207      1,-0.1    -1,-0.2     3,-0.1    -2,-0.0   0.853 128.7  29.2 -92.0 -41.7   -0.6   -0.2  -22.2               
   44   44 A T  T  4 S-     0   0   69      2,-0.1    -2,-0.2     1,-0.0     3,-0.1   0.581  88.9-135.9 -95.2 -15.9    1.8   -3.0  -23.2               
   45   45 A G     <  +     0   0   46     -4,-2.2     2,-0.2     1,-0.2    -3,-0.1   0.437  56.5 145.6  68.1   0.9   -0.4   -6.0  -22.3               
   46   46 A L        -     0   0   90     -6,-0.1    -5,-2.8     1,-0.1    -1,-0.2  -0.446  59.1-102.5 -74.7 140.9    2.8   -7.5  -20.7               
   47   47 A H  E     - C   0  40A  10    -31,-0.4    -7,-0.3    -7,-0.2    -1,-0.1  -0.362  21.5-151.5 -58.0 127.0    2.6   -9.7  -17.6               
   48   48 A K  E     -     0   0A 113     -9,-3.1    -1,-0.1     2,-0.3    -8,-0.1   0.527  47.6-103.9 -79.5  -5.3    3.7   -7.6  -14.4               
   49   49 A G  E    S+     0   0A  14    -10,-0.4   -35,-2.6     1,-0.3   -36,-0.7   0.634  92.3  80.2  89.3  18.2    4.9  -10.8  -12.8               
   50   50 A C  E     -A   12   0A  18    -11,-0.5   -11,-2.4   -38,-0.2    -1,-0.3  -0.959  52.8-165.8-148.4 163.8    1.9  -11.1  -10.4               
   51   51 A A  E     -AC  11  38A   0    -40,-2.3   -40,-3.1    -2,-0.3     2,-0.4  -0.961  21.2-124.3-143.4 158.6   -1.8  -12.2  -10.2               
   52   52 A F  E     -AC  10  37A  55    -15,-3.0   -15,-2.8    -2,-0.3     2,-0.4  -0.940  26.5-170.2-104.0 138.4   -4.8  -11.9   -8.0               
   53   53 A L  E     -AC   9  36A   0    -44,-2.6   -44,-3.5    -2,-0.4     2,-0.5  -0.992   6.6-172.5-130.6 125.0   -6.4  -15.1   -6.8               
   54   54 A T  E     -AC   8  35A   2    -19,-3.3   -20,-2.7    -2,-0.4   -19,-1.9  -0.978   9.9-156.5-117.0 122.9   -9.8  -15.4   -4.9               
   55   55 A Y  E     - C   0  33A   0    -48,-1.2   -22,-0.2    -2,-0.5   -52,-0.1  -0.564  24.8-124.3 -85.2 158.0  -11.0  -18.7   -3.5               
   56   56 A C  S    S+     0   0   13    -24,-2.9   -53,-2.4    -2,-0.2     2,-0.3   0.871  97.5  41.7 -64.5 -35.6  -14.7  -19.5   -2.8               
   57   57 A A  S  > S-     0   0   17    -25,-0.3     4,-1.2   -55,-0.1     3,-0.2  -0.855  76.0-133.0-118.7 147.3  -13.8  -20.2    0.9               
   58   58 A R  H  > S+     0   0  125     -2,-0.3     4,-2.0     1,-0.2     3,-0.3   0.901 105.9  58.6 -61.5 -43.2  -11.5  -18.5    3.4               
   59   59 A D  H  > S+     0   0  107      1,-0.2     4,-2.7     2,-0.2    -1,-0.2   0.855 102.3  54.4 -59.0 -37.3   -9.9  -21.8    4.5               
   60   60 A S  H  > S+     0   0   17      2,-0.2     4,-2.4     1,-0.2    -1,-0.2   0.897 107.5  50.1 -64.2 -39.0   -8.7  -22.5    0.9               
   61   61 A A  H  X S+     0   0    1     -4,-1.2     4,-2.4    -3,-0.3    -2,-0.2   0.918 111.9  47.4 -65.7 -42.1   -6.9  -19.1    0.8               
   62   62 A L  H  X S+     0   0   69     -4,-2.0     4,-2.8     2,-0.2     5,-0.2   0.935 112.2  49.7 -65.1 -45.1   -5.2  -19.8    4.1               
   63   63 A K  H  X S+     0   0  133     -4,-2.7     4,-2.0     1,-0.2    -2,-0.2   0.918 112.6  47.6 -57.9 -46.1   -4.1  -23.4    3.0               
   64   64 A A  H  X S+     0   0    0     -4,-2.4     4,-1.8     2,-0.2     5,-0.4   0.899 112.8  49.0 -63.3 -42.3   -2.8  -21.9   -0.3               
   65   65 A Q  H  X S+     0   0   51     -4,-2.4     4,-2.3     2,-0.2     3,-0.3   0.965 113.9  44.7 -61.0 -52.9   -0.9  -19.1    1.6               
   66   66 A S  H  < S+     0   0   96     -4,-2.8    -2,-0.2     1,-0.2    -1,-0.2   0.820 119.6  42.1 -62.5 -34.6    0.7  -21.6    4.1               
   67   67 A A  H  < S+     0   0   48     -4,-2.0    -1,-0.2    -5,-0.2    -2,-0.2   0.714 127.9  24.9 -86.2 -25.9    1.7  -24.1    1.4               
   68   68 A L  H >X S+     0   0    5     -4,-1.8     3,-1.5    -3,-0.3     4,-1.4   0.757  85.2 107.3-111.3 -35.1    3.0  -21.7   -1.3               
   69   69 A H  T 3< S-     0   0   44     -4,-2.3    13,-0.2    -5,-0.4    12,-0.1  -0.336 111.9 -23.3 -60.1 113.3    4.2  -18.4    0.3               
   70   70 A E  T 34 S+     0   0  111     11,-2.9    -1,-0.3    -2,-0.3    12,-0.1   0.469 125.8  91.5  60.3  10.2    8.0  -18.5    0.1               
   71   71 A Q  T <4 S+     0   0  143     -3,-1.5     2,-0.4    10,-0.3    -2,-0.2   0.742  79.9  45.9 -99.9 -31.5    7.8  -22.4   -0.2               
   72   72 A K     <  -     0   0   96     -4,-1.4     9,-3.2     9,-0.3     2,-0.5  -0.964  62.1-153.9-125.7 126.4    7.7  -23.0   -4.0               
   73   73 A T        -     0   0   75     -2,-0.4     3,-0.1     7,-0.3   -60,-0.0  -0.837  22.2-134.1 -94.5 124.2    9.8  -21.5   -6.8               
   74   74 A L    >   -     0   0    4     -2,-0.5     3,-2.1     5,-0.4     5,-0.1  -0.532  38.6 -86.1 -71.5 145.1    8.0  -21.5  -10.2               
   75   75 A P  T 3  S+     0   0  103      0, 0.0    -1,-0.1     0, 0.0     3,-0.1  -0.266 117.7  23.4 -52.9 128.6   10.1  -22.7  -13.2               
   76   76 A G  T 3  S+     0   0   73      1,-0.3     2,-0.3    -3,-0.1    -2,-0.0   0.387 100.1 109.1  89.7   0.1   12.1  -19.7  -14.6               
   77   77 A M    <   -     0   0   43     -3,-2.1    -1,-0.3   -62,-0.1     4,-0.1  -0.844  54.9-157.8-103.6 146.7   12.0  -17.7  -11.3               
   78   78 A N  S    S+     0   0  168     -2,-0.3    -1,-0.1    -3,-0.1    -5,-0.0   0.345  81.8  55.8 -93.8  -1.2   15.1  -17.0   -9.1               
   79   79 A R  S    S-     0   0  158     -5,-0.1    -5,-0.4   -66,-0.1     3,-0.1  -0.983  91.6-102.5-134.4 145.4   12.7  -16.3   -6.1               
   80   80 A P        -     0   0   44      0, 0.0    -7,-0.3     0, 0.0    -2,-0.1  -0.220  51.2 -84.4 -66.9 156.2    9.9  -18.3   -4.4               
   81   81 A I        -     0   0    2     -9,-3.2   -11,-2.9   -13,-0.2     2,-0.8  -0.336  38.1-139.8 -61.8 136.3    6.3  -17.5   -5.1               
   82   82 A Q  E     +B   12   0A  51    -70,-2.1   -70,-2.8   -13,-0.2     2,-0.7  -0.804  23.0 178.0-106.8  94.3    4.9  -14.7   -2.9               
   83   83 A V  E     +B   11   0A   0     -2,-0.8   -72,-0.2   -72,-0.2   -14,-0.1  -0.860  17.0 154.4 -94.8 110.5    1.3  -15.6   -1.8               
   84   84 A K  E     -B   10   0A  99    -74,-2.8   -74,-2.9    -2,-0.7     2,-0.1  -0.920  54.7 -87.5-126.5 156.2   -0.0  -12.8    0.5               
   85   85 A P  E     -B    9   0A  68      0, 0.0     2,-0.4     0, 0.0   -76,-0.3  -0.474  57.6-110.7 -52.0 127.6   -3.5  -11.5    1.4               
   86   86 A A        -     0   0   13    -78,-2.8     2,-1.3   -33,-0.2   -78,-0.2  -0.633  21.8-121.3 -65.1 124.7   -4.1   -8.9   -1.3               
   87   87 A D        -     0   0  158     -2,-0.4     2,-2.0     1,-0.1     3,-0.2  -0.566  26.4-154.2 -58.7  93.3   -4.1   -5.4    0.2               
   88   88 A S    >>  -     0   0   42     -2,-1.3     4,-1.0     1,-0.2     3,-0.6  -0.656  17.4-179.9 -75.6  79.3   -7.6   -4.7   -1.0               
   89   89 A E  H >> S+     0   0  158     -2,-2.0     4,-0.9     1,-0.2     3,-0.6   0.928  83.7  48.2 -44.2 -40.9   -7.0   -0.9   -1.1               
   90   90 A S  H 3> S+     0   0   81     -3,-0.2     4,-1.2     1,-0.2    -1,-0.2   0.756 101.1  60.5 -77.8 -26.7  -10.6   -0.8   -2.2               
   91   91 A R  H <4 S+     0   0  106     -3,-0.6    -1,-0.2     1,-0.2    -2,-0.2   0.699 106.3  47.8 -77.3 -20.5  -12.3   -3.1    0.5               
   92   92 A G  H X< S+     0   0   18     -4,-1.0     3,-1.1    -3,-0.6     4,-0.5   0.853 106.6  54.9 -80.5 -38.6  -11.2   -0.8    3.4               
   93   93 A E  H >< S+     0   0   49     -4,-0.9     3,-1.5     1,-0.3    80,-0.5   0.925 100.4  57.7 -69.6 -42.3  -12.3    2.5    1.9               
   94   94 A D  T 3< S+     0   0   92     -4,-1.2    -1,-0.3     1,-0.3    -2,-0.1   0.455 112.2  44.6 -66.2  -3.3  -16.0    1.5    1.3               
   95   95 A R  T <  S+     0   0   57     -3,-1.1    47,-2.3    53,-0.1     2,-0.6   0.461  93.1  91.5-117.3  -8.0  -16.2    0.7    5.1               
   96   96 A K  E <   -D  141   0B  52     -3,-1.5    77,-3.1    -4,-0.5     2,-0.4  -0.841  60.9-160.7 -95.7 120.8  -14.5    3.8    6.4               
   97   97 A L  E     -DE 140 172B   0     43,-3.5    43,-2.1    -2,-0.6     2,-0.5  -0.832  12.9-141.6 -98.7 136.8  -16.8    6.7    7.3               
   98   98 A F  E     -DE 139 171B  53     73,-2.9    73,-2.2    -2,-0.4     2,-0.6  -0.893  17.0-162.3 -88.2 126.8  -15.9   10.3    7.7               
   99   99 A V  E     +DE 138 170B   0     39,-3.1    39,-2.4    -2,-0.5     3,-0.3  -0.946  16.0 177.2-113.9 104.1  -17.9   11.8   10.5               
  100  100 A G  E     +DE 137 169B   2     69,-3.1    69,-2.2    -2,-0.6    37,-0.2  -0.607  51.9  42.9-101.7 170.1  -17.9   15.6   10.3               
  101  101 A M  S    S+     0   0   87     35,-0.6    60,-0.4     1,-0.2    65,-0.3   0.789  72.0 158.1  61.1  33.0  -19.6   18.4   12.4               
  102  102 A L        -     0   0    7     34,-2.6    -1,-0.2    -3,-0.3    63,-0.2  -0.608  50.3-103.2 -73.9 144.6  -18.8   16.6   15.8               
  103  103 A G    >   -     0   0    0     -2,-0.2     3,-2.2    61,-0.1    61,-0.2  -0.433  29.9-118.6 -61.4 143.1  -18.8   18.8   18.9               
  104  104 A K  T 3  S+     0   0  147     59,-0.7    30,-0.5     1,-0.3    -1,-0.1   0.700 113.7  60.9 -62.8 -18.3  -15.2   19.6   20.0               
  105  105 A Q  T 3  S+     0   0  124     57,-0.2    -1,-0.3    28,-0.1     2,-0.2   0.553  78.1 114.9 -79.2 -14.2  -16.0   17.8   23.3               
  106  106 A Q    <   -     0   0   24     -3,-2.2     2,-0.2     4,-0.1    30,-0.1  -0.434  51.9-157.0 -67.9 128.7  -16.7   14.4   21.5               
  107  107 A T     >  -     0   0   55     -2,-0.2     4,-2.5     1,-0.1     5,-0.2  -0.529  33.2-103.5 -96.7 166.7  -14.3   11.6   22.4               
  108  108 A D  H  > S+     0   0   52      1,-0.2     4,-2.4     2,-0.2     5,-0.1   0.854 125.2  51.4 -55.5 -35.5  -13.4    8.4   20.5               
  109  109 A E  H  > S+     0   0  100      2,-0.2     4,-2.7     1,-0.2    -1,-0.2   0.898 108.0  49.9 -70.4 -43.1  -15.6    6.5   23.0               
  110  110 A D  H  > S+     0   0   62      2,-0.2     4,-1.3     1,-0.2    -2,-0.2   0.916 114.1  45.5 -64.3 -42.3  -18.6    8.9   22.5               
  111  111 A V  H  X S+     0   0    0     -4,-2.5     4,-1.3     2,-0.2     3,-0.3   0.942 112.1  52.1 -65.4 -45.3  -18.3    8.5   18.7               
  112  112 A R  H >X S+     0   0   84     -4,-2.4     4,-2.3     1,-0.2     3,-1.0   0.948 109.1  49.0 -56.7 -51.0  -17.9    4.7   19.1               
  113  113 A K  H 3< S+     0   0  121     -4,-2.7    -1,-0.2     1,-0.3    -2,-0.2   0.778 109.4  54.0 -58.9 -31.5  -21.1    4.4   21.2               
  114  114 A M  H 3< S+     0   0   21     -4,-1.3    -1,-0.3    -3,-0.3    -2,-0.2   0.793 117.2  35.2 -72.1 -30.3  -23.0    6.4   18.6               
  115  115 A F  H X< S+     0   0    0     -4,-1.3     3,-1.8    -3,-1.0     4,-0.4   0.642  95.4  85.8 -99.3 -19.7  -22.0    4.1   15.8               
  116  116 A E  G >< S+     0   0  122     -4,-2.3     3,-1.4     1,-0.3    -2,-0.1   0.829  80.3  63.2 -54.0 -37.8  -22.1    0.7   17.7               
  117  117 A P  G 3  S+     0   0  106      0, 0.0    -1,-0.3     0, 0.0    -2,-0.1   0.675 100.8  54.8 -62.6 -17.3  -25.9    0.2   17.1               
  118  118 A F  G <  S-     0   0   44     -3,-1.8     2,-0.3     1,-0.3    -2,-0.2   0.574 123.3 -62.8 -92.2 -13.0  -25.2    0.0   13.3               
  119  119 A G  S <  S-     0   0   18     -3,-1.4     2,-0.4    -4,-0.4    -1,-0.3  -0.921  73.6 -34.8 154.2-176.9  -22.6   -2.8   13.4               
  120  120 A T        -     0   0   73     -2,-0.3    23,-1.8    -3,-0.1     2,-0.7  -0.596  52.5-141.8 -80.5 125.6  -19.2   -4.0   14.6               
  121  121 A I  E     +F  142   0B  19     -2,-0.4    21,-0.2    21,-0.2     3,-0.1  -0.789  21.5 178.5 -95.3 111.4  -16.6   -1.2   14.7               
  122  122 A D  E    S+     0   0B  81     19,-1.7     2,-0.3    -2,-0.7    20,-0.2   0.846  76.4  12.7 -71.6 -39.8  -13.0   -2.2   13.6               
  123  123 A E  E     +F  141   0B  70     18,-1.4    18,-3.1   -11,-0.0     2,-0.3  -0.998  58.5 176.0-144.8 134.2  -11.6    1.4   14.0               
  124  124 A C  E     +F  140   0B  12     -2,-0.3     2,-0.3    16,-0.2    16,-0.2  -0.976  14.0 164.5-138.0 125.8  -12.8    4.6   15.6               
  125  125 A T  E     -F  139   0B  60     14,-2.5    14,-2.7    -2,-0.3     2,-0.4  -0.916  27.2-146.5-148.6 120.5  -10.6    7.7   15.8               
  126  126 A V  E     -F  138   0B   6     -2,-0.3     2,-0.5    12,-0.3    12,-0.3  -0.685  30.1-121.5 -80.4 129.2  -11.4   11.4   16.5               
  127  127 A L  E     -     0   0B  50     10,-2.6     8,-3.1    -2,-0.4    10,-0.5  -0.624  35.7-173.6 -76.6 122.2   -9.2   13.8   14.5               
  128  128 A R  E     -F  134   0B 102     -2,-0.5     6,-0.2     6,-0.3     5,-0.1  -0.762  20.5-120.1-115.5 152.1   -7.2   16.1   16.8               
  129  129 A G    >   -     0   0   14      4,-2.7     3,-1.9    -2,-0.3    -1,-0.1  -0.283  42.3 -93.1 -72.8 173.5   -4.9   19.1   16.2               
  130  130 A P  T 3  S+     0   0  146      0, 0.0    -1,-0.1     0, 0.0    -2,-0.0   0.764 130.8  57.3 -59.4 -26.3   -1.2   19.2   17.3               
  131  131 A D  T 3  S-     0   0  119      2,-0.1     3,-0.1     1,-0.0     0, 0.0   0.346 121.6-110.6 -80.7  -1.7   -2.5   20.9   20.5               
  132  132 A G  S <  S+     0   0   40     -3,-1.9     2,-0.1     1,-0.3    -1,-0.0   0.284  72.8 141.7  81.7  -5.9   -4.8   17.8   21.2               
  133  133 A T        -     0   0   65     -5,-0.1    -4,-2.7     1,-0.1    -1,-0.3  -0.409  59.1-108.1 -68.5 134.4   -7.9   19.9   20.4               
  134  134 A S  E     - F   0 128B   5    -30,-0.5    -6,-0.3    -6,-0.2    -1,-0.1  -0.417  14.7-148.6 -62.1 133.2  -10.7   18.0   18.5               
  135  135 A K  E     -     0   0B 134     -8,-3.1   -34,-0.2     2,-0.3    -1,-0.1   0.388  46.9-108.1 -77.6   0.9  -11.0   19.1   14.8               
  136  136 A G  E    S+     0   0B  10     -9,-0.3   -34,-2.6     1,-0.3   -35,-0.6   0.759  89.6  91.4  71.9  26.0  -14.8   18.3   15.1               
  137  137 A C  E     -D  100   0B  16    -10,-0.5   -10,-2.6   -37,-0.2    -2,-0.3  -0.983  48.2-177.8-146.2 159.7  -14.4   15.1   12.9               
  138  138 A A  E     -DF  99 126B   0    -39,-2.4   -39,-3.1    -2,-0.3     2,-0.4  -0.948  22.9-126.1-144.7 163.2  -13.7   11.4   13.2               
  139  139 A F  E     -DF  98 125B  47    -14,-2.7   -14,-2.5    -2,-0.3     2,-0.4  -0.974  21.8-172.8-111.3 138.2  -13.2    8.2   11.2               
  140  140 A V  E     -DF  97 124B   0    -43,-2.1   -43,-3.5    -2,-0.4     2,-0.5  -0.999   4.8-163.0-128.4 126.6  -15.3    5.1   11.9               
  141  141 A K  E     -DF  96 123B  52    -18,-3.1   -19,-1.7    -2,-0.4   -18,-1.4  -0.962   7.0-159.8-113.6 122.3  -14.6    1.8   10.1               
  142  142 A F  E     - F   0 121B   0    -47,-2.3   -21,-0.2    -2,-0.5   -23,-0.0  -0.541  27.7-121.2 -91.0 161.7  -17.2   -1.0   10.1               
  143  143 A Q  S    S+     0   0   90    -23,-1.8     2,-0.3    -2,-0.2   -22,-0.1   0.877  97.2  28.8 -65.6 -36.1  -16.7   -4.7    9.5               
  144  144 A T  S  > S-     0   0   62    -24,-0.2     4,-1.8   -49,-0.1    -2,-0.1  -0.869  73.0-126.5-129.0 155.4  -19.1   -4.6    6.5               
  145  145 A H  H  > S+     0   0   90     -2,-0.3     4,-2.6     2,-0.2     5,-0.2   0.841 110.8  59.9 -65.2 -32.8  -20.2   -2.1    3.8               
  146  146 A A  H  > S+     0   0   69      2,-0.2     4,-2.4     1,-0.2    -1,-0.2   0.928 105.8  46.1 -64.5 -43.7  -23.9   -2.8    4.8               
  147  147 A E  H  > S+     0   0   35      2,-0.2     4,-2.4     1,-0.2    -2,-0.2   0.931 113.4  50.3 -62.3 -44.7  -23.3   -1.6    8.4               
  148  148 A A  H  X S+     0   0    0     -4,-1.8     4,-2.1     1,-0.2    -2,-0.2   0.919 112.4  46.7 -59.8 -43.9  -21.4    1.5    7.1               
  149  149 A Q  H  X S+     0   0   60     -4,-2.6     4,-2.7     2,-0.2    -2,-0.2   0.896 110.3  52.5 -66.7 -40.8  -24.3    2.3    4.7               
  150  150 A A  H  X S+     0   0   40     -4,-2.4     4,-1.4     2,-0.2     5,-0.2   0.912 109.6  50.1 -61.5 -41.1  -26.9    1.8    7.5               
  151  151 A A  H  X S+     0   0    0     -4,-2.4     4,-2.8     2,-0.2     5,-0.4   0.915 111.6  48.0 -63.1 -44.4  -25.0    4.2    9.7               
  152  152 A I  H  X S+     0   0   21     -4,-2.1     4,-2.3     1,-0.2    -2,-0.2   0.963 110.7  50.9 -58.5 -52.7  -24.9    6.8    6.9               
  153  153 A N  H  < S+     0   0  117     -4,-2.7    -1,-0.2     1,-0.2    -2,-0.2   0.766 121.7  32.6 -59.5 -30.0  -28.6    6.5    6.1               
  154  154 A T  H  < S+     0   0   79     -4,-1.4    -1,-0.2    -5,-0.2    -2,-0.2   0.812 126.3  35.5 -96.7 -39.2  -29.6    7.0    9.8               
  155  155 A L  H >X S+     0   0    8     -4,-2.8     3,-1.6    -5,-0.2     4,-0.6   0.757  86.8 102.8 -94.2 -26.9  -26.9    9.4   11.2               
  156  156 A H  T 3< S-     0   0   82     -4,-2.3    13,-0.2    -5,-0.4    12,-0.1  -0.403 108.7 -13.4 -61.8 124.9  -26.3   11.7    8.2               
  157  157 A S  T 34 S+     0   0   75     11,-3.0    -1,-0.3    -2,-0.2    12,-0.1   0.543 107.6 116.6  58.4  13.0  -28.1   15.0    8.9               
  158  158 A S  T <4 S+     0   0   66     -3,-1.6     2,-0.3    10,-0.2    -2,-0.1   0.843  74.1   8.3 -79.7 -38.5  -30.0   13.3   11.8               
  159  159 A R     <  -     0   0  104     -4,-0.6     9,-2.6     9,-0.1     2,-0.6  -0.999  54.0-136.7-147.4 147.5  -28.8   15.3   14.8               
  160  160 A T        -     0   0   79     -2,-0.3     7,-0.2     7,-0.3   -58,-0.1  -0.926  35.2-138.5 -97.7 118.3  -26.8   18.4   15.9               
  161  161 A L    >   -     0   0   14     -2,-0.6     3,-2.5     5,-0.5     5,-0.1  -0.473  32.3 -85.1 -73.5 153.1  -24.7   17.3   18.9               
  162  162 A P  T 3  S+     0   0   92      0, 0.0   -57,-0.2     0, 0.0   -59,-0.1  -0.368 120.7  15.5 -54.2 127.7  -24.2   19.6   21.9               
  163  163 A G  T 3  S+     0   0   58      1,-0.3   -59,-0.7   -60,-0.1     2,-0.3   0.455  98.9 126.4  78.2   3.2  -21.3   22.0   21.0               
  164  164 A A    <   -     0   0   18     -3,-2.5    -1,-0.3   -61,-0.2   -61,-0.1  -0.694  59.0-142.4 -86.1 146.5  -21.5   21.1   17.2               
  165  165 A S  S    S-     0   0  115     -2,-0.3     2,-0.3   -63,-0.2    -1,-0.1   0.608  79.7  -3.6 -78.4 -17.0  -21.9   24.0   14.7               
  166  166 A S  S    S-     0   0   63    -65,-0.3    -5,-0.5    -5,-0.1     3,-0.1  -0.960  94.1 -57.7-162.7 171.3  -24.3   21.9   12.4               
  167  167 A S  S    S-     0   0   45     -2,-0.3    -7,-0.3    -7,-0.2    -2,-0.1  -0.259  72.9 -80.0 -58.0 150.1  -25.9   18.5   12.0               
  168  168 A L        -     0   0    0     -9,-2.6   -11,-3.0   -13,-0.2     2,-0.8  -0.267  36.3-148.2 -56.8 133.2  -23.7   15.4   11.7               
  169  169 A V  E     +E  100   0B  46    -69,-2.2   -69,-3.1   -13,-0.2     2,-0.5  -0.869  22.2 175.9-104.5  98.9  -22.0   14.8    8.3               
  170  170 A V  E     +E   99   0B   1     -2,-0.8     2,-0.3   -71,-0.2   -71,-0.2  -0.930  17.4 137.3-104.7 121.2  -21.6   11.0    7.9               
  171  171 A K  E     -E   98   0B  64    -73,-2.2   -73,-2.9    -2,-0.5     3,-0.1  -0.958  59.7 -72.7-147.7 167.2  -20.2    9.9    4.5               
  172  172 A F  E     -E   97   0B  63     -2,-0.3     2,-0.3   -75,-0.3   -75,-0.3  -0.362  60.5-105.2 -58.5 140.3  -17.7    7.4    3.0               
  173  173 A A        -     0   0   13    -77,-3.1   -77,-0.1   -80,-0.5     2,-0.1  -0.574  35.2-107.7 -70.9 134.9  -14.2    8.6    3.7               
  174  174 A D        -     0   0   55     -2,-0.3    -1,-0.1     1,-0.1    -3,-0.0  -0.412  40.0-110.7 -61.1 135.4  -12.3   10.0    0.7               
  175  175 A T     >  -     0   0   30     -2,-0.1     4,-2.8     1,-0.1     5,-0.2  -0.145  26.6-107.1 -60.8 160.1   -9.6    7.6   -0.6               
  176  176 A E  H  > S+     0   0  136      1,-0.2     4,-2.5     2,-0.2     5,-0.1   0.917 123.9  53.5 -59.0 -36.0   -5.9    8.6   -0.1               
  177  177 A K  H  > S+     0   0  180      2,-0.2     4,-2.5     1,-0.2    -1,-0.2   0.911 110.1  45.4 -61.5 -47.0   -5.8    9.3   -3.9               
  178  178 A E  H  > S+     0   0   94      2,-0.2     4,-2.8     1,-0.2    -2,-0.2   0.895 112.9  50.8 -66.9 -38.8   -8.8   11.6   -3.7               
  179  179 A R  H  X S+     0   0  104     -4,-2.8     4,-2.4     2,-0.2    -2,-0.2   0.897 110.9  49.4 -62.9 -42.1   -7.3   13.3   -0.6               
  180  180 A G  H  X S+     0   0   36     -4,-2.5     4,-2.6    -5,-0.2    -2,-0.2   0.945 112.6  47.1 -60.1 -47.7   -4.0   13.8   -2.5               
  181  181 A L  H  X S+     0   0   87     -4,-2.5     4,-2.8     2,-0.2    -2,-0.2   0.898 112.4  49.7 -62.8 -41.8   -6.0   15.2   -5.5               
  182  182 A R  H  X S+     0   0  133     -4,-2.8     4,-2.6     2,-0.2    -1,-0.2   0.900 111.2  49.2 -64.7 -41.4   -7.9   17.6   -3.1               
  183  183 A R  H  X S+     0   0  153     -4,-2.4     4,-2.3     2,-0.2    -2,-0.2   0.927 112.2  48.9 -61.5 -43.7   -4.7   18.8   -1.5               
  184  184 A M  H  X S+     0   0   83     -4,-2.6     4,-2.7     2,-0.2    -2,-0.2   0.926 111.5  49.1 -62.1 -43.8   -3.2   19.3   -5.0               
  185  185 A Q  H  X S+     0   0  113     -4,-2.8     4,-2.3     2,-0.2    -2,-0.2   0.914 110.4  51.0 -61.4 -42.6   -6.4   21.3   -6.0               
  186  186 A Q  H  X S+     0   0  138     -4,-2.6     4,-1.9     2,-0.2    -2,-0.2   0.906 112.1  46.6 -61.9 -40.9   -6.1   23.4   -2.8               
  187  187 A V  H  X S+     0   0   69     -4,-2.3     4,-1.8     2,-0.2    -2,-0.2   0.920 111.8  50.9 -67.4 -41.4   -2.4   24.2   -3.5               
  188  188 A A  H  <>S+     0   0   50     -4,-2.7     5,-1.2     1,-0.2    -2,-0.2   0.874 110.7  49.6 -62.2 -35.5   -3.3   25.0   -7.2               
  189  189 A T  H ><5S+     0   0  111     -4,-2.3     3,-1.1     1,-0.2    -1,-0.2   0.874 109.7  50.8 -71.3 -36.5   -6.1   27.4   -5.8               
  190  190 A Q  H 3<5S+     0   0  176     -4,-1.9    -2,-0.2     1,-0.2    -1,-0.2   0.814 100.9  63.7 -71.0 -28.7   -3.6   29.1   -3.4               
  191  191 A L  T 3<5S-     0   0  116     -4,-1.8    -1,-0.2    -5,-0.1    -2,-0.2   0.310 110.5-122.2 -77.7   8.2   -1.1   29.6   -6.4               
  192  192 A G  T < 5 +     0   0   50     -3,-1.1     2,-1.7     1,-0.2    -3,-0.2   0.637  55.4 156.2  65.9  16.3   -3.7   31.9   -8.0               
  193  193 A M      < -     0   0  109     -5,-1.2     2,-0.9     2,-0.1    -1,-0.2  -0.569  18.0-176.8 -82.5  84.2   -4.0   29.9  -11.3               
  194  194 A F        +     0   0  200     -2,-1.7    -5,-0.0    -3,-0.1    -1,-0.0  -0.746  26.0 136.6 -69.4 106.4   -7.4   30.7  -12.7               
  195  195 A S        -     0   0   94     -2,-0.9     2,-1.5     2,-0.0    -2,-0.1  -0.714  39.8-156.9-150.4 113.3   -7.8   28.6  -15.8               
  196  196 A P        +     0   0  136      0, 0.0     2,-0.7     0, 0.0    -2,-0.1  -0.690  28.8 157.8 -82.2  86.9  -11.0   26.7  -16.6               
  197  197 A I        -     0   0  136     -2,-1.5     2,-1.2     2,-0.0    -2,-0.0  -0.921  34.4-147.2-105.7 100.1   -9.7   23.9  -18.9               
  198  198 A A        -     0   0   95     -2,-0.7     2,-1.3     1,-0.1     0, 0.0  -0.582   4.9-155.3 -58.6  95.5  -12.5   21.3  -18.6               
  199  199 A L        -     0   0  153     -2,-1.2     2,-1.1     2,-0.1    -1,-0.1  -0.768  20.2-138.7 -75.9  97.1  -10.5   18.1  -18.9               
  200  200 A Q        +     0   0  187     -2,-1.3     2,-0.3     3,-0.0     3,-0.1  -0.529  45.4 143.8 -59.7  91.0  -13.5   16.1  -20.1               
  201  201 A F        -     0   0  205     -2,-1.1    -2,-0.1     1,-0.2    -1,-0.0  -0.833  52.8 -18.7-139.4 111.0  -13.3   12.7  -18.3               
  202  202 A G        -     0   0   76     -2,-0.3     2,-0.2     1,-0.1    -1,-0.2   0.968  63.5-104.8  81.1 104.6  -16.3   10.7  -17.1               
  203  203 A A  S    S+     0   0   96      1,-0.1    -1,-0.1    -3,-0.1    -3,-0.0  -0.357  72.9  98.2 -54.5 116.3  -19.9   11.6  -16.4               
  204  204 A Y  S    S+     0   0  241     -2,-0.2    -1,-0.1     0, 0.0    -2,-0.0   0.153  71.6  60.1-179.8  52.3  -21.2   11.9  -12.8               
  205  205 A S    >>  +     0   0   81      2,-0.0     4,-0.8     3,-0.0     3,-0.7   0.343  57.6 112.9-153.1  14.2  -21.3   15.7  -11.7               
  206  206 A A  H 3> S+     0   0   91      1,-0.2     4,-0.6     2,-0.2    -3,-0.0   0.625  75.4  58.8 -70.7 -11.1  -23.7   17.5  -14.1               
  207  207 A Y  H 3> S+     0   0  197      2,-0.1     4,-0.7     1,-0.1    -1,-0.2   0.796 102.1  50.3 -89.2 -26.9  -26.3   18.3  -11.3               
  208  208 A T  H <> S+     0   0   95     -3,-0.7     4,-0.8     1,-0.2    -2,-0.2   0.730 105.8  55.4 -86.1 -19.3  -24.0   20.3   -8.9               
  209  209 A Q  H  X S+     0   0  149     -4,-0.8     4,-1.1     2,-0.2    -1,-0.2   0.832 103.3  53.8 -83.8 -29.8  -22.6   22.7  -11.6               
  210  210 A A  H  < S+     0   0   67     -4,-0.6     4,-0.5     1,-0.2    -2,-0.2   0.821 108.5  49.4 -73.7 -29.4  -26.1   24.0  -12.8               
  211  211 A L  H  < S+     0   0  112     -4,-0.7     4,-0.3     1,-0.2     3,-0.2   0.802 109.9  49.8 -81.5 -27.6  -27.2   25.0   -9.2               
  212  212 A M  H >X S+     0   0  151     -4,-0.8     4,-0.9     1,-0.2     3,-0.6   0.774 103.8  59.1 -83.8 -24.1  -24.0   26.9   -8.3               
  213  213 A Q  T 3< S+     0   0  153     -4,-1.1     4,-0.5     1,-0.2    -1,-0.2   0.709  98.9  60.5 -76.1 -16.5  -24.1   29.0  -11.6               
  214  214 A Q  T 34 S+     0   0  148     -4,-0.5    -1,-0.2    -3,-0.2    -2,-0.2   0.625 104.4  47.5 -88.0 -11.2  -27.6   30.4  -10.7               
  215  215 A Q  T X> S+     0   0  146     -3,-0.6     3,-0.8    -4,-0.3     4,-0.5   0.704 101.5  62.4-100.4 -20.1  -26.4   32.0   -7.4               
  216  216 A A  T 3< S+     0   0   70     -4,-0.9     4,-0.4     1,-0.2     3,-0.3   0.748  94.6  63.8 -74.9 -20.8  -23.3   33.8   -8.8               
  217  217 A A  T 34 S+     0   0   77     -4,-0.5    -1,-0.2     1,-0.2    -2,-0.1   0.619  99.5  53.4 -77.9 -12.2  -25.5   35.9  -11.2               
  218  218 A L  T X4 S+     0   0  128     -3,-0.8     3,-0.7     1,-0.1    -1,-0.2   0.668  98.8  60.9 -96.4 -16.2  -27.3   37.7   -8.2               
  219  219 A V  T 3< S+     0   0  104     -4,-0.5     3,-0.4    -3,-0.3    -2,-0.1   0.575  93.1  65.7 -90.4  -7.9  -24.1   38.9   -6.4               
  220  220 A A  T 3  S+     0   0   88     -4,-0.4    -1,-0.2     1,-0.2     3,-0.2   0.358  82.4  82.3 -88.2   5.3  -23.0   41.1   -9.4               
  221  221 A A  S <  S+     0   0   80     -3,-0.7     2,-0.2     1,-0.2    -1,-0.2   0.262  72.8  73.9 -99.9  11.0  -26.0   43.4   -9.0               
  222  222 A H        +     0   0  129     -3,-0.4    -1,-0.2     1,-0.1    -4,-0.0  -0.580  67.9  79.2-132.7  68.3  -24.7   45.8   -6.1               
  223  223 A S        +     0   0  122     -2,-0.2     2,-0.8    -3,-0.2    -1,-0.1  -0.165  54.3 145.2-154.5  48.7  -22.1   48.2   -7.5               
  224  224 A A        +     0   0   82     -3,-0.2     2,-0.2     2,-0.0    -3,-0.0  -0.872  17.0 120.9 -91.4 105.5  -24.4   50.8   -9.2               
  225  225 A Y        +     0   0  222     -2,-0.8     0, 0.0     1,-0.0     0, 0.0  -0.645  48.1  19.8-158.9 125.9  -23.1   54.4   -9.0               
  226  226 A L  S    S+     0   0  160     -2,-0.2    -1,-0.0     0, 0.0    -2,-0.0   0.990  71.0  35.4  84.9  90.8  -22.2   57.0  -11.7               
  227  227 A S        -     0   0  112      0, 0.0     2,-0.2     0, 0.0    -2,-0.0   0.493  34.1-158.2 156.0 127.4  -22.5   57.9  -15.1               
  228  228 A P        +     0   0  128      0, 0.0     3,-0.0     0, 0.0     0, 0.0  -0.537  44.9  90.1 -86.3 154.4  -25.0   58.0  -18.1               
  229  229 A M        +     0   0  189     -2,-0.2     0, 0.0     1,-0.0     0, 0.0   0.718  48.9  87.0 125.0  69.8  -24.5   58.2  -21.9               
  230  230 A A        +     0   0  103      0, 0.0     2,-0.2     0, 0.0    -1,-0.0  -0.362  53.1 176.2-159.7  83.4  -24.0   55.3  -24.2               
  231  231 A T        +     0   0  126      1,-0.1     0, 0.0    -3,-0.0     0, 0.0  -0.603  30.4  30.3 -74.1 147.7  -27.5   54.2  -25.3               
  232  232 A M        +     0   0  185     -2,-0.2    -1,-0.1     1,-0.1     2,-0.1   0.998  36.1 132.2  77.5  96.3  -28.5   51.5  -27.9               
  233  233 A A        -     0   0  103      0, 0.0    -1,-0.1     0, 0.0     0, 0.0  -0.450  65.0 -50.9-155.4 105.3  -27.5   48.3  -29.4               
  234  234 A A        +     0   0   96      1,-0.2     2,-0.8    -2,-0.1     0, 0.0   0.868  27.5 179.5  67.5  85.4  -30.0   45.5  -29.7               
  235  235 A V        +     0   0  151      0, 0.0    -1,-0.2     0, 0.0     2,-0.2  -0.930  50.7 133.5 -75.5 108.2  -32.4   43.6  -27.7               
  236  236 A Q        +     0   0  179     -2,-0.8     0, 0.0     1,-0.1     0, 0.0  -0.744  26.8  46.5-165.5 138.1  -33.6   41.3  -30.5               
  237  237 A M        +     0   0  184      1,-0.2     2,-0.3    -2,-0.2    -1,-0.1   0.872  31.9 146.6  97.2  80.8  -34.3   37.5  -31.2               
  238  238 A Q        +     0   0  185      0, 0.0    -1,-0.2     0, 0.0     0, 0.0  -0.842  46.6  76.4 -89.5 158.4  -36.1   34.9  -29.2               
  239  239 A H        +     0   0  178     -2,-0.3     0, 0.0     2,-0.0     0, 0.0   0.526  53.7  40.4 107.6 130.2  -37.9   32.3  -31.3               
  240  240 A M        +     0   0  187      1,-0.1     2,-0.0     0, 0.0     0, 0.0   0.975  41.7 110.1  86.2  92.8  -37.7   29.1  -33.5               
  241  241 A A        +     0   0  109      0, 0.0     2,-0.3     0, 0.0    -1,-0.1  -0.385  38.4 126.6-156.4  95.9  -36.0   25.9  -33.7               
  242  242 A A        +     0   0   93     -2,-0.0     2,-0.2     2,-0.0     0, 0.0  -0.894  23.5 138.2-137.5 112.2  -38.3   22.9  -33.0               
  243  243 A I        -     0   0  172     -2,-0.3     0, 0.0     2,-0.0     0, 0.0  -0.597  32.4 -35.9-175.0 140.5  -38.5   19.9  -35.4               
  244  244 A N        +     0   0  140     -2,-0.2    -1,-0.0     0, 0.0    -2,-0.0   0.704  42.9  99.8-175.0 141.3  -38.7   16.6  -35.1               
  245  245 A A        -     0   0   88      0, 0.0    -2,-0.0     0, 0.0     0, 0.0   0.158  53.7 -58.2 171.2  99.9  -38.6   12.8  -34.4               
  246  246 A N        +     0   0  159      0, 0.0     0, 0.0     0, 0.0     0, 0.0   0.773  44.1  91.6  42.6 130.3  -40.9   10.4  -32.6               
  247  247 A G        -     0   0   67      0, 0.0     0, 0.0     0, 0.0     0, 0.0   0.880  35.7 -28.4 171.5 137.3  -42.6    9.3  -30.0               
  248  248 A L        -     0   0  156      0, 0.0     0, 0.0     0, 0.0     0, 0.0   0.544  50.3 -63.4-177.7 127.1  -44.9    8.4  -27.6               
  249  249 A I        -     0   0  148      0, 0.0     0, 0.0     0, 0.0     0, 0.0   0.844  38.3-101.7  57.9  96.3  -48.0    9.8  -25.7               
  250  250 A A        +     0   0   87      2,-0.0     0, 0.0     0, 0.0     0, 0.0   0.721  33.0  95.0  70.2 125.4  -49.4   12.2  -23.6               
  251  251 A T        +     0   0  133      1,-0.1     2,-0.3     0, 0.0     0, 0.0   0.795   8.7 167.4-164.0 148.6  -50.8   14.0  -21.0               
  252  252 A P        -     0   0  126      0, 0.0     2,-0.3     0, 0.0    -1,-0.1  -0.918   7.0-178.5-114.4 146.8  -50.2   16.6  -18.2               
  253  253 A I        -     0   0  162     -2,-0.3     0, 0.0     1,-0.0     0, 0.0  -0.850  34.5 -91.7-145.0 112.0  -52.6   18.7  -15.9               
  254  254 A T        -     0   0  132     -2,-0.3     2,-0.2     1,-0.1    -1,-0.0   0.715  27.2-114.3  36.4 132.9  -51.7   21.2  -13.2               
  255  255 A P        -     0   0  131      0, 0.0     2,-0.3     0, 0.0    -1,-0.1  -0.645  20.2-170.4 -95.3 152.0  -51.1   21.3   -9.4               
  256  256 A S        -     0   0  124     -2,-0.2     2,-0.1     2,-0.0     0, 0.0  -0.969  20.1-128.9-141.2 132.6  -53.0   23.0   -6.6               
  257  257 A S        +     0   0  125     -2,-0.3     2,-0.2     2,-0.0     0, 0.0  -0.347  27.0 172.0 -68.4 149.0  -52.0   23.3   -2.9               
  258  258 A G        -     0   0   78     -2,-0.1     2,-0.1     2,-0.0    -2,-0.0  -0.646  13.6-155.1-169.1 105.3  -54.1   22.4    0.1               
  259  259 A T        +     0   0  136     -2,-0.2     2,-0.1     0, 0.0    -2,-0.0  -0.411  27.0 128.8 -58.4 145.1  -53.1   22.3    3.8               
  260  260 A S        -     0   0  119     -2,-0.1    -2,-0.0     2,-0.0     0, 0.0  -0.231  40.0-110.1 163.1 151.8  -54.5   20.3    6.7               
  261  261 A T        -     0   0  133      1,-0.1     0, 0.0    -2,-0.1     0, 0.0   0.130  24.6-134.1 -59.5 162.4  -53.8   18.0    9.7               
  262  262 A P        -     0   0  116      0, 0.0     2,-0.2     0, 0.0    -1,-0.1  -0.388   8.5-153.9 -94.2 171.4  -54.5   14.2   10.6               
  263  263 A P        -     0   0  121      0, 0.0     0, 0.0     0, 0.0     0, 0.0  -0.695  21.1 -76.8-150.1 156.0  -55.7   12.1   13.3               
  264  264 A A        +     0   0   90     -2,-0.2     2,-0.0     1,-0.0     0, 0.0   0.919  20.4 171.8  56.0 133.4  -55.4    8.5   14.7               
  265  265 A I        -     0   0  168      0, 0.0    -1,-0.0     0, 0.0     0, 0.0   0.013  35.1 -73.5-179.2 126.3  -56.0    5.0   15.0               
  266  266 A A        +     0   0   93     -2,-0.0     0, 0.0     0, 0.0     0, 0.0   0.883  38.1 131.2  51.8 122.3  -54.7    2.1   17.1               
  267  267 A A        -     0   0   89      2,-0.0     0, 0.0     0, 0.0     0, 0.0   0.306  40.2-112.5-178.4 114.7  -52.8   -0.4   18.4               
  268  268 A T        -     0   0  136      1,-0.1     2,-0.2     0, 0.0     0, 0.0   0.833  10.8-138.3  49.9 127.0  -51.8   -1.4   21.9               
  269  269 A P        -     0   0  123      0, 0.0     2,-0.3     0, 0.0    -1,-0.1  -0.698   8.5-158.0-104.2 161.9  -48.7   -1.6   24.4               
  270  270 A V        -     0   0  150     -2,-0.2     0, 0.0     2,-0.0     0, 0.0  -0.942  22.1-140.5-144.5 131.7  -47.6   -4.2   27.0               
  271  271 A S        +     0   0  117     -2,-0.3     0, 0.0     0, 0.0     0, 0.0   0.093  21.4 131.0 -58.4 173.2  -45.3   -3.7   30.0               
  272  272 A A        -     0   0   79      2,-0.0    -2,-0.0     0, 0.0     0, 0.0   0.802  25.0 -41.1-174.7 165.0  -42.9   -4.5   32.2               
  273  273 A I        +     0   0  160      1,-0.1     2,-0.2     0, 0.0     0, 0.0   0.924  13.4 172.8  90.5 117.0  -39.8   -4.5   34.6               
  274  274 A P        +     0   0  120      0, 0.0    -1,-0.1     0, 0.0    -2,-0.0  -0.766  26.0 122.7-116.7-178.5  -36.1   -3.7   35.2               
  275  275 A A        -     0   0  102     -2,-0.2     0, 0.0     2,-0.0     0, 0.0   0.372  22.4-167.0  94.6 144.0  -33.8   -3.9   38.4               
  276  276 A A        -     0   0   80      0, 0.0     0, 0.0     0, 0.0     0, 0.0   0.879  16.6-156.2-174.9 178.7  -31.1   -5.0   40.1               
  277  277 A L        +     0   0  185      0, 0.0    -2,-0.0     0, 0.0     0, 0.0   0.702  22.8  74.4  79.0 140.5  -28.1   -6.1   42.4               
  278  278 A G        +     0   0   69      0, 0.0     0, 0.0     0, 0.0     0, 0.0   0.881  11.8 164.7-169.3 144.7  -25.1   -7.0   43.3               
  279  279 A V        +     0   0  136      0, 0.0     0, 0.0     0, 0.0     0, 0.0   0.828   3.3 159.2  82.3 142.7  -21.6   -6.7   44.2               
  280  280 A N        +     0   0  149      0, 0.0     2,-0.0     0, 0.0     0, 0.0   0.663  16.5 156.3  88.0 128.3  -18.3   -7.9   45.8               
  281  281 A G        -     0   0   62      2,-0.0     0, 0.0     0, 0.0     0, 0.0   0.730  26.9-164.3 149.6 156.6  -15.1   -7.5   45.8               
  282  282 A Y        +     0   0  229     -2,-0.0     0, 0.0     0, 0.0     0, 0.0   0.850  23.6 160.3 100.7  93.9  -11.4   -7.4   46.8               
  283  283 A S        +     0   0  107      1,-0.0    -2,-0.0     0, 0.0     0, 0.0  -0.132   9.9 160.7 -80.0-158.1   -8.3   -5.6   45.5               
  284  284 A P        -     0   0  112      0, 0.0    -1,-0.0     0, 0.0     0, 0.0   0.809  12.9 -40.0-142.3-171.2   -5.1   -4.6   46.2               
  285  285 A V        +     0   0  126      2,-0.0     0, 0.0     0, 0.0     0, 0.0   0.526  19.6 178.3  83.5 162.4   -1.5   -3.4   46.5               
  286  286 A P        -     0   0  101      0, 0.0     2,-0.1     0, 0.0     0, 0.0   0.417  22.6 -93.3-133.9-172.3    2.0   -3.1   45.6               
  287  287 A T        +     0   0  144      0, 0.0    -2,-0.0     0, 0.0     0, 0.0  -0.314  33.4 156.2-174.1 126.1    5.7   -2.4   45.3               
  288  288 A Q        +     0   0  181     -2,-0.1     2,-0.0     0, 0.0     0, 0.0  -0.331   4.5 133.1 -92.3-165.8    7.9    0.1   43.3               
  289  289 A P        +     0   0   93      0, 0.0     0, 0.0     0, 0.0     0, 0.0   0.705   9.5  71.5-130.4 179.4   10.6    1.9   42.8               
  290  290 A T        +     0   0  141     -2,-0.0     0, 0.0     0, 0.0     0, 0.0   0.784  41.4  34.1 155.1 148.2   13.7    3.5   41.5               
  291  291 A G        -     0   0   67      2,-0.0     0, 0.0     0, 0.0     0, 0.0   0.731  20.9-171.6-171.9 145.2   15.0    5.7   39.5               
  292  292 A Q        -     0   0  197      1,-0.0     2,-0.1     0, 0.0     0, 0.0   0.943  12.8-133.6  58.3 158.3   15.6    8.8   37.6               
  293  293 A P        +     0   0  112      0, 0.0    -1,-0.0     0, 0.0    -2,-0.0  -0.078  16.2 154.1-130.8-160.4   17.5   10.9   35.0               
  294  294 A A        -     0   0   90     -2,-0.1     0, 0.0     0, 0.0     0, 0.0  -0.073  11.1-145.1  98.2 174.7   19.2   14.2   33.8               
  295  295 A P        +     0   0  111      0, 0.0     0, 0.0     0, 0.0     0, 0.0   0.401  15.7 121.2-132.5-162.2   21.5   16.2   31.8               
  296  296 A D        +     0   0  153      0, 0.0     0, 0.0     0, 0.0     0, 0.0   0.570  12.8 117.0  90.8 153.0   24.0   18.8   30.5               
  297  297 A A        -     0   0   74      0, 0.0     0, 0.0     0, 0.0     0, 0.0   0.895  23.8-148.1  89.8 100.5   27.2   20.3   29.1               
  298  298 A L        -     0   0  143      0, 0.0     0, 0.0     0, 0.0     0, 0.0   0.749  21.0-177.4  84.4 118.9   28.7   22.0   26.5               
  299  299 A Y        +     0   0  228      0, 0.0     2,-0.2     0, 0.0     0, 0.0   0.009  20.2 174.6-175.6 127.1   31.3   23.0   24.2               
  300  300 A P        +     0   0   97      0, 0.0     2,-0.1     0, 0.0     0, 0.0  -0.699   1.9 165.9-104.2 158.2   31.2   25.8   21.4               
  301  301 A N        +     0   0  174     -2,-0.2     0, 0.0     0, 0.0     0, 0.0  -0.099  17.3  96.6 155.0 137.2   33.5   27.5   18.9               
  302  302 A G        -     0   0   56     -2,-0.1     0, 0.0     0, 0.0     0, 0.0   0.766  25.3-152.2 179.1 164.5   33.5   29.4   16.3               
  303  303 A V        +     0   0  124      2,-0.0     0, 0.0     0, 0.0     0, 0.0   0.868  28.7  80.8  58.4 106.5   33.7   32.2   13.8               
  304  304 A H        +     0   0  145      0, 0.0     2,-0.4     0, 0.0     0, 0.0   0.429  14.2 151.7 174.4 126.5   33.1   34.0   10.9               
  305  305 A P        +     0   0  111      0, 0.0    -2,-0.0     0, 0.0     0, 0.0  -0.910  13.5 176.6-102.4 144.2   30.5   36.3    9.3               
  306  306 A Y        +     0   0  205     -2,-0.4     2,-0.2     2,-0.0     0, 0.0  -0.939   6.8 179.4-140.6 129.2   31.3   39.0    6.7               
  307  307 A P        +     0   0  121      0, 0.0     0, 0.0     0, 0.0     0, 0.0  -0.449  12.1 125.8-104.0-172.6   28.7   41.2    4.9               
  308  308 A A        +     0   0   85     -2,-0.2    -2,-0.0     0, 0.0     0, 0.0   0.504  25.4  21.1  86.9 138.9   28.7   44.1    2.3               
  309  309 A Q        +     0   0  189      1,-0.2     0, 0.0     0, 0.0     0, 0.0   0.744  18.7 159.3-169.3 140.6   27.8   45.5   -0.5               
  310  310 A S        +     0   0  111      0, 0.0    -1,-0.2     0, 0.0     2,-0.0  -0.247  12.5 163.8 -64.5 177.7   25.8   46.4   -3.7               
  311  311 A P        -     0   0  122      0, 0.0     0, 0.0     0, 0.0     0, 0.0   0.221  20.4 -14.1-153.6-177.6   25.1   48.6   -6.0               
  312  312 A A        -     0   0   97     -2,-0.0     0, 0.0     0, 0.0     0, 0.0   0.943  23.9-174.9  93.3 114.1   23.8   49.9   -9.2               
  313  313 A A        +     0   0   91      0, 0.0     2,-0.0     0, 0.0     0, 0.0   0.012  10.4 150.5 -66.7-167.4   22.4   49.4  -12.8               
  314  314 A P        +     0   0  111      0, 0.0     0, 0.0     0, 0.0     0, 0.0   0.541  13.8  42.3-143.3-167.9   21.4   50.7  -15.6               
  315  315 A V        -     0   0  139     -2,-0.0     0, 0.0     0, 0.0     0, 0.0   0.783  28.1-163.2 113.3 110.7   20.7   51.3  -19.4               
  316  316 A D        +     0   0  152      0, 0.0     0, 0.0     0, 0.0     0, 0.0   0.307   9.0 139.3 -37.9-173.9   19.3   49.8  -22.7               
  317  317 A P        -     0   0   96      0, 0.0     0, 0.0     0, 0.0     0, 0.0   0.766  16.8 -89.2-140.2-179.7   18.8   49.7  -26.0               
  318  318 A L        +     0   0  136      0, 0.0     0, 0.0     0, 0.0     0, 0.0   0.966  26.8  51.5  71.4 130.7   18.4   48.7  -29.7               
  319  319 A Q        +     0   0  158      0, 0.0     0, 0.0     0, 0.0     0, 0.0   0.615  21.8 107.2 101.1 146.8   19.1   47.9  -33.3               
  320  320 A Q        -     0   0  169      0, 0.0     2,-0.2     0, 0.0     0, 0.0   0.848  18.2-176.7  95.3  88.2   20.6   46.3  -36.5               
  321  321 A A        -     0   0   89      0, 0.0     2,-0.2     0, 0.0     0, 0.0  -0.228   5.3-173.6  47.3  99.2   19.4   44.1  -38.6               
  322  322 A Y        -     0   0  228     -2,-0.2     2,-0.1     2,-0.0     0, 0.0  -0.819  10.2-151.7-151.5 130.4   21.5   42.8  -41.5               
  323  323 A A        +     0   0  100     -2,-0.2     2,-0.0     2,-0.0     0, 0.0  -0.452  14.7 174.9 -81.7 157.4   20.3   40.5  -44.3               
  324  324 A G        -     0   0   71     -2,-0.1    -2,-0.0     2,-0.0     0, 0.0  -0.248  13.6-151.5 173.4  85.0   22.2   38.0  -46.4               
  325  325 A M        +     0   0  143     -2,-0.0     2,-0.0     0, 0.0    -2,-0.0   0.120  19.4 166.0  44.8 109.5   20.9   35.6  -48.9               
  326  326 A Q        -     0   0  163      2,-0.0     2,-0.1     0, 0.0    -2,-0.0  -0.103  15.3-166.8-178.0  92.7   22.0   32.3  -50.2               
  327  327 A H        +     0   0  138      2,-0.0     2,-0.1    -2,-0.0     0, 0.0  -0.081  13.8 172.3  36.1 110.6   19.8   30.2  -52.2               
  328  328 A Y        +     0   0  238     -2,-0.1     2,-0.4     2,-0.0    -2,-0.0  -0.442  12.5 155.0-159.5 113.7   20.2   26.6  -53.2               
  329  329 A T        +     0   0  125     -2,-0.1     2,-0.3     2,-0.0    -2,-0.0  -0.986  10.6 176.2-113.7 131.2   17.3   24.8  -54.9               
  330  330 A A        -     0   0  101     -2,-0.4     2,-0.2     2,-0.0    -2,-0.0  -0.963  14.6-157.0-140.3 127.3   17.9   21.8  -57.2               
  331  331 A A        -     0   0   81     -2,-0.3    -2,-0.0     2,-0.0     0, 0.0  -0.482  19.8-174.8 -90.8 158.9   15.0   19.8  -58.8               
  332  332 A Y        -     0   0  235     -2,-0.2     2,-0.3     0, 0.0    -2,-0.0  -0.838  21.7-166.5-146.3 129.3   14.2   16.4  -60.2               
  333  333 A P        -     0   0  115      0, 0.0    -2,-0.0     0, 0.0     0, 0.0  -0.833  20.4 -35.1-108.9 153.2   10.8   15.7  -61.9               
  334  334 A A        -     0   0  102     -2,-0.3     2,-0.2     1,-0.1     0, 0.0   0.868  19.7-171.9  51.7 124.9    8.6   12.9  -63.1               
  335  335 A A        -     0   0   86      2,-0.0    -1,-0.1     1,-0.0     0, 0.0  -0.668  42.2 -71.2-153.1 111.1    8.1    9.5  -64.8               
  336  336 A Y        +     0   0  214     -2,-0.2    -1,-0.0     0, 0.0     0, 0.0   0.871  42.3  98.6  55.2 114.2    4.9    8.0  -65.9               
  337  337 A S        -     0   0  100      2,-0.0    -2,-0.0     0, 0.0     0, 0.0   0.911  30.8 -37.3 112.2 139.2    1.7    6.4  -65.7               
  338  338 A L        -     0   0  170      1,-0.1     2,-0.2     0, 0.0     0, 0.0   0.874  13.8-160.5-157.1 161.4   -1.6    5.7  -65.6               
  339  339 A V        +     0   0  138      2,-0.0    -1,-0.1     0, 0.0    -2,-0.0  -0.634  31.7  91.7 -93.5 150.5   -5.2    6.5  -64.6               
  340  340 A A        -     0   0   84     -2,-0.2     0, 0.0     0, 0.0     0, 0.0   0.553  33.9  -4.5  85.0 161.6   -8.6    4.7  -64.2               
  341  341 A P        -     0   0  120      0, 0.0    -2,-0.0     0, 0.0     0, 0.0   0.841  22.5-125.5-132.4-177.8  -11.0    3.1  -62.9               
  342  342 A A        +     0   0   94      2,-0.0     0, 0.0     0, 0.0     0, 0.0  -0.156  20.7 161.8 -54.5 138.2  -13.3    1.2  -60.3               
  343  343 A F        -     0   0  195      2,-0.0     2,-0.4     0, 0.0     0, 0.0  -0.918  31.5-135.2-142.4 135.3  -14.9   -2.2  -60.4               
  344  344 A P        +     0   0  123      0, 0.0    -2,-0.0     0, 0.0     0, 0.0  -0.758  25.9 176.0 -88.7 130.5  -16.1   -3.9  -57.1               
  345  345 A Q        -     0   0  189     -2,-0.4     3,-0.1     1,-0.1    -2,-0.0  -0.967  30.2 -88.4-142.9 154.8  -15.4   -7.6  -56.4               
  346  346 A P        -     0   0  104      0, 0.0     2,-0.5     0, 0.0    -1,-0.1   0.200  45.2 -72.3 -90.0 173.1  -16.1   -9.7  -53.4               
  347  347 A P        -     0   0  133      0, 0.0     2,-0.3     0, 0.0     3,-0.1  -0.366  43.4-153.3 -68.4 109.6  -14.5  -10.7  -50.0               
  348  348 A A        -     0   0   98     -2,-0.5     3,-0.1    -3,-0.1    -3,-0.0  -0.650  34.7 -89.0 -78.7 134.7  -11.6  -13.2  -50.5               
  349  349 A L        -     0   0  167     -2,-0.3     2,-1.1     1,-0.2    -1,-0.1  -0.031  41.4 -98.6 -48.2 138.5  -11.0  -15.5  -47.5               
  350  350 A V        -     0   0  136     -3,-0.1     2,-0.9     1,-0.1    -1,-0.2  -0.458  36.0-169.3 -60.5  91.0   -8.6  -14.6  -44.7               
  351  351 A A        -     0   0   93     -2,-1.1     2,-0.6    -3,-0.1    -1,-0.1  -0.837  24.9-133.2 -79.5 103.6   -5.4  -16.4  -45.5               
  352  352 A Q        -     0   0  178     -2,-0.9    -2,-0.0     1,-0.0    -1,-0.0  -0.521  12.4-140.4 -58.5 109.9   -3.5  -15.8  -42.2               
  353  353 A Q        -     0   0  181     -2,-0.6    -1,-0.0     1,-0.1    -3,-0.0  -0.601  31.3-105.3 -62.4 134.3    0.0  -14.7  -43.0               
  354  354 A P        -     0   0  114      0, 0.0    -1,-0.1     0, 0.0     0, 0.0  -0.344  44.9 -92.2 -60.6 145.7    2.4  -16.4  -40.5               
  355  355 A P        -     0   0  114      0, 0.0    -3,-0.0     0, 0.0     0, 0.0  -0.304  48.8 -96.9 -59.6 143.4    3.7  -14.1  -37.7               
  356  356 A P        -     0   0   69      0, 0.0     5,-0.1     0, 0.0    -3,-0.0  -0.312  52.9 -88.4 -60.0 144.6    7.0  -12.3  -38.5               
  357  357 A P    >>  -     0   0   86      0, 0.0     3,-2.1     0, 0.0     4,-0.6  -0.204  40.7-105.2 -59.4 148.8   10.1  -14.1  -37.0               
  358  358 A P  H 3> S+     0   0   98      0, 0.0     4,-1.0     0, 0.0     0, 0.0   0.556 111.8  74.1 -59.5 -10.1   11.0  -13.1  -33.4               
  359  359 A Q  H 3> S+     0   0  163      1,-0.2     4,-0.8     2,-0.2     0, 0.0   0.815  94.5  50.9 -74.3 -26.9   14.1  -11.1  -34.6               
  360  360 A Q  H <> S+     0   0  117     -3,-2.1     4,-1.5     1,-0.2    -1,-0.2   0.822 104.0  58.6 -78.9 -27.2   11.8   -8.2  -35.9               
  361  361 A Q  H  X S+     0   0  108     -4,-0.6     4,-1.7     1,-0.2    -2,-0.2   0.828 100.1  56.8 -71.6 -28.9    9.9   -8.0  -32.5               
  362  362 A Q  H  X S+     0   0  139     -4,-1.0     4,-1.3     2,-0.2    -1,-0.2   0.867 106.0  50.0 -70.2 -32.9   13.2   -7.2  -30.6               
  363  363 A Q  H  X S+     0   0  138     -4,-0.8     4,-1.6     2,-0.2    -2,-0.2   0.888 109.2  51.9 -71.8 -34.7   13.9   -4.1  -32.9               
  364  364 A Q  H  X S+     0   0  120     -4,-1.5     4,-1.7     1,-0.2    -2,-0.2   0.871 106.7  53.8 -68.7 -33.4   10.3   -2.8  -32.3               
  365  365 A Q  H  X S+     0   0  112     -4,-1.7     4,-1.4     2,-0.2    -1,-0.2   0.857 106.4  51.6 -70.1 -32.7   10.7   -3.1  -28.5               
  366  366 A Q  H  X S+     0   0  142     -4,-1.3     4,-1.0     2,-0.2    -2,-0.2   0.886 108.8  51.9 -69.1 -34.0   13.9   -1.0  -28.6               
  367  367 A Q  H  X S+     0   0  121     -4,-1.6     4,-1.3     1,-0.2     3,-0.3   0.880 106.3  53.6 -68.3 -35.4   12.0    1.7  -30.6               
  368  368 A Q  H  X S+     0   0  111     -4,-1.7     4,-1.1     1,-0.2    -1,-0.2   0.867 104.2  54.5 -70.5 -32.1    9.1    1.8  -27.9               
  369  369 A Q  H  < S+     0   0  140     -4,-1.4     4,-0.2     1,-0.2    -1,-0.2   0.794 107.3  52.2 -69.1 -25.8   11.7    2.4  -25.1               
  370  370 A Q  H >< S+     0   0  141     -4,-1.0     3,-1.1    -3,-0.3    -2,-0.2   0.829 100.2  62.7 -75.1 -30.1   12.9    5.5  -27.1               
  371  371 A Q  H >< S+     0   0  112     -4,-1.3     3,-1.2     1,-0.3    -2,-0.2   0.850  96.8  56.1 -67.8 -31.8    9.3    6.8  -27.5               
  372  372 A Q  T 3< S+     0   0  135     -4,-1.1    -1,-0.3     1,-0.3    37,-0.2   0.644 106.1  55.1 -71.5 -13.9    8.9    7.3  -23.6               
  373  373 A Q  T <  S+     0   0   89     -3,-1.1     2,-0.9    -4,-0.2    -1,-0.3  -0.238  70.8 153.5-109.1  37.9   12.1    9.5  -23.9               
  374  374 A R    <   -     0   0  164     -3,-1.2     2,-0.3    33,-0.2    53,-0.1  -0.641  33.8-153.7 -62.4 105.3   10.7   11.8  -26.6               
  375  375 A E        -     0   0  110     -2,-0.9     3,-0.1     1,-0.1    -2,-0.1  -0.665   8.3-128.3 -79.3 138.7   12.8   14.9  -25.7               
  376  376 A G        -     0   0    9     -2,-0.3    53,-0.2     1,-0.2     5,-0.1  -0.226  46.6 -62.8 -70.9 176.2   11.4   18.3  -26.6               
  377  377 A P  S >  S-     0   0   75      0, 0.0     3,-2.4     0, 0.0     4,-0.4  -0.101  74.3 -72.3 -52.9 159.0   13.3   20.8  -28.7               
  378  378 A D  T 3  S+     0   0  138      1,-0.3    79,-0.1     2,-0.2     0, 0.0  -0.248 127.0  27.2 -52.4 138.7   16.5   22.3  -27.2               
  379  379 A G  T 3  S+     0   0   26     77,-0.3    -1,-0.3     2,-0.2    56,-0.1   0.303 105.9  82.2  82.4  -6.9   15.7   24.7  -24.4               
  380  380 A C    <   +     0   0    1     -3,-2.4    48,-2.6    48,-0.1     2,-0.5   0.509  69.4  90.0-102.6  -9.2   12.4   22.7  -23.6               
  381  381 A N  E     -G  427   0C  10     -4,-0.4    75,-3.1    46,-0.2     2,-0.3  -0.807  57.5-167.6 -97.1 124.4   13.9   19.9  -21.5               
  382  382 A I  E     -GH 426 455C   0     44,-3.3    44,-2.1    -2,-0.5     2,-0.4  -0.825  11.6-145.5-111.5 148.6   14.2   20.4  -17.7               
  383  383 A F  E     -GH 425 454C  32     71,-3.4    71,-2.5    -2,-0.3     2,-0.4  -0.958  15.2-162.8-115.0 131.3   16.1   18.4  -15.1               
  384  384 A I  E     -GH 424 453C   0     40,-3.0    40,-2.4    -2,-0.4     2,-0.3  -0.957   7.6-177.5-123.4 128.1   14.7   18.0  -11.6               
  385  385 A Y  E     +GH 423 452C  90     67,-2.4    67,-1.9    -2,-0.4    38,-0.2  -0.805  58.6  38.6-119.1 167.1   16.5   16.9   -8.4               
  386  386 A H  S    S+     0   0  104     36,-1.0    37,-0.2    -2,-0.3    -1,-0.1   0.741  71.5 169.3  61.9  32.0   15.5   16.2   -4.7               
  387  387 A L        -     0   0    0     35,-2.0    -1,-0.2    -3,-0.2    63,-0.1  -0.370  45.2 -97.9 -60.0 144.2   12.2   14.6   -5.7               
  388  388 A P    >   -     0   0    6      0, 0.0     3,-1.4     0, 0.0    34,-0.2  -0.356  32.1-121.0 -54.5 146.5   10.4   12.8   -2.9               
  389  389 A Q  T 3  S+     0   0   96      1,-0.3    31,-0.5    -3,-0.1    33,-0.1   0.801 112.6  60.1 -69.3 -26.0   11.2    9.0   -3.1               
  390  390 A E  T 3  S+     0   0  142     29,-0.1     2,-0.4     2,-0.0    -1,-0.3   0.493  82.0 107.8 -74.9 -10.7    7.5    8.3   -3.5               
  391  391 A F    <   -     0   0   31     -3,-1.4     2,-0.2     4,-0.1    31,-0.2  -0.625  47.2-178.4 -78.7 129.2    7.3   10.5   -6.7               
  392  392 A T     >  -     0   0   67     -2,-0.4     4,-2.1    28,-0.0     5,-0.2  -0.495  48.8 -83.6-108.5 179.2    6.8    8.5  -10.0               
  393  393 A D  H  > S+     0   0   70      1,-0.2     4,-2.4     2,-0.2     5,-0.1   0.845 128.6  54.8 -51.1 -36.3    6.6    9.6  -13.6               
  394  394 A S  H  > S+     0   0   73      2,-0.2     4,-2.7     1,-0.2    -1,-0.2   0.913 106.1  48.1 -70.4 -45.1    2.9   10.3  -13.1               
  395  395 A E  H  > S+     0   0   70      2,-0.2     4,-2.1     1,-0.2    -2,-0.2   0.901 115.0  46.5 -64.9 -40.4    3.3   12.7  -10.1               
  396  396 A I  H  X S+     0   0    0     -4,-2.1     4,-1.8     2,-0.2     5,-0.2   0.934 111.6  51.0 -67.0 -45.3    6.0   14.7  -11.9               
  397  397 A L  H >X S+     0   0   72     -4,-2.4     4,-2.0    -5,-0.2     3,-0.6   0.966 113.6  45.0 -54.9 -51.8    3.9   14.8  -15.1               
  398  398 A Q  H 3< S+     0   0   99     -4,-2.7    -1,-0.2     1,-0.2    -2,-0.2   0.856 111.6  53.4 -60.5 -38.1    0.9   16.1  -13.1               
  399  399 A M  H 3< S+     0   0   37     -4,-2.1    -1,-0.2    -5,-0.2    -2,-0.2   0.802 116.4  37.6 -65.2 -32.9    3.1   18.6  -11.2               
  400  400 A F  H X< S+     0   0    0     -4,-1.8     3,-1.7    -3,-0.6     4,-0.5   0.649  91.6  86.5-101.4 -16.3    4.5   20.1  -14.4               
  401  401 A V  G >< S+     0   0   70     -4,-2.0     3,-1.3     1,-0.3    -1,-0.1   0.820  80.5  65.8 -50.1 -37.8    1.4   20.1  -16.7               
  402  402 A P  G 3  S+     0   0   71      0, 0.0    -1,-0.3     0, 0.0    -2,-0.1   0.727  98.9  53.2 -61.6 -20.9    0.2   23.5  -15.2               
  403  403 A F  G <  S-     0   0   37     -3,-1.7     2,-0.3     1,-0.3    -2,-0.2   0.604 125.6 -64.1 -88.2 -14.5    3.3   25.2  -16.9               
  404  404 A G  S <  S-     0   0   21     -3,-1.3     2,-0.6    -4,-0.5    -1,-0.3  -0.940  77.3 -28.8 156.3-175.4    2.6   23.8  -20.4               
  405  405 A H        -     0   0  126     -2,-0.3    24,-1.6    -3,-0.1     2,-0.6  -0.564  55.7-147.4 -74.5 113.6    2.2   20.7  -22.7               
  406  406 A V  E     -I  428   0C  18     -2,-0.6    22,-0.3    22,-0.2     3,-0.1  -0.755  16.6-174.8 -85.6 116.8    4.5   18.0  -21.3               
  407  407 A I  E    S-     0   0C  67     20,-2.3     2,-0.3    -2,-0.6   -33,-0.2   0.865  74.1  -4.2 -72.6 -43.6    5.9   15.7  -24.1               
  408  408 A S  E     -I  427   0C  16     19,-1.4    19,-3.0   -35,-0.1     2,-0.3  -0.992  54.4-169.2-152.9 147.5    7.6   13.4  -21.6               
  409  409 A A  E     +I  426   0C  16     -2,-0.3     2,-0.3    17,-0.2    17,-0.2  -0.994  16.3 176.5-135.7 134.3    8.2   13.0  -17.8               
  410  410 A K  E     -I  425   0C  57     15,-2.7    15,-2.4    -2,-0.3     2,-0.4  -0.906  18.0-161.2-148.9 119.3   10.6   10.4  -16.3               
  411  411 A V  E     -I  424   0C   8     -2,-0.3     2,-0.6    13,-0.3    13,-0.3  -0.733  26.5-129.5 -86.3 135.8   11.8    9.6  -12.8               
  412  412 A F  E     -     0   0C  61     11,-2.7     9,-3.1    -2,-0.4    11,-0.5  -0.821  27.2-169.4 -92.6 122.9   15.0    7.6  -12.6               
  413  413 A V  E     -I  420   0C  77     -2,-0.6     2,-0.5     7,-0.3     7,-0.3  -0.781  29.6-109.5-107.0 148.7   14.7    4.5  -10.4               
  414  414 A D     >  -     0   0   59      5,-3.2     4,-2.2    -2,-0.3     5,-0.4  -0.714  24.8-148.4 -72.0 121.8   17.5    2.2   -9.1               
  415  415 A R  T  4 S+     0   0  233     -2,-0.5    -1,-0.1     1,-0.2    -2,-0.0   0.721  93.6  51.3 -68.5 -24.2   17.0   -1.1  -11.0               
  416  416 A A  T  4 S+     0   0   88      1,-0.1    -1,-0.2     3,-0.1    -2,-0.0   0.880 125.8  21.9 -79.5 -41.2   18.3   -3.2   -8.1               
  417  417 A T  T  4 S-     0   0   77      2,-0.2    -2,-0.2     0, 0.0     3,-0.1   0.565  91.9-131.6-102.3 -12.4   16.1   -1.7   -5.3               
  418  418 A N     <  +     0   0  126     -4,-2.2     2,-0.3     1,-0.2    -3,-0.2   0.666  63.2 138.8  54.4  23.3   13.2   -0.3   -7.4               
  419  419 A Q        -     0   0   93     -5,-0.4    -5,-3.2     1,-0.1    -1,-0.2  -0.717  61.9-102.6 -93.5 144.7   13.7    2.9   -5.4               
  420  420 A S  E     - I   0 413C  13    -31,-0.5    -7,-0.3    -2,-0.3    -1,-0.1  -0.437  15.0-145.3 -61.2 131.4   13.6    6.4   -6.9               
  421  421 A K  E     -     0   0C 113     -9,-3.1   -35,-0.2     2,-0.2    -1,-0.1   0.351  43.5-117.7 -74.1   5.3   17.0    8.0   -7.4               
  422  422 A C  E    S+     0   0C  27    -10,-0.2   -35,-2.0     1,-0.2   -36,-1.0   0.696  83.6  94.4  61.5  24.8   15.2   11.3   -6.5               
  423  423 A F  E     +G  385   0C  48    -11,-0.5   -11,-2.7   -38,-0.2     2,-0.3  -0.982  44.1 158.2-139.6 154.7   15.9   12.8   -9.9               
  424  424 A G  E     -GI 384 411C   0    -40,-2.4   -40,-3.0    -2,-0.3     2,-0.3  -0.975  29.4-117.5-163.0 169.4   13.9   13.1  -13.2               
  425  425 A F  E     -GI 383 410C  48    -15,-2.4   -15,-2.7    -2,-0.3     2,-0.4  -0.918  13.9-166.5-116.7 147.7   13.4   14.9  -16.5               
  426  426 A V  E     -GI 382 409C   0    -44,-2.1   -44,-3.3    -2,-0.3     2,-0.5  -0.999   8.3-159.4-129.4 132.0   10.4   16.7  -18.0               
  427  427 A S  E     -GI 381 408C   5    -19,-3.0   -20,-2.3    -2,-0.4   -19,-1.4  -0.963   7.3-164.4-112.1 123.4   10.3   17.7  -21.7               
  428  428 A F  E     - I   0 406C   0    -48,-2.6   -22,-0.2    -2,-0.5   -48,-0.1  -0.600  27.7-126.7 -95.4 163.7    8.0   20.5  -22.8               
  429  429 A D  S    S+     0   0   72    -24,-1.6   -23,-0.1    -2,-0.2   -49,-0.1   0.654  95.8  34.4 -78.3 -17.4    6.8   21.3  -26.4               
  430  430 A N  S  > S-     0   0   47    -25,-0.3     4,-1.3   -50,-0.2     3,-0.1  -0.977  74.1-129.8-141.8 150.7    8.0   24.9  -26.0               
  431  431 A P  H  > S+     0   0   72      0, 0.0     4,-2.3     0, 0.0     5,-0.2   0.775 104.4  63.9 -74.2 -24.6   10.9   26.7  -24.2               
  432  432 A A  H  > S+     0   0   68      2,-0.2     4,-2.7     1,-0.2     5,-0.2   0.937 103.6  47.9 -65.2 -42.8    8.6   29.3  -22.5               
  433  433 A S  H  > S+     0   0   12      2,-0.2     4,-2.6     1,-0.2    -1,-0.2   0.897 110.6  52.0 -62.1 -41.2    6.8   26.5  -20.5               
  434  434 A A  H  X S+     0   0    0     -4,-1.3     4,-2.1     2,-0.2    -2,-0.2   0.916 112.5  45.2 -62.2 -43.1   10.2   25.1  -19.5               
  435  435 A Q  H  X S+     0   0   83     -4,-2.3     4,-2.7     2,-0.2    -2,-0.2   0.925 112.7  50.1 -67.6 -43.4   11.3   28.6  -18.2               
  436  436 A A  H  X S+     0   0   41     -4,-2.7     4,-2.2     1,-0.2     5,-0.3   0.929 111.3  50.0 -59.5 -44.2    8.0   29.2  -16.4               
  437  437 A A  H  X S+     0   0    0     -4,-2.6     4,-2.6     2,-0.2     5,-0.4   0.904 111.3  48.6 -60.2 -44.2    8.4   25.7  -14.8               
  438  438 A I  H  X S+     0   0   25     -4,-2.1     4,-2.1     2,-0.2    -2,-0.2   0.943 112.2  48.5 -61.6 -48.1   12.0   26.5  -13.7               
  439  439 A Q  H  < S+     0   0  158     -4,-2.7    -2,-0.2     1,-0.2    -1,-0.2   0.871 121.1  35.1 -62.7 -38.8   11.0   30.0  -12.2               
  440  440 A A  H  < S+     0   0   54     -4,-2.2    -1,-0.2    -5,-0.2    -2,-0.2   0.850 126.8  34.5 -82.9 -39.0    8.0   28.5  -10.2               
  441  441 A M  H >< S+     0   0   14     -4,-2.6     3,-2.1    -5,-0.3     2,-0.5   0.659  86.9 100.9-100.5 -19.7    9.3   25.1   -9.2               
  442  442 A N  T 3< S+     0   0   81     -4,-2.1    10,-0.2    -5,-0.4   -58,-0.0  -0.566 100.4  13.0 -67.5 121.3   13.1   25.7   -8.6               
  443  443 A G  T 3  S+     0   0   24      8,-2.6    -1,-0.3    -2,-0.5     2,-0.1   0.420  90.5 153.0  87.6   1.2   13.4   26.0   -4.9               
  444  444 A F    <   -     0   0   72     -3,-2.1     7,-3.0     7,-0.1     2,-0.5  -0.413  40.6-132.4 -65.6 131.2    9.8   24.6   -4.3               
  445  445 A Q  E     +J  450   0D 113      5,-0.2     2,-0.5    -2,-0.1     5,-0.2  -0.789  26.0 178.3 -94.7 124.5    9.6   22.9   -0.8               
  446  446 A I  E >   -J  449   0D  37      3,-2.7     3,-2.2    -2,-0.5     2,-0.3  -0.968  67.1 -52.3-124.5 109.2    8.1   19.4   -0.5               
  447  447 A G  T 3  S-     0   0   61     -2,-0.5    -2,-0.0     1,-0.3     0, 0.0  -0.448 122.1 -20.4  59.2-121.0    8.3   18.1    3.1               
  448  448 A M  T 3  S+     0   0  197     -2,-0.3     2,-0.3    -3,-0.1    -1,-0.3   0.382 124.6  85.6 -93.2  -1.8   11.9   18.5    4.2               
  449  449 A K  E <   -J  446   0D  81     -3,-2.2    -3,-2.7   -63,-0.0     2,-0.5  -0.776  63.9-147.2-106.1 149.3   13.3   18.6    0.6               
  450  450 A R  E     -J  445   0D 141     -2,-0.3    -5,-0.2    -5,-0.2    -6,-0.1  -0.976  23.6-126.4-114.7 119.3   13.7   21.5   -1.8               
  451  451 A L        -     0   0    3     -7,-3.0    -8,-2.6    -2,-0.5     2,-0.5  -0.338  14.5-153.0 -60.4 139.0   13.3   20.8   -5.5               
  452  452 A K  E     -H  385   0C 102    -67,-1.9   -67,-2.4   -10,-0.2     2,-0.5  -0.963  15.9-175.9-115.9 110.8   16.1   21.9   -7.8               
  453  453 A V  E     +H  384   0C   1     -2,-0.5     2,-0.3   -69,-0.2   -69,-0.2  -0.928  11.9 158.4-113.3 124.2   14.8   22.6  -11.3               
  454  454 A Q  E     -H  383   0C  68    -71,-2.5   -71,-3.4    -2,-0.5     2,-0.2  -0.956  46.9 -88.7-138.6 159.0   17.3   23.5  -14.1               
  455  455 A L  E     -H  382   0C  71     -2,-0.3   -73,-0.3   -73,-0.2     2,-0.3  -0.496  50.5-109.7 -65.3 134.9   17.4   23.4  -17.9               
  456  456 A K        -     0   0   43    -75,-3.1   -77,-0.3    -2,-0.2   -75,-0.2  -0.530  35.9-115.3 -63.1 128.7   18.8   20.1  -19.2               
  457  457 A R        -     0   0  208     -2,-0.3    -1,-0.1     1,-0.1    -3,-0.0  -0.514  33.7-106.1 -63.8 133.2   22.3   20.6  -20.6               
  458  458 A P        -     0   0   81      0, 0.0     2,-1.7     0, 0.0    -1,-0.1  -0.321  33.6-113.5 -55.5 138.2   22.3   19.9  -24.4               
  459  459 A K        -     0   0  193     -3,-0.1     2,-0.5     2,-0.0    -3,-0.0  -0.682  30.3-145.7 -77.1  87.0   24.1   16.6  -25.0               
  460  460 A D        -     0   0  138     -2,-1.7     3,-0.4     1,-0.2    -3,-0.0  -0.448   7.7-160.0 -53.8 107.8   27.2   18.0  -26.8               
  461  461 A A        +     0   0  106     -2,-0.5    -1,-0.2     1,-0.2    -2,-0.0   0.154  69.1  86.6 -75.1  18.1   27.8   15.2  -29.3               
  462  462 A N        +     0   0  141      2,-0.1    -1,-0.2     1,-0.0    -2,-0.1  -0.108  45.0 102.6-132.1  36.7   31.4   16.5  -29.7               
  463  463 A R        -     0   0  240     -3,-0.4     2,-0.2     0, 0.0    -1,-0.0  -0.941  54.8-156.1-102.9 106.6   33.9   15.1  -27.1               
  464  464 A P              0   0  112      0, 0.0    -2,-0.1     0, 0.0    -3,-0.0  -0.516 360.0 360.0 -64.1 145.8   35.9   12.4  -28.9               
  465  465 A Y              0   0  308     -2,-0.2     0, 0.0     0, 0.0     0, 0.0  -0.306 360.0 360.0 -55.7 360.0   37.3    9.9  -26.3               
