==== Secondary Structure Definition by the program DSSP, CMBI version 2.0                          ==== DATE=2026-03-08        .
REFERENCE W. KABSCH AND C.SANDER, BIOPOLYMERS 22 (1983) 2577-2637                                                              .
HEADER                                            01-AUG-25                                                                    .
COMPND    MOL_ID: 1; MOLECULE: RNA-BINDING PROTEIN MEX3B; CHAIN: A                                                             .
SOURCE    MOL_ID: 1; ORGANISM_SCIENTIFIC: HOMO SAPIENS; ORGANISM_TAXID: 9606                                                   .
AUTHOR                                                                                                                         .
  569  1  0  0  0 TOTAL NUMBER OF RESIDUES, NUMBER OF CHAINS, NUMBER OF SS-BRIDGES(TOTAL,INTRACHAIN,INTERCHAIN)                .
 59480.6   ACCESSIBLE SURFACE OF PROTEIN (ANGSTROM**2)                                                                         .
  207 36.4   TOTAL NUMBER OF HYDROGEN BONDS OF TYPE O(I)-->H-N(J)  , SAME NUMBER PER 100 RESIDUES                              .
    0  0.0   TOTAL NUMBER OF HYDROGEN BONDS IN     PARALLEL BRIDGES, SAME NUMBER PER 100 RESIDUES                              .
   33  5.8   TOTAL NUMBER OF HYDROGEN BONDS IN ANTIPARALLEL BRIDGES, SAME NUMBER PER 100 RESIDUES                              .
    2  0.4   TOTAL NUMBER OF HYDROGEN BONDS OF TYPE O(I)-->H-N(I-5), SAME NUMBER PER 100 RESIDUES                              .
    0  0.0   TOTAL NUMBER OF HYDROGEN BONDS OF TYPE O(I)-->H-N(I-4), SAME NUMBER PER 100 RESIDUES                              .
    0  0.0   TOTAL NUMBER OF HYDROGEN BONDS OF TYPE O(I)-->H-N(I-3), SAME NUMBER PER 100 RESIDUES                              .
    0  0.0   TOTAL NUMBER OF HYDROGEN BONDS OF TYPE O(I)-->H-N(I-2), SAME NUMBER PER 100 RESIDUES                              .
    2  0.4   TOTAL NUMBER OF HYDROGEN BONDS OF TYPE O(I)-->H-N(I-1), SAME NUMBER PER 100 RESIDUES                              .
    0  0.0   TOTAL NUMBER OF HYDROGEN BONDS OF TYPE O(I)-->H-N(I+0), SAME NUMBER PER 100 RESIDUES                              .
    0  0.0   TOTAL NUMBER OF HYDROGEN BONDS OF TYPE O(I)-->H-N(I+1), SAME NUMBER PER 100 RESIDUES                              .
   47  8.3   TOTAL NUMBER OF HYDROGEN BONDS OF TYPE O(I)-->H-N(I+2), SAME NUMBER PER 100 RESIDUES                              .
   24  4.2   TOTAL NUMBER OF HYDROGEN BONDS OF TYPE O(I)-->H-N(I+3), SAME NUMBER PER 100 RESIDUES                              .
   90 15.8   TOTAL NUMBER OF HYDROGEN BONDS OF TYPE O(I)-->H-N(I+4), SAME NUMBER PER 100 RESIDUES                              .
    3  0.5   TOTAL NUMBER OF HYDROGEN BONDS OF TYPE O(I)-->H-N(I+5), SAME NUMBER PER 100 RESIDUES                              .
  1  2  3  4  5  6  7  8  9 10 11 12 13 14 15 16 17 18 19 20 21 22 23 24 25 26 27 28 29 30     *** HISTOGRAMS OF ***           .
  0  0  0  0  0  0  0  3  0  2  0  0  0  0  1  0  0  0  1  0  0  0  0  0  0  1  0  0  0  0    RESIDUES PER ALPHA HELIX         .
  0  0  0  0  0  0  0  0  0  0  0  0  0  0  0  0  0  0  0  0  0  0  0  0  0  0  0  0  0  0    PARALLEL BRIDGES PER LADDER      .
  3  0  2  1  0  2  0  0  0  0  0  0  0  0  0  0  0  0  0  0  0  0  0  0  0  0  0  0  0  0    ANTIPARALLEL BRIDGES PER LADDER  .
  0  3  0  0  0  0  0  0  0  0  0  0  0  0  0  0  0  0  0  0  0  0  0  0  0  0  0  0  0  0    LADDERS PER SHEET                .
  #  RESIDUE AA STRUCTURE BP1 BP2  ACC     N-H-->O    O-->H-N    N-H-->O    O-->H-N    TCO  KAPPA ALPHA  PHI   PSI    X-CA   Y-CA   Z-CA            CHAIN
    1    1 A M              0   0  224      0, 0.0     2,-0.1     0, 0.0     0, 0.0   0.000 360.0 360.0 360.0 126.7   52.5   -0.8  -24.7               
    2    2 A P        -     0   0  120      0, 0.0     2,-0.1     0, 0.0     0, 0.0   0.856 360.0-171.1 -86.3 165.8   53.3   -3.4  -23.1               
    3    3 A S        +     0   0   96     -2,-0.1     0, 0.0     0, 0.0     0, 0.0  -0.134  22.4  40.9  90.5 109.9   51.8   -6.4  -23.5               
    4    4 A S        +     0   0  114     -2,-0.1     0, 0.0     1,-0.0     0, 0.0   0.952  19.8 131.7  72.2 121.4   51.6   -9.9  -22.0               
    5    5 A L        +     0   0  164      1,-0.0     2,-0.3     0, 0.0    -1,-0.0   0.031  22.8 131.9-176.9 115.0   51.5  -12.5  -19.4               
    6    6 A F        +     0   0  222      0, 0.0     2,-0.3     0, 0.0    -1,-0.0  -0.931  37.2 122.4-130.3 115.2   49.1  -15.5  -19.0               
    7    7 A A        +     0   0   71     -2,-0.3     0, 0.0     1,-0.2     0, 0.0  -0.904  26.1  78.1-160.4 152.5   50.9  -18.7  -18.1               
    8    8 A D        -     0   0  144     -2,-0.3    -1,-0.2     0, 0.0     2,-0.0   0.729  32.6-109.8  73.5 146.8   51.1  -21.5  -15.5               
    9    9 A L        +     0   0  125      0, 0.0    -2,-0.0     0, 0.0     0, 0.0   0.457  14.5  20.3-174.1 146.8   50.1  -24.1  -14.0               
   10   10 A E        +     0   0  138     -2,-0.0     0, 0.0     0, 0.0     0, 0.0   0.511  10.5 153.2  61.4 164.8   49.0  -27.3  -12.1               
   11   11 A R        -     0   0  198      2,-0.0     0, 0.0     0, 0.0     0, 0.0   0.674  24.3 -57.0-172.5 142.9   47.5  -29.5  -10.0               
   12   12 A N        +     0   0  140      0, 0.0     2,-0.2     0, 0.0     0, 0.0   0.525  21.9 173.5 173.4 142.0   46.1  -32.2   -8.3               
   13   13 A G        -     0   0   61      0, 0.0     2,-0.2     0, 0.0    -2,-0.0  -0.724   8.3-161.2-116.5 163.2   43.3  -34.8   -8.5               
   14   14 A S        +     0   0  129     -2,-0.2     0, 0.0     2,-0.1     0, 0.0  -0.660  27.6 121.1-175.7 137.7   41.9  -38.0   -6.7               
   15   15 A G        -     0   0   78     -2,-0.2    -1,-0.0     0, 0.0     0, 0.0   0.542  35.8-122.2 171.2 146.3   39.9  -40.4   -7.5               
   16   16 A G        +     0   0   88      0, 0.0    -2,-0.1     0, 0.0     2,-0.0   0.515  19.2 151.1  84.6 139.9   37.6  -43.3   -8.5               
   17   17 A G        -     0   0   83      0, 0.0     0, 0.0     0, 0.0     0, 0.0   0.557  20.8-143.8 164.7 155.9   35.7  -44.9  -10.5               
   18   18 A G        +     0   0   83     -2,-0.0     0, 0.0     0, 0.0     0, 0.0   0.780  38.6  37.1 118.7 100.7   33.8  -47.6  -12.4               
   19   19 A G        +     0   0   87      0, 0.0     2,-0.0     0, 0.0     0, 0.0   0.705  35.7 156.0  77.8 138.9   32.5  -48.8  -15.8               
   20   20 A G        +     0   0   72      0, 0.0     0, 0.0     0, 0.0     0, 0.0   0.195  19.2 152.6 160.3 127.2   32.5  -49.2  -18.9               
   21   21 A S        -     0   0  122     -2,-0.0     0, 0.0     0, 0.0     0, 0.0   0.746  30.2 -36.9  62.6 146.1   32.3  -50.0  -22.7               
   22   22 A S        +     0   0  112      0, 0.0     0, 0.0     0, 0.0     0, 0.0   0.423  33.5  45.7-171.9 146.3   32.6  -49.0  -25.7               
   23   23 A G        -     0   0   81      0, 0.0     2,-0.1     0, 0.0     0, 0.0   0.438  26.7-132.1  85.5 135.5   32.7  -47.6  -29.3               
   24   24 A G        +     0   0   79      0, 0.0     0, 0.0     0, 0.0     0, 0.0  -0.242  42.8  95.1 143.8  95.3   33.3  -45.2  -31.2               
   25   25 A G        +     0   0   68      1,-0.2     2,-0.3    -2,-0.1     4,-0.1   0.674  43.4 123.6 128.9  56.2   33.1  -42.6  -33.9               
   26   26 A E        +     0   0  133      1,-0.1    -1,-0.2     2,-0.1     0, 0.0  -0.885  34.9  99.3-137.1  97.5   31.8  -39.1  -33.0               
   27   27 A T  S    S+     0   0  125     -2,-0.3     4,-0.1     0, 0.0    -1,-0.1   0.283  93.1  36.0-143.9 -12.0   34.2  -36.2  -33.9               
   28   28 A L  S  > S+     0   0  134     -3,-0.1     4,-2.0     2,-0.1     5,-0.1   0.683 112.2  57.2-107.9 -32.9   32.6  -34.9  -37.2               
   29   29 A D  H  > S+     0   0  100      2,-0.2     4,-2.8     1,-0.2     5,-0.2   0.901 105.8  51.0 -71.2 -35.2   28.9  -35.6  -36.3               
   30   30 A D  H  > S+     0   0   79      2,-0.2     4,-2.8     1,-0.2    -1,-0.2   0.909 110.7  49.4 -61.9 -41.5   29.1  -33.3  -33.2               
   31   31 A Q  H  > S+     0   0  131      2,-0.2     4,-1.7     1,-0.2    -2,-0.2   0.891 114.5  45.1 -65.4 -37.1   30.6  -30.6  -35.4               
   32   32 A R  H  X S+     0   0  176     -4,-2.0     4,-2.4     2,-0.2    -2,-0.2   0.864 112.1  51.5 -72.3 -37.9   27.8  -31.1  -37.9               
   33   33 A A  H  X S+     0   0   55     -4,-2.8     4,-1.9     2,-0.2    -2,-0.2   0.912 110.4  48.9 -66.6 -42.1   25.2  -31.2  -35.1               
   34   34 A L  H  X S+     0   0  102     -4,-2.8     4,-2.5     2,-0.2    -2,-0.2   0.905 112.0  49.1 -61.1 -42.2   26.6  -27.8  -33.7               
   35   35 A Q  H  X S+     0   0  124     -4,-1.7     4,-2.2     1,-0.2    -2,-0.2   0.912 113.1  46.5 -65.2 -40.9   26.4  -26.4  -37.3               
   36   36 A L  H  X S+     0   0   89     -4,-2.4     4,-2.2     2,-0.2    -2,-0.2   0.758 112.3  51.3 -70.1 -28.5   22.7  -27.6  -37.6               
   37   37 A A  H  X S+     0   0   43     -4,-1.9     4,-2.5     2,-0.2    -2,-0.2   0.901 112.2  45.5 -73.6 -42.0   21.9  -26.2  -34.1               
   38   38 A L  H  X S+     0   0   98     -4,-2.5     4,-1.7     2,-0.2    -2,-0.2   0.878 114.2  49.5 -65.1 -38.2   23.4  -22.8  -35.1               
   39   39 A D  H  X S+     0   0   93     -4,-2.2     4,-2.4     2,-0.2     5,-0.2   0.949 112.7  46.5 -68.3 -43.7   21.5  -23.0  -38.5               
   40   40 A Q  H  X S+     0   0  117     -4,-2.2     4,-2.6     2,-0.2    -2,-0.2   0.899 111.6  51.5 -64.0 -39.3   18.2  -23.8  -36.6               
   41   41 A L  H  < S+     0   0  128     -4,-2.5     5,-0.4     1,-0.2    -1,-0.2   0.843 113.9  45.3 -63.3 -32.2   18.9  -21.0  -34.1               
   42   42 A S  H >< S+     0   0   92     -4,-1.7     3,-0.6    -5,-0.1    -2,-0.2   0.832 117.1  43.8 -77.2 -34.4   19.4  -18.7  -37.2               
   43   43 A L  H 3< S+     0   0  142     -4,-2.4    -2,-0.2     1,-0.2    -3,-0.2   0.791  99.2  70.2 -81.8 -31.6   16.3  -20.0  -39.0               
   44   44 A L  T 3< S-     0   0  129     -4,-2.6    -1,-0.2    -5,-0.2    -2,-0.1   0.238  91.2-155.9 -79.1  12.7   14.1  -20.0  -35.8               
   45   45 A G    <   -     0   0   43     -3,-0.6     2,-1.9     1,-0.2    -3,-0.1   0.500  16.3-155.3  34.7  66.3   14.3  -16.2  -36.2               
   46   46 A L        -     0   0  152     -5,-0.4    -1,-0.2     1,-0.2    -2,-0.1  -0.623  10.6-172.9 -69.3  86.8   13.7  -14.5  -32.8               
   47   47 A D        +     0   0  156     -2,-1.9     2,-0.7    -3,-0.1    -1,-0.2   0.144  35.2 140.9 -68.5  20.6   12.4  -11.3  -34.4               
   48   48 A S        -     0   0   89      1,-0.1     2,-2.2     2,-0.1    -2,-0.1  -0.641  63.6-121.8 -63.8 110.0   12.5  -10.0  -30.8               
   49   49 A D        +     0   0  153     -2,-0.7     2,-0.2     1,-0.1    -1,-0.1  -0.369  68.2 131.0 -63.4  71.3   13.8   -6.4  -31.3               
   50   50 A E        -     0   0  168     -2,-2.2     2,-2.4     2,-0.0    -1,-0.1  -0.707  36.0-172.2-121.8  71.8   17.0   -6.7  -29.1               
   51   51 A G        -     0   0   72     -2,-0.2     2,-1.3     1,-0.1    -2,-0.1  -0.476  11.4-159.2 -63.1  74.1   19.5   -5.3  -31.5               
   52   52 A A        -     0   0   78     -2,-2.4     2,-2.5     1,-0.1    -1,-0.1  -0.486   4.0-153.8 -63.3  92.1   22.5   -6.2  -29.2               
   53   53 A S    >   +     0   0   83     -2,-1.3     3,-0.7     1,-0.2    -1,-0.1  -0.412  34.0 156.4 -70.0  66.8   25.1   -3.8  -30.6               
   54   54 A L  T 3   +     0   0  139     -2,-2.5    -1,-0.2     1,-0.2     3,-0.1   0.105  61.6  65.9 -82.5  20.7   28.0   -6.1  -29.5               
   55   55 A Y  T 3  S+     0   0  217      1,-0.1    -1,-0.2     0, 0.0     2,-0.2  -0.089  76.6  78.0-143.9  40.0   30.2   -4.5  -32.2               
   56   56 A D    <   +     0   0  122     -3,-0.7     2,-0.4     3,-0.0    -1,-0.1  -0.676  37.7 156.5-139.5  97.0   30.8   -0.8  -31.4               
   57   57 A S        +     0   0  124     -2,-0.2    -3,-0.0    -3,-0.1    -1,-0.0  -0.589  28.4 128.4-102.5  65.9   33.4   -0.2  -28.7               
   58   58 A E        -     0   0  102     -2,-0.4     2,-2.2     3,-0.0     3,-0.3  -0.794  39.3-168.5-113.9  89.4   34.4    3.3  -29.7               
   59   59 A P        +     0   0  116      0, 0.0    -2,-0.0     0, 0.0    -3,-0.0  -0.399  56.7  90.3 -80.7  69.7   34.0    5.2  -26.3               
   60   60 A R        +     0   0  213     -2,-2.2     2,-0.4     2,-0.1     0, 0.0   0.256  52.7  90.3-157.7  26.3   34.3    8.9  -27.7               
   61   61 A K  S    S-     0   0  157     -3,-0.3     3,-0.0     3,-0.0    -1,-0.0  -0.972  80.4 -94.4-125.8 145.4   31.0   10.6  -28.7               
   62   62 A K        -     0   0  199     -2,-0.4     2,-1.0     1,-0.1    -2,-0.1  -0.287  47.9-106.4 -49.8 127.6   28.7   12.8  -26.5               
   63   63 A S        -     0   0  100      1,-0.0     2,-0.2     3,-0.0    -1,-0.1  -0.482  38.8-154.8 -65.0  96.7   25.9   10.7  -25.0               
   64   64 A V        -     0   0  127     -2,-1.0     2,-0.2     1,-0.1    53,-0.2  -0.503  28.8 -97.3 -67.5 140.9   22.8   11.8  -27.1               
   65   65 A N        -     0   0  107     -2,-0.2     2,-0.2    51,-0.1    51,-0.2  -0.462  37.5-138.0 -61.4 128.6   19.5   11.3  -25.3               
   66   66 A M  E     -A  115   0A  91     49,-2.2    49,-2.4    -2,-0.2     2,-0.4  -0.639  12.8-157.0 -81.8 147.0   17.7    8.0  -26.3               
   67   67 A T  E     +A  114   0A  74     -2,-0.2     2,-0.3    47,-0.2    47,-0.2  -0.999  13.1 179.7-126.8 132.9   13.9    8.0  -27.0               
   68   68 A E  E     -A  113   0A  45     45,-2.6    45,-3.1    -2,-0.4     2,-0.5  -0.970  22.8-135.3-133.9 143.5   11.8    4.8  -26.7               
   69   69 A C  E     -A  112   0A  81     -2,-0.3    43,-0.2    43,-0.2    -2,-0.0  -0.872  17.2-164.4-100.8 130.0    8.1    4.1  -27.2               
   70   70 A V  E     -A  111   0A   0     41,-3.0    41,-2.7    -2,-0.5     2,-0.1  -0.914   7.5-152.9-121.8  99.7    6.5    1.8  -24.6               
   71   71 A P  E     -A  110   0A  90      0, 0.0    39,-0.2     0, 0.0    37,-0.0  -0.430   8.4-165.0 -72.6 147.9    3.0    0.3  -25.5               
   72   72 A V        -     0   0    7     37,-1.6     6,-0.1    -2,-0.1     5,-0.1  -0.996  30.8-113.4-135.5 140.5    0.6   -0.6  -22.7               
   73   73 A P  S    S-     0   0   93      0, 0.0     2,-0.3     0, 0.0    37,-0.1   0.575  88.5  -8.4 -60.9 -16.1   -2.6   -2.9  -23.2               
   74   74 A S    >>  -     0   0   34     35,-0.2     4,-1.9     1,-0.1     3,-0.7  -0.946  66.5-104.2-166.9 161.3   -5.2   -0.1  -22.6               
   75   75 A S  H 3> S+     0   0   52     -2,-0.3     4,-1.9     1,-0.2     5,-0.1   0.738 119.6  60.7 -63.2 -21.8   -5.7    3.5  -21.4               
   76   76 A E  H 3> S+     0   0  113      2,-0.2     4,-1.5     1,-0.2    -1,-0.2   0.849 103.1  49.6 -75.4 -32.5   -7.0    2.1  -18.1               
   77   77 A H  H <> S+     0   0   14     -3,-0.7     4,-2.3     2,-0.2     5,-0.2   0.936 108.6  54.0 -66.5 -42.6   -3.6    0.4  -17.5               
   78   78 A V  H  X S+     0   0   11     -4,-1.9     4,-2.8     1,-0.2     5,-0.2   0.922 106.9  52.0 -53.1 -46.7   -2.0    3.9  -18.4               
   79   79 A A  H  X S+     0   0   59     -4,-1.9     4,-2.2     1,-0.2    -1,-0.2   0.879 110.5  46.5 -61.7 -39.2   -4.2    5.4  -15.6               
   80   80 A E  H  < S+     0   0   61     -4,-1.5    -1,-0.2     2,-0.2    -2,-0.2   0.861 114.0  47.9 -72.8 -34.3   -3.0    2.8  -13.0               
   81   81 A I  H  < S+     0   0    9     -4,-2.3    -2,-0.2     1,-0.2    -1,-0.2   0.911 114.7  46.5 -67.9 -44.6    0.7    3.3  -14.0               
   82   82 A V  H  < S-     0   0   27     -4,-2.8     7,-1.8    -5,-0.2     6,-0.9   0.906 101.4-163.6 -63.3 -42.3    0.3    7.1  -13.8               
   83   83 A G    ><  -     0   0   15     -4,-2.2     3,-2.1    -5,-0.2    -2,-0.1   0.098  36.5 -31.8  74.1 169.7   -1.6    6.9  -10.4               
   84   84 A R  G >  S-     0   0  229      1,-0.3     3,-1.9     2,-0.2     4,-0.1  -0.344 135.0  -3.0 -59.2 130.4   -3.7    9.5   -8.6               
   85   85 A Q  G 3  S-     0   0  177      1,-0.3    -1,-0.3     2,-0.1    -2,-0.1   0.696 122.7 -75.9  56.1  21.9   -2.5   13.1   -9.4               
   86   86 A G  G <> S+     0   0   11     -3,-2.1     4,-2.4    -7,-0.1    -1,-0.3   0.729  92.5 143.6  65.8  20.5    0.4   11.5  -11.5               
   87   87 A C  H <>  +     0   0   73     -3,-1.9     4,-2.0     2,-0.2    -4,-0.2   0.894  69.0  45.0 -62.0 -39.2    2.1   10.6   -8.2               
   88   88 A K  H  > S+     0   0   98     -6,-0.9     4,-2.7     2,-0.2    -5,-0.2   0.946 114.4  46.7 -70.8 -47.6    3.5    7.2   -9.5               
   89   89 A I  H  > S+     0   0    5     -7,-1.8     4,-2.7     2,-0.2     5,-0.2   0.872 111.8  52.7 -66.1 -33.4    4.7    8.5  -12.9               
   90   90 A K  H  X S+     0   0  130     -4,-2.4     4,-2.2    -8,-0.3    -1,-0.2   0.936 111.7  46.1 -61.9 -45.4    6.3   11.5  -11.0               
   91   91 A A  H  X S+     0   0   61     -4,-2.0     4,-2.4     2,-0.2    -2,-0.2   0.900 113.3  49.5 -63.6 -40.4    8.2    9.0   -8.8               
   92   92 A L  H  X S+     0   0   19     -4,-2.7     4,-2.3     2,-0.2     6,-0.3   0.929 111.4  48.2 -66.4 -44.8    9.2    6.9  -11.8               
   93   93 A R  H  X>S+     0   0   77     -4,-2.7     4,-1.0     1,-0.2     5,-0.7   0.908 115.2  46.3 -58.4 -43.3   10.5    9.9  -13.7               
   94   94 A A  H  <5S+     0   0   73     -4,-2.2    -2,-0.2    -5,-0.2    -1,-0.2   0.856 113.8  48.2 -68.9 -36.4   12.5   11.0  -10.6               
   95   95 A K  H  <5S+     0   0  127     -4,-2.4    -2,-0.2     1,-0.2    -1,-0.2   0.865 123.0  32.2 -68.0 -41.0   13.8    7.4  -10.0               
   96   96 A T  H  <5S-     0   0    0     -4,-2.3    -2,-0.2    -5,-0.2    -1,-0.2   0.408  97.6-129.6 -99.6  -4.3   14.9    6.9  -13.6               
   97   97 A N  T  <5 +     0   0  108     -4,-1.0     2,-0.3     1,-0.2    -3,-0.2   0.717  64.7 135.8  54.2  25.2   15.9   10.5  -14.5               
   98   98 A T      < -     0   0    7     -5,-0.7     2,-0.7    -6,-0.3    17,-0.2  -0.721  61.2-128.4 -99.8 149.0   13.7   10.1  -17.7               
   99   99 A Y  E     -B  114   0A 152     15,-3.0    15,-3.0    -2,-0.3     2,-0.6  -0.872  31.0-169.0 -85.1 118.4   11.2   12.4  -19.3               
  100  100 A I  E     -B  113   0A   0     -2,-0.7     2,-0.3    13,-0.2    13,-0.2  -0.904  10.8-151.2-116.6 103.3    8.1   10.2  -19.8               
  101  101 A K  E     -B  112   0A 110     11,-2.9    11,-1.6    -2,-0.6    -2,-0.0  -0.580  14.4-144.8 -67.1 125.6    5.3   11.6  -22.0               
  102  102 A T        -     0   0   43     -2,-0.3     9,-0.1     9,-0.2     2,-0.0  -0.835  19.7-117.1 -89.5 131.8    1.9   10.2  -20.9               
  103  103 A P        -     0   0   18      0, 0.0     2,-0.1     0, 0.0     8,-0.1  -0.339  34.2-104.5 -66.7 149.3   -0.6    9.5  -23.7               
  104  104 A V    >   -     0   0   90      1,-0.1     3,-2.2     4,-0.1     2,-0.9  -0.375  42.5 -89.8 -73.4 152.2   -3.9   11.6  -23.6               
  105  105 A R  T 3  S+     0   0  244      1,-0.3    -1,-0.1    -2,-0.1     3,-0.1  -0.545 121.5  24.7 -66.3 105.6   -7.1    9.9  -22.5               
  106  106 A G  T 3  S+     0   0   74     -2,-0.9    -1,-0.3     1,-0.6     2,-0.1   0.078 103.0 101.7 117.2 -14.3   -8.5    8.5  -25.8               
  107  107 A E  S <  S-     0   0   99     -3,-2.2    -1,-0.6     1,-0.2   -32,-0.1  -0.389  91.6 -68.0 -81.6 169.8   -5.1    8.3  -27.7               
  108  108 A E        -     0   0  147      1,-0.1     2,-2.5    -2,-0.1    -1,-0.2  -0.344  52.9-113.1 -55.4 133.7   -3.1    5.1  -28.2               
  109  109 A P  S    S+     0   0   28      0, 0.0   -37,-1.6     0, 0.0     2,-0.5  -0.245  70.7 132.9 -75.0  57.4   -1.8    3.8  -24.8               
  110  110 A V  E     -A   71   0A  31     -2,-2.5     2,-0.4   -39,-0.2    -3,-0.0  -0.926  44.7-151.2-111.8 123.7    1.9    4.4  -25.7               
  111  111 A F  E     -A   70   0A   0    -41,-2.7   -41,-3.0    -2,-0.5     2,-0.6  -0.761   9.3-145.7 -84.2 140.2    4.4    6.1  -23.3               
  112  112 A V  E     -AB  69 101A  44    -11,-1.6   -11,-2.9    -2,-0.4     2,-0.5  -0.945  17.3-165.9-108.6 116.6    7.3    8.1  -24.9               
  113  113 A V  E     -AB  68 100A   0    -45,-3.1   -45,-2.6    -2,-0.6     2,-0.4  -0.916   8.0-179.0-110.2 122.4   10.4    7.8  -22.7               
  114  114 A T  E     +AB  67  99A  39    -15,-3.0   -15,-3.0    -2,-0.5     2,-0.2  -0.980  32.5  85.7-125.4 132.6   13.5   10.1  -23.2               
  115  115 A G  E    S-A   66   0A   4    -49,-2.4   -49,-2.2    -2,-0.4     2,-0.2  -0.915  78.8 -25.3 176.7-157.4   16.7   10.0  -21.2               
  116  116 A R     >  -     0   0  118     -2,-0.2     4,-2.8   -51,-0.2     5,-0.2  -0.511  66.7-107.9 -75.6 157.8   20.2    8.3  -21.0               
  117  117 A K  H  > S+     0   0  132      1,-0.2     4,-2.0   -53,-0.2     5,-0.1   0.895 121.0  43.3 -58.6 -42.5   20.3    4.8  -22.6               
  118  118 A E  H  > S+     0   0  109      2,-0.2     4,-1.6     1,-0.2    -1,-0.2   0.871 115.3  49.0 -67.4 -40.3   20.5    3.1  -19.2               
  119  119 A D  H  > S+     0   0   14      2,-0.2     4,-2.4     1,-0.2    -2,-0.2   0.897 111.7  48.6 -68.8 -43.7   17.8    5.3  -17.6               
  120  120 A V  H  X S+     0   0    2     -4,-2.8     4,-3.0     2,-0.2     5,-0.2   0.947 109.9  51.4 -63.9 -47.5   15.4    4.8  -20.6               
  121  121 A A  H  X S+     0   0   46     -4,-2.0     4,-2.0    -5,-0.2    -1,-0.2   0.863 111.2  48.8 -60.4 -37.3   15.8    0.9  -20.4               
  122  122 A M  H  X S+     0   0   89     -4,-1.6     4,-2.1     2,-0.2    -1,-0.2   0.948 113.2  46.4 -65.1 -47.6   15.1    1.0  -16.6               
  123  123 A A  H  X S+     0   0    0     -4,-2.4     4,-2.2     2,-0.2    -2,-0.2   0.912 111.2  52.2 -62.6 -43.3   11.9    3.2  -17.2               
  124  124 A R  H  X S+     0   0   98     -4,-3.0     4,-2.5     1,-0.2     5,-0.2   0.941 110.5  48.3 -55.1 -51.4   10.7    0.9  -20.1               
  125  125 A R  H  X S+     0   0  188     -4,-2.0     4,-2.6     1,-0.2     5,-0.2   0.875 111.8  48.9 -60.9 -41.5   11.1   -2.2  -17.9               
  126  126 A E  H  X S+     0   0   58     -4,-2.1     4,-1.8     2,-0.2    -1,-0.2   0.863 111.8  49.0 -69.6 -34.8    9.2   -0.6  -15.0               
  127  127 A I  H  X S+     0   0    0     -4,-2.2     4,-2.2     2,-0.2    -2,-0.2   0.943 115.2  44.2 -66.4 -47.5    6.3    0.6  -17.3               
  128  128 A I  H  X S+     0   0   52     -4,-2.5     4,-2.7     2,-0.2     5,-0.2   0.964 114.0  48.9 -63.4 -50.9    5.9   -2.9  -18.9               
  129  129 A S  H  X S+     0   0   69     -4,-2.6     4,-2.3     1,-0.2    -1,-0.2   0.869 112.6  49.2 -60.2 -36.2    6.2   -4.8  -15.5               
  130  130 A A  H  X S+     0   0   25     -4,-1.8     4,-2.3    -5,-0.2    -1,-0.2   0.910 110.6  50.4 -67.3 -40.6    3.5   -2.5  -14.1               
  131  131 A A  H  X S+     0   0    5     -4,-2.2     4,-2.2     2,-0.2    -2,-0.2   0.932 113.2  45.6 -61.7 -45.4    1.3   -3.0  -17.1               
  132  132 A E  H  X S+     0   0  111     -4,-2.7     4,-2.7     2,-0.2     5,-0.2   0.921 111.3  53.3 -62.0 -44.8    1.6   -6.9  -16.8               
  133  133 A H  H  X S+     0   0   94     -4,-2.3     4,-1.9    -5,-0.2    -2,-0.2   0.918 112.0  43.7 -60.5 -44.1    1.0   -6.6  -13.0               
  134  134 A F  H  X S+     0   0   23     -4,-2.3     4,-2.0     2,-0.2    -1,-0.2   0.889 111.2  56.2 -69.9 -32.2   -2.3   -4.7  -13.5               
  135  135 A S  H  X S+     0   0   39     -4,-2.2     4,-2.9     2,-0.2    -2,-0.2   0.944 108.6  47.0 -60.4 -47.1   -3.2   -7.1  -16.3               
  136  136 A M  H  X S+     0   0  125     -4,-2.7     4,-2.5     1,-0.2     5,-0.2   0.896 110.2  52.4 -62.1 -41.9   -2.8  -10.1  -13.8               
  137  137 A I  H  X S+     0   0   59     -4,-1.9     4,-1.2    -5,-0.2    -1,-0.2   0.870 114.3  43.1 -63.7 -37.0   -4.9   -8.2  -11.2               
  138  138 A R  H  X S+     0   0   39     -4,-2.0     4,-2.9     2,-0.2    -2,-0.2   0.942 113.0  50.7 -75.4 -43.6   -7.7   -7.7  -13.7               
  139  139 A A  H  X S+     0   0   67     -4,-2.9     4,-1.6     1,-0.2    -2,-0.2   0.924 111.6  48.2 -57.9 -46.2   -7.6  -11.2  -15.2               
  140  140 A S  H  < S+     0   0   74     -4,-2.5     4,-0.3     1,-0.2    -1,-0.2   0.822 115.4  45.8 -66.3 -30.8   -7.8  -12.8  -11.7               
  141  141 A R  H >< S+     0   0  179     -4,-1.2     3,-1.3    -5,-0.2    -2,-0.2   0.920 109.4  53.2 -73.7 -45.1  -10.8  -10.4  -10.8               
  142  142 A N  H >X S+     0   0  113     -4,-2.9     3,-1.4     1,-0.3     4,-0.7   0.793  96.4  66.2 -68.0 -29.1  -12.7  -11.0  -14.0               
  143  143 A K  T 3< S+     0   0  177     -4,-1.6    -1,-0.3     1,-0.3     3,-0.2   0.781 103.7  49.0 -57.3 -25.2  -12.7  -14.9  -13.7               
  144  144 A N  T <4 S+     0   0   83     -3,-1.3    -1,-0.3    -4,-0.3    -2,-0.2   0.009 106.9  52.5-109.8  20.8  -14.9  -14.4  -10.6               
  145  145 A T  T <4 S+     0   0  110     -3,-1.4    -1,-0.2     7,-0.0    -2,-0.2   0.435  84.2  81.1-129.6  -9.4  -17.6  -12.0  -12.0               
  146  146 A A  S  < S+     0   0   86     -4,-0.7     2,-0.4    -3,-0.2     3,-0.1   0.430  82.3  69.1 -86.8   0.2  -18.8  -13.8  -15.3               
  147  147 A L  S    S+     0   0  156      1,-0.2    -1,-0.1    -4,-0.1     0, 0.0  -0.990  99.4   7.7-124.1 123.8  -21.2  -16.3  -13.5               
  148  148 A N        -     0   0  146     -2,-0.4     2,-2.1     1,-0.1    -1,-0.2   0.981  54.8-143.9  70.0  95.8  -24.5  -15.0  -11.8               
  149  149 A G  S    S+     0   0   96     -3,-0.1     2,-0.2     3,-0.0    -1,-0.1  -0.527  71.7  98.8 -70.1  71.1  -25.7  -11.4  -12.2               
  150  150 A A  S    S-     0   0   73     -2,-2.1     0, 0.0     1,-0.1     0, 0.0  -0.802  86.8 -17.3-157.4 127.8  -27.0  -11.4   -8.6               
  151  151 A V        -     0   0  138     -2,-0.2     2,-1.9     1,-0.2    -1,-0.1   0.940  65.8-124.0  45.1 103.0  -25.2   -9.8   -5.5               
  152  152 A P        +     0   0  139      0, 0.0    -1,-0.2     0, 0.0    -3,-0.0  -0.451  45.6 161.4 -77.0  80.2  -21.4   -9.2   -5.9               
  153  153 A G        -     0   0   46     -2,-1.9     0, 0.0     1,-0.1     0, 0.0  -0.697  46.8 -94.8 -88.0 149.3  -19.9  -11.2   -3.0               
  154  154 A P        -     0   0   37      0, 0.0     2,-0.5     0, 0.0    -1,-0.1  -0.286  48.4 -95.6 -71.6 158.4  -16.2  -12.1   -3.1               
  155  155 A P        -     0   0   57      0, 0.0     2,-0.5     0, 0.0   -11,-0.0  -0.603  28.5-133.1 -97.5 119.1  -15.3  -15.6   -4.4               
  156  156 A N        -     0   0   85     -2,-0.5     6,-0.0     4,-0.1     3,-0.0  -0.501  14.1-153.1 -69.5 114.0  -14.7  -18.6   -2.1               
  157  157 A L    >   -     0   0   98     -2,-0.5     3,-2.6     1,-0.1     2,-0.2  -0.555  46.1 -82.3 -65.5 150.9  -11.6  -20.6   -2.9               
  158  158 A P  T 3  S+     0   0  139      0, 0.0    -1,-0.1     0, 0.0     3,-0.1  -0.443 126.0  26.2 -58.5 120.4  -11.9  -24.3   -1.8               
  159  159 A G  T 3  S+     0   0   46      1,-0.5     2,-0.3    -2,-0.2    -3,-0.0   0.178 101.6 103.7  98.0 -10.2  -11.1  -24.0    2.0               
  160  160 A Q    <   -     0   0   69     -3,-2.6    -1,-0.5    50,-0.2     2,-0.3  -0.686  51.8-165.1 -88.1 153.7  -12.1  -20.4    2.4               
  161  161 A T  E     -C  209   0B  49     48,-2.9    48,-2.1    -2,-0.3     2,-0.4  -0.953  10.1-146.5-129.8 153.7  -15.4  -19.5    4.0               
  162  162 A T  E     -C  208   0B  45     -2,-0.3     2,-0.3    46,-0.2    46,-0.2  -0.990  19.1-178.4-121.4 124.5  -17.4  -16.2    4.1               
  163  163 A I  E     -C  207   0B  40     44,-2.4    44,-2.6    -2,-0.4     2,-0.5  -0.797  24.0-129.4-113.3 162.0  -19.5  -15.2    7.2               
  164  164 A Q  E     -C  206   0B 146     -2,-0.3     2,-0.7    42,-0.2    42,-0.2  -0.955  17.2-163.4-111.7 117.8  -21.7  -12.2    7.9               
  165  165 A V  E     -C  205   0B   4     40,-2.9    40,-2.7    -2,-0.5     2,-0.4  -0.899   9.5-154.0-105.0 105.8  -21.0  -10.3   11.2               
  166  166 A R  E     +C  204   0B 189     -2,-0.7    38,-0.2    38,-0.2    -2,-0.0  -0.698  17.9 179.6 -83.8 131.3  -24.0   -8.0   12.1               
  167  167 A V        -     0   0    5     36,-2.5     5,-0.1    -2,-0.4     2,-0.1  -0.970  35.8 -94.9-134.3 141.5  -23.0   -5.0   14.3               
  168  168 A P    >>  -     0   0   67      0, 0.0     3,-2.1     0, 0.0     4,-1.1  -0.353  35.0-123.3 -58.7 135.5  -25.0   -2.1   15.8               
  169  169 A Y  H 3> S+     0   0  151      1,-0.3     4,-0.6     2,-0.2     3,-0.4   0.809 109.4  60.5 -47.6 -38.2  -25.0    1.0   13.6               
  170  170 A R  H 34 S+     0   0  239      1,-0.2    -1,-0.3     2,-0.1     4,-0.1   0.772 110.1  40.0 -62.4 -28.9  -23.5    3.2   16.4               
  171  171 A V  H X> S+     0   0    6     -3,-2.1     4,-1.9     2,-0.1     3,-0.9   0.553  86.5  90.7-106.7  -6.6  -20.4    1.0   16.7               
  172  172 A V  H 3X S+     0   0   26     -4,-1.1     4,-2.6    -3,-0.4     5,-0.2   0.916  89.8  52.7 -51.0 -44.4  -19.6    0.3   13.0               
  173  173 A G  H 3X S+     0   0   54     -4,-0.6     4,-2.2     1,-0.2    -1,-0.3   0.810 107.2  51.6 -63.5 -28.9  -17.4    3.5   13.1               
  174  174 A L  H <4 S+     0   0   66     -3,-0.9    -1,-0.2     2,-0.2    -2,-0.2   0.852 111.0  47.2 -75.5 -36.3  -15.5    2.1   16.2               
  175  175 A V  H  < S+     0   0    0     -4,-1.9     8,-0.3     1,-0.1    -2,-0.2   0.923 118.0  41.4 -69.1 -46.3  -14.8   -1.3   14.3               
  176  176 A V  H  < S-     0   0   31     -4,-2.6     7,-1.5    -5,-0.2     6,-1.4   0.955  98.5-173.3 -64.2 -48.1  -13.7    0.6   11.1               
  177  177 A G    ><  -     0   0   12     -4,-2.2     3,-2.2    -5,-0.2    -2,-0.1   0.035  41.9 -21.3  70.7 175.6  -11.7    3.2   13.2               
  178  178 A P  G >  S-     0   0  103      0, 0.0     3,-2.2     0, 0.0     4,-0.1  -0.293 136.3 -12.7 -59.0 124.6  -10.0    6.4   12.0               
  179  179 A K  G 3  S-     0   0  210      1,-0.3    -2,-0.1     2,-0.1    -3,-0.0   0.705 123.6 -67.2  54.3  24.8   -9.2    6.0    8.2               
  180  180 A G  G <> S+     0   0   11     -3,-2.2     4,-2.0    -7,-0.1    -1,-0.3   0.643  98.0 138.7  74.4  14.2  -10.0    2.3    8.5               
  181  181 A A  H <>  +     0   0   52     -3,-2.2     4,-1.0     2,-0.2    -4,-0.2   0.784  69.0  46.8 -65.2 -28.5   -6.9    1.7   10.7               
  182  182 A T  H >> S+     0   0    3     -6,-1.4     4,-2.3     2,-0.2     3,-0.6   0.974 113.5  44.8 -76.9 -53.8   -8.8   -0.7   13.1               
  183  183 A I  H 3> S+     0   0    5     -7,-1.5     4,-2.2    -8,-0.3    -2,-0.2   0.808 113.0  53.3 -64.2 -28.5  -10.5   -2.9   10.5               
  184  184 A K  H 3X S+     0   0  133     -4,-2.0     4,-2.0    -8,-0.4    -1,-0.3   0.855 108.5  50.1 -68.6 -35.8   -7.2   -3.1    8.5               
  185  185 A R  H <X S+     0   0  128     -4,-1.0     4,-2.7    -3,-0.6     5,-0.2   0.949 110.6  48.6 -66.8 -46.5   -5.4   -4.2   11.7               
  186  186 A I  H  X S+     0   0    2     -4,-2.3     4,-2.5     1,-0.2     5,-0.3   0.943 112.4  49.4 -58.0 -49.1   -8.1   -7.0   12.3               
  187  187 A Q  H  X>S+     0   0   38     -4,-2.2     4,-1.4     1,-0.2     5,-1.2   0.899 114.5  45.3 -53.9 -44.4   -7.7   -8.1    8.6               
  188  188 A Q  H  <5S+     0   0  151     -4,-2.0    -2,-0.2     2,-0.2    -1,-0.2   0.863 116.0  44.4 -72.2 -37.9   -3.9   -8.2    9.0               
  189  189 A Q  H  <5S+     0   0   93     -4,-2.7    -2,-0.2     1,-0.2    -1,-0.2   0.851 123.1  36.0 -71.8 -39.2   -3.8  -10.1   12.4               
  190  190 A T  H  <5S-     0   0    1     -4,-2.5    -2,-0.2    -5,-0.2    -3,-0.2   0.652 102.3-127.2 -90.1 -16.4   -6.5  -12.6   11.4               
  191  191 A H  T  <5 +     0   0  137     -4,-1.4    19,-0.4    -5,-0.3     2,-0.3   0.871  65.8 130.6  59.2  43.9   -5.5  -13.0    7.7               
  192  192 A T      < -     0   0   13     -5,-1.2     2,-0.5    -6,-0.3    -1,-0.3  -0.811  59.5-128.0-115.1 159.4   -9.0  -12.3    6.6               
  193  193 A Y  E     -D  208   0B 134     15,-2.9    15,-2.9    -2,-0.3     2,-0.5  -0.959  27.7-164.2-103.3 127.0  -10.6   -9.9    4.0               
  194  194 A I  E     -D  207   0B   5     -2,-0.5     2,-0.5    13,-0.2    13,-0.2  -0.937  11.0-149.8-123.6 112.8  -13.4   -7.8    5.5               
  195  195 A V  E     -D  206   0B  48     11,-2.6    11,-1.1    -2,-0.5    -2,-0.0  -0.648  16.5-144.3 -75.7 119.4  -15.9   -5.9    3.4               
  196  196 A T        -     0   0   58     -2,-0.5     9,-0.1     9,-0.2    -2,-0.0  -0.804  20.7-121.7 -84.0 124.5  -17.0   -2.7    5.3               
  197  197 A P        -     0   0   23      0, 0.0     2,-0.1     0, 0.0     8,-0.1  -0.278  27.6-106.8 -63.2 147.5  -20.7   -2.0    4.7               
  198  198 A S    >   -     0   0   65      1,-0.1     3,-2.0     4,-0.1     0, 0.0  -0.405  31.2-109.2 -66.5 154.9  -21.7    1.4    3.2               
  199  199 A R  T 3  S+     0   0  234      1,-0.3    -1,-0.1    -2,-0.1   -30,-0.0   0.740 120.2  51.3 -58.8 -25.3  -23.3    4.0    5.6               
  200  200 A D  T 3  S+     0   0  154      2,-0.1    -1,-0.3     3,-0.0     2,-0.2   0.142 102.6  74.3-100.5   9.3  -26.7    3.5    3.7               
  201  201 A K  S <  S-     0   0  134     -3,-2.0     0, 0.0     1,-0.1     0, 0.0  -0.688  98.7 -72.5-110.8 170.5  -26.6   -0.4    4.0               
  202  202 A E        -     0   0  119     -2,-0.2     2,-2.1     1,-0.1    -1,-0.1  -0.355  52.6-108.6 -57.7 147.4  -27.3   -2.8    6.8               
  203  203 A P  S    S+     0   0    7      0, 0.0   -36,-2.5     0, 0.0     2,-0.5  -0.324  72.4 136.6 -84.9  55.8  -24.3   -2.8    9.3               
  204  204 A V  E     -C  166   0B  26     -2,-2.1     2,-0.5   -38,-0.2   -38,-0.2  -0.928  42.9-152.9-108.4 120.4  -23.2   -6.3    8.2               
  205  205 A F  E     -C  165   0B   0    -40,-2.7   -40,-2.9    -2,-0.5     2,-0.7  -0.850   9.8-143.5 -90.3 126.5  -19.5   -7.0    7.7               
  206  206 A E  E     -CD 164 195B  60    -11,-1.1   -11,-2.6    -2,-0.5     2,-0.5  -0.835  18.8-166.3 -89.4 116.5  -18.6   -9.8    5.2               
  207  207 A V  E     -CD 163 194B   0    -44,-2.6   -44,-2.4    -2,-0.7     2,-0.4  -0.935   6.6-175.8-110.0 118.6  -15.6  -11.6    6.5               
  208  208 A T  E     +CD 162 193B   9    -15,-2.9   -15,-2.9    -2,-0.5     2,-0.3  -0.956  30.9  80.5-121.4 135.0  -13.7  -14.0    4.1               
  209  209 A G  E    S-C  161   0B   6    -48,-2.1   -48,-2.9    -2,-0.4   -17,-0.1  -0.972  82.7 -25.3 167.2-167.6  -10.8  -16.3    4.8               
  210  210 A M    >>  -     0   0   87    -19,-0.4     4,-2.4    -2,-0.3     3,-1.0  -0.466  66.0-114.2 -61.3 146.8   -9.9  -19.8    6.2               
  211  211 A P  H 3> S+     0   0   49      0, 0.0     4,-2.7     0, 0.0     5,-0.3   0.925 117.8  50.1 -55.0 -45.0  -12.6  -20.9    8.8               
  212  212 A E  H 3> S+     0   0  121      1,-0.2     4,-0.9     2,-0.2    -2,-0.0   0.732 115.3  44.8 -65.1 -24.5  -10.1  -20.7   11.7               
  213  213 A N  H <> S+     0   0   33     -3,-1.0     4,-1.6     2,-0.2    -1,-0.2   0.829 111.9  51.7 -83.8 -37.0   -9.1  -17.2   10.6               
  214  214 A V  H  X S+     0   0    0     -4,-2.4     4,-2.1     2,-0.2    -2,-0.2   0.903 108.7  49.7 -70.5 -41.6  -12.7  -16.1   10.0               
  215  215 A D  H  X S+     0   0   95     -4,-2.7     4,-2.7     1,-0.2     5,-0.2   0.942 111.9  49.0 -64.4 -43.8  -13.9  -17.1   13.5               
  216  216 A R  H  X S+     0   0  109     -4,-0.9     4,-2.6    -5,-0.3    -1,-0.2   0.847 110.2  52.0 -60.9 -36.1  -10.9  -15.2   15.1               
  217  217 A A  H  X S+     0   0    0     -4,-1.6     4,-1.7     2,-0.2    -1,-0.2   0.874 110.1  48.0 -70.5 -36.6  -11.8  -12.2   13.0               
  218  218 A R  H  X S+     0   0  119     -4,-2.1     4,-2.7     2,-0.2    -2,-0.2   0.952 112.6  48.9 -62.3 -50.1  -15.4  -12.3   14.2               
  219  219 A E  H  X S+     0   0  134     -4,-2.7     4,-3.1     1,-0.2     5,-0.3   0.914 110.1  51.0 -58.9 -44.9  -14.2  -12.7   17.8               
  220  220 A E  H  X S+     0   0   65     -4,-2.6     4,-1.7     1,-0.2    -1,-0.2   0.869 112.8  47.0 -62.4 -35.6  -11.8   -9.7   17.4               
  221  221 A I  H  X S+     0   0    0     -4,-1.7     4,-1.7     2,-0.2    -2,-0.2   0.957 116.3  43.4 -66.2 -50.9  -14.7   -7.6   16.0               
  222  222 A E  H  X S+     0   0   89     -4,-2.7     4,-2.5     2,-0.2     3,-0.2   0.947 116.6  46.4 -63.6 -47.4  -17.1   -8.6   18.9               
  223  223 A A  H  X S+     0   0   46     -4,-3.1     4,-2.8     1,-0.2     5,-0.2   0.884 110.9  52.9 -62.0 -39.7  -14.4   -8.2   21.6               
  224  224 A H  H  X S+     0   0   28     -4,-1.7     4,-1.3    -5,-0.3    -1,-0.2   0.837 110.8  47.5 -69.3 -30.5  -13.4   -4.8   20.2               
  225  225 A I  H  X S+     0   0   19     -4,-1.7     4,-1.9    -3,-0.2    -2,-0.2   0.939 113.7  47.6 -67.7 -49.4  -17.1   -3.6   20.3               
  226  226 A A  H  X>S+     0   0   53     -4,-2.5     5,-1.6     1,-0.2     4,-0.6   0.939 113.4  47.3 -59.5 -49.0  -17.4   -4.9   23.9               
  227  227 A L  H  <5S+     0   0  146     -4,-2.8     3,-0.3     1,-0.2    -1,-0.2   0.848 116.3  43.7 -60.4 -40.8  -14.2   -3.3   25.1               
  228  228 A R  H  <5S+     0   0  119     -4,-1.3    -1,-0.2    -5,-0.2    -2,-0.2   0.720 115.7  46.0 -83.2 -22.0  -15.0    0.1   23.5               
  229  229 A T  H ><5S-     0   0   45     -4,-1.9     3,-1.3    -3,-0.3    -1,-0.2   0.294 107.2-123.2-103.2   6.4  -18.7    0.3   24.6               
  230  230 A G  T 3<5 -     0   0   57     -4,-0.6    -3,-0.2    -3,-0.3    -4,-0.1   0.782  55.8 -72.4  65.3  30.0  -17.9   -0.8   28.2               
  231  231 A G  T > <S+     0   0   55     -5,-1.6     3,-1.0    -6,-0.2    -1,-0.3   0.358 104.2 121.6  69.2  -1.9  -20.2   -3.9   28.3               
  232  232 A I  T <   +     0   0  141     -3,-1.3    -2,-0.1     1,-0.2    -1,-0.1   0.422  53.6  74.8 -79.7   2.0  -23.3   -1.5   28.4               
  233  233 A I  T >  S+     0   0   79      1,-0.2     2,-1.6    -7,-0.1     3,-1.0   0.787  74.6  84.8 -81.9 -26.6  -24.9   -2.9   25.2               
  234  234 A E  T <  S+     0   0  177     -3,-1.0    -1,-0.2     1,-0.2     0, 0.0  -0.607  92.3  33.2 -87.9  77.7  -26.1   -6.2   26.8               
  235  235 A L  T 3  S+     0   0  165     -2,-1.6    -1,-0.2    -3,-0.1     4,-0.1   0.252  82.1  96.6 168.0   7.9  -29.5   -5.3   28.4               
  236  236 A T    <   +     0   0  129     -3,-1.0     2,-0.6    -4,-0.1    -2,-0.1  -0.073  56.2 110.2-103.8  35.8  -31.4   -2.6   26.3               
  237  237 A D  S    S-     0   0  134      1,-0.1    -4,-0.0     2,-0.0    -3,-0.0  -0.965  91.6 -38.6 -97.9 117.9  -33.6   -5.0   24.4               
  238  238 A E  S    S+     0   0  179     -2,-0.6    -1,-0.1     1,-0.1    -2,-0.1   0.588  98.0 100.0  62.5  39.4  -37.3   -4.9   25.3               
  239  239 A N    >   +     0   0  144     -4,-0.1     2,-1.8     1,-0.0     3,-0.8   0.086  31.4 137.2-141.2  33.0  -38.0   -4.4   29.1               
  240  240 A D  T 3   +     0   0  170      1,-0.2    -2,-0.1     2,-0.1    -4,-0.0  -0.193  60.6  61.4 -80.7  45.5  -38.8   -0.6   29.5               
  241  241 A F  T 3  S+     0   0  184     -2,-1.8    -1,-0.2     0, 0.0    -2,-0.0   0.483  86.5  56.5-145.7  -0.3  -41.8   -0.9   32.0               
  242  242 A H  S <  S+     0   0  174     -3,-0.8     3,-0.1     1,-0.0    -2,-0.1   0.441  86.1  60.5-127.7   4.3  -41.0   -2.6   35.5               
  243  243 A A  S    S+     0   0   94      1,-0.2     2,-0.6     2,-0.0    -3,-0.1   0.654  82.1  66.0-120.5 -15.5  -38.2   -0.9   37.6               
  244  244 A N        +     0   0  161      2,-0.0     2,-0.3     0, 0.0    -1,-0.2  -0.769  55.7 179.0-119.5  88.4  -38.8    2.8   38.5               
  245  245 A G        -     0   0   78     -2,-0.6     2,-0.4    -3,-0.1    -3,-0.0  -0.651   6.7-169.3 -75.9 140.1  -41.8    3.4   40.9               
  246  246 A T        -     0   0  127     -2,-0.3    -2,-0.0     2,-0.0     2,-0.0  -0.940  20.1-129.6-129.6 114.9  -42.7    6.8   42.2               
  247  247 A D        +     0   0  150     -2,-0.4     2,-0.1     1,-0.0    -2,-0.0  -0.274  35.2 158.4 -35.0 124.8  -45.2    7.3   45.0               
  248  248 A V        -     0   0  131      2,-0.0     2,-0.2    -2,-0.0    -2,-0.0  -0.596  20.7-169.3-146.8 102.7  -48.1    9.7   44.6               
  249  249 A G        +     0   0   72     -2,-0.1     2,-0.3     0, 0.0    -2,-0.0  -0.583  12.7 171.9 -73.3 144.7  -50.9    8.8   47.0               
  250  250 A F        -     0   0  195     -2,-0.2    -2,-0.0     2,-0.0     0, 0.0  -0.925  25.5-126.7-145.1 142.5  -54.4   10.3   47.0               
  251  251 A D        +     0   0  144     -2,-0.3     0, 0.0     1,-0.0     0, 0.0  -0.161  32.3 132.4 -62.2 159.4  -57.3    9.0   49.2               
  252  252 A L        -     0   0  143      0, 0.0    -2,-0.0     0, 0.0    -1,-0.0   0.569  30.0 -16.5 156.2 130.1  -60.5    7.8   49.4               
  253  253 A H        -     0   0  141      0, 0.0     0, 0.0     0, 0.0     0, 0.0   0.970  35.4 -98.1  83.0 109.6  -63.3    5.4   50.6               
  254  254 A H        +     0   0  174      1,-0.0     0, 0.0     2,-0.0     0, 0.0   0.776  31.1 127.6  54.3 125.2  -64.6    2.3   51.9               
  255  255 A G        -     0   0   73      0, 0.0    -1,-0.0     0, 0.0     0, 0.0   0.870  23.5-149.5 129.5  74.0  -66.0   -1.1   51.5               
  256  256 A S        +     0   0  127      0, 0.0    -2,-0.0     0, 0.0     0, 0.0   0.325  33.8  40.9  20.8 116.9  -65.7   -4.7   52.5               
  257  257 A G        +     0   0   75      1,-0.0     0, 0.0     0, 0.0     0, 0.0   0.407  25.3  99.4 119.7 147.7  -66.4   -8.0   51.0               
  258  258 A G        -     0   0   72      0, 0.0     2,-0.1     0, 0.0    -1,-0.0   0.860  22.1-161.0  88.4  96.7  -66.9  -11.1   48.8               
  259  259 A S        +     0   0  132      2,-0.0     0, 0.0     0, 0.0     0, 0.0   0.191  26.1 121.3  70.7 115.6  -65.3  -14.0   48.0               
  260  260 A G        -     0   0   75     -2,-0.1     2,-0.4     1,-0.0     0, 0.0   0.610  19.2-175.0 129.4 100.8  -65.4  -16.6   45.2               
  261  261 A P        +     0   0  137      0, 0.0    -2,-0.0     0, 0.0    -1,-0.0  -0.872  40.0  79.9 -96.0 139.8  -63.1  -18.2   42.6               
  262  262 A G        +     0   0   71     -2,-0.4     2,-0.1     1,-0.1     0, 0.0   0.397  19.0 132.6 133.3 117.6  -64.3  -20.7   39.9               
  263  263 A S        -     0   0  107      2,-0.0    -1,-0.1     0, 0.0     0, 0.0  -0.420  36.1 -77.0-167.5 126.6  -65.8  -21.7   36.8               
  264  264 A L        +     0   0  161     -2,-0.1    -2,-0.0     0, 0.0     0, 0.0   0.799  41.3 122.2  54.7 118.2  -65.1  -24.0   33.9               
  265  265 A W        -     0   0  237      0, 0.0    -2,-0.0     0, 0.0     0, 0.0   0.237  45.4-101.5-159.1 139.4  -64.0  -25.4   31.1               
  266  266 A S        -     0   0   83      2,-0.0     0, 0.0     0, 0.0     0, 0.0   0.423  29.6-151.7   2.1 122.4  -62.3  -28.8   30.4               
  267  267 A K        +     0   0  198      2,-0.0     0, 0.0     0, 0.0     0, 0.0   0.803  20.0 176.1  75.3 152.6  -59.3  -30.6   29.8               
  268  268 A P        +     0   0  117      0, 0.0    -2,-0.0     0, 0.0     0, 0.0   0.674  12.8 131.7-141.7 171.8  -56.9  -32.5   29.0               
  269  269 A T        -     0   0  131      0, 0.0     2,-0.0     0, 0.0    -2,-0.0   0.018  16.8-167.0 -61.6-179.5  -53.2  -33.7   28.6               
  270  270 A P        +     0   0  117      0, 0.0     0, 0.0     0, 0.0     0, 0.0  -0.008  19.6  51.8-159.8-171.2  -51.0  -36.3   29.0               
  271  271 A S        +     0   0  108     -2,-0.0     0, 0.0     0, 0.0     0, 0.0   0.544  60.4  33.9  90.7 133.4  -47.5  -38.0   29.2               
  272  272 A I        +     0   0  164      1,-0.1     0, 0.0     0, 0.0     0, 0.0   0.574  60.4 175.8-127.6 139.7  -44.6  -38.3   30.3               
  273  273 A T        +     0   0  123      1,-0.1    -1,-0.1     0, 0.0     0, 0.0  -0.114   7.4 121.1 -88.9-164.2  -43.7  -37.4   34.1               
  274  274 A P        +     0   0   98      0, 0.0    -1,-0.1     0, 0.0     0, 0.0   0.761  26.2   4.2-133.3 166.8  -41.8  -37.1   36.8               
  275  275 A T        -     0   0  137      2,-0.0     2,-0.3     0, 0.0     0, 0.0   0.247  20.6-179.1 166.6 132.3  -40.0  -36.0   39.8               
  276  276 A P        -     0   0  134      0, 0.0     2,-0.4     0, 0.0     0, 0.0  -0.787  12.3-152.7-109.4 156.8  -39.2  -32.9   42.0               
  277  277 A G        -     0   0   77     -2,-0.3    -2,-0.0     2,-0.0     0, 0.0  -0.965  27.5-129.9-132.8 116.4  -37.0  -32.3   45.1               
  278  278 A R        +     0   0  242     -2,-0.4     0, 0.0     2,-0.0     0, 0.0   0.008  37.5  98.1 -49.7 163.3  -37.8  -29.5   47.8               
  279  279 A K        +     0   0  195      0, 0.0     2,-0.1     0, 0.0    -2,-0.0   0.687  10.4 159.9-173.0 149.9  -36.9  -26.9   49.7               
  280  280 A P        +     0   0  129      0, 0.0    -2,-0.0     0, 0.0     0, 0.0  -0.243  20.8 134.2-101.5-165.4  -36.9  -23.0   50.4               
  281  281 A F        +     0   0  200     -2,-0.1     0, 0.0     0, 0.0     0, 0.0   0.459  21.5  55.2  87.4 135.6  -36.5  -20.6   53.5               
  282  282 A S        +     0   0   68      1,-0.1     2,-0.1     0, 0.0     0, 0.0   0.701  16.1 175.1-147.0 161.6  -35.2  -17.9   54.9               
  283  283 A S        +     0   0   99      2,-0.0     2,-0.1     0, 0.0    -1,-0.1  -0.445  19.2 153.6 -59.4 154.4  -34.4  -14.2   55.1               
  284  284 A Y        -     0   0  223     -2,-0.1     2,-0.1     2,-0.0     0, 0.0  -0.463  23.1-140.6-170.8 154.9  -32.8  -12.2   57.7               
  285  285 A R        +     0   0  224     -2,-0.1     2,-0.2     2,-0.0    -2,-0.0  -0.400  17.8 171.2 -73.1 158.8  -30.8   -9.0   58.0               
  286  286 A N        -     0   0  157     -2,-0.1     2,-0.1     0, 0.0    -2,-0.0  -0.673  17.2-155.0-158.0 155.3  -28.0   -7.4   59.6               
  287  287 A D        +     0   0  120     -2,-0.2    -2,-0.0     1,-0.1     0, 0.0  -0.422  28.0  34.3 -92.3 165.7  -26.2   -4.0   58.9               
  288  288 A S        -     0   0  107     -2,-0.1    -1,-0.1     0, 0.0     0, 0.0   0.986  45.4 -51.8  71.4 113.0  -22.9   -2.2   59.3               
  289  289 A S        +     0   0  109      0, 0.0    -2,-0.0     0, 0.0     0, 0.0   0.964  24.4 129.3  79.0 133.5  -19.3   -1.7   59.5               
  290  290 A S        -     0   0  106      0, 0.0     0, 0.0     0, 0.0     0, 0.0   0.855  21.3-131.9 113.1  97.3  -15.6   -1.9   60.4               
  291  291 A S        +     0   0  108      0, 0.0     0, 0.0     0, 0.0     0, 0.0   0.848  24.9  55.9  61.9 132.4  -12.1   -2.3   59.4               
  292  292 A L        +     0   0  181      2,-0.0     0, 0.0     0, 0.0     0, 0.0   0.913  17.2 125.5  82.8 127.4   -8.6   -3.7   59.6               
  293  293 A G        +     0   0   66      1,-0.0     0, 0.0     0, 0.0     0, 0.0   0.629  22.5  19.9 141.0 129.2   -5.8   -5.9   59.5               
  294  294 A S        +     0   0  131      0, 0.0    -2,-0.0     0, 0.0    -1,-0.0   0.629  35.4  58.6  91.3 141.2   -2.3   -7.5   58.7               
  295  295 A A        -     0   0   92      0, 0.0     2,-0.0     0, 0.0     0, 0.0   0.806  32.6 -28.9 168.2 157.9    0.8   -7.6   57.5               
  296  296 A S        +     0   0  119      0, 0.0     0, 0.0     0, 0.0     0, 0.0   0.682  37.4  10.3-132.3-159.3    4.1   -7.1   56.9               
  297  297 A T        -     0   0  126     -2,-0.0     0, 0.0     0, 0.0     0, 0.0   0.823  28.0-137.3-156.6 166.1    7.2   -5.6   56.6               
  298  298 A D        +     0   0  125      2,-0.0     2,-0.0     0, 0.0     0, 0.0   0.103  18.2 142.4 -59.5 165.6    9.8   -2.8   57.1               
  299  299 A S        -     0   0  117      0, 0.0     0, 0.0     0, 0.0     0, 0.0   0.550  31.3 -85.8-146.2 160.1   12.2   -0.7   56.6               
  300  300 A Y        +     0   0  178     -2,-0.0    -2,-0.0     0, 0.0     0, 0.0   0.418  39.8  24.6 125.7  75.9   13.4    2.4   57.1               
  301  301 A F        +     0   0  184      0, 0.0     2,-0.1     0, 0.0     0, 0.0   0.647  32.0 161.3  86.8 130.2   14.0    6.4   56.6               
  302  302 A G        -     0   0   81      0, 0.0     0, 0.0     0, 0.0     0, 0.0   0.428   7.2 -33.0 106.6 134.8   13.0    9.3   55.6               
  303  303 A G        +     0   0   80     -2,-0.1     0, 0.0     0, 0.0     0, 0.0   0.675   7.5 158.5 162.3 151.8   12.4   12.5   54.9               
  304  304 A G        -     0   0   69      0, 0.0     2,-0.1     0, 0.0     0, 0.0   0.605  16.4-140.4  91.6 115.6   11.9   16.4   54.5               
  305  305 A T        +     0   0  143      0, 0.0     2,-0.0     0, 0.0     0, 0.0  -0.028  15.3 161.7  73.0 104.5   11.7   19.3   52.7               
  306  306 A S        -     0   0  110     -2,-0.1     0, 0.0     0, 0.0     0, 0.0  -0.044  23.6-104.4 172.0 135.0   12.4   22.9   52.4               
  307  307 A S        -     0   0  101     -2,-0.0     0, 0.0     0, 0.0     0, 0.0   0.551  40.3  -5.9  20.8 131.3   12.8   26.0   50.2               
  308  308 A S        +     0   0  111      0, 0.0     0, 0.0     0, 0.0     0, 0.0   0.945  45.2  43.1  75.0 133.6   15.1   28.4   48.6               
  309  309 A A        -     0   0   95      0, 0.0     0, 0.0     0, 0.0     0, 0.0   0.942  41.8 -13.0  77.7 125.9   18.2   30.1   47.6               
  310  310 A A        +     0   0  101      0, 0.0     0, 0.0     0, 0.0     0, 0.0   0.782  34.3  94.6  79.8 146.0   21.8   30.4   46.5               
  311  311 A A        -     0   0   86      0, 0.0     0, 0.0     0, 0.0     0, 0.0   0.992  30.9 -42.9  84.2  98.5   25.3   29.4   45.7               
  312  312 A T        +     0   0  111      0, 0.0     0, 0.0     0, 0.0     0, 0.0   0.979  24.3   6.5  96.8 106.5   28.0   28.2   43.7               
  313  313 A Q        +     0   0  139      0, 0.0     2,-0.0     0, 0.0     0, 0.0   0.812  28.2 100.5  67.1 143.9   30.3   26.5   41.3               
  314  314 A R        -     0   0  209      0, 0.0     0, 0.0     0, 0.0     0, 0.0   0.478  45.2-171.2-127.0 134.3   32.1   24.9   39.1               
  315  315 A L        +     0   0  126     -2,-0.0     0, 0.0     0, 0.0     0, 0.0   0.485  24.6 159.8  53.1 133.4   33.1   26.3   36.0               
  316  316 A A        -     0   0   81      0, 0.0     0, 0.0     0, 0.0     0, 0.0   0.806  28.8 -13.4-169.1 168.3   34.5   26.4   33.1               
  317  317 A D        -     0   0  122      0, 0.0     0, 0.0     0, 0.0     0, 0.0   0.824  39.5 -28.9-166.6 171.6   34.6   28.1   30.2               
  318  318 A Y        -     0   0  221      2,-0.0     0, 0.0     0, 0.0     0, 0.0   0.668  28.6-150.1  90.9 131.9   34.4   30.3   27.0               
  319  319 A S        -     0   0  113      1,-0.1     0, 0.0     0, 0.0     0, 0.0  -0.416   7.8-125.9-119.1 168.2   31.9   32.2   24.8               
  320  320 A P        -     0   0  116      0, 0.0     2,-0.3     0, 0.0    -1,-0.1  -0.377  22.4-120.7 -96.1-176.6   30.9   33.5   21.3               
  321  321 A P        -     0   0  127      0, 0.0     0, 0.0     0, 0.0     0, 0.0  -0.997  35.0-151.7-125.9 142.8   29.9   36.9   19.9               
  322  322 A S        +     0   0  110     -2,-0.3     0, 0.0     0, 0.0     0, 0.0  -0.049  20.6 126.4 -75.8-168.2   26.5   37.8   18.2               
  323  323 A P        -     0   0  120      0, 0.0     0, 0.0     0, 0.0     0, 0.0   0.670  24.0 -13.7-136.9-170.5   24.5   39.3   16.2               
  324  324 A A        +     0   0   82      0, 0.0     0, 0.0     0, 0.0     0, 0.0   0.738  38.3  73.5  95.4 137.5   21.9   40.1   13.5               
  325  325 A L        +     0   0  166      0, 0.0     0, 0.0     0, 0.0     0, 0.0   0.796  40.8  26.9  68.4 135.4   19.6   39.4   10.5               
  326  326 A S        -     0   0   78      2,-0.0     0, 0.0     0, 0.0     0, 0.0   0.790  44.1 -41.8-163.6 167.9   16.9   38.0    9.5               
  327  327 A F        -     0   0  204      2,-0.0     2,-0.0     0, 0.0     0, 0.0   0.931  31.6-134.5  75.3 114.3   13.6   36.3    8.6               
  328  328 A A        -     0   0   94      1,-0.1    -2,-0.0     0, 0.0     0, 0.0  -0.244  42.5  -5.5 -65.7 158.6   11.2   33.8   10.2               
  329  329 A H        +     0   0  180     -2,-0.0    -1,-0.1     1,-0.0    -2,-0.0   0.826  29.9 147.4  54.8 109.7    9.3   30.8    9.1               
  330  330 A N        +     0   0  115      2,-0.0     2,-1.4     0, 0.0    -1,-0.0  -0.233   2.5 171.2-161.8 109.2    8.1   28.5    6.6               
  331  331 A G        -     0   0   69      2,-0.0     2,-1.1     1,-0.0    -2,-0.0  -0.731  48.8-138.0 -81.3  82.5    7.5   24.8    7.2               
  332  332 A N        -     0   0   91     -2,-1.4     2,-0.6     1,-0.1    -1,-0.0  -0.368  27.1-168.8 -76.4  98.0    6.0   24.7    3.8               
  333  333 A N        -     0   0  152     -2,-1.1     2,-0.7     1,-0.1    -1,-0.1  -0.637  14.8-156.5 -54.6 114.0    2.8   22.8    3.3               
  334  334 A N        +     0   0  137     -2,-0.6     2,-0.8     2,-0.0    -1,-0.1  -0.611  36.5 146.4-106.6  73.9    2.4   22.7   -0.5               
  335  335 A N        +     0   0  162     -2,-0.7     2,-0.4     2,-0.0    -2,-0.1  -0.935  23.7 158.4 -87.7 101.2   -1.2   22.2   -1.1               
  336  336 A N        +     0   0  121     -2,-0.8     2,-0.4     2,-0.0    -2,-0.0  -0.876  15.4 162.0-134.9 104.8   -1.4   24.3   -4.3               
  337  337 A G        +     0   0   73     -2,-0.4     2,-1.0     2,-0.0    -2,-0.0  -0.722   8.3 173.1-115.6  76.8   -4.3   23.7   -6.8               
  338  338 A N        +     0   0  124     -2,-0.4     2,-0.6     2,-0.0    -2,-0.0  -0.781   6.3 173.1 -81.9 101.3   -4.4   26.9   -9.0               
  339  339 A G        -     0   0   71     -2,-1.0     2,-0.4     2,-0.0    -2,-0.0  -0.905  14.5-161.7-112.3  99.2   -7.0   26.0  -11.7               
  340  340 A Y        -     0   0  186     -2,-0.6     2,-0.5     2,-0.0    -2,-0.0  -0.679   9.4-155.4 -77.7 126.9   -7.8   29.0  -13.9               
  341  341 A T        -     0   0  119     -2,-0.4     2,-0.4     0, 0.0    -2,-0.0  -0.939  13.3-172.8-107.3 128.2  -11.1   28.6  -15.9               
  342  342 A Y        -     0   0  221     -2,-0.5     2,-0.1     2,-0.1    -2,-0.0  -0.914  25.4-140.0-110.4 144.9  -11.9   30.3  -19.1               
  343  343 A T        +     0   0  127     -2,-0.4    -1,-0.0     2,-0.0     0, 0.0  -0.373  35.0 121.0-105.3 177.9  -15.6   29.7  -20.3               
  344  344 A A        +     0   0  108     -2,-0.1    -2,-0.1     0, 0.0     0, 0.0   0.598  26.4 128.7  81.8 129.8  -17.8   29.1  -23.4               
  345  345 A G        -     0   0   80      2,-0.0    -2,-0.0     0, 0.0     0, 0.0   0.680  36.5-115.6 176.9 169.1  -19.8   27.0  -24.5               
  346  346 A G        -     0   0   74      0, 0.0     2,-0.2     0, 0.0     0, 0.0   0.757  17.7-156.1 113.3 104.5  -22.7   25.2  -25.9               
  347  347 A E        +     0   0  186      2,-0.0     2,-0.0     0, 0.0    -2,-0.0  -0.499  22.5 144.9 -73.5 155.3  -25.4   22.6  -24.9               
  348  348 A A        +     0   0   94     -2,-0.2     2,-0.4     2,-0.0     0, 0.0  -0.068   7.8 169.5-179.3 124.9  -27.5   20.2  -26.7               
  349  349 A S        +     0   0  126     -2,-0.0    -2,-0.0     2,-0.0     0, 0.0  -0.975  10.2 161.7-112.7 131.4  -28.7   16.7  -25.8               
  350  350 A V        -     0   0  140     -2,-0.4     2,-0.2     0, 0.0    -2,-0.0  -0.977  25.3-139.5-143.1 135.2  -31.4   14.8  -27.9               
  351  351 A P        -     0   0  123      0, 0.0    -2,-0.0     0, 0.0     0, 0.0  -0.592  20.7-120.5 -90.4 157.6  -32.2   11.0  -27.9               
  352  352 A S        -     0   0  114     -2,-0.2     2,-0.1     0, 0.0     0, 0.0  -0.169  20.0-175.8 -61.5 162.7  -33.1    8.7  -30.9               
  353  353 A P        -     0   0  108      0, 0.0     0, 0.0     0, 0.0     0, 0.0  -0.440  31.3 -66.5-148.5 164.1  -35.3    6.6  -32.2               
  354  354 A D        +     0   0  167     -2,-0.1     0, 0.0     0, 0.0     0, 0.0   0.892  46.5 119.7  48.3 131.5  -35.8    4.3  -35.1               
  355  355 A G        +     0   0   79      0, 0.0     0, 0.0     0, 0.0     0, 0.0   0.599  24.5 170.7 140.2  80.6  -36.2    4.0  -39.0               
  356  356 A C        +     0   0  126      1,-0.0     2,-0.0     0, 0.0     0, 0.0  -0.573   9.5 105.0 -85.6 172.5  -34.3    2.3  -41.8               
  357  357 A P        -     0   0  109      0, 0.0    -1,-0.0     0, 0.0     0, 0.0   0.444  31.2 -12.7-140.7-169.8  -34.2    1.4  -44.9               
  358  358 A E        +     0   0  168     -2,-0.0     0, 0.0     0, 0.0     0, 0.0   0.808  45.9  58.8  96.4 135.9  -33.2    1.4  -48.5               
  359  359 A L        -     0   0  161      2,-0.0     0, 0.0     0, 0.0     0, 0.0   0.939  37.4-158.6  87.3  95.9  -31.7    2.6  -51.9               
  360  360 A Q        +     0   0  183      1,-0.1     0, 0.0     0, 0.0     0, 0.0  -0.325  25.1  28.2 -79.0-171.5  -28.2    3.6  -53.0               
  361  361 A P        +     0   0  110      0, 0.0     2,-0.3     0, 0.0    -1,-0.1   0.774   9.7 150.0-127.2 171.6  -26.6    5.3  -55.4               
  362  362 A T        -     0   0  139      2,-0.0     2,-0.2     0, 0.0     0, 0.0  -0.981  29.9-146.5-142.8 144.9  -25.4    7.8  -58.1               
  363  363 A F        +     0   0  187     -2,-0.3     0, 0.0     2,-0.0     0, 0.0  -0.617  27.0 147.8 -82.5 151.6  -22.0    9.1  -59.1               
  364  364 A D        -     0   0  160     -2,-0.2     2,-0.3     0, 0.0    -2,-0.0  -0.455  23.9-159.0-165.2 145.6  -20.4   12.1  -60.3               
  365  365 A P        -     0   0  100      0, 0.0    -2,-0.0     0, 0.0     0, 0.0  -0.874  17.5 -60.1-117.0 148.7  -16.9   13.6  -59.6               
  366  366 A A        -     0   0   94     -2,-0.3     2,-0.1     1,-0.1     0, 0.0   0.735  11.4-139.7  61.9 148.5  -14.7   16.8  -59.7               
  367  367 A P        -     0   0  131      0, 0.0    -1,-0.1     0, 0.0     0, 0.0  -0.564  32.9-178.5-140.3 153.3  -13.1   19.4  -61.1               
  368  368 A A        +     0   0   89     -2,-0.1     0, 0.0     0, 0.0     0, 0.0  -0.190   6.4 176.0 -84.2-168.7   -9.5   20.7  -60.4               
  369  369 A P        +     0   0  120      0, 0.0     0, 0.0     0, 0.0     0, 0.0   0.457  22.4  14.7-131.8-145.6   -7.0   22.7  -60.7               
  370  370 A P        -     0   0  115      0, 0.0     2,-0.2     0, 0.0     0, 0.0   0.656  34.8-154.0-128.9 176.6   -4.0   24.4  -60.5               
  371  371 A P        +     0   0  132      0, 0.0     0, 0.0     0, 0.0     0, 0.0  -0.527  20.5 139.2-101.8 162.1   -0.5   23.8  -58.8               
  372  372 A G        +     0   0   77      1,-0.2     0, 0.0    -2,-0.2     0, 0.0   0.197  36.8  46.3 154.4 101.8    2.6   25.5  -57.4               
  373  373 A A        -     0   0   99      2,-0.0    -1,-0.2     0, 0.0     2,-0.1   0.027  50.9-133.4 155.1 134.0    5.1   25.5  -54.6               
  374  374 A P        -     0   0  121      0, 0.0     2,-0.2     0, 0.0     0, 0.0  -0.412  22.8 -98.5 -91.9 162.8    7.3   22.7  -52.9               
  375  375 A L        -     0   0  171     -2,-0.1     2,-0.3     2,-0.0    -2,-0.0  -0.458  33.0-176.5 -56.2 138.1    8.3   21.5  -49.5               
  376  376 A I        +     0   0  158     -2,-0.2     2,-0.2     0, 0.0     0, 0.0  -0.924  14.3 160.3-139.1 123.5   11.7   22.6  -48.1               
  377  377 A W        +     0   0  255     -2,-0.3     2,-0.3     2,-0.0    -2,-0.0  -0.749  38.5 108.3-134.0  79.9   12.8   21.2  -44.7               
  378  378 A A        -     0   0   71     -2,-0.2     0, 0.0     1,-0.1     0, 0.0  -0.906  58.2 -48.8-158.6 136.5   16.6   21.7  -44.5               
  379  379 A Q        -     0   0  176     -2,-0.3     2,-0.3     1,-0.1    -1,-0.1   0.726  18.9-180.0  41.1 113.0   19.5   23.6  -43.0               
  380  380 A F        +     0   0  216      0, 0.0     2,-0.5     0, 0.0    -1,-0.1  -0.803  22.9 178.9-132.8 109.5   20.6   27.0  -42.3               
  381  381 A E        -     0   0  151     -2,-0.3     0, 0.0     1,-0.2     0, 0.0  -0.895  36.7 -33.7 -96.1 125.4   24.0   26.9  -40.6               
  382  382 A R        +     0   0  216     -2,-0.5    -1,-0.2     1,-0.1     0, 0.0   0.917  41.4 155.5  61.1 111.9   25.9   30.1  -39.6               
  383  383 A S        -     0   0  121      2,-0.0     2,-0.2     0, 0.0    -1,-0.1  -0.912  27.2-169.9-155.7 158.4   26.7   33.6  -40.4               
  384  384 A P        +     0   0  126      0, 0.0     2,-0.0     0, 0.0     0, 0.0  -0.613  14.4 153.2-129.9 177.8   27.9   36.4  -37.9               
  385  385 A G        +     0   0   82     -2,-0.2    -2,-0.0     0, 0.0     0, 0.0   0.193  18.3  62.2 107.8 143.3   28.8   39.9  -36.7               
  386  386 A G        +     0   0   80     -2,-0.0     0, 0.0     0, 0.0     0, 0.0   0.764  29.8  73.8-162.2 146.0   29.1   42.3  -34.6               
  387  387 A G        -     0   0   76      0, 0.0     0, 0.0     0, 0.0     0, 0.0   0.937  27.5-103.8 104.7 171.7   30.4   44.1  -31.9               
  388  388 A P        +     0   0  125      0, 0.0     0, 0.0     0, 0.0     0, 0.0   0.738  26.8   6.7-137.5 180.0   32.4   45.8  -30.0               
  389  389 A A        +     0   0  100      0, 0.0     0, 0.0     0, 0.0     0, 0.0   0.695  40.3  21.4  73.8 145.1   34.9   46.7  -27.2               
  390  390 A A        +     0   0   93      0, 0.0     2,-0.0     0, 0.0     0, 0.0   0.859  32.8 152.3-160.9 177.0   37.0   46.5  -24.7               
  391  391 A P        +     0   0  111      0, 0.0     0, 0.0     0, 0.0     0, 0.0  -0.004   8.7 141.8-132.9-165.1   39.5   44.5  -22.6               
  392  392 A V        +     0   0  133     -2,-0.0     0, 0.0     0, 0.0     0, 0.0   0.606  23.1  86.8  75.3 141.5   42.4   43.1  -20.3               
  393  393 A S        -     0   0  106      0, 0.0     0, 0.0     0, 0.0     0, 0.0   0.880  44.1 -16.6-155.2 175.7   43.9   41.1  -18.0               
  394  394 A S        -     0   0  103      1,-0.0     0, 0.0     0, 0.0     0, 0.0   0.362  19.1-145.2-169.2 126.6   45.5   38.2  -17.3               
  395  395 A S        +     0   0  117      0, 0.0     2,-0.1     0, 0.0    -1,-0.0   0.635  17.2 144.7  51.4 101.3   46.8   34.7  -17.4               
  396  396 A C        +     0   0  121      0, 0.0     2,-0.1     0, 0.0     0, 0.0  -0.280  10.4 172.0 173.6 134.5   47.8   31.5  -15.7               
  397  397 A S        +     0   0  111     -2,-0.1     0, 0.0     2,-0.0     0, 0.0   0.092  13.8 105.1  89.6 121.8   47.8   28.1  -16.1               
  398  398 A S        -     0   0  109     -2,-0.1     0, 0.0     0, 0.0     0, 0.0   0.952  29.2 -86.2  92.3 108.6   48.9   24.8  -14.7               
  399  399 A S        -     0   0  109      0, 0.0    -2,-0.0     0, 0.0     0, 0.0   0.859  26.8 -22.8  71.0 115.6   48.7   21.6  -13.1               
  400  400 A A        +     0   0   88      0, 0.0     0, 0.0     0, 0.0     0, 0.0   0.810  25.7 123.5  76.9 156.2   48.6   18.9  -10.6               
  401  401 A S        -     0   0  112      0, 0.0     2,-0.0     0, 0.0     0, 0.0   0.795  15.5-166.8  63.0 139.8   49.3   17.0   -7.3               
  402  402 A S        +     0   0   96      0, 0.0     0, 0.0     0, 0.0     0, 0.0   0.635  10.4 142.5 147.2 161.2   48.1   15.4   -4.5               
  403  403 A S        +     0   0  117      2,-0.0     3,-0.0    -2,-0.0     0, 0.0   0.584  11.7  99.4  63.0 151.3   48.6   13.9   -1.0               
  404  404 A A        +     0   0   75      0, 0.0     2,-0.2     0, 0.0     0, 0.0   0.705  33.0  35.1-164.7 163.2   47.8   13.1    2.0               
  405  405 A S        +     0   0  130      0, 0.0     2,-0.3     0, 0.0    -2,-0.0  -0.752  57.4 174.8-152.3 123.3   46.9   11.8    5.4               
  406  406 A S        +     0   0   92     -2,-0.2     0, 0.0     1,-0.1     0, 0.0  -0.876   2.0  24.8-131.2 154.7   48.0    8.2    5.8               
  407  407 A S        +     0   0  119     -2,-0.3    -1,-0.1     1,-0.0     0, 0.0   0.636  17.6 118.0  70.7 145.7   48.4    5.0    7.9               
  408  408 A S        -     0   0  103      0, 0.0    -1,-0.0     0, 0.0     0, 0.0   0.619  22.3-117.3-161.9 165.0   48.3    2.6   10.0               
  409  409 A V        +     0   0  127      2,-0.0     0, 0.0     0, 0.0     0, 0.0   0.574  27.8 113.8  13.8 140.8   47.8   -1.1   11.0               
  410  410 A V        +     0   0  137      0, 0.0     0, 0.0     0, 0.0     0, 0.0   0.465  18.6 175.9-161.3 157.6   46.6   -3.8   12.6               
  411  411 A F        +     0   0  200      0, 0.0     2,-0.1     0, 0.0    -2,-0.0  -0.497   9.9 178.3 -83.6 160.4   44.7   -7.2   12.1               
  412  412 A P        -     0   0  134      0, 0.0     0, 0.0     0, 0.0     0, 0.0  -0.101  29.9-168.7-137.9 175.1   43.4  -10.1   13.4               
  413  413 A G        +     0   0   70     -2,-0.1     0, 0.0     0, 0.0     0, 0.0   0.615  33.3 156.1 163.2 148.1   41.8  -12.5   12.0               
  414  414 A G        -     0   0   85      0, 0.0     2,-0.1     0, 0.0     0, 0.0   0.503  22.1-173.2  84.4 130.7   39.7  -15.6   10.6               
  415  415 A G        +     0   0   84      2,-0.0     2,-0.0     0, 0.0     0, 0.0   0.326  16.6 158.1 100.6 125.2   38.0  -17.0    8.3               
  416  416 A A        -     0   0   99     -2,-0.1     0, 0.0     0, 0.0     0, 0.0   0.660  10.5-142.0-154.9-177.9   36.2  -18.8    6.4               
  417  417 A S        +     0   0  118     -2,-0.0    -2,-0.0     2,-0.0     0, 0.0   0.283  20.9 124.4 -24.2 156.7   33.9  -19.8    3.5               
  418  418 A A        -     0   0   95      2,-0.0     2,-0.0     0, 0.0     0, 0.0   0.240  24.8-138.5-168.3-179.5   31.4  -21.4    2.0               
  419  419 A P        -     0   0  127      0, 0.0     2,-0.0     0, 0.0    -2,-0.0  -0.152  29.4 -62.6-100.6 179.5   28.1  -21.3   -0.0               
  420  420 A S        +     0   0  105     -2,-0.0     2,-0.1     0, 0.0    -2,-0.0  -0.226  47.7 108.6 -56.1 135.9   24.5  -22.6   -0.6               
  421  421 A N        +     0   0  163      1,-0.0     0, 0.0    -2,-0.0     0, 0.0  -0.392  30.2  42.8 176.2 168.8   22.6  -25.6   -1.5               
  422  422 A A        -     0   0   91     -2,-0.1    -1,-0.0     0, 0.0     0, 0.0   0.991  43.5-108.6  80.1  96.1   20.3  -28.6   -0.8               
  423  423 A N        +     0   0  147      0, 0.0    -2,-0.0     0, 0.0     0, 0.0   0.930  40.0  47.3  70.1 136.0   17.3  -29.7    0.8               
  424  424 A L        +     0   0  165      0, 0.0     0, 0.0     0, 0.0     0, 0.0   0.839  38.0  97.0  67.5 139.3   15.2  -31.7    3.4               
  425  425 A G        -     0   0   72      0, 0.0     0, 0.0     0, 0.0     0, 0.0   0.926  37.9-134.6 112.6  79.3   14.6  -32.5    7.0               
  426  426 A L        +     0   0  169      2,-0.0     2,-0.1     0, 0.0     0, 0.0   0.051  33.4 135.0  -0.7 114.0   12.6  -31.5   10.0               
  427  427 A L        -     0   0  155      2,-0.0     2,-0.0     0, 0.0     0, 0.0  -0.344  34.8-124.7-174.3 144.8   13.4  -31.0   13.6               
  428  428 A V        +     0   0  109     -2,-0.1     2,-0.1     2,-0.0    -2,-0.0  -0.230  35.7 128.7 -47.4 130.4   12.7  -28.4   16.4               
  429  429 A H        -     0   0  173     -2,-0.0    -2,-0.0     2,-0.0     0, 0.0  -0.248  34.3-119.5 179.6 146.9   14.7  -26.3   18.7               
  430  430 A R        +     0   0  215     -2,-0.1     2,-0.1     0, 0.0    -2,-0.0  -0.134  29.8 141.3 -49.1 139.5   15.0  -22.7   20.0               
  431  431 A R        -     0   0  232      2,-0.1    -2,-0.0     0, 0.0     0, 0.0  -0.116  23.7-150.8-179.3 116.3   17.2  -19.8   20.4               
  432  432 A L        +     0   0  142     -2,-0.1     0, 0.0     0, 0.0     0, 0.0   0.342  15.3 178.6  64.2 110.7   16.9  -16.3   20.2               
  433  433 A H        -     0   0  188      0, 0.0     2,-0.1     0, 0.0    -2,-0.1  -0.801  42.6 -82.2-169.2 159.1   18.8  -13.1   19.3               
  434  434 A P        -     0   0  120      0, 0.0     2,-0.3     0, 0.0     0, 0.0  -0.306  15.7-151.9-108.6 150.5   17.3   -9.7   19.4               
  435  435 A G        -     0   0   74     -2,-0.1     2,-0.6     1,-0.0     0, 0.0  -0.732  38.7-112.9 -88.5 138.3   15.2   -6.9   17.7               
  436  436 A T        -     0   0  148     -2,-0.3     2,-0.5     1,-0.0    -1,-0.0  -0.603  33.0-163.2 -71.8 113.7   15.8   -3.2   18.6               
  437  437 A S        -     0   0  111     -2,-0.6    -1,-0.0     2,-0.0    -2,-0.0  -0.887   9.5-154.5-100.2 121.2   12.8   -1.7   20.5               
  438  438 A C        -     0   0  128     -2,-0.5     2,-0.4     2,-0.0    -2,-0.0  -0.808  29.6-123.9 -84.7 130.1   12.4    2.1   20.8               
  439  439 A P        -     0   0  118      0, 0.0     2,-0.5     0, 0.0    -1,-0.0  -0.596  26.1-174.1 -84.3 133.4   10.3    2.7   23.9               
  440  440 A R        -     0   0  218     -2,-0.4     2,-0.0     2,-0.0    -2,-0.0  -0.828  21.0-162.9-115.2  91.3    7.0    4.7   24.1               
  441  441 A L        -     0   0  159     -2,-0.5     0, 0.0     0, 0.0     0, 0.0  -0.309   5.7-164.9 -64.8 149.8    6.3    4.9   27.8               
  442  442 A S        -     0   0   86     -2,-0.0    -2,-0.0     0, 0.0     0, 0.0  -0.934  29.0 -89.2-147.8 155.3    2.8    5.9   29.0               
  443  443 A P        -     0   0  119      0, 0.0     2,-0.5     0, 0.0     0, 0.0  -0.115  13.3-144.6-105.4 166.8    2.1    6.9   32.4               
  444  444 A P        +     0   0  119      0, 0.0     2,-0.3     0, 0.0     0, 0.0  -0.966  23.4 161.7-103.6 126.6    1.2    6.4   36.1               
  445  445 A L        -     0   0  182     -2,-0.5     2,-0.1     0, 0.0     0, 0.0  -0.950  25.5-155.7-131.5 127.8   -0.9    8.8   38.0               
  446  446 A H        -     0   0  190     -2,-0.3     2,-0.1     1,-0.1     0, 0.0  -0.437  13.3 -99.1 -98.3 165.4   -2.4    7.4   41.2               
  447  447 A M        +     0   0  168     -2,-0.1    -1,-0.1     2,-0.0     0, 0.0  -0.268  47.2 100.5 -78.9 168.0   -5.5    8.2   43.3               
  448  448 A A        +     0   0   90     -2,-0.1    -2,-0.0     0, 0.0     0, 0.0   0.228  27.8  59.9  90.1 163.3   -6.5   10.1   46.5               
  449  449 A P        -     0   0  130      0, 0.0    -2,-0.0     0, 0.0     0, 0.0   0.187  24.0 -93.5-138.9 166.2   -7.7   12.6   48.2               
  450  450 A G        +     0   0   77      2,-0.0     0, 0.0     0, 0.0     0, 0.0   0.498  37.4  20.2 112.0 139.6   -9.5   15.5   49.9               
  451  451 A A        +     0   0  116      1,-0.0     2,-0.0     0, 0.0     0, 0.0   0.956  38.8 120.0  61.8 123.0  -10.8   19.0   50.9               
  452  452 A G        -     0   0   78      2,-0.0    -2,-0.0     0, 0.0    -1,-0.0  -0.007  51.5-114.7 154.6  98.5  -11.3   22.4   49.2               
  453  453 A E        -     0   0  196      1,-0.1     2,-0.1    -2,-0.0     0, 0.0   0.253  25.9 -93.1 -53.9 157.9  -14.8   24.1   49.0               
  454  454 A H        +     0   0  150      1,-0.0     2,-0.3     2,-0.0    -1,-0.1  -0.283  26.3 178.5 -52.4 139.2  -17.2   25.2   46.2               
  455  455 A H        -     0   0  201     -2,-0.1     2,-0.2     0, 0.0    -1,-0.0  -0.828  22.5-161.4-138.3 114.8  -17.5   28.5   44.4               
  456  456 A L        -     0   0  134     -2,-0.3    -2,-0.0     1,-0.2     0, 0.0  -0.597  30.7 -25.9 -84.3 147.0  -20.3   28.4   41.7               
  457  457 A A        -     0   0   96     -2,-0.2     2,-0.4     1,-0.1    -1,-0.2   0.857  29.7-172.8  47.9 116.0  -21.1   30.5   38.7               
  458  458 A R        -     0   0  249      2,-0.0     2,-0.3     0, 0.0    -1,-0.1  -0.936  15.5-160.5-133.2 124.7  -20.6   34.0   37.3               
  459  459 A R        -     0   0  239     -2,-0.4     2,-0.3     0, 0.0     0, 0.0  -0.700   5.8-150.3 -82.2 144.6  -22.4   34.9   34.1               
  460  460 A V        -     0   0  134     -2,-0.3     2,-0.1     1,-0.0    -2,-0.0  -0.931  15.3-148.2-139.8 101.0  -21.3   38.0   31.9               
  461  461 A R        -     0   0  238     -2,-0.3     2,-0.2     1,-0.2    -1,-0.0   0.360  13.0 -91.4  68.9 122.2  -23.6   39.7   30.0               
  462  462 A S        +     0   0  107     -2,-0.1    -1,-0.2     2,-0.0     0, 0.0  -0.573  46.4   7.2 -90.9 154.3  -23.7   41.7   26.7               
  463  463 A D        +     0   0  150     -2,-0.2    -2,-0.1     2,-0.0     0, 0.0   0.612  21.5 111.3  64.4 165.0  -23.2   45.3   25.6               
  464  464 A P        +     0   0  119      0, 0.0    -2,-0.0     0, 0.0     0, 0.0   0.631  35.5  41.2-130.7 167.9  -22.9   48.3   24.8               
  465  465 A G        -     0   0   80      0, 0.0    -2,-0.0     0, 0.0     2,-0.0   0.355  24.8 -82.2  89.3 153.7  -20.8   50.8   22.7               
  466  466 A G        +     0   0   79      0, 0.0     0, 0.0     0, 0.0     0, 0.0   0.217  17.9  13.2 162.6 119.7  -19.2   52.5   20.8               
  467  467 A G        +     0   0   87     -2,-0.0     0, 0.0     0, 0.0     0, 0.0   0.184  26.2  76.4  72.4 159.1  -16.8   54.4   18.4               
  468  468 A G        -     0   0   77      1,-0.1     2,-0.2     0, 0.0     0, 0.0   0.734  19.9-158.2-167.9 157.4  -14.3   55.1   16.8               
  469  469 A L        +     0   0  183      2,-0.0     2,-0.2     0, 0.0    -1,-0.1  -0.417  30.4 142.0 -63.3 135.2  -11.5   55.1   14.1               
  470  470 A A        -     0   0  104     -2,-0.2     2,-0.2     0, 0.0     0, 0.0  -0.676  19.8-170.5-164.9 137.6   -8.0   56.4   14.4               
  471  471 A Y        +     0   0  225     -2,-0.2    -2,-0.0     2,-0.0     0, 0.0  -0.582  34.1  85.3 -95.8 169.8   -4.6   55.3   13.0               
  472  472 A A        -     0   0   79     -2,-0.2     0, 0.0     0, 0.0     0, 0.0   0.552  37.0-147.6  68.9 149.2   -1.1   56.7   13.9               
  473  473 A A        +     0   0   69      1,-0.1    -2,-0.0     0, 0.0     0, 0.0   0.773  22.4  21.8 177.2 166.3    1.6   56.8   15.7               
  474  474 A Y        +     0   0  217      2,-0.0     2,-0.1     0, 0.0    -1,-0.1  -0.061  35.4 136.9 -35.5 140.1    4.8   57.5   17.7               
  475  475 A A        -     0   0   96      0, 0.0     2,-0.1     0, 0.0     0, 0.0  -0.454  30.7-131.6-176.6 155.4    6.3   60.5   19.2               
  476  476 A N        -     0   0  168     -2,-0.1    -2,-0.0     1,-0.1     0, 0.0  -0.445  38.1  -6.1 -71.4 150.9    8.1   61.8   22.4               
  477  477 A G        -     0   0   65     -2,-0.1    -1,-0.1     0, 0.0     0, 0.0   0.930  52.8 -20.6  81.3 105.5    8.0   64.4   24.7               
  478  478 A L        +     0   0  182      0, 0.0    -2,-0.0     0, 0.0     0, 0.0   0.944  44.3  69.2  71.4 128.0    7.1   67.7   26.2               
  479  479 A G        -     0   0   73      0, 0.0     0, 0.0     0, 0.0     0, 0.0   0.962  42.1-104.0 101.4  73.2    5.8   71.1   26.2               
  480  480 A A        +     0   0   96      1,-0.0     0, 0.0     0, 0.0     0, 0.0   0.862  41.0  52.9  51.7 126.7    2.8   73.3   25.9               
  481  481 A Q        -     0   0  171      2,-0.0    -1,-0.0     0, 0.0     0, 0.0   0.986  47.0 -56.9  75.4  99.8    0.6   75.8   23.9               
  482  482 A L        -     0   0  153      1,-0.0     2,-0.1     0, 0.0     0, 0.0   0.763  35.0 -81.1  72.3 155.3   -1.2   76.9   21.0               
  483  483 A P        +     0   0  122      0, 0.0     2,-0.1     0, 0.0    -1,-0.0  -0.433  19.0 160.2-127.2 165.0   -1.6   77.7   17.4               
  484  484 A G        -     0   0   66     -2,-0.1     0, 0.0     2,-0.0     0, 0.0  -0.469  34.1 -64.7 175.7 118.4   -1.5   79.3   14.0               
  485  485 A L        +     0   0  159     -2,-0.1     0, 0.0     2,-0.0     0, 0.0   0.631  44.9  29.4  31.2 140.2   -1.7   78.8   10.3               
  486  486 A Q        -     0   0  176      0, 0.0    -2,-0.0     0, 0.0     0, 0.0   0.858  24.0-153.0-165.5-176.6   -0.7   77.7    7.3               
  487  487 A P        +     0   0  111      0, 0.0     2,-0.0     0, 0.0    -2,-0.0   0.128   8.4 165.8-112.9-158.4    1.0   75.5    4.6               
  488  488 A S        +     0   0  101      2,-0.0     0, 0.0     0, 0.0     0, 0.0   0.348  31.7  44.2 104.6 132.8    2.7   74.5    1.2               
  489  489 A D        +     0   0  143     -2,-0.0     2,-0.0     0, 0.0     0, 0.0   0.776  43.2  44.0-152.8 152.8    4.5   72.1   -0.4               
  490  490 A T        -     0   0  132      0, 0.0    -2,-0.0     0, 0.0     0, 0.0   0.126  57.3 -45.3 166.5 132.5    5.6   68.8   -1.7               
  491  491 A S        +     0   0  125      1,-0.0     0, 0.0    -2,-0.0     0, 0.0   0.940  55.4 113.8  57.6 121.8    4.7   65.3   -3.2               
  492  492 A G        -     0   0   76      0, 0.0    -1,-0.0     0, 0.0     0, 0.0   0.576  52.2-127.3 160.0  20.4    2.0   62.6   -2.5               
  493  493 A S        -     0   0  112      1,-0.0     0, 0.0     0, 0.0     0, 0.0   0.683  32.9 -55.4  32.5 100.5   -0.7   61.9   -5.2               
  494  494 A S        -     0   0   96      0, 0.0    -1,-0.0     0, 0.0     0, 0.0   0.803  18.4-148.1  52.2 118.7   -4.4   61.7   -5.2               
  495  495 A S        -     0   0  106      2,-0.0     0, 0.0     0, 0.0     0, 0.0   0.691   9.3-179.4  61.8 144.9   -7.7   60.9   -4.6               
  496  496 A S        -     0   0   97      0, 0.0     0, 0.0     0, 0.0     0, 0.0   0.686   6.2-168.1-159.4 155.9  -10.7   60.6   -5.7               
  497  497 A S        +     0   0  105      0, 0.0     2,-0.1     0, 0.0    -2,-0.0   0.219  12.7 164.2  -5.0 144.4  -14.4   59.8   -5.2               
  498  498 A S        -     0   0  108      0, 0.0     0, 0.0     0, 0.0     0, 0.0  -0.076  16.3 -97.0 171.7 150.9  -17.5   59.2   -6.8               
  499  499 A S        +     0   0  102     -2,-0.1     0, 0.0     0, 0.0     0, 0.0   0.494  26.4 131.0  15.5 132.7  -21.1   57.9   -7.2               
  500  500 A S        +     0   0  103      0, 0.0     0, 0.0     0, 0.0     0, 0.0   0.547   9.3 178.2 178.8 127.9  -23.6   55.8   -7.9               
  501  501 A S        +     0   0  106      0, 0.0     0, 0.0     0, 0.0     0, 0.0   0.736  19.6 128.3  58.0 152.0  -26.6   54.3   -6.8               
  502  502 A S        -     0   0  107      0, 0.0     2,-0.0     0, 0.0     0, 0.0   0.852  27.9-152.6  66.0 106.9  -29.3   51.8   -8.1               
  503  503 A S        +     0   0   98      0, 0.0     0, 0.0     0, 0.0     0, 0.0   0.620  21.7 111.5  96.7 138.9  -30.8   48.9   -7.0               
  504  504 A S        -     0   0  111     -2,-0.0     0, 0.0     0, 0.0     0, 0.0   0.767  25.5 -80.7  58.6 143.8  -32.5   45.6   -7.9               
  505  505 A S        +     0   0   97      0, 0.0     0, 0.0     0, 0.0     0, 0.0   0.798  25.1  84.9 179.0 160.2  -32.8   42.3   -8.2               
  506  506 A S        +     0   0  111      0, 0.0     0, 0.0     0, 0.0     0, 0.0   0.489  23.7  34.1  68.6 152.0  -32.9   38.5   -8.8               
  507  507 A S        -     0   0   97      2,-0.0     0, 0.0     0, 0.0     0, 0.0   0.615  30.9 -95.2-173.6 150.3  -31.9   35.4   -8.7               
  508  508 A S        +     0   0  122      1,-0.1     0, 0.0     2,-0.0     0, 0.0   0.855  41.3 113.0  47.4 124.0  -30.6   31.8   -8.5               
  509  509 A G        +     0   0   71      0, 0.0     2,-0.6     0, 0.0    -1,-0.1   0.160  55.4  55.5-173.2 -57.7  -27.5   29.9   -9.8               
  510  510 A L        +     0   0  174      2,-0.0     2,-0.7     3,-0.0    -2,-0.0  -0.410  45.0 163.3-112.9  58.8  -24.6   28.3   -7.9               
  511  511 A R        -     0   0  186     -2,-0.6     2,-0.2     1,-0.0     0, 0.0  -0.631  41.1-127.4 -69.8 112.5  -25.7   25.7   -5.4               
  512  512 A R    >   -     0   0  213     -2,-0.7     2,-2.2     1,-0.1     3,-1.3  -0.446  25.0-111.7 -60.9 131.0  -22.5   23.7   -4.5               
  513  513 A K  T 3  S+     0   0  224      1,-0.2    -1,-0.1    -2,-0.2    -2,-0.0  -0.428 106.7  31.8 -68.9  73.4  -23.3   19.9   -5.0               
  514  514 A G  T 3  S+     0   0   74     -2,-2.2     2,-0.3     1,-0.4    -1,-0.2   0.210  84.6 108.1 163.1 -22.6  -23.1   19.0   -1.3               
  515  515 A S    <   -     0   0   29     -3,-1.3     2,-0.5    10,-0.0    -1,-0.4  -0.583  54.7-144.5 -79.2 134.4  -24.2   21.9    1.0               
  516  516 A R        -     0   0  141     -2,-0.3    10,-3.0    10,-0.2     2,-0.2  -0.884  20.8-138.3 -89.1 131.5  -27.6   21.7    2.9               
  517  517 A D  B     -E  525   0C  46     -2,-0.5     8,-0.2     8,-0.2     2,-0.2  -0.615  29.9 -88.3 -92.8 149.8  -29.2   25.2    3.1               
  518  518 A C     >  -     0   0    0      6,-2.9     4,-2.4    -2,-0.2    20,-0.2  -0.378  26.4-140.3 -61.8 129.4  -30.9   26.4    6.3               
  519  519 A S  T  4 S+     0   0   47     18,-2.8    -1,-0.1     1,-0.2    19,-0.1   0.387  98.9  45.2 -69.6  -0.1  -34.6   25.4    6.5               
  520  520 A V  T  4 S+     0   0   74     17,-0.2    -1,-0.2     0, 0.0    18,-0.1   0.742 129.0  16.5-112.7 -45.7  -35.5   28.9    8.0               
  521  521 A C  T  4 S-     0   0   32      3,-0.1    -2,-0.2    -3,-0.0    17,-0.1   0.619  78.3-151.0-102.3 -18.6  -33.6   31.5    5.8               
  522  522 A F  S  < S+     0   0  151     -4,-2.4    -3,-0.1     2,-0.2    -5,-0.1   0.420  81.9  79.6  57.0   4.7  -32.8   29.3    2.7               
  523  523 A E  S    S+     0   0  168     -5,-0.1     2,-0.3     2,-0.1    -1,-0.1   0.789  79.6  62.4-103.6 -41.9  -29.7   31.5    2.2               
  524  524 A S  S    S-     0   0   44     -6,-0.1    -6,-2.9     1,-0.1    -2,-0.2  -0.670  85.2-104.7 -97.0 147.0  -27.1   30.2    4.8               
  525  525 A E  B     -E  517   0C 110     -2,-0.3     2,-1.0    -8,-0.2    15,-0.3  -0.273  40.5 -99.4 -64.5 146.7  -25.4   26.7    5.0               
  526  526 A V        +     0   0   22    -10,-3.0    13,-0.3     1,-0.2   -10,-0.2  -0.592  64.2 142.6 -68.3 102.5  -26.5   24.2    7.7               
  527  527 A I        +     0   0   50     11,-1.0    40,-2.4    -2,-1.0     2,-0.3   0.235  49.9  72.6-126.3   5.0  -23.8   24.6   10.3               
  528  528 A A  E     -FG 538 566D   0     10,-2.3    10,-1.1    38,-0.3     2,-0.3  -0.961  51.0-165.6-126.8 146.3  -26.0   24.2   13.5               
  529  529 A A  E     - G   0 565D   7     36,-2.2    36,-2.7    -2,-0.3     2,-0.4  -0.947  23.3-128.7-116.5 150.3  -27.8   21.6   15.5               
  530  530 A L  E  >  - G   0 564D   0      5,-1.4     4,-2.0    -2,-0.3     5,-0.3  -0.780  36.4-102.0 -93.9 139.5  -30.4   22.2   18.3               
  531  531 A V  E  4 S+ G   0 563D  34     32,-2.6    31,-2.5    -2,-0.4    32,-1.0  -0.885  91.8   7.1-108.9 138.3  -30.0   20.4   21.7               
  532  532 A P  T  4 S+     0   0   88      0, 0.0    -1,-0.2     0, 0.0    29,-0.1  -0.998 127.1  55.0 -86.7 -10.3  -31.3   18.0   22.9               
  533  533 A C  T  4 S-     0   0   31     27,-0.2    -2,-0.2     1,-0.1    28,-0.1   0.590  87.8-141.0 -67.4 -15.4  -33.3   17.1   19.7               
  534  534 A G     <  +     0   0   47     -4,-2.0     2,-0.3     1,-0.2    -3,-0.1   0.391  38.5 162.2  76.1  -0.9  -30.1   16.9   17.4               
  535  535 A H        -     0   0   54     -5,-0.3    -5,-1.4     1,-0.1     2,-0.8  -0.358  21.5-167.6 -63.7 116.4  -31.9   18.5   14.4               
  536  536 A N        +     0   0   62     -2,-0.3    -7,-0.2    -7,-0.2    -1,-0.1  -0.638  53.3 105.2-106.0  66.1  -29.2   19.7   11.9               
  537  537 A L        +     0   0   59     -2,-0.8   -18,-2.8    -9,-0.1     2,-0.3   0.180  61.8  85.2-127.8  13.4  -31.3   21.9    9.5               
  538  538 A F  B     -F  528   0D   0    -10,-1.1   -10,-2.3   -20,-0.2   -11,-1.0  -0.861  66.0-130.5-124.1 148.0  -30.2   25.4   10.7               
  539  539 A C     >  -     0   0    1     -2,-0.3     4,-2.4   -13,-0.3     3,-0.2  -0.488  44.7-102.4 -76.9 167.2  -27.6   28.1   10.1               
  540  540 A M  H  > S+     0   0   22    -15,-0.3     4,-2.7     1,-0.2     5,-0.2   0.898 121.2  51.3 -61.4 -39.5  -26.1   29.5   13.4               
  541  541 A E  H  > S+     0   0   90      1,-0.2     4,-1.5     2,-0.2    -1,-0.2   0.815 113.5  43.7 -72.5 -34.2  -28.1   32.8   13.2               
  542  542 A C  H  4 S+     0   0    3     -3,-0.2     4,-0.4     2,-0.2    -1,-0.2   0.854 113.2  52.6 -76.9 -34.9  -31.4   30.9   12.7               
  543  543 A A  H >X S+     0   0    0     -4,-2.4     4,-2.0     2,-0.2     3,-1.2   0.946 110.8  45.9 -65.7 -46.3  -30.5   28.4   15.5               
  544  544 A N  H 3X S+     0   0   63     -4,-2.7     4,-1.8     1,-0.3     5,-0.2   0.940 107.8  58.1 -62.4 -42.5  -29.8   31.2   18.0               
  545  545 A R  H 3< S+     0   0  142     -4,-1.5    -1,-0.3     1,-0.2    -2,-0.2   0.581 107.4  48.7 -63.3 -12.9  -33.0   33.0   17.0               
  546  546 A I  H X4 S+     0   0    6     -3,-1.2     3,-1.3    -4,-0.4    -1,-0.2   0.849 111.0  48.4 -86.2 -45.6  -34.9   29.7   18.0               
  547  547 A C  H 3< S+     0   0   36     -4,-2.0    -2,-0.2     1,-0.2    -3,-0.1   0.709 107.0  58.3 -63.0 -26.1  -33.0   29.5   21.4               
  548  548 A E  T 3< S+     0   0  151     -4,-1.8    -1,-0.2    -5,-0.2    -3,-0.1   0.419  84.0 107.6 -87.5  -2.6  -33.8   33.3   22.1               
  549  549 A K  S <  S-     0   0  115     -3,-1.3    -3,-0.1    -5,-0.2    -4,-0.0  -0.379  83.1-115.6 -71.8 157.6  -37.7   32.9   21.9               
  550  550 A S  S    S+     0   0  127      1,-0.3    -1,-0.1    -2,-0.1    -3,-0.0   0.841 119.1  28.6 -57.0 -34.9  -40.0   33.0   24.9               
  551  551 A E  S    S-     0   0  156     -5,-0.1     2,-1.4     2,-0.1    -1,-0.3  -0.916  85.4-158.0-126.7  93.7  -40.8   29.3   24.0               
  552  552 A P        +     0   0   37      0, 0.0     9,-3.4     0, 0.0     2,-0.3  -0.634  27.1 163.6 -79.2  92.0  -37.6   27.9   22.3               
  553  553 A E  B     -H  560   0E  87     -2,-1.4     7,-0.2     7,-0.3     6,-0.1  -0.837  43.1-115.4-106.6 147.6  -39.1   24.9   20.4               
  554  554 A C    >>  -     0   0    0      5,-2.2     4,-2.3    -2,-0.3     3,-1.4  -0.727  20.5-143.6 -77.2 120.7  -37.4   22.9   17.5               
  555  555 A P  T 34 S+     0   0   70      0, 0.0    -1,-0.1     0, 0.0    -2,-0.0   0.350  97.0  52.9 -71.0   7.0  -39.6   23.5   14.3               
  556  556 A V  T 34 S+     0   0   65      3,-0.1    -2,-0.0   -21,-0.0    -3,-0.0   0.617 130.6   7.1-107.3 -26.7  -39.0   19.9   13.2               
  557  557 A C  T <4 S-     0   0   44     -3,-1.4     3,-0.1     2,-0.2    -3,-0.0   0.266  87.9-123.5-144.7   5.3  -40.0   18.0   16.3               
  558  558 A H     <  +     0   0  132     -4,-2.3     2,-0.3     1,-0.2     3,-0.0   0.540  60.4 147.8  53.2  13.6  -41.6   20.6   18.8               
  559  559 A T        -     0   0   61     -5,-0.3    -5,-2.2     1,-0.1    -1,-0.2  -0.593  58.5-101.9 -74.5 135.3  -39.0   19.5   21.5               
  560  560 A A  B     -H  553   0E  72     -2,-0.3     2,-0.4    -7,-0.2    -7,-0.3  -0.331  37.9-141.5 -57.3 132.8  -37.9   22.3   23.8               
  561  561 A V        +     0   0    6     -9,-3.4     3,-0.1     1,-0.1    -1,-0.1  -0.874  24.1 178.3-107.9 128.4  -34.4   23.6   22.8               
  562  562 A T        -     0   0  107    -31,-2.5     2,-0.3    -2,-0.4    -1,-0.1   0.727  66.9  -5.4-100.3 -29.4  -31.8   24.6   25.4               
  563  563 A Q  E     -G  531   0D 104    -32,-1.0   -32,-2.6     2,-0.0     2,-0.4  -0.986  56.4-124.3-161.4 156.3  -28.9   25.6   23.1               
  564  564 A A  E     -G  530   0D  23     -2,-0.3     2,-0.4   -34,-0.2   -34,-0.2  -0.894  28.0-161.1-102.6 136.7  -27.5   25.7   19.5               
  565  565 A I  E     -G  529   0D  77    -36,-2.7   -36,-2.2    -2,-0.4     2,-0.4  -0.951  18.6-120.9-120.4 139.4  -24.2   24.0   18.7               
  566  566 A R  E     -G  528   0D 136     -2,-0.4     2,-0.5   -38,-0.2   -38,-0.3  -0.666  24.2-147.9 -77.4 126.5  -21.8   24.5   15.7               
  567  567 A I        -     0   0   56    -40,-2.4     2,-0.5    -2,-0.4    -1,-0.0  -0.839   6.9-161.5 -92.4 126.8  -21.3   21.4   13.6               
  568  568 A F              0   0  176     -2,-0.5   -41,-0.0   -40,-0.0   -40,-0.0  -0.946 360.0 360.0-102.5 127.4  -17.8   21.0   12.0               
  569  569 A S              0   0  185     -2,-0.5    -2,-0.0     0, 0.0   -42,-0.0  -0.851 360.0 360.0-109.4 360.0  -17.9   18.5    9.0               
