==== Secondary Structure Definition by the program DSSP, CMBI version 2.0                          ==== DATE=2026-03-08        .
REFERENCE W. KABSCH AND C.SANDER, BIOPOLYMERS 22 (1983) 2577-2637                                                              .
HEADER                                            01-AUG-25                                                                    .
COMPND    MOL_ID: 1; MOLECULE: DELETED IN AZOOSPERMIA PROTEIN 4; CHAIN: A                                                      .
SOURCE    MOL_ID: 1; ORGANISM_SCIENTIFIC: HOMO SAPIENS; ORGANISM_TAXID: 9606                                                   .
AUTHOR                                                                                                                         .
  579  1  0  0  0 TOTAL NUMBER OF RESIDUES, NUMBER OF CHAINS, NUMBER OF SS-BRIDGES(TOTAL,INTRACHAIN,INTERCHAIN)                .
 49530.9   ACCESSIBLE SURFACE OF PROTEIN (ANGSTROM**2)                                                                         .
  322 55.6   TOTAL NUMBER OF HYDROGEN BONDS OF TYPE O(I)-->H-N(J)  , SAME NUMBER PER 100 RESIDUES                              .
   96 16.6   TOTAL NUMBER OF HYDROGEN BONDS IN     PARALLEL BRIDGES, SAME NUMBER PER 100 RESIDUES                              .
   58 10.0   TOTAL NUMBER OF HYDROGEN BONDS IN ANTIPARALLEL BRIDGES, SAME NUMBER PER 100 RESIDUES                              .
    0  0.0   TOTAL NUMBER OF HYDROGEN BONDS OF TYPE O(I)-->H-N(I-5), SAME NUMBER PER 100 RESIDUES                              .
    2  0.3   TOTAL NUMBER OF HYDROGEN BONDS OF TYPE O(I)-->H-N(I-4), SAME NUMBER PER 100 RESIDUES                              .
    2  0.3   TOTAL NUMBER OF HYDROGEN BONDS OF TYPE O(I)-->H-N(I-3), SAME NUMBER PER 100 RESIDUES                              .
    0  0.0   TOTAL NUMBER OF HYDROGEN BONDS OF TYPE O(I)-->H-N(I-2), SAME NUMBER PER 100 RESIDUES                              .
    0  0.0   TOTAL NUMBER OF HYDROGEN BONDS OF TYPE O(I)-->H-N(I-1), SAME NUMBER PER 100 RESIDUES                              .
    0  0.0   TOTAL NUMBER OF HYDROGEN BONDS OF TYPE O(I)-->H-N(I+0), SAME NUMBER PER 100 RESIDUES                              .
    0  0.0   TOTAL NUMBER OF HYDROGEN BONDS OF TYPE O(I)-->H-N(I+1), SAME NUMBER PER 100 RESIDUES                              .
   90 15.5   TOTAL NUMBER OF HYDROGEN BONDS OF TYPE O(I)-->H-N(I+2), SAME NUMBER PER 100 RESIDUES                              .
   27  4.7   TOTAL NUMBER OF HYDROGEN BONDS OF TYPE O(I)-->H-N(I+3), SAME NUMBER PER 100 RESIDUES                              .
   31  5.4   TOTAL NUMBER OF HYDROGEN BONDS OF TYPE O(I)-->H-N(I+4), SAME NUMBER PER 100 RESIDUES                              .
    0  0.0   TOTAL NUMBER OF HYDROGEN BONDS OF TYPE O(I)-->H-N(I+5), SAME NUMBER PER 100 RESIDUES                              .
  1  2  3  4  5  6  7  8  9 10 11 12 13 14 15 16 17 18 19 20 21 22 23 24 25 26 27 28 29 30     *** HISTOGRAMS OF ***           .
  0  0  0  0  1  1  0  2  0  0  0  1  0  0  0  0  0  0  0  0  0  0  0  0  0  0  0  0  0  0    RESIDUES PER ALPHA HELIX         .
  5  2  1  3  9  0  0  0  0  0  0  0  0  0  0  0  0  0  0  0  0  0  0  0  0  0  0  0  0  0    PARALLEL BRIDGES PER LADDER      .
  0  2  0  0  2  4  0  0  0  0  0  0  0  0  0  0  0  0  0  0  0  0  0  0  0  0  0  0  0  0    ANTIPARALLEL BRIDGES PER LADDER  .
  2  0  2  0  0  0  0  1  0  0  0  1  0  0  0  0  0  0  0  0  0  0  0  0  0  0  0  0  0  0    LADDERS PER SHEET                .
  #  RESIDUE AA STRUCTURE BP1 BP2  ACC     N-H-->O    O-->H-N    N-H-->O    O-->H-N    TCO  KAPPA ALPHA  PHI   PSI    X-CA   Y-CA   Z-CA            CHAIN
    1    1 A M              0   0  239      0, 0.0     0, 0.0     0, 0.0     0, 0.0   0.000 360.0 360.0 360.0 128.7   60.7   32.9    3.7               
    2    2 A S        -     0   0  118      2,-0.0     0, 0.0     0, 0.0     0, 0.0   0.934 360.0-105.1  46.8  99.3   57.2   34.1    4.9               
    3    3 A A        -     0   0   93      1,-0.0     0, 0.0     0, 0.0     0, 0.0   0.681  16.1 -84.6  75.7 107.0   55.8   35.2    7.9               
    4    4 A A        +     0   0   98      2,-0.0    -1,-0.0     0, 0.0    -2,-0.0   0.578  23.3 117.5  63.8 132.3   54.0   35.5   10.8               
    5    5 A N        +     0   0  150      1,-0.0     2,-0.1     0, 0.0     0, 0.0   0.762   7.5 177.2-155.8 165.6   51.7   36.0   13.0               
    6    6 A P        +     0   0   96      0, 0.0    -2,-0.0     0, 0.0    -1,-0.0  -0.299  30.0  94.9-100.2-169.4   49.2   34.8   15.9               
    7    7 A E        +     0   0  181     -2,-0.1     0, 0.0     1,-0.0     0, 0.0   0.450  24.4  73.2  75.1 145.3   46.5   36.3   18.2               
    8    8 A T        -     0   0  131      0, 0.0     2,-0.1     0, 0.0    -1,-0.0   0.684  29.3-167.6-146.4 171.2   43.4   37.2   19.3               
    9    9 A P        +     0   0  107      0, 0.0     0, 0.0     0, 0.0     0, 0.0  -0.431  26.7  47.4-104.3 178.2   40.1   35.7   20.8               
   10   10 A N        +     0   0  155     -2,-0.1     2,-0.1     1,-0.1     0, 0.0   0.972  30.0 117.5  63.2 118.6   36.4   36.3   21.7               
   11   11 A S        -     0   0  106      2,-0.0    -1,-0.1     1,-0.0     0, 0.0  -0.207  30.0  -2.0 179.4 167.1   33.2   37.3   21.1               
   12   12 A T        +     0   0  115     -2,-0.1    -2,-0.0     2,-0.0    -1,-0.0   0.999  56.0  22.7  87.4 103.8   29.5   37.3   20.7               
   13   13 A I        -     0   0  161      1,-0.0     2,-0.2     0, 0.0    -2,-0.0   0.939  28.4-172.5  96.7 100.6   26.2   35.4   20.6               
   14   14 A S        +     0   0   98      0, 0.0     2,-0.1     0, 0.0    -1,-0.0  -0.515  12.5 166.9 -69.3 151.7   24.5   32.2   21.7               
   15   15 A R        -     0   0  230     -2,-0.2     2,-0.0     0, 0.0     0, 0.0  -0.037   8.1-177.3 169.7 114.1   21.2   30.7   20.9               
   16   16 A E        +     0   0  172     -2,-0.1     0, 0.0     1,-0.0     0, 0.0   0.391  32.4  12.8  60.0 126.2   19.6   27.7   21.2               
   17   17 A A        +     0   0   89     -2,-0.0    -1,-0.0     1,-0.0     0, 0.0   0.828  24.3 153.6  43.5 124.6   16.2   26.3   20.2               
   18   18 A S        -     0   0  112      0, 0.0     2,-0.3     0, 0.0    -1,-0.0   0.026   9.4-173.3-175.7 127.2   13.2   26.2   18.6               
   19   19 A T        +     0   0  131      2,-0.0     2,-0.1     1,-0.0     0, 0.0  -0.564  28.5 155.1 -50.2 128.0   10.7   23.6   17.4               
   20   20 A Q        -     0   0  171     -2,-0.3    -1,-0.0     2,-0.0     0, 0.0  -0.357  31.6-117.5-172.3 113.1    7.8   25.0   15.3               
   21   21 A S        +     0   0  102     -2,-0.1     2,-0.2     1,-0.1    -2,-0.0   0.361  19.6 180.0  23.1 115.3    5.5   23.8   12.7               
   22   22 A S        +     0   0  125      3,-0.0     2,-0.1     0, 0.0     3,-0.1  -0.733  29.6 170.4-134.7  94.7    4.7   24.6    9.1               
   23   23 A S        +     0   0  110     -2,-0.2     0, 0.0     1,-0.1     0, 0.0  -0.395  33.0  50.4 -76.8 168.6    1.8   22.1    8.3               
   24   24 A A        +     0   0  101     -2,-0.1    -1,-0.1     1,-0.1     2,-0.1   0.984  28.7 145.7  67.7  87.7   -0.4   22.1    5.1               
   25   25 A A        +     0   0   90     -3,-0.1     2,-2.0     2,-0.0    -1,-0.1  -0.583  22.6 176.5-127.4  72.0    0.6   22.1    1.5               
   26   26 A A        +     0   0  110     -2,-0.1     2,-0.7     1,-0.1     0, 0.0  -0.486  12.9 165.3 -73.0  77.9   -2.3   19.9    0.2               
   27   27 A S        -     0   0  100     -2,-2.0    -1,-0.1     1,-0.1    -2,-0.0  -0.770  51.1 -91.2-111.3  89.3   -1.4   20.2   -3.5               
   28   28 A Q        -     0   0  159     -2,-0.7     2,-0.3     1,-0.2    -1,-0.1   0.546  43.4-134.7  23.6  74.9   -3.0   17.6   -5.9               
   29   29 A G        -     0   0   76      1,-0.1     2,-0.9     3,-0.0    -1,-0.2  -0.358   7.6-144.1 -60.1 116.5   -0.6   14.6   -6.1               
   30   30 A W        -     0   0  171     -2,-0.3     2,-0.6     3,-0.0    -1,-0.1  -0.744  16.3-136.7 -75.2 108.8   -0.1   13.3   -9.6               
   31   31 A V        -     0   0  135     -2,-0.9    -1,-0.0     1,-0.1    -2,-0.0  -0.612  23.2-127.8 -64.0 112.0    0.3    9.5   -9.3               
   32   32 A L        -     0   0  104     -2,-0.6     2,-0.2     1,-0.1     3,-0.1  -0.525  22.5-127.5 -63.3 119.6    3.2    8.8  -11.6               
   33   33 A P        -     0   0   57      0, 0.0    -1,-0.1     0, 0.0    -3,-0.0  -0.523  37.0 -86.7 -67.2 144.8    2.1    6.0  -14.0               
   34   34 A E  S    S+     0   0  187     -2,-0.2     2,-0.2    82,-0.0    83,-0.2  -0.227  84.3  99.1 -51.4 119.6    4.4    3.0  -14.3               
   35   35 A G  S    S-     0   0   38     81,-0.2     2,-0.4    -3,-0.1    81,-0.2  -0.890  75.7 -71.8 168.3 164.5    7.1    3.8  -16.9               
   36   36 A K  E     -A  115   0A 159     79,-1.7    79,-2.8    -2,-0.2     2,-0.1  -0.646  47.2-122.6 -78.7 126.2   10.7    5.0  -17.6               
   37   37 A I  E     -A  114   0A  99     -2,-0.4    77,-0.2    77,-0.2    -1,-0.1  -0.458  22.1-133.8 -61.4 133.9   11.3    8.8  -16.9               
   38   38 A V  E >   -     0   0A  46     75,-3.0     3,-1.0     3,-0.2    75,-0.4  -0.886  23.6-127.5 -91.5 115.9   12.6   10.5  -20.0               
   39   39 A P  E 3  S+     0   0A  97      0, 0.0    48,-0.1     0, 0.0     3,-0.1  -0.241  86.8  11.2 -62.8 154.1   15.6   12.7  -19.1               
   40   40 A N  E 3  S+     0   0A  37     51,-0.3    47,-2.9     1,-0.1     2,-0.4   0.687 104.8 113.9  50.3  26.2   15.6   16.4  -20.1               
   41   41 A T  E <   - B   0  86A  13     -3,-1.0    72,-2.0    45,-0.2     2,-0.4  -0.981  49.6-160.3-132.3 124.0   11.9   16.1  -21.2               
   42   42 A V  E     -AB 112  85A   0     43,-2.9    43,-2.5    -2,-0.4     2,-0.5  -0.837  15.8-135.1-101.5 132.1    8.9   17.8  -19.6               
   43   43 A F  E     -AB 111  84A  58     68,-2.9    68,-1.8    -2,-0.4     2,-0.5  -0.782  20.8-163.2 -78.2 130.2    5.3   16.7  -19.9               
   44   44 A V  E     +AB 110  83A   0     39,-2.6    39,-2.6    -2,-0.5     3,-0.3  -0.952  12.8 174.9-121.0 106.4    3.1   19.7  -20.7               
   45   45 A G  E     +AB 109  82A   4     64,-2.7    64,-3.0    -2,-0.5    37,-0.2  -0.694  55.4  49.1-103.1 166.3   -0.7   19.1  -20.1               
   46   46 A G        +     0   0   33     35,-1.8    36,-0.2     1,-0.2     2,-0.2   0.666  69.5 162.5  77.1  17.9   -3.6   21.6  -20.4               
   47   47 A I        -     0   0   10     34,-1.4    -1,-0.2    -3,-0.3     2,-0.1  -0.471  37.6-122.4 -64.2 133.8   -2.4   23.0  -23.8               
   48   48 A D    >   -     0   0   30     -2,-0.2     3,-1.5     1,-0.1    33,-0.1  -0.431  15.3-118.9 -73.2 155.2   -5.2   24.9  -25.6               
   49   49 A A  T 3  S+     0   0   88      1,-0.2    30,-0.1    -2,-0.1    -1,-0.1   0.613 117.1  57.2 -67.0 -12.3   -6.4   23.8  -29.1               
   50   50 A R  T 3  S+     0   0  212      2,-0.1     2,-0.5     0, 0.0    -1,-0.2   0.373  85.5 101.3 -92.8  -5.6   -5.2   27.3  -30.1               
   51   51 A M    <   -     0   0    6     -3,-1.5     2,-0.2    52,-0.1    -4,-0.0  -0.784  57.5-153.8 -91.4 132.0   -1.6   26.9  -28.9               
   52   52 A D     >  -     0   0  110     -2,-0.5     4,-1.9     1,-0.1     3,-0.3  -0.521  28.8-110.7 -99.2 161.2    1.2   26.1  -31.4               
   53   53 A E  H  > S+     0   0   89      1,-0.2     4,-2.6     2,-0.2     5,-0.1   0.851 116.8  56.4 -60.4 -33.0    4.6   24.3  -30.8               
   54   54 A T  H  > S+     0   0  111      2,-0.2     4,-2.6     1,-0.2    -1,-0.2   0.884 105.6  49.3 -65.7 -42.8    6.5   27.7  -31.3               
   55   55 A E  H  > S+     0   0   69     -3,-0.3     4,-1.9     2,-0.2    -2,-0.2   0.936 113.9  46.0 -65.4 -44.6    4.6   29.5  -28.5               
   56   56 A I  H  X S+     0   0    1     -4,-1.9     4,-2.0     2,-0.2    -2,-0.2   0.954 113.0  50.2 -60.1 -51.2    5.2   26.6  -26.1               
   57   57 A G  H  X S+     0   0   14     -4,-2.6     4,-2.0     1,-0.2    -2,-0.2   0.912 108.5  52.6 -55.8 -44.4    8.9   26.5  -27.2               
   58   58 A S  H  < S+     0   0   87     -4,-2.6     4,-0.4     1,-0.2    -1,-0.2   0.872 109.9  48.3 -62.8 -38.5    9.3   30.3  -26.7               
   59   59 A C  H >< S+     0   0   23     -4,-1.9     3,-0.6     1,-0.2    -1,-0.2   0.880 113.6  46.4 -69.7 -37.0    7.9   30.0  -23.1               
   60   60 A F  H >X S+     0   0    0     -4,-2.0     3,-2.6     1,-0.2     4,-0.6   0.746  90.6  83.4 -78.3 -20.5   10.2   27.1  -22.2               
   61   61 A G  G >< S+     0   0   41     -4,-2.0     3,-0.6     1,-0.3    -1,-0.2   0.758  78.8  69.0 -52.9 -26.6   13.3   28.8  -23.7               
   62   62 A R  G <4 S+     0   0  176     -3,-0.6    -1,-0.3    -4,-0.4    -2,-0.1   0.634 101.8  45.3 -64.8 -19.2   13.7   30.7  -20.3               
   63   63 A Y  G <4 S-     0   0   67     -3,-2.6     2,-0.2     1,-0.4    -1,-0.2   0.561 131.3 -49.5 -99.8 -16.0   14.6   27.4  -18.6               
   64   64 A G  S << S-     0   0   15     -4,-0.6    -1,-0.4    -3,-0.6     2,-0.3  -0.824  77.9 -48.7 158.5 166.8   17.1   26.1  -21.3               
   65   65 A S        -     0   0   68     -2,-0.2    23,-3.0    -3,-0.1    24,-0.6  -0.448  57.6-133.9 -63.1 117.7   17.6   25.6  -25.0               
   66   66 A V  E     -C   87   0A  44     -2,-0.3    21,-0.3    21,-0.2     3,-0.1  -0.620  22.5-176.0 -78.5 129.8   14.6   23.7  -26.4               
   67   67 A K  E     -     0   0A 153     19,-2.8     2,-0.3    -2,-0.3    20,-0.2   0.825  68.6  -3.1 -89.7 -46.1   15.4   20.7  -28.6               
   68   68 A E  E     -C   86   0A  86     18,-1.4    18,-2.9   -11,-0.0     2,-0.4  -0.953  51.8-159.8-152.4 132.7   11.9   19.5  -29.7               
   69   69 A V  E     -C   85   0A  24     -2,-0.3     2,-0.3    16,-0.2    16,-0.2  -0.958  19.0-175.3-106.3 135.1    8.3   20.6  -28.8               
   70   70 A K  E     -C   84   0A  98     14,-2.5    14,-1.9    -2,-0.4     2,-0.4  -0.857  11.8-163.2-138.2 101.9    5.8   17.8  -29.6               
   71   71 A I  E     -C   83   0A  23     -2,-0.3     2,-0.9    12,-0.3    12,-0.3  -0.666  24.0-130.6 -79.9 129.4    2.0   18.4  -29.2               
   72   72 A I  E     -     0   0A  35     10,-2.5     8,-2.7    -2,-0.4    10,-0.4  -0.724  31.4-176.9 -88.8 109.5    0.1   15.0  -29.2               
   73   73 A T  E     -C   79   0A  67     -2,-0.9     6,-0.3     6,-0.3     2,-0.2  -0.343  23.9-114.4 -91.0 167.3   -2.8   15.0  -31.6               
   74   74 A N    >   -     0   0   84      4,-2.1     3,-1.8    -2,-0.1    -1,-0.1  -0.546  44.5 -89.5 -86.0 172.3   -5.5   12.4  -32.4               
   75   75 A R  T 3  S+     0   0  255      1,-0.3    -2,-0.0    -2,-0.2    -1,-0.0   0.677 129.9  58.7 -55.2 -20.2   -5.8   10.6  -35.8               
   76   76 A T  T 3  S-     0   0  104      2,-0.2    -1,-0.3     3,-0.0     2,-0.2  -0.004 120.2-108.2 -95.7  16.1   -8.1   13.5  -36.8               
   77   77 A G  S <  S+     0   0   51     -3,-1.8     2,-0.1     1,-0.2    -2,-0.1   0.094  75.6 137.7  75.9 -20.8   -5.4   16.2  -36.2               
   78   78 A V        -     0   0   93     -2,-0.2    -4,-2.1    -5,-0.2    -1,-0.2  -0.336  59.2-114.5 -61.9 125.5   -7.2   17.4  -33.0               
   79   79 A S  E     - C   0  73A  32     -6,-0.3    -6,-0.3   -30,-0.1    -1,-0.1  -0.282   9.5-144.7 -55.7 136.4   -4.8   18.2  -30.1               
   80   80 A K  E     -     0   0A 102     -8,-2.7   -34,-0.2     2,-0.3    -1,-0.1   0.333  47.0-108.6 -81.5   5.1   -5.2   15.9  -27.0               
   81   81 A G  E    S+     0   0A  21      1,-0.2   -35,-1.8    -9,-0.1   -34,-1.4   0.709  90.9  84.4  70.3  21.5   -4.3   19.0  -24.9               
   82   82 A Y  E     +B   45   0A  74    -10,-0.4   -10,-2.5   -37,-0.2    -2,-0.3  -0.989  45.7 159.1-149.1 155.8   -0.9   17.6  -23.9               
   83   83 A G  E     -BC  44  71A   2    -39,-2.6   -39,-2.6    -2,-0.3     2,-0.4  -0.831  31.9-107.3-153.9-174.9    2.7   17.5  -25.4               
   84   84 A F  E     -BC  43  70A  54    -14,-1.9   -14,-2.5    -2,-0.2     2,-0.5  -0.986  14.7-158.4-130.4 140.3    6.3   17.0  -24.6               
   85   85 A V  E     -BC  42  69A   1    -43,-2.5   -43,-2.9    -2,-0.4     2,-0.4  -0.981  12.0-165.3-121.0 111.8    9.2   19.6  -24.4               
   86   86 A S  E     -BC  41  68A  23    -18,-2.9   -19,-2.8    -2,-0.5   -18,-1.4  -0.825   8.7-147.0 -94.7 139.1   12.7   18.1  -24.8               
   87   87 A F  E     - C   0  66A   8    -47,-2.9   -21,-0.2    -2,-0.4     4,-0.1  -0.688  14.5-146.1-102.8 153.1   15.8   20.3  -23.9               
   88   88 A V  S    S+     0   0   92    -23,-3.0     2,-0.1    -2,-0.2   -22,-0.1   0.862  87.3  56.5 -77.4 -42.9   19.3   20.3  -25.4               
   89   89 A N  S    S-     0   0   81    -24,-0.6     2,-0.6     1,-0.1    -2,-0.1  -0.457 102.6 -93.9 -85.3 158.7   20.9   21.0  -22.0               
   90   90 A D        -     0   0  145     -2,-0.1     2,-0.4     2,-0.0    -1,-0.1  -0.643  55.0-178.4 -67.6 116.5   20.7   19.1  -18.8               
   91   91 A V        -     0   0   27     -2,-0.6     2,-1.2    -4,-0.1   -51,-0.3  -0.983  36.5-110.8-125.2 136.6   17.8   20.9  -17.0               
   92   92 A D     >  -     0   0   95     -2,-0.4     4,-1.7     1,-0.2     3,-0.2  -0.489  29.1-168.5 -65.4  96.4   16.3   20.3  -13.6               
   93   93 A V  H  > S+     0   0   26     -2,-1.2     4,-2.7     1,-0.2    -1,-0.2   0.817  84.8  58.9 -56.8 -32.9   12.9   18.9  -14.6               
   94   94 A Q  H  > S+     0   0  165      2,-0.2     4,-2.4     1,-0.2    -1,-0.2   0.931 103.6  50.6 -68.5 -40.2   11.7   19.2  -10.9               
   95   95 A K  H  > S+     0   0  151      2,-0.2     4,-0.5    -3,-0.2    -2,-0.2   0.875 113.8  45.5 -62.9 -37.8   12.4   23.0  -10.9               
   96   96 A I  H >< S+     0   0    1     -4,-1.7     3,-1.3     2,-0.2    -2,-0.2   0.939 111.5  52.3 -67.1 -45.9   10.4   23.3  -14.2               
   97   97 A V  H 3< S+     0   0   48     -4,-2.7    13,-0.3     1,-0.3    -2,-0.2   0.837 106.9  53.0 -64.4 -32.4    7.5   21.1  -12.8               
   98   98 A G  H 3< S+     0   0   62     -4,-2.4    -1,-0.3    -5,-0.1     2,-0.2   0.662  93.0  96.7 -71.0 -17.5    7.3   23.3   -9.7               
   99   99 A S  S << S-     0   0   32     -3,-1.3     2,-0.9    -4,-0.5    11,-0.2  -0.506  71.6-138.4 -77.3 141.0    6.9   26.4  -12.0               
  100  100 A Q        -     0   0  124     -2,-0.2     2,-0.5     9,-0.1     9,-0.1  -0.766  20.7-171.7-103.5  92.4    3.4   27.7  -12.7               
  101  101 A I        -     0   0   13     -2,-0.9     7,-2.6     7,-0.2     2,-0.4  -0.731   3.7-163.7 -84.4 124.3    3.2   28.7  -16.4               
  102  102 A H  E     +D  107   0B 118     -2,-0.5     2,-0.3     5,-0.2     5,-0.2  -0.919  11.2 176.1-108.9 135.0   -0.0   30.5  -17.4               
  103  103 A F  E >   -D  106   0B  28      3,-2.8     3,-2.2    -2,-0.4   -52,-0.1  -0.990  68.5 -11.0-149.5 121.9   -0.9   30.7  -21.1               
  104  104 A H  T 3  S-     0   0  124     -2,-0.3     3,-0.1     1,-0.3    -1,-0.1   0.869 127.7 -58.0  46.1  42.4   -4.1   32.2  -22.6               
  105  105 A G  T 3  S+     0   0   81      1,-0.2     2,-0.4     0, 0.0    -1,-0.3   0.389 118.2 112.5  72.5  -2.2   -5.6   32.4  -19.0               
  106  106 A K  E <   -D  103   0B 108     -3,-2.2    -3,-2.8   -60,-0.0     2,-0.6  -0.829  67.4-128.6-102.0 136.5   -5.1   28.6  -18.6               
  107  107 A K  E     -D  102   0B 104     -2,-0.4    -5,-0.2    -5,-0.2     2,-0.1  -0.752  23.9-130.1 -82.7 121.8   -2.6   27.0  -16.2               
  108  108 A L        -     0   0    4     -7,-2.6     2,-0.9    -2,-0.6    -7,-0.2  -0.422  12.7-132.0 -70.2 142.7   -0.3   24.5  -17.8               
  109  109 A K  E     -A   45   0A 109    -64,-3.0   -64,-2.7    -2,-0.1     2,-0.2  -0.847  28.1-165.8-101.1  94.3    0.1   21.1  -16.0               
  110  110 A L  E     +A   44   0A  15     -2,-0.9   -66,-0.2   -13,-0.3   -68,-0.0  -0.562  18.4 149.5 -84.7 144.8    3.8   20.4  -15.9               
  111  111 A G  E     -A   43   0A  11    -68,-1.8   -68,-2.9    -2,-0.2     2,-0.2  -0.974  51.9 -77.9-158.6 166.7    5.2   16.9  -15.0               
  112  112 A P  E     -A   42   0A  38      0, 0.0     2,-0.4     0, 0.0   -70,-0.2  -0.519  55.9-109.7 -64.2 137.0    8.2   14.6  -15.6               
  113  113 A A  E     -     0   0A   0    -72,-2.0   -75,-3.0   -75,-0.4     2,-0.5  -0.585  35.9-161.9 -71.6 126.4    7.9   13.0  -19.1               
  114  114 A I  E     -A   37   0A  32     -2,-0.4     2,-1.1   -77,-0.2   -77,-0.2  -0.931  10.4-151.3-116.8 115.9    7.1    9.2  -18.6               
  115  115 A R  E     -A   36   0A 193    -79,-2.8   -79,-1.7    -2,-0.5     2,-0.3  -0.724  17.0-148.0 -83.6  99.7    7.7    6.7  -21.5               
  116  116 A K        -     0   0  142     -2,-1.1     2,-0.4   -81,-0.2   -81,-0.2  -0.516  18.8-122.2 -59.1 125.7    5.2    3.9  -20.9               
  117  117 A Q        -     0   0  170     -2,-0.3     2,-1.2   -83,-0.2    -1,-0.1  -0.594  20.3-126.4 -65.4 127.6    6.6    0.7  -22.2               
  118  118 A K        -     0   0  192     -2,-0.4     2,-0.6     3,-0.0    -1,-0.1  -0.759  13.9-143.4 -69.5 101.7    4.3   -0.9  -24.8               
  119  119 A L        -     0   0  175     -2,-1.2     2,-0.5     1,-0.1    -3,-0.0  -0.622  37.4-118.5 -50.2 108.4    3.8   -4.3  -23.4               
  120  120 A C        -     0   0   80     -2,-0.6     2,-2.1     1,-0.1    -1,-0.1  -0.585   9.3-138.2 -67.9 120.0    3.8   -5.6  -27.0               
  121  121 A A        +     0   0  112     -2,-0.5     2,-0.4     3,-0.0     3,-0.1  -0.628  55.9 146.4 -67.2  77.9    0.6   -7.3  -28.0               
  122  122 A R        -     0   0  210     -2,-2.1    -2,-0.1     1,-0.2     0, 0.0  -0.997  56.4  -4.9-126.4 121.0    2.8   -9.9  -29.7               
  123  123 A H        -     0   0  169     -2,-0.4     2,-1.4     1,-0.2    -1,-0.2   0.970  50.5-166.9  51.8  79.4    1.6  -13.5  -29.8               
  124  124 A V        -     0   0  131     -3,-0.1    -1,-0.2     3,-0.0    -3,-0.0  -0.808  25.8-145.9 -66.8  95.1   -1.6  -14.2  -28.0               
  125  125 A Q        -     0   0  142     -2,-1.4     2,-0.5     1,-0.1     0, 0.0  -0.524  37.1 -90.3 -48.7 135.5   -1.1  -18.0  -28.2               
  126  126 A P        -     0   0  109      0, 0.0    -1,-0.1     0, 0.0     3,-0.1  -0.467  44.1-130.0 -55.7 108.8   -4.6  -19.4  -28.6               
  127  127 A R        -     0   0  219     -2,-0.5    -3,-0.0     1,-0.1     3,-0.0  -0.582  31.0-108.8 -57.3 122.7   -5.5  -19.9  -24.9               
  128  128 A P        -     0   0  102      0, 0.0     2,-2.0     0, 0.0    -1,-0.1  -0.272  36.9 -99.6 -49.3 140.5   -6.9  -23.5  -24.9               
  129  129 A L        -     0   0  170      1,-0.1     2,-1.8    -3,-0.1    -2,-0.0  -0.562  40.3-160.8 -65.7  86.2  -10.6  -23.4  -24.3               
  130  130 A V        -     0   0  104     -2,-2.0     2,-0.6     3,-0.0    -1,-0.1  -0.671   8.0-153.0 -67.5  85.9  -10.4  -24.2  -20.6               
  131  131 A V        -     0   0  122     -2,-1.8    -2,-0.0     1,-0.1     0, 0.0  -0.656  24.0-119.5 -54.1 109.9  -14.0  -25.4  -20.4               
  132  132 A N        -     0   0  136     -2,-0.6    -1,-0.1     1,-0.1    -3,-0.0  -0.537  30.5-115.9 -53.9 122.0  -14.6  -24.5  -16.7               
  133  133 A P        -     0   0  104      0, 0.0    -1,-0.1     0, 0.0    -3,-0.0  -0.400  38.7 -98.3 -56.2 140.6  -15.4  -28.0  -15.2               
  134  134 A P        -     0   0  110      0, 0.0    -3,-0.0     0, 0.0     0, 0.0  -0.324  54.1 -83.6 -54.8 147.8  -19.0  -27.8  -13.9               
  135  135 A P        -     0   0  114      0, 0.0     3,-0.1     0, 0.0    -3,-0.0  -0.320  57.1 -97.5 -53.1 136.7  -19.0  -27.2  -10.1               
  136  136 A P        -     0   0  112      0, 0.0     3,-0.0     0, 0.0     0, 0.0  -0.312  50.7 -91.6 -56.5 140.7  -18.6  -30.5   -8.3               
  137  137 A P        -     0   0  101      0, 0.0     2,-1.5     0, 0.0     0, 0.0  -0.314  43.5-108.6 -55.8 133.3  -22.0  -32.0   -7.2               
  138  138 A Q        -     0   0  188     -3,-0.1     2,-1.0     1,-0.1     0, 0.0  -0.533  31.1-152.3 -67.0  92.4  -22.8  -30.8   -3.7               
  139  139 A F        -     0   0  168     -2,-1.5     2,-2.4     1,-0.1    -1,-0.1  -0.625   7.1-145.5 -62.7 104.0  -22.4  -34.0   -1.7               
  140  140 A Q        -     0   0  175     -2,-1.0     2,-1.9     1,-0.1    -1,-0.1  -0.499  23.7-178.1 -66.8  69.5  -24.8  -33.4    1.2               
  141  141 A N        -     0   0  114     -2,-2.4     2,-1.3     2,-0.1    -1,-0.1  -0.616  11.7-159.6 -77.3  83.1  -22.4  -35.3    3.6               
  142  142 A V        -     0   0  115     -2,-1.9     2,-1.5     1,-0.1    -2,-0.1  -0.582   3.4-154.4 -58.4  92.0  -24.7  -35.0    6.6               
  143  143 A W        -     0   0  233     -2,-1.3     2,-0.4     3,-0.0    -1,-0.1  -0.679  12.8-149.4 -73.1  92.0  -22.1  -35.6    9.4               
  144  144 A R        -     0   0  218     -2,-1.5    -2,-0.0     1,-0.1    -3,-0.0  -0.563  13.6-125.8 -57.3 123.5  -24.4  -36.9   12.0               
  145  145 A N        -     0   0  141     -2,-0.4     2,-1.2     2,-0.1    -1,-0.1  -0.657  23.6-132.9 -66.0 118.5  -23.1  -36.0   15.4               
  146  146 A P        +     0   0  107      0, 0.0     2,-0.1     0, 0.0    -1,-0.1  -0.751  68.2 105.6 -82.7  97.2  -22.9  -39.3   17.3               
  147  147 A N        -     0   0  152     -2,-1.2     2,-0.4     2,-0.0    -2,-0.1  -0.443  50.7-168.2-163.7  93.5  -24.5  -38.7   20.7               
  148  148 A T        +     0   0  137     -2,-0.1     2,-0.3     2,-0.0     0, 0.0  -0.684  21.5 160.3 -74.7 136.3  -28.0  -40.2   21.1               
  149  149 A E        -     0   0  195     -2,-0.4     2,-0.2     0, 0.0    -2,-0.0  -0.916  31.9-131.8-146.6 151.7  -30.6  -39.8   23.6               
  150  150 A T        +     0   0  107     -2,-0.3    -2,-0.0     1,-0.0     0, 0.0  -0.496  37.9 132.6 -94.1 148.9  -34.2  -40.7   22.8               
  151  151 A Y        -     0   0  206     -2,-0.2    -1,-0.0     2,-0.0     0, 0.0   0.312  42.0 -98.3 171.7 105.7  -37.8  -39.9   22.8               
  152  152 A L        -     0   0  151      1,-0.1    -2,-0.0     0, 0.0     0, 0.0   0.859  22.4-174.3  45.2 126.4  -40.6  -40.1   20.3               
  153  153 A Q        -     0   0  151      2,-0.0     2,-0.2     0, 0.0    -1,-0.1  -0.553   5.8-163.9-101.5 172.6  -42.8  -38.1   17.7               
  154  154 A P        -     0   0  129      0, 0.0     2,-0.1     0, 0.0     0, 0.0  -0.670   6.3-150.1-153.2 179.0  -45.6  -38.7   15.7               
  155  155 A Q        -     0   0  151     -2,-0.2     2,-0.3     0, 0.0    -2,-0.0  -0.391   9.5-145.0 -95.8 169.4  -47.3  -37.0   12.6               
  156  156 A I        -     0   0  170     -2,-0.1     0, 0.0     0, 0.0     0, 0.0  -0.959  33.1-123.5-137.3 154.4  -50.6  -36.4   10.8               
  157  157 A T        -     0   0  121     -2,-0.3     2,-0.1     1,-0.1     0, 0.0  -0.192  11.2-129.1-106.8 173.5  -50.9  -36.2    6.9               
  158  158 A P        -     0   0  114      0, 0.0    -1,-0.1     0, 0.0     0, 0.0  -0.379   8.0-161.1-109.5-178.1  -52.0  -34.1    3.7               
  159  159 A N        -     0   0  165     -2,-0.1     2,-0.1     2,-0.0     0, 0.0  -0.920   7.2-171.0-164.1 160.7  -54.0  -34.1    0.4               
  160  160 A P        +     0   0  113      0, 0.0     2,-0.0     0, 0.0     0, 0.0  -0.263   3.4 178.8-123.7-156.6  -54.3  -32.1   -3.0               
  161  161 A V        +     0   0  136     -2,-0.1    -2,-0.0     0, 0.0     0, 0.0   0.225  20.5  25.4 110.4 141.7  -56.4  -31.6   -6.5               
  162  162 A T        -     0   0  104     -2,-0.0     0, 0.0     0, 0.0     0, 0.0   0.342  21.4-158.8-170.8 131.1  -56.8  -29.9   -9.5               
  163  163 A Q        +     0   0  159      0, 0.0     0, 0.0     0, 0.0     0, 0.0   0.905   8.7 156.1  57.7 160.8  -56.4  -27.8  -12.8               
  164  164 A H        +     0   0  160      0, 0.0     0, 0.0     0, 0.0     0, 0.0   0.718  24.3  20.9  84.2 140.5  -57.4  -25.6  -15.9               
  165  165 A V        -     0   0  102      0, 0.0     0, 0.0     0, 0.0     0, 0.0   0.712  21.9-131.6-164.2 156.7  -56.6  -23.5  -18.2               
  166  166 A Q        +     0   0  168      2,-0.0     0, 0.0     0, 0.0     0, 0.0   0.640  19.0  93.0   7.8 157.1  -55.1  -21.1  -21.0               
  167  167 A S        -     0   0  107      0, 0.0     0, 0.0     0, 0.0     0, 0.0   0.769  19.6-142.2-164.9 160.1  -54.4  -18.4  -22.8               
  168  168 A A        +     0   0   99      0, 0.0     2,-0.2     0, 0.0    -2,-0.0   0.459  19.4 145.0   5.2 129.0  -52.6  -15.2  -24.2               
  169  169 A A        -     0   0  105      0, 0.0     0, 0.0     0, 0.0     0, 0.0  -0.569  26.4-165.4-165.5 144.8  -53.0  -11.8  -25.6               
  170  170 A N        +     0   0  156     -2,-0.2     2,-0.0     2,-0.0     0, 0.0  -0.697  14.5  72.7-114.2 175.6  -50.9   -8.6  -25.2               
  171  171 A P        +     0   0   99      0, 0.0     0, 0.0     0, 0.0     0, 0.0   0.467  27.8  59.9-139.0-156.8  -50.2   -5.4  -25.5               
  172  172 A E        -     0   0  165     -2,-0.0    -2,-0.0     0, 0.0     0, 0.0   0.949  47.0 -68.2 101.2  90.6  -50.1   -1.5  -24.9               
  173  173 A T        -     0   0  134      1,-0.0     2,-0.2     0, 0.0     0, 0.0   0.632  32.3-112.3  73.7 158.2  -49.4    1.2  -22.5               
  174  174 A P        +     0   0   99      0, 0.0    -1,-0.0     0, 0.0     0, 0.0  -0.568  15.0 173.9-118.6 167.5  -50.2    3.3  -19.3               
  175  175 A N        -     0   0  146     -2,-0.2     0, 0.0     0, 0.0     0, 0.0   0.136  18.0-123.3 169.0 130.5  -51.2    5.9  -16.9               
  176  176 A S        +     0   0   99      0, 0.0     0, 0.0     0, 0.0     0, 0.0   0.808  16.1 165.3  45.6 135.2  -51.9    7.1  -13.4               
  177  177 A T        -     0   0  114      0, 0.0     0, 0.0     0, 0.0     0, 0.0   0.658  18.9-126.5 153.3 103.4  -53.9    8.6  -10.7               
  178  178 A I        +     0   0  150      0, 0.0     0, 0.0     0, 0.0     0, 0.0   0.952  20.3 115.8  68.4 136.4  -54.4    9.1   -7.0               
  179  179 A S        +     0   0  102      0, 0.0     0, 0.0     0, 0.0     0, 0.0   0.594  14.9  36.3  77.8 149.4  -56.1    9.1   -3.5               
  180  180 A R        -     0   0  195      0, 0.0     0, 0.0     0, 0.0     0, 0.0   0.782  27.5 -48.7-163.6 159.0  -57.1    8.6   -0.4               
  181  181 A E        +     0   0  151      0, 0.0     0, 0.0     0, 0.0     0, 0.0   0.786  21.9  90.9  57.4 151.6  -57.3    8.0    3.5               
  182  182 A A        -     0   0   86      0, 0.0     0, 0.0     0, 0.0     0, 0.0   0.830  23.3 -46.6-166.2 173.9  -56.8    6.8    6.5               
  183  183 A S        -     0   0  111      2,-0.0     0, 0.0     0, 0.0     0, 0.0   0.899  38.7 -77.8  98.3  99.6  -56.2    5.3   10.2               
  184  184 A T        +     0   0  132      1,-0.0     2,-0.2     0, 0.0     0, 0.0   0.637  38.6 130.5  49.6 100.8  -53.7    4.1   12.7               
  185  185 A Q        -     0   0  197      0, 0.0     2,-0.1     0, 0.0    -2,-0.0  -0.821  40.0-100.6-171.2 168.2  -51.6    1.3   13.8               
  186  186 A S        +     0   0  110     -2,-0.2     0, 0.0     1,-0.0     0, 0.0  -0.265  50.6  17.0 -76.5 157.8  -48.0    0.6   14.9               
  187  187 A S        +     0   0  111     -2,-0.1    -1,-0.0     0, 0.0     0, 0.0   0.880  54.7  27.0  78.1 130.8  -44.7   -0.8   13.7               
  188  188 A S        +     0   0  115      2,-0.1     0, 0.0     1,-0.0     0, 0.0   0.892  64.5   0.9  79.8 126.1  -42.2   -2.0   11.0               
  189  189 A A        +     0   0  103      1,-0.2     2,-0.7     0, 0.0    -1,-0.0   0.691  28.1 173.3  61.1  60.0  -40.7   -2.0    7.6               
  190  190 A A        -     0   0  103      1,-0.0     2,-0.3     0, 0.0    -1,-0.2  -0.824  42.1-126.4 -82.9 112.9  -41.8    0.2    4.7               
  191  191 A A        -     0   0  107     -2,-0.7     2,-0.4     1,-0.0    -1,-0.0  -0.443  18.7-155.8 -67.5 124.8  -39.1   -0.6    2.1               
  192  192 A S        -     0   0  116     -2,-0.3     2,-0.4     1,-0.0    -1,-0.0  -0.835  36.9 -97.3 -97.0 135.3  -37.1    2.3    0.5               
  193  193 A Q        -     0   0  187     -2,-0.4     2,-0.6     1,-0.1    -1,-0.0  -0.344  39.4-133.8 -60.8 110.8  -35.6    1.5   -2.9               
  194  194 A G        -     0   0   70     -2,-0.4     2,-1.3     1,-0.1    -1,-0.1  -0.520   4.2-143.5 -69.9 114.2  -31.9    0.6   -2.4               
  195  195 A W        -     0   0  206     -2,-0.6     2,-0.4     1,-0.0    -1,-0.1  -0.669  21.4-139.0 -70.8  96.9  -29.5    2.2   -4.8               
  196  196 A V        -     0   0  135     -2,-1.3    -1,-0.0     1,-0.1    -2,-0.0  -0.494  23.0-121.3 -58.4 114.4  -27.0   -0.7   -5.3               
  197  197 A L        -     0   0  104     -2,-0.4     2,-0.1     1,-0.1     3,-0.1  -0.482  24.5-124.5 -64.6 120.0  -23.7    1.1   -5.2               
  198  198 A P        -     0   0   60      0, 0.0    -1,-0.1     0, 0.0     2,-0.1  -0.429  40.6 -84.2 -63.7 144.2  -21.7    0.5   -8.5               
  199  199 A E  S    S+     0   0  182     -2,-0.1    83,-0.3    82,-0.1     2,-0.3  -0.186  87.1  98.0 -50.6 113.4  -18.2   -1.0   -8.1               
  200  200 A G  S    S-     0   0   37     81,-0.2     2,-0.5    -3,-0.1    81,-0.3  -0.930  76.2 -76.7 172.5 163.7  -15.9    2.0   -7.4               
  201  201 A K  E     -E  280   0C 158     79,-1.9    79,-2.9    -2,-0.3     2,-0.1  -0.710  45.4-123.8 -81.2 123.6  -14.1    4.2   -4.8               
  202  202 A I  E     -E  279   0C  93     -2,-0.5    77,-0.2    77,-0.2    -1,-0.0  -0.445  23.1-134.1 -59.7 132.7  -16.3    6.6   -2.9               
  203  203 A V  E >   -     0   0C  45     75,-3.0     3,-1.0     3,-0.2    75,-0.4  -0.884  21.8-128.8 -92.8 115.0  -14.9   10.2   -3.3               
  204  204 A P  E 3  S+     0   0C  95      0, 0.0     3,-0.1     0, 0.0    51,-0.0  -0.255  86.9  12.4 -63.5 153.7  -14.8   11.9    0.1               
  205  205 A N  E 3  S+     0   0C  34     51,-0.3    47,-2.9     1,-0.1     2,-0.4   0.734 105.1 112.8  50.2  29.3  -16.4   15.4    0.4               
  206  206 A T  E <   - F   0 251C  15     -3,-1.0    72,-1.9    45,-0.2     2,-0.4  -0.987  50.5-160.1-135.0 124.7  -18.1   14.9   -3.0               
  207  207 A V  E     -EF 277 250C   0     43,-2.8    43,-2.5    -2,-0.4     2,-0.4  -0.850  15.6-134.5-104.1 132.9  -21.8   14.6   -3.7               
  208  208 A F  E     -EF 276 249C  62     68,-3.0    68,-1.9    -2,-0.4     2,-0.5  -0.778  20.9-163.4 -79.1 131.7  -23.3   13.0   -6.9               
  209  209 A V  E     +EF 275 248C   1     39,-2.6    39,-2.6    -2,-0.4     3,-0.3  -0.958  12.6 174.8-123.1 106.4  -26.2   15.2   -8.2               
  210  210 A G  E     +EF 274 247C   4     64,-2.8    64,-2.7    -2,-0.5    37,-0.2  -0.700  55.7  49.6-104.1 165.8  -28.5   13.6  -10.8               
  211  211 A G        +     0   0   36     35,-1.7     2,-0.2     1,-0.2    36,-0.2   0.663  69.2 163.6  77.8  18.1  -31.7   15.0  -12.4               
  212  212 A I        -     0   0    9     34,-1.6    -1,-0.2    -3,-0.3     2,-0.1  -0.490  36.1-125.2 -65.0 130.9  -30.0   18.3  -13.4               
  213  213 A D    >   -     0   0   31     -2,-0.2     3,-1.7     1,-0.1    33,-0.1  -0.442  14.7-119.6 -73.5 153.7  -32.1   20.2  -16.0               
  214  214 A A  T 3  S+     0   0   85      1,-0.3    30,-0.1    -2,-0.1    -1,-0.1   0.670 117.2  56.1 -65.7 -16.3  -30.5   21.3  -19.3               
  215  215 A R  T 3  S+     0   0  212      2,-0.1     2,-0.5     0, 0.0    -1,-0.3   0.389  87.5 100.5 -86.4  -6.2  -31.4   24.9  -18.2               
  216  216 A M    <   -     0   0    5     -3,-1.7     2,-0.1    52,-0.1    -4,-0.0  -0.802  59.6-151.3 -99.3 125.7  -29.5   24.6  -14.9               
  217  217 A D     >  -     0   0  108     -2,-0.5     4,-2.0     1,-0.1     5,-0.2  -0.447  27.5-113.7 -95.3 159.7  -26.0   26.1  -14.5               
  218  218 A E  H  > S+     0   0   91      1,-0.2     4,-2.4     2,-0.2     5,-0.1   0.844 117.0  56.6 -57.8 -32.9  -23.0   25.2  -12.3               
  219  219 A T  H  > S+     0   0  108      2,-0.2     4,-2.9     1,-0.2    -1,-0.2   0.926 105.8  47.8 -64.2 -47.6  -23.5   28.5  -10.4               
  220  220 A E  H  > S+     0   0   75      2,-0.2     4,-1.8     1,-0.2    -2,-0.2   0.900 113.6  48.0 -66.4 -40.5  -27.1   27.7   -9.4               
  221  221 A I  H  X S+     0   0    2     -4,-2.0     4,-2.1     2,-0.2     5,-0.2   0.963 112.7  49.9 -58.1 -52.9  -26.1   24.2   -8.2               
  222  222 A G  H  X S+     0   0   14     -4,-2.4     4,-1.9     1,-0.2    -2,-0.2   0.922 109.3  50.3 -55.0 -49.8  -23.1   25.8   -6.3               
  223  223 A S  H  < S+     0   0   91     -4,-2.9     4,-0.4     1,-0.2    -1,-0.2   0.859 111.4  48.8 -58.1 -38.4  -25.4   28.4   -4.6               
  224  224 A C  H >< S+     0   0   16     -4,-1.8     3,-0.6     1,-0.2    -1,-0.2   0.882 113.3  45.2 -74.1 -36.7  -27.9   25.8   -3.4               
  225  225 A F  H >X S+     0   0    0     -4,-2.1     3,-2.5     1,-0.2     4,-0.6   0.733  92.3  83.6 -76.7 -20.3  -25.2   23.4   -2.0               
  226  226 A G  G >< S+     0   0   40     -4,-1.9     3,-0.7     1,-0.3    -1,-0.2   0.768  77.7  69.6 -52.6 -27.5  -23.5   26.4   -0.3               
  227  227 A R  G <4 S+     0   0  177     -3,-0.6    -1,-0.3    -4,-0.4    -2,-0.1   0.649 101.5  45.4 -63.6 -20.0  -26.0   26.0    2.6               
  228  228 A Y  G <4 S-     0   0   69     -3,-2.5    -1,-0.2     1,-0.4     2,-0.2   0.558 131.1 -53.7 -98.8 -15.5  -24.2   22.7    3.6               
  229  229 A G  S << S-     0   0   17     -3,-0.7    -1,-0.4    -4,-0.6     2,-0.3  -0.801  77.1 -44.1 154.8 167.8  -20.6   24.1    3.3               
  230  230 A S        -     0   0   69     -2,-0.2    23,-2.9    -3,-0.1    24,-0.6  -0.407  57.5-134.8 -62.0 115.7  -18.1   26.0    1.1               
  231  231 A V  E     -G  252   0C  43     -2,-0.3    21,-0.3    21,-0.2     3,-0.1  -0.566  21.8-175.8 -76.1 132.8  -18.3   24.5   -2.5               
  232  232 A K  E     -     0   0C 139     19,-3.0     2,-0.3     1,-0.3    20,-0.2   0.802  68.6  -2.1 -95.5 -45.3  -14.8   23.8   -4.1               
  233  233 A E  E     -G  251   0C  91     18,-1.4    18,-3.1   -11,-0.0     2,-0.4  -0.908  53.6-160.4-153.2 125.8  -15.8   22.6   -7.6               
  234  234 A V  E     -G  250   0C  23     -2,-0.3     2,-0.3    16,-0.2    16,-0.2  -0.893  18.5-175.0 -97.2 139.0  -19.2   22.1   -9.3               
  235  235 A K  E     -G  249   0C  94     14,-2.1    14,-2.0    -2,-0.4     2,-0.3  -0.817  11.6-163.9-141.4 101.0  -18.9   19.8  -12.4               
  236  236 A I  E     -G  248   0C  20     -2,-0.3     2,-0.8    12,-0.3    12,-0.3  -0.621  24.2-129.4 -77.6 135.5  -21.8   19.0  -14.7               
  237  237 A I  E     -     0   0C  37     10,-2.7     8,-2.9    -2,-0.3    10,-0.5  -0.800  31.3-175.3 -91.6 110.8  -21.1   16.0  -17.0               
  238  238 A T  E     -G  244   0C  70     -2,-0.8     6,-0.3     6,-0.3     2,-0.2  -0.457  23.4-115.7 -92.9 162.7  -21.8   16.8  -20.6               
  239  239 A N    >   -     0   0   83      4,-2.3     3,-2.2    -2,-0.1    -1,-0.1  -0.470  44.6 -89.7 -82.1 172.5  -21.7   14.6  -23.7               
  240  240 A R  T 3  S+     0   0  251      1,-0.3    -1,-0.0    -2,-0.2    -2,-0.0   0.698 130.0  57.7 -57.8 -21.2  -19.1   15.1  -26.6               
  241  241 A T  T 3  S-     0   0  108      2,-0.2    -1,-0.3     0, 0.0     3,-0.1   0.186 121.5-107.1 -89.4   6.1  -21.8   17.5  -28.2               
  242  242 A G  S <  S+     0   0   49     -3,-2.2     2,-0.2     1,-0.2    -2,-0.1   0.116  75.5 139.8  82.7 -16.8  -21.9   19.8  -25.1               
  243  243 A V        -     0   0   93     -5,-0.1    -4,-2.3     1,-0.1    -1,-0.2  -0.382  58.2-115.7 -64.4 123.2  -25.4   18.4  -24.1               
  244  244 A S  E     - G   0 238C  38     -6,-0.3    -6,-0.3    -2,-0.2    -1,-0.1  -0.321  10.3-143.6 -56.7 131.9  -25.7   17.9  -20.3               
  245  245 A K  E     -     0   0C 108     -8,-2.9   -34,-0.2     2,-0.3    -1,-0.1   0.262  46.8-106.8 -78.2   9.2  -26.2   14.2  -19.2               
  246  246 A G  E    S+     0   0C  20      1,-0.2   -35,-1.7    -9,-0.1   -34,-1.6   0.661  92.3  84.6  67.5  18.3  -28.5   15.4  -16.4               
  247  247 A Y  E     +F  210   0C  75    -10,-0.5   -10,-2.7   -37,-0.2    -2,-0.3  -0.995  45.2 157.1-147.1 157.1  -25.9   14.6  -13.7               
  248  248 A G  E     -FG 209 236C   2    -39,-2.6   -39,-2.6    -2,-0.3     2,-0.4  -0.841  32.4-107.1-156.0-174.7  -22.8   16.2  -12.1               
  249  249 A F  E     -FG 208 235C  53    -14,-2.0   -14,-2.1    -2,-0.2     2,-0.5  -0.997  14.5-157.6-132.8 137.4  -20.6   16.3   -9.0               
  250  250 A V  E     -FG 207 234C   1    -43,-2.5   -43,-2.8    -2,-0.4     2,-0.4  -0.976  12.5-165.3-117.3 113.6  -20.3   18.9   -6.2               
  251  251 A S  E     -FG 206 233C  26    -18,-3.1   -19,-3.0    -2,-0.5   -18,-1.4  -0.842   8.6-147.5 -96.7 139.6  -17.0   18.9   -4.3               
  252  252 A F  E     - G   0 231C   7    -47,-2.9   -21,-0.2    -2,-0.4     4,-0.1  -0.653  15.5-146.0-104.7 155.6  -16.7   20.7   -0.9               
  253  253 A V  S    S+     0   0   92    -23,-2.9     2,-0.1    -2,-0.2   -22,-0.1   0.862  87.5  54.4 -79.6 -44.1  -13.7   22.5    0.7               
  254  254 A N  S    S-     0   0   85    -24,-0.6     2,-0.4     1,-0.1    -2,-0.1  -0.421 103.7 -90.6 -85.7 160.9  -14.7   21.5    4.2               
  255  255 A D        -     0   0  144     -2,-0.1     2,-0.4     2,-0.0    -1,-0.1  -0.619  54.7-171.8 -68.3 124.1  -15.4   18.0    5.6               
  256  256 A V        -     0   0   14     -2,-0.4     2,-1.6    -4,-0.1   -51,-0.3  -0.986  33.4-114.3-127.8 138.0  -19.2   17.5    5.0               
  257  257 A D     >  -     0   0  102     -2,-0.4     4,-1.8     1,-0.2     3,-0.3  -0.510  30.7-171.7 -70.4  90.7  -21.6   14.8    6.1               
  258  258 A V  H  > S+     0   0   24     -2,-1.6     4,-2.8     1,-0.2    -1,-0.2   0.829  83.0  57.9 -55.4 -33.1  -22.4   13.4    2.6               
  259  259 A Q  H  > S+     0   0  135      2,-0.2     4,-2.4     1,-0.2    -1,-0.2   0.929 105.1  49.4 -67.9 -40.8  -25.2   11.2    4.2               
  260  260 A K  H  4 S+     0   0  149     -3,-0.3     4,-0.4     2,-0.2    -2,-0.2   0.872 114.4  45.6 -63.0 -37.7  -27.0   14.4    5.6               
  261  261 A I  H >< S+     0   0    4     -4,-1.8     3,-1.2     2,-0.2    -2,-0.2   0.935 112.3  50.8 -69.5 -44.7  -26.7   16.0    2.1               
  262  262 A V  H 3< S+     0   0   37     -4,-2.8    13,-0.3     1,-0.3    -2,-0.2   0.851 107.4  53.8 -64.4 -34.6  -27.9   12.8    0.3               
  263  263 A G  T 3< S+     0   0   62     -4,-2.4     2,-0.3    -5,-0.2    -1,-0.3   0.634  91.6  97.9 -70.5 -14.9  -30.9   12.5    2.7               
  264  264 A S  S <  S-     0   0   31     -3,-1.2     2,-1.0    -4,-0.4    11,-0.2  -0.581  71.3-139.2 -80.2 135.1  -31.9   16.2    1.8               
  265  265 A Q        -     0   0  127     -2,-0.3     2,-0.5     9,-0.1     9,-0.1  -0.745  22.1-172.7 -97.4  94.5  -34.6   16.7   -0.9               
  266  266 A I        -     0   0   12     -2,-1.0     7,-2.6     7,-0.3     2,-0.4  -0.758   4.2-162.2 -88.6 127.8  -33.5   19.6   -3.1               
  267  267 A H  E     +H  272   0D 113     -2,-0.5     2,-0.3     5,-0.2     5,-0.2  -0.933  10.6 177.5-112.3 133.8  -36.1   20.8   -5.7               
  268  268 A F  E >  S-H  271   0D  38      3,-2.9     3,-2.5    -2,-0.4   -52,-0.1  -0.997  70.3 -14.0-139.1 127.6  -35.2   22.9   -8.8               
  269  269 A H  T 3  S-     0   0  126     -2,-0.3     3,-0.1     1,-0.3    -1,-0.1   0.851 127.6 -55.3  46.9  41.1  -37.6   24.1  -11.6               
  270  270 A G  T 3  S+     0   0   83      1,-0.2     2,-0.4     0, 0.0    -1,-0.3   0.353 118.2 112.4  74.7  -3.6  -40.2   21.5  -10.3               
  271  271 A K  E <   -H  268   0D 109     -3,-2.5    -3,-2.9   -60,-0.0     2,-0.5  -0.807  65.6-131.3-100.2 137.7  -37.7   18.6  -10.6               
  272  272 A K  E     -H  267   0D 104     -2,-0.4    -5,-0.2    -5,-0.2     2,-0.2  -0.783  22.2-128.8 -86.4 123.7  -36.3   16.7   -7.6               
  273  273 A L        -     0   0    6     -7,-2.6     2,-0.9    -2,-0.5    -7,-0.3  -0.487  14.0-132.6 -70.3 137.2  -32.5   16.3   -7.7               
  274  274 A K  E     -E  210   0C 122    -64,-2.7   -64,-2.8    -2,-0.2     2,-0.3  -0.832  28.4-165.2 -92.3  99.6  -31.2   12.7   -7.1               
  275  275 A L  E     +E  209   0C  25     -2,-0.9   -66,-0.2   -13,-0.3   -68,-0.0  -0.624  18.5 149.9 -88.3 145.3  -28.5   13.0   -4.5               
  276  276 A G  E     -E  208   0C  11    -68,-1.9   -68,-3.0    -2,-0.3     2,-0.2  -0.978  51.9 -75.9-158.9 167.1  -25.9   10.3   -3.8               
  277  277 A P  E     -E  207   0C  31      0, 0.0     2,-0.5     0, 0.0   -70,-0.2  -0.502  57.1-109.4 -63.2 136.5  -22.4    9.6   -2.6               
  278  278 A A  E     -     0   0C   1    -72,-1.9   -75,-3.0   -75,-0.4     2,-0.6  -0.588  36.5-162.3 -72.4 124.3  -19.9   10.3   -5.5               
  279  279 A I  E     -E  202   0C  36     -2,-0.5     2,-1.2   -77,-0.2   -77,-0.2  -0.917  11.3-152.8-115.4 116.0  -18.4    7.0   -6.8               
  280  280 A R  E     -E  201   0C 188    -79,-2.9   -79,-1.9    -2,-0.6     2,-0.2  -0.712  17.9-150.4 -86.0  93.5  -15.3    7.0   -8.9               
  281  281 A K        -     0   0  136     -2,-1.2     2,-0.4   -81,-0.3   -81,-0.2  -0.443  16.3-124.8 -55.0 126.5  -15.6    3.9  -11.1               
  282  282 A Q        -     0   0  162    -83,-0.3     2,-1.8    -2,-0.2    -1,-0.1  -0.634  22.3-120.4 -69.1 132.4  -12.2    2.5  -11.9               
  283  283 A K        -     0   0  203     -2,-0.4     2,-0.3     3,-0.0    -1,-0.1  -0.644  23.8-164.3 -74.5  86.5  -11.7    2.1  -15.7               
  284  284 A L        -     0   0  153     -2,-1.8     2,-0.1     1,-0.1    -3,-0.0  -0.602  49.2 -93.7 -47.2 121.6  -11.1   -1.5  -16.0               
  285  285 A C        -     0   0  117     -2,-0.3     2,-1.1     1,-0.1    -1,-0.1  -0.419  45.6-107.5 -51.2 120.5   -9.8   -1.2  -19.6               
  286  286 A A        -     0   0  104     -2,-0.1     2,-0.4     1,-0.0    -1,-0.1  -0.414  32.4-150.2 -60.1  94.5  -12.8   -1.8  -21.7               
  287  287 A R        -     0   0  231     -2,-1.1    -1,-0.0     1,-0.1     2,-0.0  -0.619  35.5 -99.8 -62.8 122.5  -12.1   -5.3  -23.1               
  288  288 A H        -     0   0  162     -2,-0.4     2,-1.2     1,-0.1    -1,-0.1  -0.320  32.3-125.1 -49.1 118.3  -13.9   -5.2  -26.4               
  289  289 A V        -     0   0  133     -2,-0.0    -1,-0.1    -3,-0.0    -3,-0.0  -0.669  25.6-153.9 -70.2  97.7  -17.2   -7.0  -26.0               
  290  290 A Q        -     0   0  149     -2,-1.2     2,-0.1     1,-0.1    -3,-0.0  -0.651  23.8-113.1 -64.8 129.5  -16.9   -9.6  -28.8               
  291  291 A P        -     0   0  103      0, 0.0    -1,-0.1     0, 0.0     0, 0.0  -0.445  42.5 -92.5 -63.4 142.5  -20.5  -10.5  -29.9               
  292  292 A R        -     0   0  243     -2,-0.1     2,-0.3     1,-0.0    -3,-0.0  -0.424  32.3-148.4 -57.9 122.7  -21.4  -14.2  -29.0               
  293  293 A P        -     0   0  110      0, 0.0     2,-0.4     0, 0.0    -1,-0.0  -0.659  31.2-108.1 -73.4 144.8  -20.7  -16.8  -31.7               
  294  294 A L        -     0   0  178     -2,-0.3     2,-0.5     1,-0.0     0, 0.0  -0.660  35.5-152.3 -71.8 126.8  -23.3  -19.7  -31.4               
  295  295 A V        -     0   0  119     -2,-0.4     2,-0.4     2,-0.0    -3,-0.0  -0.935   5.9-155.4-108.2 121.9  -21.5  -22.8  -30.1               
  296  296 A V        -     0   0  134     -2,-0.5    -2,-0.0     1,-0.0     0, 0.0  -0.807  28.2-121.4 -86.1 132.0  -22.7  -26.3  -31.0               
  297  297 A N        -     0   0  145     -2,-0.4    -2,-0.0     1,-0.0    -1,-0.0  -0.651  16.6-148.4 -81.6 130.8  -21.6  -28.8  -28.3               
  298  298 A P        -     0   0  115      0, 0.0    -1,-0.0     0, 0.0     0, 0.0  -0.551  32.0 -99.1 -81.9 160.0  -19.4  -31.9  -29.0               
  299  299 A P        -     0   0  121      0, 0.0     0, 0.0     0, 0.0     0, 0.0  -0.305  38.1 -97.9 -81.2 163.3  -19.9  -35.1  -26.9               
  300  300 A P        -     0   0  121      0, 0.0     0, 0.0     0, 0.0     0, 0.0  -0.509  29.6-123.0 -83.5 148.4  -17.8  -36.3  -23.8               
  301  301 A P        -     0   0  119      0, 0.0     2,-0.0     0, 0.0     0, 0.0  -0.494  35.4 -98.2 -85.6 158.7  -14.9  -38.9  -23.9               
  302  302 A P        -     0   0  123      0, 0.0     2,-0.3     0, 0.0     0, 0.0  -0.241  29.3-114.0 -83.2 163.5  -14.9  -42.1  -21.6               
  303  303 A Q        +     0   0  185     -2,-0.0     2,-0.3     2,-0.0     0, 0.0  -0.728  25.1 178.8 -93.1 141.9  -13.2  -43.0  -18.2               
  304  304 A F        -     0   0  214     -2,-0.3     2,-0.2     0, 0.0     0, 0.0  -0.968  27.4-114.4-141.3 157.6  -10.5  -45.5  -17.4               
  305  305 A Q        -     0   0  181     -2,-0.3    -2,-0.0     1,-0.1     0, 0.0  -0.626  27.0 -79.1-114.9 146.0   -9.0  -46.1  -14.0               
  306  306 A N        +     0   0  147     -2,-0.2     2,-0.2     1,-0.0    -1,-0.1   0.147  35.7 156.6 -27.9 132.7   -5.7  -45.8  -11.9               
  307  307 A V        -     0   0  144      2,-0.0     2,-0.4     0, 0.0    -1,-0.0  -0.825  19.7-164.2-146.3 131.7   -2.6  -47.8  -11.5               
  308  308 A W        +     0   0  240     -2,-0.2     2,-0.1     1,-0.0    -2,-0.0  -0.902  20.2 144.8 -94.1 133.5    0.7  -46.3  -10.3               
  309  309 A R        -     0   0  244     -2,-0.4    -2,-0.0     1,-0.1    -1,-0.0  -0.321  40.0 -59.1-171.4 125.7    4.3  -47.7  -10.6               
  310  310 A N        -     0   0  156     -2,-0.1     2,-0.2     1,-0.0    -1,-0.1   0.869  36.4-111.5  64.9 141.7    7.8  -46.5  -11.1               
  311  311 A P        +     0   0  101      0, 0.0     2,-0.2     0, 0.0    -1,-0.0  -0.536  20.6 174.9 -96.0 161.8   10.2  -44.6  -13.5               
  312  312 A N        -     0   0  158     -2,-0.2     0, 0.0     2,-0.0     0, 0.0  -0.720  35.8 -81.2-161.1 135.3   13.2  -45.3  -15.8               
  313  313 A T        +     0   0  124     -2,-0.2     2,-0.2     1,-0.0     0, 0.0   0.354  39.4 155.0  10.8 118.0   15.2  -43.1  -18.2               
  314  314 A E        -     0   0  199      2,-0.0     2,-0.4     0, 0.0    -2,-0.0  -0.849  30.9-131.4-158.1 150.3   14.9  -42.0  -21.7               
  315  315 A T        +     0   0  117     -2,-0.2     2,-0.4     2,-0.0    -2,-0.0  -0.710  21.3 175.0 -95.5 130.4   16.5  -38.9  -23.3               
  316  316 A Y        -     0   0  231     -2,-0.4     2,-0.2     2,-0.0    -2,-0.0  -0.970  24.4-138.3-132.9 122.1   14.9  -36.1  -25.5               
  317  317 A L        -     0   0  160     -2,-0.4    -2,-0.0     1,-0.0     0, 0.0  -0.524  13.2-136.7 -76.8 136.3   17.0  -33.1  -26.6               
  318  318 A Q        -     0   0  185     -2,-0.2     2,-0.1     1,-0.1    -1,-0.0  -0.757  26.3-108.7 -94.0 136.8   15.5  -29.6  -26.6               
  319  319 A P        -     0   0  112      0, 0.0     2,-0.1     0, 0.0    -1,-0.1  -0.368  33.5-108.3 -68.7 142.7   16.1  -27.2  -29.6               
  320  320 A Q        -     0   0  194     -2,-0.1     2,-0.4     1,-0.0     0, 0.0  -0.413  27.7-164.2 -65.2 136.4   18.4  -24.1  -29.2               
  321  321 A I        -     0   0  156     -2,-0.1    -1,-0.0     0, 0.0     0, 0.0  -0.994  23.2-123.2-122.1 126.2   16.8  -20.6  -29.1               
  322  322 A T        -     0   0  132     -2,-0.4     2,-0.1     1,-0.1     0, 0.0  -0.449  34.7-113.2 -68.6 134.3   19.2  -17.6  -29.7               
  323  323 A P        -     0   0  127      0, 0.0    -1,-0.1     0, 0.0     0, 0.0  -0.395  14.0-147.2 -81.3 148.1   19.1  -15.0  -26.8               
  324  324 A N    >   -     0   0  143     -2,-0.1     2,-2.0     3,-0.1     3,-0.9  -0.953  27.4-125.7-113.7 123.0   17.7  -11.4  -26.9               
  325  325 A P  T 3  S+     0   0  122      0, 0.0     3,-0.1     0, 0.0    -1,-0.0  -0.182  88.4  69.1 -89.0  49.4   19.8   -9.3  -24.5               
  326  326 A V  T 3  S+     0   0  139     -2,-2.0     2,-0.6     1,-0.1     0, 0.0   0.390  79.8  77.1-133.9   0.9   17.3   -7.5  -22.0               
  327  327 A T    <   -     0   0  110     -3,-0.9     2,-1.5     2,-0.0    -1,-0.1  -0.846  58.2-165.2-117.1  94.0   16.0  -10.5  -19.8               
  328  328 A Q        -     0   0  192     -2,-0.6     2,-0.5    -3,-0.1     0, 0.0  -0.683  13.2-156.2 -72.0  93.3   18.4  -11.6  -17.2               
  329  329 A H        -     0   0  156     -2,-1.5     2,-1.2     1,-0.1    -2,-0.0  -0.666  19.8-126.9 -59.0 118.3   16.8  -14.9  -16.2               
  330  330 A V        -     0   0  119     -2,-0.5     2,-1.2     1,-0.1    -1,-0.1  -0.685  24.3-145.1 -69.4  98.8   18.1  -15.6  -12.7               
  331  331 A Q        -     0   0  173     -2,-1.2     2,-0.5     1,-0.0    -1,-0.1  -0.638  10.3-145.6 -70.9  92.9   19.4  -19.0  -13.5               
  332  332 A A        -     0   0   64     -2,-1.2     2,-0.1     1,-0.1    11,-0.1  -0.579  20.4-119.6 -62.0 116.6   18.7  -20.8  -10.2               
  333  333 A Y        -     0   0  222     -2,-0.5     2,-0.8     1,-0.1    -1,-0.1  -0.424  35.6 -99.3 -56.2 131.4   21.6  -23.2   -9.6               
  334  334 A S        -     0   0  119     -2,-0.1     2,-0.2     1,-0.1    -1,-0.1  -0.448  40.3-137.0 -58.8 100.9   20.2  -26.8   -9.5               
  335  335 A A        -     0   0   50     -2,-0.8     3,-0.1     1,-0.1    -1,-0.1  -0.455  22.6-114.2 -59.9 127.6   20.1  -27.4   -5.7               
  336  336 A Y    >   -     0   0  193     -2,-0.2     3,-2.4     1,-0.1    -1,-0.1  -0.301  46.0 -78.1 -57.5 150.6   21.3  -30.9   -4.9               
  337  337 A P  T 3  S+     0   0   77      0, 0.0    -1,-0.1     0, 0.0     0, 0.0  -0.309 124.0  21.4 -49.9 132.9   18.8  -33.4   -3.4               
  338  338 A H  T 3  S+     0   0  179      1,-0.3    -2,-0.1    23,-0.1    -3,-0.0   0.400  93.6 122.7  74.3   7.1   18.5  -32.4    0.3               
  339  339 A S    <   -     0   0   40     -3,-2.4    -1,-0.3    24,-0.1    21,-0.2  -0.798  68.9-107.9 -93.9 137.8   19.8  -28.8   -0.1               
  340  340 A P        -     0   0   65      0, 0.0     2,-1.2     0, 0.0    25,-0.2  -0.380  29.7-112.9 -66.6 138.4   17.4  -26.0    1.2               
  341  341 A G  E     +i  365   0E  21     23,-1.8    25,-2.8    19,-0.1     2,-0.5  -0.575  44.0 179.1 -72.9  95.9   15.8  -23.9   -1.6               
  342  342 A Q  E     -i  366   0E 113     -2,-1.2     2,-0.6    23,-0.2    25,-0.2  -0.904  15.7-175.1-103.5 121.5   17.4  -20.4   -1.0               
  343  343 A V  E     +i  367   0E  38     23,-2.8    25,-3.1    -2,-0.5     2,-0.5  -0.907  13.3 173.0-111.2 100.5   16.5  -17.5   -3.3               
  344  344 A I  E     +i  368   0E 124     -2,-0.6     2,-0.3    23,-0.2    25,-0.2  -0.934   7.0 166.3-106.9 126.5   18.7  -14.5   -2.3               
  345  345 A T  E     -i  369   0E  34     23,-2.3    25,-1.5    -2,-0.5    26,-0.3  -0.990  40.9-155.5-145.4 141.2   18.6  -11.3   -4.4               
  346  346 A G  S    S+     0   0   55     -2,-0.3     2,-0.2    23,-0.2    23,-0.1   0.253  82.2  69.3 -83.5   7.7   19.7   -7.7   -4.4               
  347  347 A C  S    S-     0   0   85     24,-0.1     2,-0.6    23,-0.0    24,-0.4  -0.791  97.4 -77.0-128.2 168.1   16.9   -6.8   -6.9               
  348  348 A Q        -     0   0   96     -2,-0.2     2,-1.1    22,-0.1    25,-0.2  -0.537  39.8-147.4 -68.2 111.7   13.0   -6.6   -7.1               
  349  349 A L        -     0   0   45     23,-0.8     2,-1.2    -2,-0.6    -1,-0.1  -0.706  10.9-167.0 -82.3  98.2   11.6  -10.1   -7.5               
  350  350 A L        -     0   0   82     -2,-1.1     2,-1.8    23,-0.1    25,-0.1  -0.753   8.9-155.7 -84.0  94.0    8.5   -9.7   -9.6               
  351  351 A V        +     0   0   30     -2,-1.2     2,-0.7    23,-0.8    25,-0.5  -0.547  26.4 163.6 -75.3  83.1    6.8  -13.1   -9.1               
  352  352 A Y        -     0   0  141     -2,-1.8    -1,-0.1     1,-0.3    -2,-0.1  -0.782  65.4 -28.7-105.3  90.8    4.7  -13.2  -12.3               
  353  353 A N        -     0   0  142     -2,-0.7     2,-0.6    23,-0.2    -1,-0.3   0.803  70.0-117.8  66.1 119.1    3.7  -16.9  -12.7               
  354  354 A Y        -     0   0   69     -3,-0.2     2,-0.3     3,-0.0    -1,-0.1  -0.721  10.5-151.8 -73.0 121.6    5.7  -19.8  -11.2               
  355  355 A Q        -     0   0  173     -2,-0.6     2,-0.3     1,-0.1    -2,-0.0  -0.702  59.3 -78.6 -62.8 144.2    7.1  -22.3  -13.6               
  356  356 A E        -     0   0  189     -2,-0.3    -1,-0.1     1,-0.1     0, 0.0  -0.366  45.9-152.9 -56.3 113.5    7.2  -25.3  -11.2               
  357  357 A Y        -     0   0   98     -2,-0.3     2,-2.1     1,-0.0    -1,-0.1  -0.839  21.9-126.0 -80.2 122.4   10.3  -24.9   -8.9               
  358  358 A P        +     0   0  105      0, 0.0     2,-0.3     0, 0.0    -1,-0.0  -0.511  39.1 173.8 -74.4  78.2   11.1  -28.5   -7.9               
  359  359 A T        -     0   0   15     -2,-2.1     6,-0.1    23,-0.2     5,-0.0  -0.651  24.7-133.8 -70.0 144.0   11.1  -28.1   -4.1               
  360  360 A Y    >   -     0   0  105     -2,-0.3     3,-1.3   -21,-0.2    24,-0.2  -0.703  26.8 -88.3 -95.0 155.7   11.6  -31.5   -2.4               
  361  361 A P  T 3  S+     0   0   71      0, 0.0    -1,-0.1     0, 0.0   -23,-0.1  -0.181 112.2  16.1 -50.3 151.4    9.6  -32.9    0.6               
  362  362 A D  T 3  S+     0   0  103     23,-1.0     2,-0.4     1,-0.2    24,-0.1   0.476  97.4 131.6  56.7   8.0   10.9  -31.9    4.1               
  363  363 A S    <   -     0   0   13     -3,-1.3    21,-0.3    24,-0.1    -1,-0.2  -0.724  59.0-120.5 -92.7 135.4   13.1  -29.2    2.5               
  364  364 A A        -     0   0   30     -2,-0.4   -23,-1.8    23,-0.2     2,-0.5  -0.476  21.4-152.0 -68.4 140.8   13.2  -25.6    3.9               
  365  365 A F  E     +ij 341 389E  13     23,-2.6    25,-2.7   -25,-0.2     2,-0.4  -0.975  16.8 177.7-118.8 122.4   12.2  -22.8    1.5               
  366  366 A Q  E     -ij 342 390E  57    -25,-2.8   -23,-2.8    -2,-0.5     2,-0.5  -0.986  11.7-173.1-129.6 126.2   13.7  -19.3    2.0               
  367  367 A V  E     +ij 343 391E   7     23,-2.4    25,-3.2    -2,-0.4     2,-0.4  -0.975   9.9 177.3-116.8 121.7   13.1  -16.1   -0.1               
  368  368 A T  E     +ij 344 392E  55    -25,-3.1   -23,-2.3    -2,-0.5     2,-0.3  -0.973   4.6 166.1-126.9 117.0   15.3  -13.1    0.8               
  369  369 A T  E     -ij 345 393E   4     23,-2.6    25,-2.9    -2,-0.4   -23,-0.2  -0.976  34.3-147.8-123.7 146.0   15.1   -9.7   -1.2               
  370  370 A G  S    S+     0   0   46    -25,-1.5   -24,-0.1    -2,-0.3   -22,-0.1   0.598  88.7  34.3 -74.8 -13.1   16.5   -6.3   -0.3               
  371  371 A Y  S    S-     0   0  141    -24,-0.4    24,-2.0   -26,-0.3    25,-0.4   0.113 109.6 -33.8-117.7-144.7   13.6   -4.7   -2.2               
  372  372 A Q        -     0   0   60     23,-0.2   -23,-0.8    22,-0.1    25,-0.2  -0.767  37.6-168.6 -83.9 141.6    9.8   -5.3   -2.9               
  373  373 A L        -     0   0    4     23,-2.6     2,-0.3    -2,-0.4   -23,-0.1  -0.826  15.4-167.2-122.8  81.3    8.5   -8.9   -3.3               
  374  374 A P        -     0   0    3      0, 0.0   -23,-0.8     0, 0.0     2,-0.5  -0.626   4.3-156.2 -74.1 134.4    4.9   -8.4   -4.7               
  375  375 A V  E     -q  399   0F   8     23,-2.9    25,-2.7    -2,-0.3     2,-0.4  -0.945  15.2-175.8-112.9 124.8    2.6  -11.5   -4.6               
  376  376 A Y  E     -q  400   0F  90    -25,-0.5   -23,-0.2    -2,-0.5    25,-0.2  -0.983  28.7 -26.7-129.3 134.1   -0.3  -11.6   -7.1               
  377  377 A N  S    S-     0   0   94     23,-2.0     2,-1.3    -2,-0.4    26,-0.1   0.297  85.3 -17.1  65.3 174.5   -3.3  -14.0   -7.8               
  378  378 A Y  S    S+     0   0  133     24,-0.1    -1,-0.1    25,-0.1    24,-0.1  -0.403  84.5  90.4 -70.4  86.0   -4.4  -17.7   -7.5               
  379  379 A Q        -     0   0  141     -2,-1.3     2,-0.1    25,-0.1   -26,-0.1  -0.699  61.6-130.1-161.2 131.2   -1.7  -20.2   -7.0               
  380  380 A P        -     0   0   75      0, 0.0    25,-0.1     0, 0.0    -2,-0.0  -0.457  35.1-105.1 -62.4 140.1   -0.2  -21.6   -3.7               
  381  381 A F        -     0   0   18     -2,-0.1     2,-2.4     1,-0.1    -2,-0.0  -0.454  40.4-107.8 -51.8 136.1    3.6  -21.7   -3.4               
  382  382 A P        +     0   0   44      0, 0.0     2,-0.2     0, 0.0   -23,-0.2  -0.435  62.6 151.8 -76.5  69.0    4.8  -25.3   -3.8               
  383  383 A A        -     0   0    6     -2,-2.4   -19,-0.1    23,-0.2   -24,-0.0  -0.517  33.9-141.5 -73.9 164.5    5.7  -26.0   -0.2               
  384  384 A Y    >   -     0   0   86    -21,-0.3     3,-2.0   -24,-0.2    24,-0.2  -0.837  34.5 -73.3-119.8 162.4    5.4  -29.6    1.0               
  385  385 A P  T 3  S+     0   0   65      0, 0.0   -23,-1.0     0, 0.0    25,-0.2  -0.354 123.0  14.8 -49.9 138.8    4.2  -31.1    4.4               
  386  386 A R  T 3  S+     0   0  164     23,-1.6    24,-0.1     1,-0.2    25,-0.1   0.369  92.8 132.8  64.4   4.7    6.9  -30.4    7.1               
  387  387 A S    <   -     0   0    1     -3,-2.0    -1,-0.2    22,-0.1     2,-0.2  -0.728  54.0-137.9 -81.6 112.8    8.7  -27.8    4.8               
  388  388 A P        -     0   0   46      0, 0.0   -23,-2.6     0, 0.0     2,-0.5  -0.503  19.1-153.4 -66.5 136.0    9.4  -24.6    6.9               
  389  389 A F  E     +jk 365 413E   9     23,-2.6    25,-2.7    -2,-0.2     2,-0.4  -0.959  16.3 176.8-119.9 121.3    8.7  -21.5    4.8               
  390  390 A Q  E     -jk 366 414E  64    -25,-2.7   -23,-2.4    -2,-0.5     2,-0.4  -0.983   8.8-174.1-127.3 136.5   10.4  -18.1    5.3               
  391  391 A V  E     -jk 367 415E   6     23,-2.3    25,-3.1    -2,-0.4     2,-0.5  -0.985   2.2-177.4-129.2 124.3   10.1  -14.8    3.4               
  392  392 A T  E     -jk 368 416E  58    -25,-3.2   -23,-2.6    -2,-0.4     2,-0.5  -0.979   2.2-179.9-119.9 120.3   12.3  -11.7    4.1               
  393  393 A A  E     -jk 369 417E   1     23,-2.6    25,-2.6    -2,-0.5    26,-0.4  -0.966  21.2-153.0-123.5 119.1   11.7   -8.5    2.2               
  394  394 A G  S    S+     0   0   41    -25,-2.9   -23,-0.2    -2,-0.5   -24,-0.2   0.771  92.3   9.5 -62.0 -26.2   13.9   -5.4    2.9               
  395  395 A Y  S    S-     0   0  108    -24,-2.0    24,-2.0     1,-0.2    25,-1.2   0.659 123.6 -14.4-115.5 -82.8   11.2   -3.0    1.8               
  396  396 A Q  B     -r  420   0F  28    -25,-0.4   -23,-2.6    23,-0.2    -1,-0.2  -0.978  30.2-165.3-136.6 146.8    7.6   -4.4    1.1               
  397  397 A L        -     0   0    5     23,-1.8     2,-0.4    -2,-0.3   -25,-0.1  -0.745  24.4-171.5-121.0  73.3    5.8   -7.7    0.5               
  398  398 A P        -     0   0    7      0, 0.0   -23,-2.9     0, 0.0     2,-0.5  -0.628   6.1-157.8 -75.3 125.8    2.4   -6.6   -1.0               
  399  399 A V  E     -qs 375 423F   1     23,-2.7    25,-2.8    -2,-0.4     2,-0.4  -0.915  10.7-171.1-108.7 120.3   -0.1   -9.5   -1.2               
  400  400 A Y  E     -qs 376 424F  68    -25,-2.7   -23,-2.0    -2,-0.5    25,-0.2  -0.950  57.9 -21.3-122.0 126.7   -3.0   -9.1   -3.7               
  401  401 A N  S    S+     0   0   65     23,-2.0     2,-0.4    -2,-0.4    24,-0.2   0.889  80.4 168.5  53.6  48.1   -6.1  -11.3   -4.3               
  402  402 A Y        -     0   0    8     22,-0.6    25,-1.2    23,-0.1    -1,-0.2  -0.794  30.0-162.6-101.3 133.8   -4.7  -14.4   -2.7               
  403  403 A Q  S    S-     0   0   85     -2,-0.4     2,-0.2     1,-0.3    -1,-0.1   0.711  70.7 -13.3 -87.4 -27.8   -6.9  -17.5   -1.9               
  404  404 A A        -     0   0   32     24,-0.1    -1,-0.3   -25,-0.1   -25,-0.1  -0.766  49.6-130.0-169.8 133.2   -4.5  -19.3    0.6               
  405  405 A F        -     0   0   25     -2,-0.2     2,-1.9    -3,-0.1     8,-0.0  -0.797  42.2-125.3 -71.6 125.8   -1.0  -19.3    1.9               
  406  406 A P        +     0   0   19      0, 0.0     2,-1.2     0, 0.0   -23,-0.2  -0.495  41.8 166.7 -82.2  73.7   -0.1  -23.1    1.6               
  407  407 A A        -     0   0   14     -2,-1.9    25,-0.3    28,-0.1     3,-0.1  -0.795  23.6-159.0 -79.7  94.5    0.9  -23.9    5.2               
  408  408 A Y    >   -     0   0   63     -2,-1.2     3,-1.6   -24,-0.2   -22,-0.1  -0.306  41.9 -58.8 -65.6 164.4    0.9  -27.7    4.9               
  409  409 A P  T 3  S+     0   0   36      0, 0.0   -23,-1.6     0, 0.0    -1,-0.2  -0.167 125.9   3.2 -53.6 136.0    0.6  -29.8    8.1               
  410  410 A N  T 3  S+     0   0   84     23,-1.4    25,-0.2     1,-0.2    24,-0.1   0.742  95.8 135.1  59.1  27.8    3.5  -29.1   10.6               
  411  411 A S    <   -     0   0    4     -3,-1.6    -1,-0.2    21,-0.1     2,-0.2  -0.889  47.9-146.1-109.3  98.9    4.9  -26.4    8.2               
  412  412 A P        -     0   0   49      0, 0.0   -23,-2.6     0, 0.0     2,-0.5  -0.466  13.1-155.0 -68.3 137.1    5.9  -23.3   10.2               
  413  413 A F  E     +kl 389 437E   4     23,-2.7    25,-2.7   -25,-0.2     2,-0.4  -0.958  14.1 179.0-120.6 123.3    5.4  -20.0    8.1               
  414  414 A Q  E     -kl 390 438E  72    -25,-2.7   -23,-2.3    -2,-0.5     2,-0.4  -0.986   8.4-173.3-130.4 134.5    7.3  -16.8    8.8               
  415  415 A V  E     -kl 391 439E   5     23,-2.3    25,-3.0    -2,-0.4     2,-0.4  -0.990   3.8-177.9-124.3 127.5    7.2  -13.4    7.0               
  416  416 A A  E     +kl 392 440E  35    -25,-3.1   -23,-2.6    -2,-0.4     2,-0.4  -0.988   3.2 179.2-122.1 130.3    9.6  -10.5    7.8               
  417  417 A T  E     -kl 393 441E   9     23,-2.4    25,-2.8    -2,-0.4   -23,-0.2  -0.997  25.9-150.1-129.9 138.4    9.4   -7.1    6.1               
  418  418 A G  S    S-     0   0   47    -25,-2.6   -23,-0.2    -2,-0.4   -24,-0.2   0.790  93.6  -0.1 -73.9 -27.1   11.6   -4.0    6.7               
  419  419 A Y  S    S+     0   0   79    -24,-2.0    24,-2.1   -26,-0.4    25,-1.6   0.583 122.4   0.8-125.3 -80.6    8.8   -1.5    5.8               
  420  420 A Q  B     -rt 396 444F  32    -25,-1.2   -23,-1.8    23,-0.2    25,-0.2  -0.959  30.8-170.8-130.5 141.9    5.3   -2.8    4.9               
  421  421 A F        -     0   0    6     23,-2.1     2,-0.4    -2,-0.4   -25,-0.1  -0.717  26.1-174.9-115.3  70.4    3.4   -6.1    4.5               
  422  422 A P        -     0   0    5      0, 0.0   -23,-2.7     0, 0.0     2,-0.5  -0.629   5.8-161.6 -78.3 127.7    0.1   -4.8    2.9               
  423  423 A V  E     -su 399 447F  10     23,-2.4    25,-2.9    -2,-0.4     2,-0.4  -0.925   7.1-171.6-114.0 125.4   -2.6   -7.6    2.4               
  424  424 A Y  E     -su 400 448F  68    -25,-2.8   -23,-2.0    -2,-0.5   -22,-0.6  -0.969  57.1 -13.6-124.4 128.4   -5.5   -7.1    0.0               
  425  425 A N  E    S+     0   0F  69     23,-2.2     2,-0.4    -2,-0.4    25,-0.2   0.952  72.2 178.2  55.3  63.7   -8.7   -9.2   -0.6               
  426  426 A Y  E     - u   0 450F   6     23,-0.7    25,-1.6    22,-0.4    26,-0.3  -0.847  13.3-160.8 -99.1 132.8   -7.9  -12.5    1.2               
  427  427 A Q        -     0   0   90    -25,-1.2     2,-0.4    -2,-0.4    23,-0.0  -0.891  17.9-126.5-106.7 139.5  -10.3  -15.5    1.4               
  428  428 A P        +     0   0   50      0, 0.0   -24,-0.1     0, 0.0    25,-0.1  -0.726  28.9 173.7 -83.2 134.4  -10.0  -18.3    4.0               
  429  429 A F        -     0   0  167     -2,-0.4     2,-0.2   -26,-0.1    -2,-0.0  -0.939  44.9 -51.1-139.8 157.0  -10.0  -22.0    2.9               
  430  430 A P        -     0   0   91      0, 0.0    26,-0.1     0, 0.0   -26,-0.0  -0.238  52.8-102.7 -81.7 123.5   -9.3  -24.8    5.3               
  431  431 A A        -     0   0   34     -2,-0.2   -23,-0.1    24,-0.2    25,-0.0   0.579  10.4-162.0  47.6 102.9   -6.9  -25.7    7.8               
  432  432 A Y        -     0   0  107    -25,-0.3     3,-0.4   -24,-0.1    -1,-0.1  -0.993  39.1-126.8-111.1 129.8   -3.9  -27.9    8.2               
  433  433 A P  S    S+     0   0   63      0, 0.0   -23,-1.4     0, 0.0    25,-0.2  -0.143  79.7  28.9 -70.7 169.1   -3.3  -28.3   12.0               
  434  434 A S  S    S+     0   0   48     23,-1.8    25,-0.2   -25,-0.2    24,-0.1   0.749  79.4 130.6  58.9  32.1   -0.0  -27.7   14.0               
  435  435 A S        -     0   0    7     -3,-0.4    -1,-0.1    22,-0.2    21,-0.1  -0.840  46.6-150.3-121.1  89.2    1.4  -25.0   11.6               
  436  436 A P        -     0   0   47      0, 0.0   -23,-2.7     0, 0.0     2,-0.4  -0.368   8.5-155.4 -67.8 142.1    2.5  -21.8   13.5               
  437  437 A F  E     -lm 413 461E  21     23,-2.6    25,-2.8   -25,-0.2     2,-0.4  -0.968  12.7-179.7-124.2 122.6    2.3  -18.5   11.6               
  438  438 A Q  E     -lm 414 462E  66    -25,-2.7   -23,-2.3    -2,-0.4     2,-0.4  -0.979   6.2-174.5-127.9 138.7    4.4  -15.4   12.3               
  439  439 A V  E     -lm 415 463E   3     23,-2.1    25,-2.9    -2,-0.4     2,-0.4  -0.985   1.0-177.4-133.2 125.3    4.5  -11.9   10.7               
  440  440 A T  E     -lm 416 464E  77    -25,-3.0   -23,-2.4    -2,-0.4     2,-0.4  -0.980   2.6-179.3-121.8 125.0    7.0   -9.1   11.4               
  441  441 A A  E     -lm 417 465E   2     23,-2.7    25,-2.6    -2,-0.4    26,-0.3  -0.978  22.9-149.9-126.9 122.7    6.7   -5.7    9.8               
  442  442 A G  S    S+     0   0   44    -25,-2.8   -23,-0.2    -2,-0.4   -24,-0.1   0.797  94.1   1.8 -61.7 -28.6    9.3   -2.9   10.5               
  443  443 A Y  S    S-     0   0   77    -24,-2.1    24,-2.2     1,-0.2    25,-0.9   0.649 123.3  -2.9-120.6 -74.1    6.6   -0.2    9.8               
  444  444 A Q  B     -tv 420 468F  26    -25,-1.6   -23,-2.1    23,-0.2    -1,-0.2  -0.971  28.6-163.7-138.2 147.2    3.0   -1.4    9.0               
  445  445 A L        -     0   0    3     23,-1.8     2,-0.6    -2,-0.3   -25,-0.1  -0.810  25.3-175.4-114.4  80.1    0.7   -4.4    8.3               
  446  446 A P        -     0   0    7      0, 0.0   -23,-2.4     0, 0.0     2,-0.5  -0.742   5.7-164.7 -81.6 124.2   -2.3   -2.8    6.6               
  447  447 A V  E     -uw 423 471F   1     23,-2.7    25,-3.0    -2,-0.6     2,-0.4  -0.946   5.1-169.8-116.2 123.0   -5.0   -5.5    6.0               
  448  448 A Y  E     -uw 424 472F  70    -25,-2.9   -23,-2.2    -2,-0.5   -22,-0.4  -0.958  59.8  -9.2-122.8 131.1   -7.9   -4.8    3.6               
  449  449 A N  E    S+     0   0F  77     23,-1.8   -23,-0.7    -2,-0.4     2,-0.5   0.978  80.7 167.5  53.9  65.7  -11.2   -6.7    2.9               
  450  450 A Y  E     -uw 426 474F  11     23,-1.3    25,-1.5    22,-0.6    -1,-0.2  -0.944  29.2-166.7-124.6 114.9  -10.2   -9.7    4.9               
  451  451 A Q  E     -     0   0F  64    -25,-1.6    25,-2.4    -2,-0.5     2,-0.3   0.948  69.2 -18.8 -73.6 -45.8  -12.8  -12.4    5.8               
  452  452 A A  E     - w   0 476F  10    -26,-0.3    -1,-0.3    23,-0.2    25,-0.2  -0.956  57.4-116.1-161.6 142.4  -10.8  -14.3    8.5               
  453  453 A F        -     0   0   13     23,-0.6     2,-2.0    -2,-0.3     8,-0.0  -0.627  39.5-116.3 -73.2 133.7   -7.2  -14.9    9.8               
  454  454 A P        +     0   0   16      0, 0.0     2,-0.4     0, 0.0    -1,-0.1  -0.517  51.9 154.1 -76.8  74.4   -6.0  -18.5    9.4               
  455  455 A A        -     0   0    4     -2,-2.0   -24,-0.2    23,-0.5    28,-0.1  -0.830  23.8-173.7 -77.5 143.8   -5.6  -19.6   13.0               
  456  456 A Y    >   -     0   0   27      3,-0.5     3,-2.0    -2,-0.4   -22,-0.1  -0.950  38.8 -61.7-137.9 156.1   -6.1  -23.4   12.9               
  457  457 A P  T 3  S-     0   0   42      0, 0.0   -23,-1.8     0, 0.0   -22,-0.2  -0.039 123.8  -0.3 -47.9 132.7   -6.3  -26.0   15.7               
  458  458 A N  T 3  S+     0   0   79     23,-1.8    25,-0.2   -25,-0.2    24,-0.1   0.713 103.1 127.2  57.0  25.5   -3.0  -26.1   17.7               
  459  459 A S    <   -     0   0    2     -3,-2.0    -3,-0.5    22,-0.2    -1,-0.1  -0.879  52.3-145.0-117.4  99.1   -1.5  -23.4   15.4               
  460  460 A P        -     0   0   48      0, 0.0   -23,-2.6     0, 0.0     2,-0.5  -0.364  11.7-157.6 -56.2 136.2   -0.1  -20.2   17.1               
  461  461 A F  E     +mn 437 485E   2     23,-2.5    25,-2.5   -25,-0.2     2,-0.4  -0.978  13.9 179.1-121.7 119.9   -0.6  -17.0   15.2               
  462  462 A Q  E     -mn 438 486E  66    -25,-2.8   -23,-2.1    -2,-0.5     2,-0.4  -0.974   9.7-176.4-127.4 137.8    1.7  -14.0   15.9               
  463  463 A V  E     -mn 439 487E   4     23,-2.5    25,-3.1    -2,-0.4     2,-0.4  -0.997   1.2-178.7-130.5 129.8    1.9  -10.5   14.4               
  464  464 A A  E     +mn 440 488E  38    -25,-2.9   -23,-2.7    -2,-0.4     2,-0.4  -0.995   4.0 177.6-125.8 127.6    4.6   -7.8   15.3               
  465  465 A T  E     -mn 441 489E   8     23,-2.6    25,-2.7    -2,-0.4    26,-0.2  -0.992  27.1-147.5-129.6 133.4    4.5   -4.3   13.7               
  466  466 A G  S    S+     0   0   48    -25,-2.6   -23,-0.2    -2,-0.4   -22,-0.1   0.773  93.9   0.3 -67.0 -26.2    7.0   -1.4   14.5               
  467  467 A Y  S    S-     0   0   77    -24,-2.2    24,-2.4   -26,-0.3    25,-0.7   0.547 120.5  -4.6-124.8 -84.4    4.2    1.3   13.9               
  468  468 A Q  B     -vx 444 492F  30    -25,-0.9   -23,-1.8    23,-0.2    -1,-0.2  -0.935  29.8-164.1-129.0 149.4    0.6    0.3   12.9               
  469  469 A F        -     0   0    2     23,-2.0     2,-0.5    -2,-0.3   -25,-0.1  -0.775  24.6-171.9-119.4  77.4   -1.6   -2.7   12.0               
  470  470 A P        -     0   0    5      0, 0.0   -23,-2.7     0, 0.0     2,-0.5  -0.665   4.7-161.4 -77.6 125.8   -4.7   -1.0   10.5               
  471  471 A V  E     -wy 447 495F   4     23,-2.5    25,-3.1    -2,-0.5     2,-0.4  -0.934   8.1-171.3-112.1 119.2   -7.4   -3.6    9.8               
  472  472 A Y  E     -wy 448 496F  66    -25,-3.0   -23,-1.8    -2,-0.5   -22,-0.6  -0.954  60.8  -5.6-120.4 131.3  -10.2   -2.7    7.3               
  473  473 A N  E    S+     0   0F  69     23,-2.0   -23,-1.3    -2,-0.4     2,-0.5   0.988  79.8 175.3  55.8  66.0  -13.5   -4.5    6.5               
  474  474 A Y  E     -wy 450 498F   1     23,-1.2    25,-1.9    22,-0.6   -23,-0.2  -0.912  20.7-169.9-114.0 122.9  -12.8   -7.6    8.7               
  475  475 A Q  E     -     0   0F  76    -25,-1.5    25,-1.8    -2,-0.5     2,-0.3   0.993  58.3 -23.2 -82.5 -63.4  -15.5  -10.3    9.2               
  476  476 A A  E     -wy 452 500F  30    -25,-2.4   -23,-0.6    23,-0.2    -1,-0.2  -0.999  39.6-133.7-150.6 149.7  -14.3  -12.7   12.0               
  477  477 A F        -     0   0   19     23,-0.9     2,-1.7    -2,-0.3   -25,-0.1  -0.843  26.0-160.3 -96.0  91.2  -11.2  -14.0   13.9               
  478  478 A P        -     0   0   32      0, 0.0     2,-0.9     0, 0.0   -23,-0.5  -0.577  10.2-174.5 -73.7  86.9  -11.8  -17.8   13.9               
  479  479 A A        -     0   0    6     -2,-1.7    25,-0.3    23,-1.1     3,-0.1  -0.768  12.6-154.6 -78.6 103.7   -9.5  -18.8   16.8               
  480  480 A Y    >   -     0   0   91     -2,-0.9     3,-1.3     1,-0.2   -22,-0.1  -0.451  38.2 -65.6 -73.8 158.9   -9.7  -22.6   16.8               
  481  481 A P  T 3  S+     0   0   69      0, 0.0   -23,-1.8     0, 0.0   -22,-0.2  -0.055 120.9   8.3 -48.6 141.5   -9.0  -24.6   20.1               
  482  482 A N  T 3  S+     0   0   86     23,-0.6    25,-0.2   -25,-0.2    24,-0.1   0.709  93.2 129.3  56.6  27.3   -5.4  -24.3   21.5               
  483  483 A S    <   -     0   0    0     -3,-1.3     2,-0.2   -25,-0.2    -1,-0.1  -0.784  45.6-158.2-112.1  83.0   -4.5  -21.6   18.9               
  484  484 A P        -     0   0   43      0, 0.0   -23,-2.5     0, 0.0     2,-0.5  -0.444   4.3-156.3 -65.3 134.0   -3.0  -18.7   20.8               
  485  485 A V  E     -no 461 509E   2     23,-2.3    25,-3.0   -25,-0.2     2,-0.4  -0.947  11.9-178.3-111.6 129.1   -3.1  -15.3   19.0               
  486  486 A Q  E     -no 462 510E  84    -25,-2.5   -23,-2.5    -2,-0.5     2,-0.4  -0.994   4.2-177.1-129.4 130.2   -0.7  -12.5   19.8               
  487  487 A V  E     -no 463 511E   3     23,-2.3    25,-3.0    -2,-0.4     2,-0.5  -0.973   3.3-178.4-128.0 117.3   -0.7   -9.0   18.2               
  488  488 A T  E     +no 464 512E  69    -25,-3.1   -23,-2.6    -2,-0.4     2,-0.4  -0.964   2.5 176.8-120.4 123.8    2.0   -6.5   19.0               
  489  489 A T  E     -no 465 513E   2     23,-2.9    25,-2.7    -2,-0.5    26,-0.2  -0.990  28.6-145.5-128.9 130.2    2.1   -2.9   17.5               
  490  490 A G  S    S-     0   0   46    -25,-2.7   -23,-0.2    -2,-0.4   -22,-0.2   0.727  95.0  -0.3 -64.8 -21.5    4.6   -0.1   18.4               
  491  491 A Y  S    S-     0   0   76    -24,-2.4    24,-2.2   -26,-0.2    25,-0.7   0.490 120.3  -4.9-129.1 -83.9    1.8    2.6   17.9               
  492  492 A Q  B     -xz 468 516F  28    -25,-0.7   -23,-2.0    23,-0.2    25,-0.2  -0.953  28.3-160.8-131.5 147.4   -1.8    1.7   17.0               
  493  493 A L        -     0   0   13     23,-1.5     2,-0.5    -2,-0.3   -25,-0.1  -0.770  28.7-174.0-110.8  73.0   -4.1   -1.3   16.0               
  494  494 A P        -     0   0    4      0, 0.0   -23,-2.5     0, 0.0     2,-0.5  -0.674   4.8-162.9 -78.6 124.0   -7.0    0.7   14.4               
  495  495 A V  E     -ya 471 519F  14     23,-2.5    25,-3.2    -2,-0.5     2,-0.4  -0.922   5.5-169.4-112.8 124.4   -9.8   -1.7   13.5               
  496  496 A Y  E     -ya 472 520F  67    -25,-3.1   -23,-2.0    -2,-0.5   -22,-0.6  -0.958  62.2  -1.0-122.5 133.5  -12.6   -0.6   11.0               
  497  497 A N  E    S+     0   0F  65     23,-2.0   -23,-1.2    -2,-0.4     2,-0.5   0.988  78.6 179.3  55.6  65.2  -15.9   -2.2   10.1               
  498  498 A Y  E     -ya 474 522F   3     23,-0.8    25,-1.9    22,-0.6    26,-0.3  -0.874  17.9-172.2-105.2 125.0  -15.5   -5.3   12.4               
  499  499 A Q  E     -     0   0F  72    -25,-1.9    25,-1.6    -2,-0.5     2,-0.3   0.972  57.9 -11.5 -87.0 -55.8  -18.3   -7.9   12.5               
  500  500 A A  E     -ya 476 524F  24    -25,-1.8   -23,-0.9   -26,-0.2    -1,-0.2  -0.994  38.3-147.2-154.1 146.5  -17.5  -10.4   15.3               
  501  501 A F        -     0   0   45     23,-0.6     2,-1.1    -2,-0.3   -25,-0.1  -0.875  21.5-174.9-106.3  92.4  -14.8  -11.6   17.8               
  502  502 A P        +     0   0   16      0, 0.0   -23,-1.1     0, 0.0     2,-0.4  -0.769   5.7 178.8 -90.6  94.1  -15.3  -15.4   18.4               
  503  503 A A        -     0   0    8     -2,-1.1    25,-0.4    23,-0.5    28,-0.1  -0.810  11.7-158.9 -85.2 135.4  -12.9  -16.4   21.1               
  504  504 A Y    >   -     0   0   89     -2,-0.4     3,-1.3   -25,-0.3    28,-0.2  -0.796  32.2 -70.9-111.9 159.4  -13.1  -20.2   21.9               
  505  505 A P  T 3  S+     0   0   56      0, 0.0   -23,-0.6     0, 0.0    26,-0.2  -0.036 113.9  10.5 -48.7 145.4  -12.0  -22.1   25.1               
  506  506 A S  T 3  S+     0   0   84     24,-1.1    25,-0.1   -25,-0.2    24,-0.1   0.606  98.0 110.5  60.7  18.3   -8.2  -22.5   25.8               
  507  507 A S    <   -     0   0    3     -3,-1.3    -3,-0.2    23,-0.3     2,-0.2  -0.814  57.3-154.5-123.0  85.5   -7.2  -20.1   23.0               
  508  508 A P        -     0   0   51      0, 0.0   -23,-2.3     0, 0.0     2,-0.6  -0.450   1.2-155.7 -68.5 132.4   -5.8  -16.9   24.6               
  509  509 A F  E     -op 485 533E   9     23,-2.4    25,-2.9    -2,-0.2     2,-0.4  -0.939  15.2-173.7-109.4 113.2   -6.0  -13.7   22.4               
  510  510 A Q  E     -op 486 534E  57    -25,-3.0   -23,-2.3    -2,-0.6     2,-0.4  -0.929   8.8-176.9-113.5 130.7   -3.3  -11.1   23.4               
  511  511 A V  E     -op 487 535E   4     23,-2.1    25,-3.2    -2,-0.4     2,-0.5  -0.993   2.1-178.1-126.0 130.5   -3.0   -7.5   22.0               
  512  512 A T  E     +op 488 536E  54    -25,-3.0   -23,-2.9    -2,-0.4     2,-0.4  -0.960   6.7 176.8-126.0 110.8   -0.2   -5.1   22.9               
  513  513 A T  E     -op 489 537E   2     23,-2.9    25,-2.5    -2,-0.5    26,-0.2  -0.962  29.0-145.5-115.0 131.9   -0.3   -1.6   21.4               
  514  514 A G  S    S-     0   0   46    -25,-2.7   -23,-0.2    -2,-0.4   -22,-0.2   0.684  94.0  -1.4 -64.5 -17.7    2.3    1.2   22.3               
  515  515 A Y  S    S-     0   0   78    -24,-2.2    24,-1.5   -26,-0.2    25,-0.5   0.436 117.9  -7.8-134.1 -83.0   -0.5    3.8   22.0               
  516  516 A Q  E     -zb 492 540F  30    -25,-0.7   -23,-1.5    23,-0.2    25,-0.2  -0.956  29.0-155.0-135.7 150.6   -4.2    3.1   21.1               
  517  517 A L  E     - b   0 541F  10     23,-1.0    25,-1.5    -2,-0.3     2,-0.5  -0.849  27.4-178.0-115.6  84.6   -6.6    0.4   20.0               
  518  518 A P  E     - b   0 542F   5      0, 0.0   -23,-2.5     0, 0.0     2,-0.5  -0.807   7.5-163.3 -86.7 125.6   -9.5    2.4   18.3               
  519  519 A V  E     -ab 495 543F  13     23,-2.9    25,-3.1    -2,-0.5     2,-0.4  -0.944   6.6-165.5-112.4 121.3  -12.4    0.1   17.0               
  520  520 A Y  E     +ab 496 544F  67    -25,-3.2   -23,-2.0    -2,-0.5   -22,-0.6  -0.912  61.3   1.6-114.1 136.2  -14.8    1.7   14.5               
  521  521 A N  E    S-     0   0F  66     23,-1.9   -23,-0.8    -2,-0.4     2,-0.4   0.976  75.9-174.7  57.5  61.7  -18.3    0.4   13.4               
  522  522 A Y  E     -a  498   0F  12     22,-0.5    25,-2.2    23,-0.4   -23,-0.2  -0.768  12.2-172.8 -92.6 132.7  -18.5   -2.7   15.5               
  523  523 A Q  E     -     0   0F  94    -25,-1.9     2,-0.3    -2,-0.4   -24,-0.2   0.882  52.3 -14.7 -99.9 -47.0  -21.5   -5.1   15.0               
  524  524 A A  E     -a  500   0F  36    -25,-1.6   -23,-0.6   -26,-0.3    -1,-0.3  -0.977  39.7-143.7-161.5 151.8  -21.6   -7.9   17.7               
  525  525 A F        -     0   0   77     -2,-0.3     2,-1.0   -25,-0.2   -25,-0.1  -0.944  10.5-160.7-116.4 109.9  -19.8   -9.9   20.4               
  526  526 A P        -     0   0   44      0, 0.0     2,-0.8     0, 0.0   -23,-0.5  -0.788  18.3-155.4 -82.7 100.9  -20.5  -13.7   20.8               
  527  527 A A        -     0   0   83     -2,-1.0   -23,-0.1   -25,-0.1    -2,-0.0  -0.716  12.0-172.9 -82.6 108.5  -19.3  -14.3   24.4               
  528  528 A Y    >   -     0   0  102     -2,-0.8     3,-0.8   -25,-0.4   -25,-0.1  -0.814  30.6-104.7 -92.8 140.5  -18.2  -18.0   24.9               
  529  529 A P  T 3  S+     0   0  100      0, 0.0    -1,-0.1     0, 0.0     0, 0.0  -0.198 100.0  23.7 -54.0 153.4  -17.3  -19.2   28.4               
  530  530 A N  T 3  S+     0   0  141      1,-0.2   -24,-1.1   -25,-0.1     2,-0.6   0.671  83.8 136.9  62.4  25.4  -13.6  -19.8   29.2               
  531  531 A S    <   -     0   0   21     -3,-0.8     2,-0.8   -26,-0.2    -1,-0.2  -0.891  39.8-156.1-106.5 111.6  -12.2  -17.4   26.6               
  532  532 A A        +     0   0   53     -2,-0.6   -23,-2.4   -28,-0.2     2,-0.4  -0.774  14.5 176.7 -91.7 106.9   -9.3  -15.1   27.7               
  533  533 A V  E     -p  509   0E  17     -2,-0.8    41,-0.4   -25,-0.2     2,-0.4  -0.915   7.8-172.2 -99.0 132.9   -8.9  -11.9   25.7               
  534  534 A Q  E     -p  510   0E  47    -25,-2.9   -23,-2.1    -2,-0.4     2,-0.4  -0.994   6.4-172.1-128.3 138.6   -6.2   -9.5   27.0               
  535  535 A V  E     -p  511   0E   7     -2,-0.4     2,-0.6   -25,-0.2   -23,-0.2  -0.940   3.2-174.6-137.0 109.4   -5.5   -6.0   25.8               
  536  536 A T  E     +p  512   0E  32    -25,-3.2   -23,-2.9    -2,-0.4     2,-0.4  -0.917  12.2 177.1-103.4 113.1   -2.5   -4.0   26.9               
  537  537 A T  E     -p  513   0E   3     -2,-0.6    41,-0.2    39,-0.2   -23,-0.2  -0.978  32.6-144.0-118.9 135.3   -2.5   -0.3   25.5               
  538  538 A G  S    S-     0   0   48    -25,-2.5   -22,-0.2    -2,-0.4   -24,-0.1   0.561  94.7  -0.3 -66.7 -10.0    0.1    2.4   26.3               
  539  539 A Y  S    S-     0   0  120    -24,-1.5     2,-0.3   -26,-0.2   -23,-0.2   0.287 115.6 -17.2-138.4 -91.2   -2.8    5.0   26.3               
  540  540 A Q  E     -b  516   0F  84    -25,-0.5   -23,-1.0     2,-0.0     2,-0.5  -0.989  37.4-141.3-137.6 144.8   -6.5    4.4   25.7               
  541  541 A F  E     -b  517   0F  48     -2,-0.3     2,-0.4   -25,-0.2   -25,-0.0  -0.894  30.3-176.1 -97.5 129.0   -8.9    1.8   24.3               
  542  542 A H  E     -b  518   0F  57    -25,-1.5   -23,-2.9    -2,-0.5     2,-0.5  -0.993  18.7-162.8-133.6 131.6  -11.8    3.4   22.3               
  543  543 A V  E     -b  519   0F  54     -2,-0.4     2,-0.4   -25,-0.2     3,-0.2  -0.962  15.1-169.5-109.7 125.2  -15.0    2.0   20.6               
  544  544 A Y  E     +b  520   0F  91    -25,-3.1   -23,-1.9    -2,-0.5   -22,-0.5  -0.906  62.9   4.8-113.4 139.0  -16.7    4.3   18.1               
  545  545 A N  S    S-     0   0  115     -2,-0.4     2,-0.5   -25,-0.2   -23,-0.4   0.925  70.3-173.0  53.6  52.8  -20.1    3.7   16.4               
  546  546 A Y        -     0   0   91     -3,-0.2     2,-0.6   -25,-0.2    -1,-0.2  -0.671   7.1-159.7 -67.4 122.2  -21.1    0.5   18.3               
  547  547 A Q        -     0   0  148    -25,-2.2    -1,-0.0    -2,-0.5     0, 0.0  -0.913  11.0-137.4-112.5 106.2  -24.4   -0.7   16.6               
  548  548 A M        -     0   0  112     -2,-0.6   -24,-0.1     1,-0.1   -25,-0.0  -0.358  29.1-108.1 -55.9 133.9  -26.5   -3.0   18.7               
  549  549 A P        -     0   0   67      0, 0.0     2,-0.6     0, 0.0     3,-0.2  -0.423  44.7 -98.0 -62.5 137.8  -27.9   -6.0   16.6               
  550  550 A P        -     0   0  125      0, 0.0    -3,-0.0     0, 0.0    -2,-0.0  -0.522  68.3 -52.8 -69.0 112.6  -31.7   -5.5   16.1               
  551  551 A Q        -     0   0  169     -2,-0.6     3,-0.1     1,-0.1    -3,-0.0   0.788  43.5-137.9  41.8  94.0  -33.9   -7.5   18.6               
  552  552 A C        -     0   0  112     -3,-0.2    -1,-0.1     1,-0.1     3,-0.0  -0.528  52.8 -81.8 -59.0 144.8  -33.5  -11.2   19.2               
  553  553 A P        -     0   0  125      0, 0.0     2,-1.4     0, 0.0    -1,-0.1  -0.241  50.8-104.3 -53.3 135.8  -37.1  -12.7   19.4               
  554  554 A V        +     0   0  145     -3,-0.1     2,-0.4     3,-0.0     3,-0.1  -0.519  66.0 141.7 -72.7  91.7  -38.6  -12.1   22.9               
  555  555 A G        -     0   0   62     -2,-1.4     3,-0.1     1,-0.2    -3,-0.0  -0.986  50.2 -18.3-132.1 121.6  -38.4  -15.6   24.5               
  556  556 A E  S    S-     0   0  183     -2,-0.4    -1,-0.2     1,-0.1     0, 0.0   0.969  90.1 -41.1  57.3 104.6  -37.4  -16.3   28.2               
  557  557 A Q  S    S+     0   0  200      1,-0.1     3,-0.2    -3,-0.1    -1,-0.1   0.355  75.9 116.0  66.7  19.3  -35.8  -14.6   31.1               
  558  558 A R    >   +     0   0  190      1,-0.1     3,-1.1    -3,-0.1     4,-0.3   0.038  30.0 122.0-116.0  33.1  -32.7  -12.5   30.1               
  559  559 A R  T 3  S+     0   0  235      1,-0.2     3,-0.2     2,-0.1    -1,-0.1   0.644  73.6  54.0 -67.2 -12.2  -33.7   -8.8   30.9               
  560  560 A N  T 3> S+     0   0  139     -3,-0.2     4,-0.5     1,-0.1    -1,-0.2   0.423  86.1  78.2-105.0  -2.0  -30.7   -8.3   33.4               
  561  561 A L  H <> S+     0   0   83     -3,-1.1     4,-1.9     1,-0.2    -1,-0.1   0.686  77.3  70.8 -84.6 -18.3  -27.6   -9.3   31.3               
  562  562 A W  H  > S+     0   0  145     -4,-0.3     4,-0.7     2,-0.2    -1,-0.2   0.846  97.8  47.9 -76.1 -31.7  -27.2   -6.0   29.2               
  563  563 A T  H  > S+     0   0  109     -3,-0.2     4,-0.7     1,-0.2    -1,-0.2   0.810 112.9  51.1 -73.5 -30.3  -26.0   -3.8   32.1               
  564  564 A E  H >X S+     0   0   66     -4,-0.5     4,-2.9     2,-0.2     3,-0.7   0.865  94.9  70.4 -74.6 -34.1  -23.5   -6.5   33.1               
  565  565 A A  H 3X S+     0   0   51     -4,-1.9     4,-1.4     1,-0.3    -1,-0.2   0.855  98.0  51.1 -53.5 -37.0  -22.1   -6.8   29.5               
  566  566 A Y  H 3X S+     0   0  178     -4,-0.7     4,-1.0     2,-0.2    -1,-0.3   0.857 113.5  44.5 -67.5 -35.6  -20.4   -3.4   29.9               
  567  567 A K  H <X S+     0   0  125     -3,-0.7     4,-1.4    -4,-0.7     3,-0.3   0.918 109.5  55.2 -72.7 -43.8  -18.8   -4.5   33.2               
  568  568 A W  H  X S+     0   0  146     -4,-2.9     4,-2.4     1,-0.2     5,-0.3   0.815 103.6  56.0 -61.5 -29.7  -17.7   -7.9   31.8               
  569  569 A W  H  X S+     0   0   92     -4,-1.4     4,-1.6    -5,-0.3    -1,-0.2   0.903 111.0  43.3 -69.8 -36.6  -15.9   -6.1   29.0               
  570  570 A Y  H  < S+     0   0  193     -4,-1.0     5,-0.3    -3,-0.3    -2,-0.2   0.696 117.2  48.9 -71.7 -23.8  -13.9   -4.1   31.7               
  571  571 A L  H  < S+     0   0  124     -4,-1.4    -2,-0.2     3,-0.1    -3,-0.2   0.765 112.1  44.9 -90.7 -30.9  -13.5   -7.4   33.6               
  572  572 A V  H  < S+     0   0   50     -4,-2.4     2,-1.4     1,-0.2    -2,-0.2   0.879 103.4  70.2 -79.7 -40.4  -12.2   -9.6   30.7               
  573  573 A C  S  < S-     0   0   14     -4,-1.6     2,-2.0    -5,-0.3    -1,-0.2  -0.633  71.4-164.3 -77.9  92.8   -9.8   -6.9   29.5               
  574  574 A L        -     0   0  103     -2,-1.4     2,-1.9   -41,-0.4   -39,-0.1  -0.581  13.4-162.1 -70.9  79.3   -7.2   -6.9   32.2               
  575  575 A I        -     0   0   70     -2,-2.0     2,-0.9    -5,-0.3   -39,-0.1  -0.544   6.5-170.0 -73.2  83.2   -5.9   -3.5   31.1               
  576  576 A Q        -     0   0  133     -2,-1.9     2,-0.3   -41,-0.1   -39,-0.2  -0.706  11.5-149.3 -66.1 109.0   -2.5   -3.4   32.7               
  577  577 A R        -     0   0  172     -2,-0.9     2,-0.8   -41,-0.1   -39,-0.1  -0.649   9.8-134.2 -62.9 137.2   -1.2    0.1   32.2               
  578  578 A R              0   0  218     -2,-0.3    -2,-0.0   -41,-0.2   -42,-0.0  -0.955 360.0 360.0 -82.2 109.0    2.5    0.4   31.9               
  579  579 A D              0   0  214     -2,-0.8   -41,-0.0     0, 0.0    -3,-0.0  -0.557 360.0 360.0 -70.5 360.0    3.1    3.3   34.2               
