==== Secondary Structure Definition by the program DSSP, CMBI version 2.0                          ==== DATE=2026-03-08        .
REFERENCE W. KABSCH AND C.SANDER, BIOPOLYMERS 22 (1983) 2577-2637                                                              .
HEADER                                            01-AUG-25                                                                    .
COMPND    MOL_ID: 1; MOLECULE: PROBABLE ATP-DEPENDENT RNA HELICASE DDX53; CHAIN:                                               .
SOURCE    MOL_ID: 1; ORGANISM_SCIENTIFIC: HOMO SAPIENS; ORGANISM_TAXID: 9606                                                   .
AUTHOR                                                                                                                         .
  631  1  0  0  0 TOTAL NUMBER OF RESIDUES, NUMBER OF CHAINS, NUMBER OF SS-BRIDGES(TOTAL,INTRACHAIN,INTERCHAIN)                .
 42482.0   ACCESSIBLE SURFACE OF PROTEIN (ANGSTROM**2)                                                                         .
  437 69.3   TOTAL NUMBER OF HYDROGEN BONDS OF TYPE O(I)-->H-N(J)  , SAME NUMBER PER 100 RESIDUES                              .
   58  9.2   TOTAL NUMBER OF HYDROGEN BONDS IN     PARALLEL BRIDGES, SAME NUMBER PER 100 RESIDUES                              .
   18  2.9   TOTAL NUMBER OF HYDROGEN BONDS IN ANTIPARALLEL BRIDGES, SAME NUMBER PER 100 RESIDUES                              .
    0  0.0   TOTAL NUMBER OF HYDROGEN BONDS OF TYPE O(I)-->H-N(I-5), SAME NUMBER PER 100 RESIDUES                              .
    0  0.0   TOTAL NUMBER OF HYDROGEN BONDS OF TYPE O(I)-->H-N(I-4), SAME NUMBER PER 100 RESIDUES                              .
    0  0.0   TOTAL NUMBER OF HYDROGEN BONDS OF TYPE O(I)-->H-N(I-3), SAME NUMBER PER 100 RESIDUES                              .
    0  0.0   TOTAL NUMBER OF HYDROGEN BONDS OF TYPE O(I)-->H-N(I-2), SAME NUMBER PER 100 RESIDUES                              .
    0  0.0   TOTAL NUMBER OF HYDROGEN BONDS OF TYPE O(I)-->H-N(I-1), SAME NUMBER PER 100 RESIDUES                              .
    0  0.0   TOTAL NUMBER OF HYDROGEN BONDS OF TYPE O(I)-->H-N(I+0), SAME NUMBER PER 100 RESIDUES                              .
    0  0.0   TOTAL NUMBER OF HYDROGEN BONDS OF TYPE O(I)-->H-N(I+1), SAME NUMBER PER 100 RESIDUES                              .
   68 10.8   TOTAL NUMBER OF HYDROGEN BONDS OF TYPE O(I)-->H-N(I+2), SAME NUMBER PER 100 RESIDUES                              .
   61  9.7   TOTAL NUMBER OF HYDROGEN BONDS OF TYPE O(I)-->H-N(I+3), SAME NUMBER PER 100 RESIDUES                              .
  208 33.0   TOTAL NUMBER OF HYDROGEN BONDS OF TYPE O(I)-->H-N(I+4), SAME NUMBER PER 100 RESIDUES                              .
    8  1.3   TOTAL NUMBER OF HYDROGEN BONDS OF TYPE O(I)-->H-N(I+5), SAME NUMBER PER 100 RESIDUES                              .
  1  2  3  4  5  6  7  8  9 10 11 12 13 14 15 16 17 18 19 20 21 22 23 24 25 26 27 28 29 30     *** HISTOGRAMS OF ***           .
  0  0  0  2  2  1  1  2  2  5  1  0  4  1  0  0  1  0  0  0  0  0  1  1  0  0  0  0  0  0    RESIDUES PER ALPHA HELIX         .
  0  0  0 10  0  0  1  0  0  0  0  0  0  0  0  0  0  0  0  0  0  0  0  0  0  0  0  0  0  0    PARALLEL BRIDGES PER LADDER      .
  0  0  0  1  1  1  0  0  0  0  0  0  0  0  0  0  0  0  0  0  0  0  0  0  0  0  0  0  0  0    ANTIPARALLEL BRIDGES PER LADDER  .
  0  1  0  0  1  0  1  0  0  0  0  0  0  0  0  0  0  0  0  0  0  0  0  0  0  0  0  0  0  0    LADDERS PER SHEET                .
  #  RESIDUE AA STRUCTURE BP1 BP2  ACC     N-H-->O    O-->H-N    N-H-->O    O-->H-N    TCO  KAPPA ALPHA  PHI   PSI    X-CA   Y-CA   Z-CA            CHAIN
    1    1 A M              0   0  242      0, 0.0     0, 0.0     0, 0.0     0, 0.0   0.000 360.0 360.0 360.0 146.1   -7.1  -17.0  -54.5               
    2    2 A S        -     0   0  110      1,-0.1     2,-0.1     0, 0.0     0, 0.0   0.983 360.0-141.8  60.6 102.5   -7.8  -13.3  -54.9               
    3    3 A H        -     0   0  188      2,-0.0     2,-0.3     0, 0.0    -1,-0.1  -0.435  19.9-168.2 -37.6 136.4   -8.7  -10.4  -52.8               
    4    4 A W        -     0   0  251     -2,-0.1     0, 0.0     2,-0.0     0, 0.0  -0.937   7.6-153.5-137.9 126.4  -11.3   -8.0  -54.4               
    5    5 A A        -     0   0   93     -2,-0.3     2,-0.6     0, 0.0    -2,-0.0  -0.692   9.1-135.7 -84.3 144.6  -11.8   -4.6  -52.7               
    6    6 A P        -     0   0  105      0, 0.0     2,-0.3     0, 0.0    -2,-0.0  -0.935  21.8-130.3 -97.4 123.3  -15.1   -2.6  -52.9               
    7    7 A E        -     0   0  178     -2,-0.6     2,-0.8     1,-0.0     0, 0.0  -0.517  12.5-153.7 -56.7 123.5  -14.5    1.2  -53.6               
    8    8 A W        -     0   0  243     -2,-0.3     2,-0.1     3,-0.0     3,-0.1  -0.902  17.6-149.3-103.1  99.3  -16.4    3.4  -51.1               
    9    9 A K        -     0   0  187     -2,-0.8     3,-0.1     1,-0.1     0, 0.0  -0.421  28.0 -89.3 -58.6 141.0  -16.9    6.6  -53.1               
   10   10 A R        -     0   0  237     -2,-0.1     2,-0.5     1,-0.1    -1,-0.1  -0.243  37.6-115.1 -45.0 131.7  -17.1    9.9  -51.1               
   11   11 A A        -     0   0  105     -3,-0.1     2,-0.3     2,-0.0    -1,-0.1  -0.672  34.0-157.1 -65.9 118.0  -20.4   11.1  -49.9               
   12   12 A E        +     0   0  184     -2,-0.5    -3,-0.0    -3,-0.1     0, 0.0  -0.691  34.7  77.4 -86.6 159.4  -21.2   14.4  -51.7               
   13   13 A A        +     0   0   96     -2,-0.3    -2,-0.0     0, 0.0     0, 0.0   0.709  35.1  72.4  76.6 128.0  -23.7   17.0  -50.3               
   14   14 A N        +     0   0  131      0, 0.0     2,-1.5     0, 0.0     0, 0.0   0.408  18.5 169.6-154.7 125.6  -24.6   19.4  -48.5               
   15   15 A P        +     0   0  117      0, 0.0     3,-0.1     0, 0.0     2,-0.1  -0.631  45.5 118.0 -85.6  79.8  -23.5   23.1  -48.7               
   16   16 A R        +     0   0  207     -2,-1.5     3,-0.0     1,-0.1     0, 0.0  -0.513  41.4  74.0-151.1  80.6  -26.1   24.7  -46.2               
   17   17 A D        +     0   0  175     -2,-0.1     2,-0.5     0, 0.0     3,-0.1  -0.090  56.2 124.6-162.8  63.7  -24.8   26.4  -43.2               
   18   18 A L        +     0   0  176      1,-0.1     0, 0.0    -3,-0.1     0, 0.0  -0.988  48.5  66.2 -95.5 124.9  -23.4   29.6  -44.5               
   19   19 A G        +     0   0   80     -2,-0.5    -1,-0.1    -3,-0.0     0, 0.0   0.809  42.4  96.1 124.9  77.3  -24.9   32.6  -42.8               
   20   20 A A        +     0   0   89     -3,-0.1     2,-1.0     2,-0.0    -2,-0.0  -0.188  37.2 150.5-150.3  59.6  -25.0   34.2  -39.4               
   21   21 A S        -     0   0  101      2,-0.0     2,-0.9     1,-0.0    -3,-0.0  -0.795  28.5-165.0 -67.1 102.7  -22.2   36.8  -39.7               
   22   22 A W        -     0   0  229     -2,-1.0     2,-0.7     2,-0.1    -1,-0.0  -0.870   4.4-157.3 -95.0  93.9  -23.5   39.4  -37.3               
   23   23 A D        +     0   0  144     -2,-0.9     2,-0.4     1,-0.0    -2,-0.0  -0.636  17.4 174.3 -53.5 108.3  -21.5   42.4  -38.1               
   24   24 A V        -     0   0  128     -2,-0.7     3,-0.2     3,-0.0    -2,-0.1  -0.877  27.6-137.0-121.1 101.0  -21.6   44.6  -35.0               
   25   25 A R        -     0   0  232     -2,-0.4    -2,-0.0     1,-0.2     0, 0.0  -0.050  38.4 -67.3 -32.9 144.9  -19.2   47.4  -35.7               
   26   26 A G        -     0   0   77      1,-0.1     2,-0.6     3,-0.0    -1,-0.2   0.006  28.2-155.1 -43.7 133.4  -16.9   48.6  -33.0               
   27   27 A S        -     0   0  125     -3,-0.2     3,-0.1     3,-0.0    -1,-0.1  -0.964  28.0-140.3-102.3 104.3  -17.7   50.3  -29.8               
   28   28 A R        -     0   0  240     -2,-0.6     0, 0.0     1,-0.2     0, 0.0  -0.263  39.8 -71.5 -42.9 146.0  -14.6   52.1  -29.1               
   29   29 A G        -     0   0   74      1,-0.1     2,-1.4     3,-0.0    -1,-0.2  -0.063  18.9-132.4 -53.7 142.4  -13.6   52.0  -25.4               
   30   30 A S        -     0   0  119     -3,-0.1     2,-0.8     2,-0.1    -1,-0.1  -0.765  40.3-172.5 -75.7  75.9  -15.1   53.6  -22.4               
   31   31 A G        -     0   0   61     -2,-1.4     2,-1.4     1,-0.0    -3,-0.0  -0.767  22.3-137.3 -63.6 112.1  -11.5   54.6  -21.5               
   32   32 A W        -     0   0  259     -2,-0.8     2,-0.7     1,-0.0    -2,-0.1  -0.748  31.0-147.6 -71.5  94.0  -11.8   56.0  -18.1               
   33   33 A S        +     0   0  118     -2,-1.4    -2,-0.0     2,-0.0    -1,-0.0  -0.710  26.3 164.0 -66.7 110.8   -9.5   58.9  -18.8               
   34   34 A G        -     0   0   68     -2,-0.7     3,-0.0     3,-0.0    -1,-0.0   0.428  31.0 -72.2 104.6 168.7   -7.4   60.3  -16.2               
   35   35 A P        -     0   0  124      0, 0.0     2,-0.7     0, 0.0    -2,-0.0   0.638  16.1-146.6-121.2 160.2   -5.2   61.9  -14.8               
   36   36 A F        -     0   0  217      1,-0.0     2,-0.7     0, 0.0     0, 0.0  -0.473  27.1-165.3 -49.6  99.9   -1.4   61.5  -14.4               
   37   37 A G        -     0   0   70     -2,-0.7     3,-0.1     3,-0.0    -1,-0.0  -0.916  20.0-127.4 -95.0 107.1   -1.0   63.0  -10.9               
   38   38 A H        -     0   0  189     -2,-0.7     2,-1.6     1,-0.2     0, 0.0  -0.191  35.7 -89.9 -42.6 139.2    2.7   63.7  -10.4               
   39   39 A Q        +     0   0  203      2,-0.0    -1,-0.2     3,-0.0     0, 0.0  -0.463  55.0 171.7 -59.5  84.1    4.3   62.1   -7.2               
   40   40 A G        -     0   0   51     -2,-1.6     2,-0.5    -3,-0.1    -3,-0.0  -0.748  55.2 -79.7 -82.2 149.3    3.8   64.9   -4.6               
   41   41 A P        -     0   0  137      0, 0.0     2,-0.3     0, 0.0     3,-0.1  -0.359  47.6-131.4 -65.1 109.3    4.7   63.5   -1.2               
   42   42 A R        -     0   0  249     -2,-0.5     3,-0.1     1,-0.1    -3,-0.0  -0.494  33.2-102.0 -60.3 118.8    1.8   61.5    0.1               
   43   43 A A        -     0   0   94     -2,-0.3     2,-1.7     1,-0.2    -1,-0.1  -0.101  39.3-100.1 -40.1 131.3    0.9   62.6    3.6               
   44   44 A A        -     0   0  102     -3,-0.1     2,-0.3     2,-0.0    -1,-0.2  -0.480  35.6-151.0 -61.5  86.0    2.2   60.2    6.3               
   45   45 A G        -     0   0   63     -2,-1.7     2,-1.6     1,-0.1    -3,-0.0  -0.570  36.0-102.6 -54.2 119.0   -1.0   58.2    7.1               
   46   46 A S        -     0   0  119     -2,-0.3     2,-1.0     1,-0.1    -1,-0.1  -0.351  38.1-163.0 -56.3  81.2   -0.2   57.4   10.7               
   47   47 A R        -     0   0  238     -2,-1.6    -1,-0.1     1,-0.0    -3,-0.0  -0.653  27.4-124.1 -63.2 103.7    0.8   53.7   10.4               
   48   48 A E        -     0   0  106     -2,-1.0    49,-0.2     1,-0.1     3,-0.1  -0.349  34.7-101.4 -49.7 130.1    0.4   52.7   14.0               
   49   49 A P        -     0   0  103      0, 0.0     2,-0.2     0, 0.0    -1,-0.1  -0.171  41.4 -98.4 -57.5 146.3    3.8   51.3   15.1               
   50   50 A P        -     0   0   35      0, 0.0     2,-0.5     0, 0.0    46,-0.2  -0.468  35.9-112.9 -62.7 137.7    4.0   47.4   15.2               
   51   51 A L  E     -A   95   0A  51     44,-2.0    44,-2.7    -2,-0.2     2,-0.4  -0.631  43.6-165.9 -70.0 120.2    3.6   46.0   18.7               
   52   52 A C  E     +A   94   0A  58     -2,-0.5     2,-0.3    42,-0.2    42,-0.2  -0.953  19.6 151.2-117.3 133.8    7.0   44.5   19.4               
   53   53 A F  E     -A   93   0A  30     40,-1.8    40,-2.8    -2,-0.4     2,-0.3  -0.930  35.2-113.2-149.0 169.9    8.1   42.1   22.2               
   54   54 A K  E     -A   92   0A 139     -2,-0.3     2,-0.3    38,-0.2    38,-0.2  -0.835  21.4-173.1-110.6 147.6   10.8   39.4   22.7               
   55   55 A I  E     -A   91   0A   9     36,-2.4    36,-2.6    -2,-0.3     5,-0.1  -0.969  37.6 -96.2-130.9 148.5   10.6   35.6   23.1               
   56   56 A K  E >>  -A   90   0A 117     -2,-0.3     3,-2.0    34,-0.2     4,-0.6  -0.382  35.8-119.4 -59.5 142.2   13.3   33.1   24.0               
   57   57 A N  G >4 S+     0   0   59     32,-1.4     3,-1.1     1,-0.3     4,-0.5   0.855 113.4  59.6 -56.3 -35.3   14.8   31.5   20.8               
   58   58 A N  G 34 S+     0   0  112      1,-0.2    -1,-0.3     2,-0.1     4,-0.2   0.688 102.4  54.3 -66.7 -17.6   13.7   28.0   22.0               
   59   59 A M  G X> S+     0   0   11     -3,-2.0     4,-1.3     1,-0.1     3,-0.6   0.580  83.3  86.6 -91.7 -10.8   10.0   29.2   22.1               
   60   60 A V  H <X S+     0   0   13     -3,-1.1     4,-2.4    -4,-0.6     3,-0.4   0.912  86.3  54.4 -57.1 -42.8   10.0   30.4   18.4               
   61   61 A G  H 3> S+     0   0   51     -4,-0.5     4,-2.5     1,-0.2    -1,-0.2   0.831 103.6  56.0 -61.5 -31.6    9.1   26.9   17.2               
   62   62 A V  H <4 S+     0   0   17     -3,-0.6    -1,-0.2    -4,-0.2    -2,-0.2   0.868 112.0  42.4 -67.6 -38.3    6.0   26.9   19.6               
   63   63 A V  H  < S+     0   0    0     -4,-1.3    -2,-0.2    -3,-0.4    11,-0.2   0.861 119.2  43.0 -78.0 -39.3    4.7   30.1   18.0               
   64   64 A I  H  < S-     0   0   60     -4,-2.4     7,-1.9     6,-0.2     8,-0.4   0.932  94.8-163.1 -71.0 -45.1    5.4   29.1   14.4               
   65   65 A G    ><  -     0   0   15     -4,-2.5     3,-2.0     5,-0.2     2,-0.2   0.018  43.6 -34.8  73.2 168.8    4.2   25.4   14.7               
   66   66 A Y  G >  S-     0   0  216      1,-0.3     3,-1.5     2,-0.2     4,-0.1  -0.411 135.7  -7.0 -61.3 124.4    4.9   22.6   12.3               
   67   67 A S  G 3  S-     0   0  109      1,-0.2    -1,-0.3    -2,-0.2    -2,-0.1   0.744 127.1 -66.7  55.6  26.5    5.2   24.0    8.7               
   68   68 A G  G <> S+     0   0   12     -3,-2.0     4,-1.6    -7,-0.1    -1,-0.2   0.717  96.7 137.1  74.1  18.3    4.0   27.4   10.1               
   69   69 A S  H <>  +     0   0   54     -3,-1.5     4,-2.5     2,-0.2     3,-0.3   0.973  69.6  46.5 -60.5 -53.4    0.4   26.1   11.0               
   70   70 A K  H  > S+     0   0   80     -6,-0.3     4,-2.6     1,-0.2    -5,-0.2   0.866 111.8  50.4 -61.8 -40.6    0.1   27.9   14.4               
   71   71 A I  H  > S+     0   0   25     -7,-1.9     4,-2.1     2,-0.2    -1,-0.2   0.857 111.3  49.7 -68.4 -32.5    1.4   31.3   13.1               
   72   72 A K  H  X S+     0   0  135     -4,-1.6     4,-2.6    -8,-0.4    -2,-0.2   0.950 112.6  46.9 -66.4 -45.0   -1.2   31.1   10.2               
   73   73 A D  H  X S+     0   0  105     -4,-2.5     4,-2.9     2,-0.2     5,-0.2   0.889 112.9  49.4 -64.9 -40.3   -4.0   30.2   12.7               
   74   74 A L  H  X S+     0   0   13     -4,-2.6     4,-1.3    -5,-0.2     6,-0.3   0.935 112.7  47.3 -62.2 -46.7   -2.9   33.1   15.1               
   75   75 A Q  H  X>S+     0   0   51     -4,-2.1     5,-1.4     2,-0.2     4,-0.9   0.915 116.5  44.5 -62.6 -41.6   -2.8   35.6   12.1               
   76   76 A H  H ><5S+     0   0  169     -4,-2.6     3,-0.6     1,-0.2    -2,-0.2   0.953 114.3  46.9 -68.1 -49.4   -6.3   34.4   10.9               
   77   77 A S  H 3<5S+     0   0   67     -4,-2.9    -1,-0.2     1,-0.2    -2,-0.2   0.673 123.9  34.1 -69.3 -20.2   -8.0   34.3   14.4               
   78   78 A T  H 3<5S-     0   0    6     -4,-1.3    -1,-0.2    -5,-0.2    -2,-0.2   0.467 100.6-129.7-109.2  -6.5   -6.6   37.8   15.3               
   79   79 A N  T <<5 +     0   0  122     -4,-0.9     2,-0.3    -3,-0.6    -3,-0.2   0.879  67.1 127.2  49.3  42.7   -6.7   39.4   11.8               
   80   80 A T      < -     0   0   11     -5,-1.4     2,-0.5    -6,-0.3    -1,-0.2  -0.842  63.3-125.1-118.2 160.7   -3.0   40.5   12.3               
   81   81 A K  E     -B   96   0A 123     15,-2.3    15,-2.9    -2,-0.3     2,-0.4  -0.956  29.8-164.1-102.7 127.1    0.2   40.1   10.5               
   82   82 A I  E     -B   95   0A   8     -2,-0.5     2,-0.4    13,-0.2    13,-0.2  -0.942   7.9-175.0-117.2 126.5    3.0   38.5   12.7               
   83   83 A Q  E     -B   94   0A  73     11,-2.7    11,-3.0    -2,-0.4     2,-0.5  -0.982   8.6-159.1-119.3 136.7    6.7   38.6   11.9               
   84   84 A I  E     -B   93   0A  36     -2,-0.4     2,-0.5     9,-0.2     9,-0.2  -0.972   4.6-167.4-115.6 122.7    9.4   36.8   13.9               
   85   85 A I  E     -B   92   0A  82      7,-2.7     7,-2.9    -2,-0.5     2,-0.2  -0.967  20.6-132.8-108.9 116.8   13.0   38.1   13.6               
   86   86 A N        -     0   0  119     -2,-0.5     2,-0.2     5,-0.2     5,-0.2  -0.491  27.6-177.3 -69.0 136.2   15.6   35.7   15.1               
   87   87 A G        -     0   0   36     -2,-0.2     4,-0.1     1,-0.0   -30,-0.0  -0.680  42.0 -90.5-120.7-178.6   18.3   37.4   17.4               
   88   88 A E  S    S-     0   0  199     -2,-0.2     3,-0.1     1,-0.1    -1,-0.0   0.954 117.7  -2.2 -62.7 -51.8   21.4   36.0   19.2               
   89   89 A S  S    S+     0   0   99      1,-0.3   -32,-1.4   -32,-0.0     2,-0.4   0.696 136.8  33.0-107.7 -29.3   19.6   35.1   22.6               
   90   90 A E  E     -A   56   0A  87    -34,-0.2     2,-0.3   -33,-0.1    -1,-0.3  -0.988  69.4-132.2-137.4 139.6   16.0   36.3   21.9               
   91   91 A A  E     -A   55   0A   0    -36,-2.6   -36,-2.4    -2,-0.4     2,-0.6  -0.716  22.2-132.5 -90.2 139.4   13.7   36.5   18.9               
   92   92 A K  E     -AB  54  85A 102     -7,-2.9    -7,-2.7    -2,-0.3     2,-0.4  -0.832  16.2-156.3 -94.5 117.5   11.8   39.8   18.2               
   93   93 A V  E     -AB  53  84A   0    -40,-2.8   -40,-1.8    -2,-0.6     2,-0.4  -0.782   6.7-166.1 -91.4 131.9    8.1   39.4   17.4               
   94   94 A R  E     -AB  52  83A  80    -11,-3.0   -11,-2.7    -2,-0.4     2,-0.5  -0.988   0.9-165.0-120.8 121.7    6.4   42.2   15.4               
   95   95 A I  E     -AB  51  82A   0    -44,-2.7   -44,-2.0    -2,-0.4     2,-0.4  -0.929   0.9-166.2-112.0 124.2    2.5   42.4   15.3               
   96   96 A F  E     + B   0  81A  64    -15,-2.9   -15,-2.3    -2,-0.5     2,-0.3  -0.899  43.7  76.8-109.2 136.4    0.8   44.6   12.7               
   97   97 A G  S    S-     0   0   33     -2,-0.4   -17,-0.1   -49,-0.2     2,-0.1  -0.942  84.4 -39.8 156.1-173.2   -2.9   45.4   13.0               
   98   98 A N     >  -     0   0   69     -2,-0.3     4,-2.5     1,-0.1     5,-0.2  -0.323  65.3 -98.9 -73.4 166.2   -5.3   47.7   15.0               
   99   99 A R  H  > S+     0   0  203      1,-0.2     4,-1.7     2,-0.2     5,-0.1   0.878 121.9  46.5 -56.2 -42.5   -4.6   48.2   18.8               
  100  100 A E  H  > S+     0   0  158      2,-0.2     4,-2.6     1,-0.2    -1,-0.2   0.919 113.4  47.3 -69.9 -43.8   -7.2   45.6   19.9               
  101  101 A M  H  > S+     0   0   56      2,-0.2     4,-2.6     1,-0.2    -2,-0.2   0.896 110.4  53.7 -66.5 -39.7   -6.1   42.9   17.5               
  102  102 A K  H  X S+     0   0   10     -4,-2.5     4,-2.4     2,-0.2    -1,-0.2   0.913 111.0  46.5 -57.5 -45.5   -2.4   43.5   18.4               
  103  103 A A  H  X S+     0   0   55     -4,-1.7     4,-2.6     2,-0.2    -2,-0.2   0.929 112.4  49.6 -65.5 -44.0   -3.4   43.0   22.1               
  104  104 A K  H  X S+     0   0  129     -4,-2.6     4,-2.0     2,-0.2    -2,-0.2   0.905 113.1  47.3 -59.5 -44.4   -5.5   39.8   21.3               
  105  105 A A  H  X S+     0   0    0     -4,-2.6     4,-2.1     2,-0.2    -2,-0.2   0.911 111.7  50.0 -66.6 -42.5   -2.5   38.3   19.3               
  106  106 A K  H  X S+     0   0   72     -4,-2.4     4,-2.7     2,-0.2     5,-0.2   0.955 111.5  48.5 -59.0 -49.9    0.0   39.2   22.0               
  107  107 A A  H  X S+     0   0   49     -4,-2.6     4,-2.2     1,-0.2    -2,-0.2   0.862 110.5  51.5 -61.2 -38.0   -2.2   37.5   24.7               
  108  108 A A  H  X S+     0   0   32     -4,-2.0     4,-1.8    -5,-0.2    -1,-0.2   0.910 111.9  46.6 -65.3 -41.2   -2.6   34.4   22.5               
  109  109 A I  H  X S+     0   0    0     -4,-2.1     4,-2.4     2,-0.2    -2,-0.2   0.939 112.8  48.9 -66.0 -47.0    1.2   34.1   22.0               
  110  110 A E  H  X S+     0   0   93     -4,-2.7     4,-2.9     1,-0.2    -2,-0.2   0.895 110.3  52.1 -61.8 -37.6    1.9   34.6   25.8               
  111  111 A T  H  X S+     0   0   58     -4,-2.2     4,-2.2    -5,-0.2    -1,-0.2   0.888 110.0  48.7 -64.6 -39.9   -0.8   31.9   26.6               
  112  112 A L  H  X S+     0   0   45     -4,-1.8     4,-1.8     2,-0.2    -2,-0.2   0.909 113.5  46.5 -64.6 -43.4    0.9   29.4   24.2               
  113  113 A I  H  X S+     0   0   22     -4,-2.4     4,-2.7     2,-0.2    -2,-0.2   0.955 112.1  50.4 -64.7 -47.8    4.4   30.1   25.7               
  114  114 A R  H  X S+     0   0  166     -4,-2.9     4,-2.6     1,-0.2    -2,-0.2   0.887 109.1  51.7 -59.4 -42.5    3.0   29.8   29.3               
  115  115 A K  H  X S+     0   0  132     -4,-2.2     4,-1.8     2,-0.2    -1,-0.2   0.901 112.6  45.9 -59.3 -42.5    1.4   26.4   28.4               
  116  116 A Q  H  X S+     0   0   69     -4,-1.8     4,-2.0     2,-0.2    -2,-0.2   0.886 111.8  50.6 -69.0 -40.2    4.7   25.2   27.0               
  117  117 A E  H  X S+     0   0   81     -4,-2.7     4,-2.6     2,-0.2    -2,-0.2   0.912 107.8  54.4 -64.4 -38.8    6.7   26.5   30.0               
  118  118 A S  H  X S+     0   0   54     -4,-2.6     4,-2.3     1,-0.2    -2,-0.2   0.909 108.9  48.2 -59.6 -42.7    4.1   24.7   32.4               
  119  119 A Y  H  X S+     0   0  162     -4,-1.8     4,-0.9     2,-0.2    -1,-0.2   0.885 113.2  47.8 -64.0 -38.2    4.8   21.4   30.5               
  120  120 A N  H  < S+     0   0   73     -4,-2.0    -2,-0.2     2,-0.2    -1,-0.2   0.868 112.4  48.7 -72.0 -35.0    8.6   22.0   30.8               
  121  121 A S  H >< S+     0   0   68     -4,-2.6     3,-1.5     1,-0.2    -2,-0.2   0.866 107.2  54.4 -73.4 -34.5    8.3   22.8   34.6               
  122  122 A E  H 3< S+     0   0  146     -4,-2.3     3,-0.4     1,-0.3    -1,-0.2   0.749 107.7  52.2 -69.8 -19.9    6.2   19.7   35.2               
  123  123 A S  T 3< S+     0   0   89     -4,-0.9    -1,-0.3     1,-0.2    -2,-0.2   0.339 108.4  57.0 -87.2   3.0    9.1   17.8   33.6               
  124  124 A S    <   +     0   0   98     -3,-1.5     2,-0.4    -5,-0.1     3,-0.2  -0.335  67.7 130.9-142.3  55.7   11.5   19.6   36.0               
  125  125 A V        +     0   0  104     -3,-0.4     0, 0.0     1,-0.2     0, 0.0  -0.963  60.5  34.5-116.4 122.6   10.5   18.8   39.6               
  126  126 A D        +     0   0  143     -2,-0.4     2,-0.2     0, 0.0    -1,-0.2   0.574  69.2  97.2-141.5 128.5   12.9   17.9   41.4               
  127  127 A N        +     0   0  170     -3,-0.2     0, 0.0     1,-0.2     0, 0.0  -0.778  68.9  25.1-154.6 129.9   16.6   18.8   41.5               
  128  128 A A        -     0   0   93     -2,-0.2    -1,-0.2     2,-0.0     0, 0.0   0.944  64.3-119.7  82.1  94.1   18.3   21.4   43.8               
  129  129 A A        -     0   0  101     -3,-0.1     2,-0.3     1,-0.0     0, 0.0   0.003  20.7-170.5  -8.0 120.8   17.5   22.8   47.1               
  130  130 A S        -     0   0  122      2,-0.1     2,-0.1     0, 0.0    -1,-0.0  -0.900  22.1-145.2-138.7 109.9   16.8   26.5   47.5               
  131  131 A Q        +     0   0  184     -2,-0.3     0, 0.0     2,-0.0     0, 0.0  -0.420  35.1 152.0 -65.4 139.4   16.6   27.5   51.2               
  132  132 A T        -     0   0  141     -2,-0.1     2,-0.1     2,-0.0    -2,-0.1  -0.698  38.8-126.9-160.0 144.3   14.7   30.0   53.1               
  133  133 A P        +     0   0  106      0, 0.0     2,-0.1     0, 0.0    -2,-0.0  -0.390  43.4 130.3-101.1 154.3   13.9   29.3   56.7               
  134  134 A I        +     0   0  182     -2,-0.1    -2,-0.0     1,-0.0     0, 0.0  -0.305  49.1  63.8-173.4 124.0   11.6   28.9   59.6               
  135  135 A G        -     0   0   68     -2,-0.1    -1,-0.0     0, 0.0     0, 0.0   0.798  58.9-111.6 129.7  74.0   11.2   26.1   62.1               
  136  136 A R        +     0   0  229      0, 0.0     0, 0.0     0, 0.0     0, 0.0   0.835  38.4  77.8  54.6 123.4   13.2   24.6   64.8               
  137  137 A N        -     0   0  130      0, 0.0     0, 0.0     0, 0.0     0, 0.0   0.974  42.6 -94.4  96.4  97.5   15.2   21.8   66.3               
  138  138 A L        +     0   0  175      1,-0.0     0, 0.0     2,-0.0     0, 0.0   0.740  38.2 133.9  57.0 106.1   18.1   19.7   66.7               
  139  139 A G        +     0   0   83      0, 0.0     2,-0.5     0, 0.0    -1,-0.0  -0.045  21.6 178.6 172.7  75.0   19.5   16.4   65.4               
  140  140 A R        +     0   0  228      1,-0.0    -2,-0.0     2,-0.0     0, 0.0  -0.810  25.5 125.0 -80.5 118.4   23.2   16.4   64.3               
  141  141 A N        -     0   0  149     -2,-0.5    -1,-0.0     0, 0.0     0, 0.0  -0.079  41.3-137.5-179.5  91.7   24.7   13.0   63.1               
  142  142 A D        +     0   0  132      0, 0.0    -2,-0.0     0, 0.0     0, 0.0   0.489  33.4  94.9  43.2 121.3   26.3   12.2   60.0               
  143  143 A I        -     0   0  156      2,-0.0     0, 0.0     0, 0.0     0, 0.0   0.819  55.2 -24.3 114.7 115.3   26.7    9.8   57.1               
  144  144 A V        -     0   0  129      1,-0.1     2,-0.4     2,-0.0     0, 0.0   0.993  43.3-127.8  63.4 100.9   25.9    8.6   53.5               
  145  145 A G        -     0   0   78      1,-0.1     2,-0.1     3,-0.0    -1,-0.1  -0.517  28.6-128.8 -62.6 116.2   22.7    9.1   51.5               
  146  146 A E        -     0   0  183     -2,-0.4     2,-0.6     1,-0.1    -1,-0.1  -0.439  29.4-104.4 -56.1 134.2   21.4    5.7   50.2               
  147  147 A A        -     0   0   97     -2,-0.1    -1,-0.1     1,-0.1     0, 0.0  -0.602  42.8-115.2 -62.4 113.1   20.7    5.7   46.4               
  148  148 A E        -     0   0  188     -2,-0.6     2,-0.1     1,-0.1    -1,-0.1  -0.291  46.6 -98.9 -57.8 139.8   16.9    6.0   46.3               
  149  149 A P    >   -     0   0  101      0, 0.0     3,-1.1     0, 0.0    -1,-0.1  -0.325   3.2-124.9 -90.7 151.6   15.6    2.7   44.8               
  150  150 A L  T >> S+     0   0  148      1,-0.2     3,-1.1     2,-0.1     4,-0.7   0.529  86.6 104.3 -49.0 -11.2   14.5    1.5   41.3               
  151  151 A S  H 3>  +     0   0   59      1,-0.2     4,-1.2     2,-0.2    -1,-0.2   0.688  66.6  64.6 -53.7 -26.0   11.2    0.4   43.1               
  152  152 A N  H <> S+     0   0  104     -3,-1.1     4,-2.3     1,-0.2    -1,-0.2   0.909  94.8  56.3 -70.5 -38.6    9.1    3.3   41.7               
  153  153 A W  H <> S+     0   0  178     -3,-1.1     4,-2.6     1,-0.2    -1,-0.2   0.858 104.7  51.7 -67.0 -35.5    9.3    2.3   38.0               
  154  154 A D  H  X S+     0   0   92     -4,-0.7     4,-2.6     2,-0.2    -1,-0.2   0.916 111.1  48.2 -66.9 -40.4    7.8   -1.2   38.6               
  155  155 A R  H  X S+     0   0  179     -4,-1.2     4,-2.6     2,-0.2    -2,-0.2   0.915 112.0  49.1 -64.7 -43.5    4.9    0.3   40.5               
  156  156 A I  H  X S+     0   0   71     -4,-2.3     4,-2.3     2,-0.2    -2,-0.2   0.939 112.7  48.0 -61.5 -46.7    4.3    2.9   37.7               
  157  157 A R  H  X S+     0   0  158     -4,-2.6     4,-2.4     2,-0.2    -2,-0.2   0.922 112.8  48.4 -59.9 -44.9    4.5    0.1   35.0               
  158  158 A A  H  X S+     0   0   60     -4,-2.6     4,-2.3     1,-0.2    -2,-0.2   0.912 111.4  50.0 -61.9 -42.3    2.0   -2.0   37.0               
  159  159 A A  H  X S+     0   0   54     -4,-2.6     4,-2.5     2,-0.2    -2,-0.2   0.861 110.1  50.6 -65.7 -36.7   -0.4    1.0   37.5               
  160  160 A V  H  X S+     0   0   76     -4,-2.3     4,-2.4     2,-0.2    -2,-0.2   0.954 111.2  48.4 -63.8 -48.2   -0.2    1.7   33.7               
  161  161 A V  H  X S+     0   0   71     -4,-2.4     4,-2.5     2,-0.2    -2,-0.2   0.888 113.7  47.2 -59.3 -41.5   -1.1   -2.0   32.9               
  162  162 A E  H  X S+     0   0  111     -4,-2.3     4,-2.7     2,-0.2    -1,-0.2   0.916 110.6  51.2 -69.9 -40.1   -4.0   -1.9   35.4               
  163  163 A C  H  X S+     0   0   70     -4,-2.5     4,-2.3     2,-0.2    -2,-0.2   0.901 111.8  48.4 -60.1 -41.2   -5.3    1.4   34.0               
  164  164 A E  H  X S+     0   0   99     -4,-2.4     4,-1.5     2,-0.2    -2,-0.2   0.933 110.4  50.2 -65.6 -45.7   -5.2   -0.2   30.5               
  165  165 A K  H  < S+     0   0  127     -4,-2.5     3,-0.4     1,-0.2     4,-0.4   0.936 113.2  47.1 -56.0 -45.9   -7.0   -3.3   31.7               
  166  166 A R  H >< S+     0   0  186     -4,-2.7     3,-0.8     1,-0.2     4,-0.4   0.881 108.6  54.6 -64.0 -40.6   -9.7   -1.0   33.3               
  167  167 A K  H 3< S+     0   0   81     -4,-2.3    -1,-0.2     1,-0.2    -2,-0.2   0.793 119.9  33.6 -58.2 -33.1  -10.0    1.1   30.1               
  168  168 A W  T >< S+     0   0   37     -4,-1.5     3,-1.2    -3,-0.4    -1,-0.2   0.260  87.8 100.7-111.0   7.9  -10.7   -2.1   28.1               
  169  169 A A  T <  S+     0   0   83     -3,-0.8    -1,-0.1    -4,-0.4    -2,-0.1   0.822  83.7  48.7 -68.0 -34.2  -12.7   -4.2   30.7               
  170  170 A D  T 3  S+     0   0  115     -4,-0.4    -1,-0.3    -3,-0.1    -2,-0.1   0.107  81.3 136.2 -92.6  15.9  -16.2   -3.4   29.2               
  171  171 A L    <   -     0   0   32     -3,-1.2     3,-0.1     1,-0.1    -3,-0.1  -0.508  55.9-122.5 -69.0 134.2  -15.1   -4.2   25.6               
  172  172 A P        -     0   0   44      0, 0.0    -1,-0.1     0, 0.0    -2,-0.0  -0.425  39.4 -89.2 -72.6 150.1  -17.6   -6.3   23.6               
  173  173 A P        -     0   0   97      0, 0.0     2,-0.5     0, 0.0   116,-0.3  -0.209  36.5-140.8 -62.9 147.2  -16.4   -9.7   22.2               
  174  174 A V        -     0   0   28    113,-0.1     2,-0.5   114,-0.1   113,-0.1  -0.938   1.8-148.0-110.9 122.0  -14.8   -9.8   18.7               
  175  175 A K        +     0   0  109     -2,-0.5   111,-0.1   108,-0.2    84,-0.1  -0.785  28.5 161.7 -82.1 126.9  -15.4  -12.6   16.3               
  176  176 A K        +     0   0   60     -2,-0.5     2,-0.7    82,-0.1    83,-0.2   0.665  46.1  82.0-117.9 -32.2  -12.3  -13.1   14.2               
  177  177 A N        +     0   0   94      1,-0.2    81,-0.2    82,-0.1    -1,-0.1  -0.746  35.6 141.6 -89.2 116.3  -12.5  -16.6   12.6               
  178  178 A F        +     0   0   14     79,-3.5     2,-0.5    -2,-0.7    80,-0.2   0.174  33.7 124.5-127.3   0.3  -14.6  -16.6    9.4               
  179  179 A Y        +     0   0   30     78,-1.1     2,-0.4    75,-0.1    48,-0.1  -0.604  28.6 172.2 -79.6 124.4  -12.5  -19.1    7.4               
  180  180 A I        -     0   0   96     -2,-0.5    49,-0.1    46,-0.2     2,-0.1  -0.958  33.2-128.1-127.3 111.3  -14.1  -22.2    6.0               
  181  181 A E        -     0   0   78     -2,-0.4     2,-0.1     1,-0.1    45,-0.1  -0.310  22.6-127.0 -61.2 130.2  -11.8  -24.1    3.7               
  182  182 A S     >  -     0   0    2     43,-0.4     4,-2.9     1,-0.1     5,-0.2  -0.436  17.0-117.4 -72.3 155.2  -13.3  -24.9    0.3               
  183  183 A K  H  > S+     0   0  177      1,-0.2     4,-2.0     2,-0.2    -1,-0.1   0.870 117.7  54.5 -57.8 -37.3  -13.4  -28.5   -1.1               
  184  184 A A  H  4 S+     0   0   52      2,-0.2     4,-0.3     1,-0.2    -1,-0.2   0.921 112.2  42.4 -64.4 -43.1  -11.2  -27.2   -4.0               
  185  185 A T  H >4 S+     0   0    1      2,-0.2     3,-1.5     1,-0.2    -2,-0.2   0.920 113.3  51.6 -69.1 -44.4   -8.6  -25.8   -1.6               
  186  186 A S  H 3< S+     0   0   52     -4,-2.9    -2,-0.2     1,-0.3    -1,-0.2   0.875 103.8  59.3 -64.8 -34.4   -8.7  -28.9    0.8               
  187  187 A C  T 3< S+     0   0  104     -4,-2.0     2,-0.4    -5,-0.2    -1,-0.3   0.547  80.9 108.1 -69.5 -10.9   -8.1  -31.2   -2.2               
  188  188 A M    <   -     0   0   29     -3,-1.5     2,-0.1    -4,-0.3    30,-0.1  -0.581  68.1-135.8 -69.6 124.6   -4.7  -29.5   -3.0               
  189  189 A S     >  -     0   0   55     -2,-0.4     4,-2.2     1,-0.1     5,-0.2  -0.390  22.9-109.7 -69.1 157.9   -1.7  -31.7   -2.1               
  190  190 A E  H  > S+     0   0  109      1,-0.2     4,-2.7     2,-0.2     5,-0.2   0.909 121.3  53.5 -58.3 -38.6    1.3  -30.1   -0.3               
  191  191 A M  H  > S+     0   0  127      1,-0.2     4,-2.6     2,-0.2    -1,-0.2   0.896 107.9  49.7 -64.3 -40.0    3.3  -30.5   -3.5               
  192  192 A Q  H  > S+     0   0  108      2,-0.2     4,-2.7     1,-0.2    -1,-0.2   0.886 111.6  49.3 -65.2 -38.3    0.7  -28.6   -5.5               
  193  193 A V  H  X S+     0   0    1     -4,-2.2     4,-2.6     2,-0.2    -2,-0.2   0.936 112.7  46.8 -65.4 -46.7    0.7  -25.8   -2.9               
  194  194 A I  H  X S+     0   0   84     -4,-2.7     4,-2.4     2,-0.2    -2,-0.2   0.939 115.5  46.0 -59.5 -48.7    4.5  -25.6   -2.9               
  195  195 A N  H  X S+     0   0   69     -4,-2.6     4,-2.8     2,-0.2     5,-0.2   0.933 112.1  51.1 -62.6 -44.2    4.5  -25.6   -6.8               
  196  196 A W  H  X S+     0   0   30     -4,-2.7     4,-2.3     1,-0.2    -2,-0.2   0.923 111.3  47.5 -59.6 -45.8    1.7  -23.0   -6.9               
  197  197 A R  H  < S+     0   0   30     -4,-2.6     6,-2.4     2,-0.2     5,-0.3   0.914 113.6  48.7 -61.5 -42.3    3.6  -20.7   -4.5               
  198  198 A K  H  X S+     0   0  148     -4,-2.4     4,-1.6     4,-0.3     3,-0.3   0.926 114.8  44.1 -61.1 -48.5    6.8  -21.1   -6.6               
  199  199 A E  H  < S+     0   0  155     -4,-2.8     2,-1.3     1,-0.2    -2,-0.2   0.818 104.2  65.9 -68.1 -33.7    5.0  -20.4   -9.9               
  200  200 A N  T  < S-     0   0   25     -4,-2.3     3,-0.2    -5,-0.2    -1,-0.2  -0.424 138.8 -61.6 -93.1  62.0    3.1  -17.4   -8.5               
  201  201 A F  T  4 S-     0   0   66     -2,-1.3   230,-1.7    -3,-0.3    -2,-0.2   0.771  86.5 -73.4  66.9  34.8    6.2  -15.2   -7.9               
  202  202 A N     <  -     0   0   97     -4,-1.6    -4,-0.3    -5,-0.3     2,-0.2   0.918  65.4-159.1  49.5  51.9    7.9  -17.5   -5.3               
  203  203 A I        -     0   0    6     -6,-2.4     2,-0.4    -3,-0.2   227,-0.2  -0.459   8.2-167.5 -59.8 127.7    5.5  -16.7   -2.5               
  204  204 A T  E     -C  429   0B  67    225,-2.2   225,-2.8    -2,-0.2     2,-0.4  -0.908   3.2-169.5-116.7 146.1    7.0  -17.5    0.9               
  205  205 A C  E     +C  428   0B  30     -2,-0.4     2,-0.3   223,-0.2   223,-0.2  -0.995   6.2 176.5-133.2 142.0    5.0  -17.7    4.2               
  206  206 A D  E     -C  427   0B  59    221,-2.2   221,-2.9    -2,-0.4     2,-0.6  -0.982  28.4-128.8-140.2 154.2    6.1  -17.9    7.8               
  207  207 A D  E     -C  426   0B   2     -2,-0.3   219,-0.2   219,-0.2   217,-0.0  -0.929  15.0-167.6 -98.4 119.2    4.5  -18.0   11.2               
  208  208 A L        +     0   0   68    217,-2.2   216,-0.2    -2,-0.6   218,-0.1   0.273  44.5 127.7 -90.9   7.6    6.2  -15.4   13.5               
  209  209 A K        -     0   0   78    215,-0.3     2,-0.4   216,-0.2    -2,-0.1  -0.419  67.4-112.8 -60.5 138.0    4.5  -16.8   16.7               
  210  210 A S  S    S-     0   0  109     -2,-0.1     2,-0.4     3,-0.0    -1,-0.1  -0.609  84.3  -2.4 -72.3 127.6    6.8  -17.6   19.6               
  211  211 A G  S    S+     0   0   71     -2,-0.4     2,-0.4     2,-0.0    -2,-0.0  -0.823 121.5  31.5  97.6-130.8    7.0  -21.4   20.2               
  212  212 A E  S    S-     0   0  172     -2,-0.4     2,-0.3     1,-0.1    -3,-0.0  -0.556  79.1-133.9 -70.4 121.1    4.8  -23.9   18.2               
  213  213 A K        -     0   0  116     -2,-0.4     2,-0.1     1,-0.1    -1,-0.1  -0.551  15.9-125.2 -74.5 135.9    4.2  -22.6   14.6               
  214  214 A R        -     0   0   72     -2,-0.3     2,-0.3     1,-0.1    -7,-0.1  -0.450  35.5 -93.4 -71.9 151.9    0.6  -22.8   13.2               
  215  215 A L        -     0   0  157     -2,-0.1    -1,-0.1     1,-0.1     0, 0.0  -0.519  41.3-119.1 -66.4 128.1    0.0  -24.6    9.9               
  216  216 A I        -     0   0   36     -2,-0.3    -1,-0.1   -11,-0.1    -9,-0.0  -0.590  33.8-115.4 -69.9 122.5    0.2  -22.1    7.0               
  217  217 A P        -     0   0   10      0, 0.0    38,-0.1     0, 0.0    -1,-0.1  -0.219  29.9-105.9 -59.4 143.7   -3.3  -22.1    5.3               
  218  218 A K        -     0   0   49      1,-0.1     2,-0.1    36,-0.1   -33,-0.1  -0.386  44.4 -95.4 -66.0 144.9   -3.4  -23.4    1.6               
  219  219 A P        -     0   0    0      0, 0.0     2,-0.9     0, 0.0    32,-0.2  -0.375  25.5-133.5 -66.1 140.7   -3.9  -20.6   -1.1               
  220  220 A T        -     0   0    0     30,-2.9     6,-0.1    29,-0.1    33,-0.1  -0.794  22.0-172.6 -93.5  96.0   -7.4  -19.9   -2.3               
  221  221 A C        +     0   0   25     -2,-0.9     2,-0.3     4,-0.1    -1,-0.1   0.568  65.1  41.1 -76.1 -10.3   -6.9  -19.8   -6.1               
  222  222 A R  S >> S-     0   0  173     22,-0.1     4,-1.3    28,-0.1     3,-0.7  -0.988  81.3-120.3-133.0 150.7  -10.4  -18.5   -7.0               
  223  223 A F  H 3> S+     0   0   16     -2,-0.3     4,-2.5     1,-0.2     3,-0.3   0.864 115.6  56.3 -55.7 -38.0  -12.8  -15.9   -5.4               
  224  224 A K  H 3> S+     0   0  145      1,-0.2     4,-1.6     2,-0.2    -1,-0.2   0.864 101.3  56.9 -62.2 -35.4  -15.4  -18.7   -4.9               
  225  225 A D  H <4 S+     0   0   18     -3,-0.7   -43,-0.4     1,-0.2    -1,-0.2   0.838 117.9  33.0 -68.6 -32.5  -12.8  -20.7   -2.9               
  226  226 A A  H  < S+     0   0    9     -4,-1.3   -46,-0.2    -3,-0.3    -2,-0.2   0.808 133.2  26.9 -84.8 -36.3  -12.3  -17.8   -0.4               
  227  227 A F  H >< S+     0   0    0     -4,-2.5     3,-2.5    -5,-0.2     7,-0.3   0.168  70.1 123.1-126.0  16.8  -15.8  -16.3   -0.4               
  228  228 A Q  T 3< S+     0   0   99     -4,-1.6    -1,-0.1     1,-0.3    -3,-0.1   0.767  82.0  54.1 -51.1 -27.8  -18.5  -19.0   -1.3               
  229  229 A Q  T 3  S+     0   0   87      1,-0.2    -1,-0.3    -3,-0.2    -2,-0.1   0.507 101.4  62.0 -84.7  -6.0  -20.2  -18.2    2.1               
  230  230 A Y    X>  +     0   0   27     -3,-2.5     4,-2.2     1,-0.1     3,-0.6  -0.662  58.8 167.1-122.6  69.2  -20.5  -14.5    1.2               
  231  231 A P  H 3> S+     0   0   71      0, 0.0     4,-2.5     0, 0.0     5,-0.2   0.833  76.7  56.3 -60.5 -33.1  -22.7  -14.4   -2.0               
  232  232 A D  H 3> S+     0   0   64      2,-0.2     4,-1.8     1,-0.2     5,-0.1   0.886 108.5  47.8 -66.6 -35.4  -23.3  -10.6   -1.8               
  233  233 A L  H <> S+     0   0    0     -3,-0.6     4,-2.6     2,-0.2    -1,-0.2   0.941 111.3  50.3 -68.0 -45.2  -19.5  -10.1   -1.8               
  234  234 A L  H  X S+     0   0   24     -4,-2.2     4,-2.6    -7,-0.3    -2,-0.2   0.891 109.1  51.6 -60.2 -41.3  -19.1  -12.5   -4.8               
  235  235 A K  H  X S+     0   0  135     -4,-2.5     4,-2.3     2,-0.2    -1,-0.2   0.914 110.5  49.2 -59.4 -43.3  -21.9  -10.5   -6.7               
  236  236 A S  H  X S+     0   0    4     -4,-1.8     4,-1.5     2,-0.2    -2,-0.2   0.922 111.7  48.9 -61.7 -44.2  -19.9   -7.3   -6.0               
  237  237 A I  H  X>S+     0   0    3     -4,-2.6     5,-1.1     2,-0.2     4,-1.0   0.923 111.8  48.3 -60.0 -48.6  -16.7   -8.9   -7.3               
  238  238 A I  H ><5S+     0   0  121     -4,-2.6     3,-0.6     1,-0.2    -2,-0.2   0.899 108.1  55.5 -62.3 -41.5  -18.4  -10.2  -10.5               
  239  239 A R  H 3<5S+     0   0  156     -4,-2.3    -1,-0.2     1,-0.2    -2,-0.2   0.840 105.3  51.5 -60.0 -38.8  -20.0   -6.7  -11.1               
  240  240 A V  H 3<5S-     0   0   51     -4,-1.5    -1,-0.2    -3,-0.2    -2,-0.2   0.712 112.0-126.1 -72.9 -20.2  -16.5   -5.0  -11.0               
  241  241 A G  T <<5 +     0   0   52     -4,-1.0     2,-0.5    -3,-0.6    -3,-0.2   0.607  51.1 156.1  88.1  15.2  -15.3   -7.7  -13.6               
  242  242 A I      < -     0   0   51     -5,-1.1    -1,-0.3     1,-0.2    -2,-0.1  -0.626  20.1-171.8 -76.1 123.2  -12.2   -9.1  -11.8               
  243  243 A V        +     0   0  144     -2,-0.5   -20,-0.2     1,-0.2    -1,-0.2   0.875  61.9  15.6 -87.9 -40.7  -11.7  -12.6  -13.2               
  244  244 A K  S    S-     0   0  134    -22,-0.1    -1,-0.2   -21,-0.1   -22,-0.1  -0.993  76.8-111.3-139.0 141.5   -8.9  -14.1  -11.0               
  245  245 A P        -     0   0    7      0, 0.0    26,-0.1     0, 0.0    -2,-0.0  -0.380  37.4-111.4 -65.4 149.2   -7.4  -13.3   -7.6               
  246  246 A T     >  -     0   0   40     25,-0.1     4,-2.7     1,-0.1     5,-0.2  -0.372  31.7-105.9 -71.3 160.1   -3.8  -12.0   -7.4               
  247  247 A P  H  > S+     0   0   21      0, 0.0     4,-1.6     0, 0.0     5,-0.2   0.911 121.8  49.0 -57.2 -40.8   -1.2  -14.3   -5.8               
  248  248 A I  H  > S+     0   0    2     22,-0.4     4,-2.6     2,-0.2     5,-0.2   0.919 112.1  48.7 -65.4 -41.6   -1.0  -12.2   -2.7               
  249  249 A Q  H  > S+     0   0    7     21,-0.4     4,-2.5     1,-0.2    -1,-0.2   0.947 108.6  54.0 -60.4 -47.9   -4.8  -12.1   -2.4               
  250  250 A S  H  < S+     0   0    1     -4,-2.7   -30,-2.9     1,-0.2    -1,-0.2   0.827 118.4  34.6 -57.0 -39.4   -5.1  -15.9   -2.8               
  251  251 A Q  H  X S+     0   0    0     -4,-1.6     4,-0.6   -32,-0.2    -1,-0.2   0.792 117.5  52.1 -87.6 -31.8   -2.6  -16.5    0.0               
  252  252 A A  H >X S+     0   0    0     -4,-2.6     4,-2.8    -5,-0.2     3,-0.6   0.903  99.1  62.5 -74.3 -42.8   -3.6  -13.6    2.3               
  253  253 A W  H 3X S+     0   0    0     -4,-2.5     4,-3.0     1,-0.2     5,-0.2   0.885 100.3  50.0 -55.1 -48.9   -7.4  -14.3    2.5               
  254  254 A P  H 3> S+     0   0    0      0, 0.0     4,-0.5     0, 0.0    -1,-0.2   0.823 116.3  45.1 -64.0 -26.6   -7.2  -17.7    4.2               
  255  255 A I  H X<>S+     0   0    0     -4,-0.6     5,-1.5    -3,-0.6     3,-0.7   0.951 116.5  42.9 -75.5 -51.9   -4.9  -16.2    6.9               
  256  256 A I  H ><5S+     0   0    1     -4,-2.8     3,-2.0     1,-0.2    -3,-0.2   0.917 110.5  56.4 -64.4 -41.8   -6.9  -13.0    7.5               
  257  257 A L  H 3<5S+     0   0    3     -4,-3.0   -79,-3.5     1,-0.3   -78,-1.1   0.743  99.5  61.0 -64.3 -22.4  -10.2  -14.9    7.5               
  258  258 A Q  T <<5S-     0   0   55     -3,-0.7    -1,-0.3    -4,-0.5    -2,-0.2   0.561 120.3-111.1 -75.2  -7.3   -8.9  -17.1   10.3               
  259  259 A G  T < 5S+     0   0   13     -3,-2.0     2,-0.3     1,-0.3    -3,-0.2   0.623  70.5 145.1  84.7  13.4   -8.5  -13.9   12.4               
  260  260 A I      < -     0   0   17     -5,-1.5    -1,-0.3   -84,-0.1     2,-0.2  -0.671  56.1-113.5 -84.8 136.2   -4.7  -14.1   12.3               
  261  261 A D        -     0   0    6    162,-0.6   165,-2.6   163,-0.3     2,-0.4  -0.482  40.7-153.4 -64.4 137.8   -2.7  -10.8   12.2               
  262  262 A L  E     -de 404 426B   0    141,-1.6   143,-3.0   163,-0.2     2,-0.5  -0.966  21.3-159.7-128.7 135.4   -0.9  -10.6    8.8               
  263  263 A I  E     -de 405 427B   1    163,-2.7   165,-2.9    -2,-0.4     2,-0.6  -0.948  15.3-163.7-104.7 121.6    2.2   -8.9    7.4               
  264  264 A V  E     -de 406 428B   0    141,-3.1   143,-2.6    -2,-0.5     2,-0.8  -0.928   6.1-172.6-107.6 112.1    2.1   -8.6    3.6               
  265  265 A V  E     +de 407 429B  13    163,-2.8   165,-2.5    -2,-0.6     2,-0.3  -0.892  36.4 124.8-104.4 100.3    5.5   -7.8    2.0               
  266  266 A A        -     0   0    3    141,-2.3   143,-0.1    -2,-0.8     3,-0.1  -0.985  58.1-102.1-156.0 148.9    4.7   -7.1   -1.6               
  267  267 A Q    >   -     0   0   24     -2,-0.3     3,-1.3   164,-0.2     5,-0.3  -0.137  51.0 -82.8 -66.6 161.7    5.3   -4.3   -4.2               
  268  268 A T  T 3  S+     0   0   73      1,-0.2    -1,-0.1     2,-0.1   262,-0.0  -0.332 115.5  36.4 -60.1 147.4    2.7   -1.8   -5.3               
  269  269 A G  T 3  S+     0   0   75     -3,-0.1    -1,-0.2     1,-0.0    -2,-0.1   0.306  81.0 110.0  83.5  -4.5    0.3   -3.1   -8.0               
  270  270 A T  S <  S-     0   0    9     -3,-1.3   -22,-0.4   -24,-0.1   -21,-0.4   0.511  97.2-105.9 -71.9  -6.2    0.2   -6.7   -6.5               
  271  271 A G     >  +     0   0   23    -23,-0.1     4,-0.9   -24,-0.1     3,-0.3   0.750  68.6 151.3  81.4  26.8   -3.5   -6.1   -5.5               
  272  272 A K  H >>  +     0   0   10     -5,-0.3     4,-1.2     1,-0.2     3,-0.7   0.853  63.2  66.6 -53.3 -39.0   -2.6   -5.7   -1.7               
  273  273 A T  H >> S+     0   0   18      1,-0.3     4,-2.1     2,-0.2     3,-0.7   0.924 103.9  41.5 -55.8 -49.1   -5.7   -3.3   -1.2               
  274  274 A L  H 3> S+     0   0   14     -3,-0.3     4,-1.3     1,-0.2    -1,-0.3   0.715 103.0  70.8 -73.3 -18.2   -8.3   -6.0   -1.9               
  275  275 A S  H << S+     0   0    0     -4,-0.9    -1,-0.2    -3,-0.7    -2,-0.2   0.897 114.8  24.3 -64.2 -36.1   -6.3   -8.6    0.2               
  276  276 A Y  H <X S+     0   0    0     -4,-1.2     4,-1.3    -3,-0.7    -2,-0.2   0.734 119.3  58.2 -99.9 -27.7   -7.2   -6.7    3.4               
  277  277 A L  H  X S+     0   0    0     -4,-2.1     4,-2.3    -5,-0.2    -3,-0.2   0.945 102.8  52.2 -69.4 -47.4  -10.5   -4.9    2.3               
  278  278 A M  H  X S+     0   0    0     -4,-1.3     4,-1.6     2,-0.2     3,-0.2   0.935 115.1  38.6 -59.1 -55.2  -12.5   -8.1    1.3               
  279  279 A P  H  > S+     0   0    2      0, 0.0     4,-2.9     0, 0.0    -1,-0.2   0.867 113.6  60.2 -63.9 -30.6  -12.0  -10.0    4.6               
  280  280 A G  H  X S+     0   0    0     -4,-1.3     4,-2.5     2,-0.2    -2,-0.2   0.892 102.2  50.7 -60.1 -41.5  -12.4   -6.7    6.4               
  281  281 A F  H  X S+     0   0    3     -4,-2.3     4,-2.0    -3,-0.2    -1,-0.2   0.924 113.6  45.2 -62.5 -43.4  -15.9   -6.3    5.0               
  282  282 A I  H  X S+     0   0    0     -4,-1.6     4,-2.1     2,-0.2    -2,-0.2   0.934 113.4  50.3 -62.8 -48.2  -16.8   -9.8    6.2               
  283  283 A H  H  < S+     0   0    1     -4,-2.9    -2,-0.2     1,-0.2    -1,-0.2   0.901 112.5  47.2 -55.5 -45.9  -15.2   -9.1    9.6               
  284  284 A L  H >< S+     0   0    0     -4,-2.5     3,-0.6     1,-0.2    -1,-0.2   0.841 115.1  44.0 -70.6 -37.8  -17.1   -5.8    9.9               
  285  285 A D  H 3< S+     0   0   41     -4,-2.0    -1,-0.2     1,-0.2    -2,-0.2   0.809 112.1  54.5 -73.7 -30.2  -20.6   -7.3    9.0               
  286  286 A S  T 3< S+     0   0   33     -4,-2.1    -1,-0.2    -5,-0.2    -2,-0.2   0.222  76.4 121.7 -97.2  11.2  -20.1  -10.5   11.1               
  287  287 A Q  S <  S-     0   0   18     -3,-0.6  -113,-0.1     2,-0.2     4,-0.1  -0.535  70.5-122.3 -71.4 146.6  -19.3   -8.8   14.5               
  288  288 A P  S    S+     0   0   83      0, 0.0     2,-0.5     0, 0.0    -1,-0.1   0.801  96.9  71.5 -58.3 -33.2  -21.7   -9.7   17.5               
  289  289 A I  S    S-     0   0   51   -116,-0.3    -2,-0.2     1,-0.1     5,-0.1  -0.780  90.2-121.2 -89.0 127.9  -22.6   -6.0   17.9               
  290  290 A S    >>  -     0   0   44     -2,-0.5     4,-0.9     1,-0.1     3,-0.6  -0.129  22.8-113.0 -59.0 155.2  -24.8   -4.4   15.2               
  291  291 A R  G >4 S+     0   0   70      1,-0.2     3,-0.7     2,-0.2     5,-0.4   0.904 117.5  56.2 -61.6 -37.3  -23.4   -1.4   13.2               
  292  292 A E  G 34 S+     0   0  142      1,-0.2     3,-0.3     2,-0.1    -1,-0.2   0.758 110.5  44.5 -66.0 -28.8  -26.1    0.9   14.8               
  293  293 A Q  G <4 S+     0   0  130     -3,-0.6    -1,-0.2     1,-0.2    -2,-0.2   0.557  91.1  82.6 -93.6 -12.8  -24.9   -0.1   18.4               
  294  294 A R  S << S-     0   0   30     -4,-0.9    -1,-0.2    -3,-0.7    -2,-0.1   0.708  80.7-146.5 -67.6 -21.1  -21.1    0.2   17.8               
  295  295 A N  S    S+     0   0  129     -4,-0.4    74,-0.1    -3,-0.3    73,-0.1   0.816  71.2  20.0  53.9  36.5  -21.1    4.0   18.3               
  296  296 A G  S    S-     0   0   26     -5,-0.4    71,-0.1    73,-0.1    -2,-0.1  -0.884 103.0 -46.5 160.4 174.2  -18.3    4.4   15.8               
  297  297 A P        -     0   0    3      0, 0.0    50,-0.2     0, 0.0    51,-0.2  -0.290  32.3-159.4 -61.1 149.3  -16.4    2.8   12.8               
  298  298 A G  S    S+     0   0    1     49,-2.0    73,-2.1    72,-0.2    74,-1.8   0.588  75.4  55.4-105.4 -12.9  -15.3   -0.8   13.1               
  299  299 A M  E     -fg 348 372B   0     48,-1.9    50,-2.7    71,-0.2     2,-0.4  -0.979  59.8-174.6-123.1 134.4  -12.5   -0.7   10.4               
  300  300 A L  E     -fg 349 373B   0     72,-2.3    74,-2.9    -2,-0.4     2,-0.5  -0.992   3.3-171.1-126.6 124.6   -9.5    1.7   10.2               
  301  301 A V  E     -fg 350 374B   0     48,-3.0    50,-3.0    -2,-0.4     2,-0.5  -0.971  10.0-159.0-110.6 119.5   -7.1    1.9    7.3               
  302  302 A L  E     +fg 351 375B   0     72,-3.0    74,-2.7    -2,-0.5    50,-0.2  -0.880  12.9 179.7 -97.2 129.2   -4.0    4.0    7.9               
  303  303 A T        -     0   0    0     48,-2.3    74,-0.1    -2,-0.5     6,-0.1  -0.949  31.0-132.3-127.4 148.7   -2.1    5.3    4.8               
  304  304 A P  S    S+     0   0    3      0, 0.0     2,-0.3     0, 0.0    -1,-0.1   0.862  85.6  30.3 -71.2 -35.1    1.1    7.5    4.6               
  305  305 A T  S  > S-     0   0   38      1,-0.1     4,-2.0    47,-0.1     5,-0.1  -0.801  75.4-118.1-126.5 163.1   -0.2   10.0    2.0               
  306  306 A R  H  > S+     0   0  106     -2,-0.3     4,-2.6     2,-0.2     5,-0.2   0.869 114.0  55.4 -61.4 -41.4   -3.5   11.6    0.7               
  307  307 A E  H  > S+     0   0  124      2,-0.2     4,-2.1     1,-0.2    -1,-0.2   0.907 109.3  45.9 -65.9 -41.6   -3.1   10.0   -2.7               
  308  308 A L  H  > S+     0   0   38      2,-0.2     4,-2.4     1,-0.2    -1,-0.2   0.901 111.5  52.8 -66.9 -39.3   -2.8    6.5   -1.3               
  309  309 A A  H  X S+     0   0    0     -4,-2.0     4,-2.4     2,-0.2    -2,-0.2   0.932 111.2  46.2 -60.4 -45.9   -5.8    7.3    1.0               
  310  310 A L  H  X S+     0   0   55     -4,-2.6     4,-2.7     2,-0.2    -2,-0.2   0.866 110.2  54.1 -65.4 -36.7   -7.9    8.3   -2.1               
  311  311 A H  H  X S+     0   0  101     -4,-2.1     4,-2.4     2,-0.2    -2,-0.2   0.942 111.0  45.0 -62.1 -46.1   -6.7    5.2   -4.0               
  312  312 A V  H  X S+     0   0    1     -4,-2.4     4,-3.0     2,-0.2    -2,-0.2   0.891 113.4  51.0 -65.9 -38.5   -7.9    2.9   -1.1               
  313  313 A E  H  X S+     0   0   48     -4,-2.4     4,-2.8     2,-0.2    -2,-0.2   0.931 110.4  48.7 -62.2 -45.6  -11.2    4.9   -0.9               
  314  314 A A  H  X S+     0   0   49     -4,-2.7     4,-1.0     2,-0.2    -2,-0.2   0.916 114.8  45.1 -61.8 -43.6  -11.8    4.6   -4.7               
  315  315 A E  H >X S+     0   0   31     -4,-2.4     3,-0.7     2,-0.2     4,-0.7   0.942 113.7  49.7 -64.0 -46.2  -11.0    0.8   -4.5               
  316  316 A C  H >< S+     0   0    6     -4,-3.0     3,-1.1     1,-0.2    -2,-0.2   0.911 107.4  55.3 -57.6 -42.8  -13.3    0.4   -1.4               
  317  317 A S  H 3< S+     0   0   76     -4,-2.8    -1,-0.2     1,-0.2    -2,-0.2   0.732  95.8  65.7 -68.4 -23.6  -16.2    2.3   -3.2               
  318  318 A K  H << S+     0   0  101     -4,-1.0     2,-0.8    -3,-0.7    -1,-0.2   0.818  96.6  63.4 -65.1 -29.6  -16.2   -0.1   -6.2               
  319  319 A Y    <<  -     0   0   11     -3,-1.1     2,-0.5    -4,-0.7    -1,-0.2  -0.811  68.9-166.5-107.5  99.1  -17.3   -2.9   -3.8               
  320  320 A S        +     0   0   71     -2,-0.8     2,-0.4   -84,-0.1   -84,-0.1  -0.732  12.5 176.0 -79.0 126.1  -20.8   -2.4   -2.3               
  321  321 A Y    >   -     0   0    4     -2,-0.5     3,-2.3     3,-0.2   -88,-0.1  -0.956  65.8 -38.0-136.3 111.8  -21.3   -5.0    0.6               
  322  322 A K  T 3  S-     0   0   93     -2,-0.4    -2,-0.0     1,-0.3   -89,-0.0   0.704 111.9 -60.8  45.9  33.8  -24.5   -4.8    2.7               
  323  323 A G  T 3  S+     0   0   48      1,-0.2    -1,-0.3     0, 0.0     2,-0.1   0.705  79.6 173.3  72.0  20.8  -24.5   -1.0    2.7               
  324  324 A L    <   -     0   0   30     -3,-2.3     2,-0.5    23,-0.1    -1,-0.2  -0.413  21.3-144.0 -56.1 133.3  -21.1   -0.5    4.4               
  325  325 A K        -     0   0  121     -2,-0.1    22,-2.2    -5,-0.1    23,-2.2  -0.906  16.0-169.7-107.3 129.0  -20.2    3.3    4.5               
  326  326 A S  E     -h  348   0B  36     -2,-0.5     2,-0.3    21,-0.2    23,-0.2  -0.875   4.3-167.9-114.4 149.7  -16.6    4.5    4.0               
  327  327 A I  E     -h  349   0B   8     21,-2.1    23,-2.7    -2,-0.3     2,-0.5  -0.996  16.1-138.8-132.3 143.0  -14.9    7.9    4.5               
  328  328 A C  E     -h  350   0B   0     -2,-0.3     2,-0.6    21,-0.2    23,-0.2  -0.888  19.3-167.6-100.7 123.1  -11.5    9.2    3.5               
  329  329 A I  E     +h  351   0B   0     21,-3.1    23,-2.4    -2,-0.5     2,-0.3  -0.910  24.8 134.9-117.7 110.4   -9.8   11.5    6.1               
  330  330 A Y    >   -     0   0   19     -2,-0.6     3,-0.9    21,-0.2     2,-0.1  -0.950  53.3 -80.4-149.9 165.6   -6.7   13.5    5.2               
  331  331 A G  T 3  S+     0   0   37     -2,-0.3     3,-0.1     1,-0.2   -25,-0.0  -0.326 104.2  37.1 -66.9 148.1   -5.1   17.0    5.5               
  332  332 A G  T 3  S+     0   0   74      1,-0.4     2,-0.2    -2,-0.1    -1,-0.2   0.128  90.7 104.1  90.4 -15.9   -6.1   19.9    3.1               
  333  333 A R  S <  S-     0   0   85     -3,-0.9    -1,-0.4     1,-0.1     2,-0.0  -0.647  91.5 -80.5 -85.1 152.6   -9.9   18.9    3.0               
  334  334 A N     >  -     0   0  108     -2,-0.2     4,-1.5     1,-0.1    -1,-0.1  -0.306  37.8-149.7 -53.4 124.4  -12.4   21.0    5.1               
  335  335 A R  H  > S+     0   0   77      2,-0.2     4,-1.8     1,-0.2    -1,-0.1   0.914  93.6  49.9 -66.9 -46.3  -12.2   19.8    8.7               
  336  336 A N  H  > S+     0   0  109      1,-0.2     4,-2.5     2,-0.2     5,-0.2   0.887 108.0  54.6 -66.0 -37.2  -15.9   20.6    9.6               
  337  337 A G  H  > S+     0   0   20      1,-0.2     4,-2.3     2,-0.2    -1,-0.2   0.900 108.2  49.1 -62.1 -40.1  -17.1   18.7    6.5               
  338  338 A Q  H  X S+     0   0    0     -4,-1.5     4,-2.1     2,-0.2    -1,-0.2   0.882 110.9  50.3 -65.7 -37.3  -15.1   15.6    7.6               
  339  339 A I  H  X S+     0   0   43     -4,-1.8     4,-2.2     2,-0.2    -2,-0.2   0.908 111.4  48.5 -65.3 -42.1  -16.7   15.9   11.1               
  340  340 A E  H  X S+     0   0  108     -4,-2.5     4,-1.2     2,-0.2    -2,-0.2   0.890 110.3  50.9 -64.3 -40.3  -20.2   16.2    9.5               
  341  341 A D  H  < S+     0   0   42     -4,-2.3     3,-0.2     1,-0.2    -2,-0.2   0.903 111.9  47.8 -66.6 -36.9  -19.5   13.1    7.3               
  342  342 A I  H >< S+     0   0   22     -4,-2.1     3,-1.8     1,-0.2     4,-0.3   0.901 106.8  57.1 -65.4 -41.5  -18.4   11.1   10.4               
  343  343 A S  H 3< S+     0   0   95     -4,-2.2    -2,-0.2     1,-0.3    -1,-0.2   0.756  94.3  66.6 -68.1 -21.5  -21.5   12.3   12.4               
  344  344 A K  T 3< S-     0   0  119     -4,-1.2    -1,-0.3    -3,-0.2    -2,-0.2   0.528 124.0 -96.3 -68.2  -8.8  -23.8   10.7    9.6               
  345  345 A G    <   -     0   0   37     -3,-1.8     2,-0.3    -4,-0.1    -2,-0.1   0.663  46.2-163.9  86.8 116.4  -22.4    7.3   10.7               
  346  346 A V        -     0   0   16     -4,-0.3   -20,-0.2     1,-0.1     3,-0.1  -0.969  17.7-167.1-131.3 143.1  -19.5    5.6    9.0               
  347  347 A D  S    S+     0   0   18    -22,-2.2   -49,-2.0    -2,-0.3   -48,-1.9   0.770  78.4  41.1 -97.1 -34.7  -18.3    1.9    9.2               
  348  348 A I  E     -fh 299 326B   1    -23,-2.2   -21,-2.1   -51,-0.2     2,-0.5  -0.976  62.7-164.6-124.6 124.9  -14.8    2.3    7.5               
  349  349 A I  E     -fh 300 327B   0    -50,-2.7   -48,-3.0    -2,-0.4     2,-0.5  -0.950   2.2-172.2-106.7 127.7  -12.3    5.1    8.0               
  350  350 A I  E     +fh 301 328B   0    -23,-2.7   -21,-3.1    -2,-0.5     2,-0.3  -0.983  30.4 161.6-111.5 121.0   -9.4    5.4    5.5               
  351  351 A A  E     -fh 302 329B   0    -50,-3.0   -48,-2.3    -2,-0.5   -21,-0.2  -0.991  48.2-123.7-147.8 151.4   -7.0    8.1    6.9               
  352  352 A T     >  -     0   0   14    -23,-2.4     4,-2.2    -2,-0.3     3,-0.4  -0.778  39.0-123.7 -85.2 137.8   -3.6    9.8    7.1               
  353  353 A P  H  > S+     0   0    0      0, 0.0     4,-2.3     0, 0.0     5,-0.2   0.808 105.4  57.6 -55.6 -35.8   -2.2    9.7   10.7               
  354  354 A G  H  > S+     0   0   40      2,-0.2     4,-1.5     1,-0.2   -24,-0.1   0.946 112.4  37.2 -62.4 -50.8   -1.8   13.5   10.9               
  355  355 A R  H  > S+     0   0   38     -3,-0.4     4,-2.1     2,-0.2    -1,-0.2   0.882 115.2  54.9 -71.6 -37.6   -5.5   14.4   10.2               
  356  356 A L  H  X S+     0   0    0     -4,-2.2     4,-2.8   -27,-0.3    -2,-0.2   0.931 106.7  51.1 -62.4 -43.4   -6.9   11.4   12.2               
  357  357 A N  H  X S+     0   0   13     -4,-2.3     4,-2.8    -5,-0.2    -1,-0.2   0.876 107.7  53.5 -59.1 -41.2   -4.9   12.5   15.3               
  358  358 A D  H  X S+     0   0   59     -4,-1.5     4,-1.2     2,-0.2    -2,-0.2   0.957 113.4  42.1 -58.0 -48.5   -6.4   16.0   15.0               
  359  359 A L  H  <>S+     0   0    0     -4,-2.1     5,-2.7     2,-0.2     6,-0.6   0.902 115.6  50.3 -66.5 -39.2   -9.9   14.6   14.9               
  360  360 A Q  H ><5S+     0   0    6     -4,-2.8     3,-1.9     1,-0.2    -2,-0.2   0.934 108.8  50.6 -63.6 -48.0   -9.2   12.1   17.7               
  361  361 A M  H 3<5S+     0   0   83     -4,-2.8    -1,-0.2     1,-0.3    -2,-0.2   0.747 110.6  50.4 -65.0 -24.9   -7.6   14.7   20.0               
  362  362 A N  T 3<5S-     0   0   80     -4,-1.2    -1,-0.3    -5,-0.2    -2,-0.2   0.108 113.9-119.3 -94.7  15.9  -10.7   16.9   19.5               
  363  363 A N  T < 5S+     0   0  153     -3,-1.9    -3,-0.2     1,-0.1    -2,-0.1   0.722  78.1 127.7  51.2  26.5  -13.1   13.9   20.4               
  364  364 A S      < +     0   0   31     -5,-2.7     2,-0.3    -6,-0.2    -4,-0.2   0.550  68.2  41.0 -88.0 -10.1  -14.6   14.3   16.8               
  365  365 A V  S    S-     0   0   11     -6,-0.6     2,-0.6    -5,-0.1    -1,-0.2  -0.996  72.7-143.6-138.1 134.7  -14.0   10.5   16.0               
  366  366 A N        +     0   0   69     -2,-0.3     3,-0.2     1,-0.1    -6,-0.0  -0.883  20.2 173.1 -97.8 114.3  -14.5    7.5   18.3               
  367  367 A L    >   +     0   0    3     -2,-0.6     3,-1.6     1,-0.1    31,-0.4   0.493  57.9  93.3 -96.6  -4.1  -11.8    4.8   17.6               
  368  368 A R  T 3  S+     0   0   68      1,-0.3    30,-0.4    29,-0.2    -1,-0.1   0.795  82.1  55.8 -59.5 -33.5  -12.8    2.5   20.5               
  369  369 A S  T 3  S+     0   0   12     -3,-0.2     2,-0.5   -74,-0.1    -1,-0.3   0.492  75.3 120.6 -80.4  -7.6  -15.1    0.4   18.2               
  370  370 A I    <   +     0   0    0     -3,-1.6    28,-0.3     1,-0.2   -71,-0.2  -0.459  25.1 162.9 -66.5 113.1  -12.3   -0.4   15.7               
  371  371 A T        +     0   0    9    -73,-2.1    31,-2.5    -2,-0.5     2,-0.4   0.554  66.3  50.1-105.8 -12.2  -12.0   -4.3   15.6               
  372  372 A Y  E     -gi 299 402B   0    -74,-1.8   -72,-2.3    29,-0.2     2,-0.4  -0.985  68.1-173.7-133.5 117.5  -10.0   -4.4   12.3               
  373  373 A L  E     -gi 300 403B   0     29,-2.9    31,-2.8    -2,-0.4     2,-0.4  -0.938   5.7-167.6-114.2 135.2   -6.9   -2.3   11.7               
  374  374 A V  E     -gi 301 404B   0    -74,-2.9   -72,-3.0    -2,-0.4     2,-0.6  -0.984   6.6-168.4-120.1 131.1   -4.9   -1.9    8.5               
  375  375 A I  E     -gi 302 405B   0     29,-2.6    31,-2.8    -2,-0.4     3,-0.4  -0.940  21.0-165.1-113.9  97.4   -1.4   -0.3    8.4               
  376  376 A D        +     0   0    7    -74,-2.7    31,-0.1    -2,-0.6     5,-0.1  -0.754  64.7   3.0 -96.5 136.2   -0.8    0.2    4.6               
  377  377 A E  S  > S+     0   0    6     -2,-0.4     4,-1.6   -74,-0.1    30,-0.3   0.953  74.3 177.2  55.4  53.3    2.7    1.0    3.1               
  378  378 A A  H  > S+     0   0    0     28,-2.8     4,-1.8    -3,-0.4    29,-0.2   0.820  71.8  59.6 -60.2 -35.9    4.3    0.8    6.6               
  379  379 A D  H  > S+     0   0   10      1,-0.2     4,-2.3     2,-0.2     3,-0.3   0.953 107.6  46.3 -56.0 -48.7    7.9    1.4    5.3               
  380  380 A K  H  > S+     0   0   40      1,-0.2     4,-1.4    -3,-0.2    -2,-0.2   0.838 107.8  57.0 -64.7 -35.7    6.8    4.8    3.9               
  381  381 A M  H  <>S+     0   0    0     -4,-1.6     5,-2.7     2,-0.2     6,-0.3   0.875 110.0  45.0 -64.2 -35.3    5.0    5.6    7.2               
  382  382 A L  H ><5S+     0   0   25     -4,-1.8     3,-2.2    -3,-0.3    -2,-0.2   0.917 108.8  54.9 -71.3 -43.2    8.3    5.1    9.0               
  383  383 A D  H 3<5S+     0   0  137     -4,-2.3    -2,-0.2     1,-0.3    -1,-0.2   0.785 109.8  48.9 -58.7 -29.9   10.3    7.1    6.4               
  384  384 A M  T 3<5S-     0   0   95     -4,-1.4    -1,-0.3    -5,-0.2    -2,-0.2   0.232 115.7-118.7 -91.6   9.0    7.9   10.0    7.1               
  385  385 A E  T < 5 +     0   0  154     -3,-2.2     4,-0.3     1,-0.1    -3,-0.2   0.786  67.5 141.7  56.0  34.8    8.3    9.6   10.9               
  386  386 A F     >< +     0   0   33     -5,-2.7     4,-2.7     1,-0.2     3,-0.2   0.504  38.6  99.0 -80.1  -3.9    4.5    8.8   11.4               
  387  387 A E  H  > S+     0   0   65     -6,-0.3     4,-3.0     1,-0.2     5,-0.2   0.913  81.8  48.3 -53.1 -48.2    5.3    6.2   14.1               
  388  388 A P  H  > S+     0   0   86      0, 0.0     4,-2.0     0, 0.0    -1,-0.2   0.891 113.9  48.3 -59.8 -37.6    4.5    8.6   17.1               
  389  389 A Q  H  > S+     0   0   63     -4,-0.3     4,-1.9    -3,-0.2    -2,-0.2   0.898 112.9  47.0 -67.8 -43.2    1.2    9.6   15.3               
  390  390 A I  H  X S+     0   0    0     -4,-2.7     4,-2.6     2,-0.2     5,-0.2   0.954 110.9  52.3 -63.8 -48.3    0.3    5.9   14.7               
  391  391 A R  H  X S+     0   0  133     -4,-3.0     4,-0.8     1,-0.2    -2,-0.2   0.898 109.8  49.7 -53.4 -44.4    1.2    5.0   18.4               
  392  392 A K  H >< S+     0   0   89     -4,-2.0     3,-0.5    -5,-0.2     4,-0.4   0.880 109.9  50.1 -64.1 -40.9   -1.1    7.9   19.6               
  393  393 A I  H >< S+     0   0    0     -4,-1.9     3,-1.6     1,-0.2     4,-0.3   0.935 107.1  55.5 -59.6 -46.7   -4.0    6.6   17.3               
  394  394 A L  H >< S+     0   0   19     -4,-2.6     3,-0.7     1,-0.3    -1,-0.2   0.667  89.5  74.6 -68.9 -15.8   -3.6    3.1   18.7               
  395  395 A L  T << S+     0   0   99     -4,-0.8    -1,-0.3    -3,-0.5    -2,-0.2   0.806 104.7  38.8 -61.4 -30.2   -4.0    4.3   22.4               
  396  396 A D  T <  S+     0   0   58     -3,-1.6     2,-0.5    -4,-0.4    -1,-0.2   0.335 100.2  89.9-104.9   6.0   -7.8    4.7   21.6               
  397  397 A V  S <  S-     0   0    2     -3,-0.7   -29,-0.2    -4,-0.3   -28,-0.1  -0.891  90.2-104.9-100.6 129.7   -8.0    1.5   19.5               
  398  398 A R    >   -     0   0    6     -2,-0.5     3,-1.0   -31,-0.4    -2,-0.1  -0.141  21.1-135.0 -52.5 140.8   -8.9   -1.7   21.4               
  399  399 A P  T 3  S+     0   0   51      0, 0.0    -1,-0.1     0, 0.0   -28,-0.0   0.693  98.5  63.8 -76.4 -20.3   -5.9   -4.0   21.9               
  400  400 A D  T 3  S+     0   0   53      2,-0.1  -226,-0.1     0, 0.0    -2,-0.1   0.223  78.7 119.3 -92.6  14.7   -7.8   -7.3   20.9               
  401  401 A R  S <  S-     0   0   22     -3,-1.0     2,-0.4   -31,-0.1   -29,-0.2  -0.103  71.3-107.9 -57.9 166.5   -8.4   -6.1   17.3               
  402  402 A Q  E     - i   0 372B   2    -31,-2.5   -29,-2.9  -142,-0.1     2,-0.4  -0.885  37.2-157.4 -93.2 139.8   -7.2   -7.9   14.2               
  403  403 A T  E     - i   0 373B   2     -2,-0.4  -141,-1.6   -31,-0.2     2,-0.4  -0.979  14.4-172.3-124.6 130.7   -4.3   -6.1   12.5               
  404  404 A V  E     -di 262 374B   0    -31,-2.8   -29,-2.6    -2,-0.4     2,-0.4  -0.981   8.7-168.8-115.3 128.8   -3.0   -6.3    8.9               
  405  405 A M  E     -di 263 375B   0   -143,-3.0  -141,-3.1    -2,-0.4     2,-0.4  -0.970   0.1-167.4-115.9 131.3    0.2   -4.6    7.9               
  406  406 A T  E     +d  264   0B   0    -31,-2.8   -28,-2.8    -2,-0.4     2,-0.3  -0.925  12.4 166.0-115.5 144.7    1.4   -4.1    4.3               
  407  407 A S  E     -d  265   0B   0   -143,-2.6  -141,-2.3    -2,-0.4     3,-0.1  -0.987  37.8-145.5-149.2 149.4    4.8   -3.0    3.2               
  408  408 A A  S    S+     0   0   26     -2,-0.3     2,-0.2  -143,-0.2    -1,-0.1   0.811  93.0  33.0 -79.7 -32.2    6.9   -2.9   -0.0               
  409  409 A T        -     0   0   41   -143,-0.1   -30,-0.2  -144,-0.0  -143,-0.1  -0.713  66.0-146.0-121.3 165.1   10.1   -3.6    2.0               
  410  410 A W        +     0   0   59     -2,-0.2     2,-0.1  -145,-0.1  -145,-0.0  -0.429  33.9 157.2-132.6  58.2   11.1   -5.5    5.2               
  411  411 A P     >  -     0   0   54      0, 0.0     4,-2.1     0, 0.0     3,-0.4  -0.384  58.4-100.3 -73.6 165.5   13.9   -3.6    7.0               
  412  412 A D  H  > S+     0   0  105      1,-0.2     4,-2.4     2,-0.2     5,-0.2   0.822 122.1  59.0 -56.9 -32.8   14.6   -4.1   10.8               
  413  413 A T  H  > S+     0   0   89      2,-0.2     4,-2.1     1,-0.2    -1,-0.2   0.937 107.9  44.3 -63.8 -44.8   12.7   -0.8   11.5               
  414  414 A V  H  > S+     0   0    1     -3,-0.4     4,-2.5     2,-0.2    -2,-0.2   0.875 111.5  55.4 -67.1 -35.4    9.5   -2.1    9.9               
  415  415 A R  H  X S+     0   0  111     -4,-2.1     4,-2.2     2,-0.2    -2,-0.2   0.925 108.4  47.1 -61.9 -44.2   10.1   -5.5   11.8               
  416  416 A Q  H  X S+     0   0  106     -4,-2.4     4,-1.1     2,-0.2    -2,-0.2   0.888 111.1  52.2 -64.8 -38.7   10.2   -3.6   15.1               
  417  417 A L  H >X S+     0   0    4     -4,-2.1     4,-1.2     2,-0.2     3,-0.6   0.936 109.0  50.4 -58.8 -46.2    7.1   -1.7   14.2               
  418  418 A A  H >X S+     0   0    3     -4,-2.5     4,-2.6     1,-0.2     3,-0.7   0.919 107.3  52.7 -60.4 -45.8    5.3   -5.0   13.4               
  419  419 A L  H 3< S+     0   0  112     -4,-2.2    -1,-0.2     1,-0.2    -2,-0.2   0.747 110.7  50.0 -60.3 -27.0    6.3   -6.5   16.8               
  420  420 A S  H << S+     0   0   72     -4,-1.1    -1,-0.2    -3,-0.6    -2,-0.2   0.737 123.3  25.7 -82.4 -27.6    4.8   -3.4   18.5               
  421  421 A Y  H << S+     0   0   18     -4,-1.2     2,-0.3    -3,-0.7    -2,-0.2   0.642 109.3  66.9-117.8 -20.7    1.4   -3.4   16.8               
  422  422 A L     <  -     0   0   11     -4,-2.6     2,-0.5    -5,-0.2   -20,-0.1  -0.781  66.9-138.4-108.0 150.8    0.6   -7.0   15.6               
  423  423 A K  S    S-     0   0  120     -2,-0.3  -162,-0.6     1,-0.2   -20,-0.1  -0.948  77.5 -30.5-114.4 115.6   -0.1  -10.1   17.8               
  424  424 A D  S    S-     0   0   76     -2,-0.5  -163,-0.3  -216,-0.2  -215,-0.3   0.935  89.4-166.9  40.7  63.9    1.5  -13.4   16.8               
  425  425 A P        -     0   0   10      0, 0.0  -217,-2.2     0, 0.0     2,-0.3  -0.456  20.5-136.8 -77.6 153.2    1.4  -12.4   13.0               
  426  426 A M  E     -Ce 207 262B   1   -165,-2.6  -163,-2.7  -219,-0.2     2,-0.4  -0.741  22.0-142.6 -88.1 156.4    1.9  -14.6   10.0               
  427  427 A I  E     -Ce 206 263B   1   -221,-2.9  -221,-2.2    -2,-0.3     2,-0.5  -0.980  12.4-167.2-122.7 135.3    4.0  -13.1    7.2               
  428  428 A V  E     -Ce 205 264B   0   -165,-2.9  -163,-2.8    -2,-0.4     2,-0.5  -0.981   6.2-169.0-120.6 116.6    3.5  -13.5    3.4               
  429  429 A Y  E     -Ce 204 265B  64   -225,-2.8  -225,-2.2    -2,-0.5     2,-0.6  -0.901   9.0-158.2 -98.0 130.1    6.3  -12.4    1.1               
  430  430 A V        -     0   0   16   -165,-2.5     3,-0.2    -2,-0.5  -163,-0.2  -0.950  26.9-126.7 -94.2 125.3    5.7  -12.2   -2.6               
  431  431 A G        -     0   0   26   -230,-1.7     2,-0.3    -2,-0.6  -164,-0.2  -0.147  57.2 -52.5 -55.6 166.0    9.0  -12.4   -4.4               
  432  432 A N    >   -     0   0   55      1,-0.2     3,-1.5     2,-0.1     4,-0.2  -0.278  48.2-159.9 -50.3 109.1    9.8   -9.6   -6.8               
  433  433 A L  T >> S+     0   0   36     -2,-0.3     3,-1.5     1,-0.3     4,-0.5   0.801  84.1  76.1 -47.3 -34.5    6.8   -9.4   -9.2               
  434  434 A N  H 3>  +     0   0   25      1,-0.3     4,-2.9     2,-0.2    -1,-0.3   0.545  63.9  84.6 -75.0  -8.0    9.2   -7.6  -11.5               
  435  435 A L  H <> S+     0   0   55     -3,-1.5     4,-1.1     1,-0.2    -1,-0.3   0.881  95.8  49.6 -57.9 -30.1   11.2  -10.6  -12.7               
  436  436 A V  H <> S+     0   0   87     -3,-1.5     4,-0.9    -4,-0.2     3,-0.2   0.948 114.3  41.2 -73.7 -45.4    8.4  -11.0  -15.3               
  437  437 A A  H  X S+     0   0   30     -4,-0.5     4,-0.7     1,-0.2     3,-0.5   0.892 113.3  55.0 -67.3 -37.6    8.4   -7.3  -16.5               
  438  438 A V  H  < S+     0   0    1     -4,-2.9     3,-0.2     1,-0.2    -1,-0.2   0.785 102.6  58.5 -66.9 -26.1   12.3   -7.3  -16.4               
  439  439 A N  H  < S+     0   0   83     -4,-1.1    -1,-0.2    -5,-0.2    -2,-0.2   0.817 106.6  45.6 -73.2 -33.3   12.3  -10.3  -18.8               
  440  440 A T  H  < S+     0   0   60     -4,-0.9   125,-0.8    -3,-0.5     2,-0.5   0.579 102.8  77.1 -84.4 -12.7   10.3   -8.5  -21.6               
  441  441 A V  E  < S-j  565   0C   1     -4,-0.7     2,-0.4    -3,-0.2   125,-0.2  -0.903  78.9-132.8-108.0 120.0   12.4   -5.3  -21.4               
  442  442 A K  E     -j  566   0C 123    123,-2.3   125,-3.0    -2,-0.5     2,-0.7  -0.551  25.5-151.6 -65.6 123.1   15.8   -5.1  -22.9               
  443  443 A Q  E     -j  567   0C   0     -2,-0.4     2,-0.7   123,-0.2   125,-0.2  -0.886  13.5-172.0-110.1 109.2   18.0   -3.5  -20.2               
  444  444 A N  E     -j  568   0C  54    123,-3.1   125,-2.6    -2,-0.7     2,-0.5  -0.867   7.5-167.7 -97.3 108.7   21.0   -1.4  -21.4               
  445  445 A I  E     -j  569   0C  11     -2,-0.7     2,-0.5   147,-0.3   125,-0.2  -0.883   0.6-166.9 -98.1 128.3   23.2   -0.4  -18.4               
  446  446 A I  E     -j  570   0C  60    123,-2.9   125,-2.5    -2,-0.5     2,-0.5  -0.966  13.0-147.9-119.0 113.2   25.9    2.3  -19.1               
  447  447 A V  E     +j  571   0C  40     -2,-0.5     2,-0.3   123,-0.2   125,-0.2  -0.734  42.8 149.2 -75.9 121.3   28.6    2.8  -16.5               
  448  448 A T        -     0   0   12    123,-2.8   125,-0.4    -2,-0.5     2,-0.2  -0.887  45.2-105.9-146.4 170.8   29.3    6.6  -16.8               
  449  449 A T    >>  -     0   0   68     -2,-0.3     4,-1.2   123,-0.2     3,-0.6  -0.690  37.5-108.9 -97.2 162.8   30.5    9.8  -15.1               
  450  450 A E  T 34 S+     0   0   74     -2,-0.2     4,-0.4     1,-0.2    -1,-0.1   0.779 119.4  55.4 -57.9 -28.9   28.2   12.8  -14.1               
  451  451 A K  T 34 S+     0   0  196      1,-0.2     4,-0.4     2,-0.1     3,-0.3   0.818 107.2  47.5 -75.7 -32.5   29.9   14.8  -16.9               
  452  452 A E  T <> S+     0   0   96     -3,-0.6     4,-2.5     1,-0.2     5,-0.3   0.681  87.4  87.3 -84.7 -19.4   29.1   12.3  -19.7               
  453  453 A K  H  X S+     0   0    2     -4,-1.2     4,-1.8     1,-0.2    -1,-0.2   0.853  89.2  49.4 -51.2 -43.9   25.4   11.8  -18.8               
  454  454 A R  H  > S+     0   0  118     -4,-0.4     4,-2.5    -3,-0.3    -1,-0.2   0.923 111.5  48.1 -63.5 -44.3   24.3   14.8  -21.0               
  455  455 A A  H  > S+     0   0   66     -4,-0.4     4,-2.7    -3,-0.2    -2,-0.2   0.933 113.4  47.5 -63.2 -44.5   26.3   13.6  -24.0               
  456  456 A L  H  X S+     0   0   38     -4,-2.5     4,-1.7     2,-0.2    -1,-0.2   0.797 112.0  51.0 -64.6 -32.8   24.8   10.0  -23.6               
  457  457 A T  H  X S+     0   0    1     -4,-1.8     4,-2.1    -5,-0.3    -2,-0.2   0.921 110.7  48.4 -70.7 -42.6   21.3   11.5  -23.3               
  458  458 A Q  H  X S+     0   0   49     -4,-2.5     4,-2.6     2,-0.2    -2,-0.2   0.952 111.6  49.5 -60.6 -49.2   21.8   13.6  -26.4               
  459  459 A E  H  X S+     0   0  112     -4,-2.7     4,-1.4     1,-0.2    -1,-0.2   0.881 111.3  50.1 -58.1 -41.4   23.1   10.5  -28.4               
  460  460 A F  H  < S+     0   0   35     -4,-1.7    -1,-0.2     2,-0.2    -2,-0.2   0.915 112.1  46.8 -63.3 -43.2   20.0    8.5  -27.2               
  461  461 A V  H >< S+     0   0    6     -4,-2.1     3,-1.2     1,-0.2    -2,-0.2   0.877 109.3  54.1 -69.8 -36.7   17.6   11.2  -28.2               
  462  462 A E  H 3< S+     0   0  132     -4,-2.6    -1,-0.2     1,-0.2    -2,-0.2   0.814 108.9  49.6 -65.5 -30.7   19.3   11.6  -31.7               
  463  463 A N  T 3< S+     0   0  124     -4,-1.4    -1,-0.2    -5,-0.2     2,-0.2   0.295  86.1 125.9 -90.0   6.8   18.8    7.8  -32.3               
  464  464 A M    <   -     0   0   35     -3,-1.2    -3,-0.1    -5,-0.1    -4,-0.0  -0.461  59.6-127.3 -70.2 136.0   15.1    7.9  -31.3               
  465  465 A S    >   -     0   0   65     -2,-0.2     3,-2.2     1,-0.1    -1,-0.1  -0.510  25.0-112.2 -75.8 151.9   12.5    6.5  -33.8               
  466  466 A P  T 3  S+     0   0  101      0, 0.0    -1,-0.1     0, 0.0    -2,-0.1   0.746 117.3  48.6 -56.9 -26.2    9.5    8.8  -34.7               
  467  467 A N  T 3  S+     0   0  148      2,-0.0     2,-0.2    70,-0.0    70,-0.1   0.329  85.7 118.9 -94.7  -0.5    7.1    6.4  -32.9               
  468  468 A D    <   -     0   0   24     -3,-2.2     2,-0.5    69,-0.1    68,-0.1  -0.510  45.3-162.8 -74.3 136.7    9.1    6.2  -29.6               
  469  469 A K        -     0   0   29     -2,-0.2    69,-2.3    66,-0.2    68,-1.3  -0.991  13.7-165.9-114.4 124.8    7.7    7.4  -26.3               
  470  470 A V  E     -kl 520 538C   0     49,-2.9    51,-2.7    -2,-0.5     2,-0.6  -0.933  18.8-160.5-115.7 132.7   10.3    7.9  -23.5               
  471  471 A I  E     -kl 521 539C   1     67,-2.1    69,-2.9    -2,-0.4     2,-0.5  -0.963  19.4-160.9-102.1 120.7    9.9    8.4  -19.8               
  472  472 A M  E     -kl 522 540C   0     49,-2.7    51,-3.2    -2,-0.6     2,-0.6  -0.898   2.7-152.1-104.8 124.3   13.1   10.0  -18.5               
  473  473 A F  E     +kl 523 541C   0     67,-3.0    70,-1.7    -2,-0.5    69,-1.2  -0.867  18.6 172.6-103.6 122.5   13.9    9.8  -14.8               
  474  474 A V        -     0   0    0     49,-2.1    51,-0.5    -2,-0.6     3,-0.0  -0.891  29.8-147.2-124.3 150.4   16.0   12.5  -13.0               
  475  475 A S  S    S+     0   0   58     -2,-0.3     2,-0.4    49,-0.1    -1,-0.1   0.787  82.4  58.1 -83.2 -32.1   16.8   13.1   -9.3               
  476  476 A Q  S >> S-     0   0   95      1,-0.1     4,-1.5    48,-0.0     3,-0.6  -0.895  70.2-142.8-114.5 133.7   16.9   16.9   -9.4               
  477  477 A K  H 3> S+     0   0   87     -2,-0.4     4,-2.0     1,-0.2     3,-0.4   0.913 101.7  54.9 -58.9 -46.8   14.1   19.3  -10.5               
  478  478 A H  H 3> S+     0   0  116      1,-0.3     4,-2.3     2,-0.2    -1,-0.2   0.785 106.2  52.9 -61.1 -29.9   16.5   21.8  -12.2               
  479  479 A I  H <> S+     0   0   15     -3,-0.6     4,-2.5     2,-0.2    -1,-0.3   0.867 107.2  52.7 -71.6 -37.0   17.9   18.9  -14.4               
  480  480 A A  H  X S+     0   0    0     -4,-1.5     4,-2.0    -3,-0.4    -2,-0.2   0.941 114.3  41.4 -59.3 -48.4   14.3   18.0  -15.5               
  481  481 A D  H  X S+     0   0   59     -4,-2.0     4,-2.5     2,-0.2    -2,-0.2   0.923 114.6  51.0 -68.5 -44.6   13.6   21.6  -16.5               
  482  482 A D  H  X S+     0   0   59     -4,-2.3     4,-2.7     1,-0.2    -2,-0.2   0.948 113.2  45.0 -59.7 -49.1   17.1   22.1  -18.2               
  483  483 A L  H  X S+     0   0    6     -4,-2.5     4,-2.4     1,-0.2    -1,-0.2   0.887 113.0  51.1 -62.9 -40.3   16.8   18.9  -20.3               
  484  484 A S  H  X S+     0   0   13     -4,-2.0     4,-2.2    -5,-0.2    10,-0.3   0.910 112.2  46.9 -64.7 -39.7   13.1   19.7  -21.2               
  485  485 A S  H  X S+     0   0   59     -4,-2.5     4,-2.3     2,-0.2    -2,-0.2   0.940 111.9  50.4 -65.0 -47.5   14.2   23.2  -22.4               
  486  486 A D  H  X S+     0   0   55     -4,-2.7     4,-1.6     1,-0.2    -2,-0.2   0.919 112.4  46.7 -58.9 -45.7   17.2   21.8  -24.3               
  487  487 A F  H  <>S+     0   0    3     -4,-2.4     5,-2.8     2,-0.2    -1,-0.2   0.921 110.8  51.6 -65.2 -41.5   15.0   19.2  -26.1               
  488  488 A N  H ><5S+     0   0   84     -4,-2.2     3,-1.4     1,-0.2    -2,-0.2   0.889 107.7  52.8 -64.2 -36.7   12.3   21.9  -27.0               
  489  489 A I  H 3<5S+     0   0  137     -4,-2.3    -1,-0.2     1,-0.3    -2,-0.2   0.867 107.4  52.8 -63.3 -35.6   15.1   24.1  -28.5               
  490  490 A Q  T 3<5S-     0   0   87     -4,-1.6    -1,-0.3    -5,-0.2    -2,-0.2   0.424 124.9-107.1 -77.0   0.2   16.1   21.1  -30.6               
  491  491 A G  T < 5S+     0   0   69     -3,-1.4     2,-0.6     1,-0.2    -3,-0.2   0.643  78.0 135.2  79.6  16.9   12.5   20.8  -31.8               
  492  492 A I      < -     0   0   40     -5,-2.8     2,-0.6    -6,-0.2    -1,-0.2  -0.885  61.0-122.5-101.6 116.6   11.9   17.6  -29.7               
  493  493 A S        +     0   0   36     -2,-0.6    27,-1.9    -3,-0.1    26,-1.3  -0.439  49.9 155.6 -62.3 104.7    8.6   17.6  -27.8               
  494  494 A A  E     -m  520   0C   6     -2,-0.6     2,-0.3   -10,-0.3    27,-0.2  -0.996  22.0-170.6-136.0 141.4    9.6   17.3  -24.1               
  495  495 A E  E     -m  521   0C  55     25,-2.1    27,-2.8    -2,-0.3     2,-0.3  -0.986  17.6-132.9-134.5 140.8    7.9   18.2  -20.8               
  496  496 A S  E     -m  522   0C  23     -2,-0.3     2,-0.4    25,-0.2    27,-0.2  -0.734  16.1-167.4 -94.0 139.7    9.1   18.2  -17.2               
  497  497 A L  E     +m  523   0C   1     25,-2.9    27,-1.9    -2,-0.3     2,-0.3  -0.912  23.7 141.9-133.8 108.5    7.1   16.7  -14.3               
  498  498 A H    >   -     0   0   23     -2,-0.4     3,-2.6    25,-0.2     8,-0.1  -0.916  63.2 -87.5-144.4 166.5    8.0   17.4  -10.7               
  499  499 A G  T 3  S+     0   0   54      1,-0.3    -2,-0.0    -2,-0.3     0, 0.0   0.425 119.9  58.9 -65.1  -0.7    6.4   18.1   -7.2               
  500  500 A N  T 3  S+     0   0  120      2,-0.1    -1,-0.3   -23,-0.0     2,-0.1   0.403  81.7 108.2 -97.8  -5.5    6.3   21.9   -7.8               
  501  501 A S  S <  S-     0   0   30     -3,-2.6     2,-0.1     1,-0.1    -4,-0.0  -0.461  80.1-107.9 -68.3 142.4    4.1   21.5  -11.0               
  502  502 A E     >  -     0   0  133     -2,-0.1     4,-2.4     1,-0.1     3,-0.2  -0.414  27.0-117.4 -65.7 149.3    0.4   22.6  -10.6               
  503  503 A Q  H  > S+     0   0  131      1,-0.2     4,-2.2     2,-0.2     5,-0.2   0.883 116.3  54.2 -59.8 -36.5   -2.0   19.6  -10.5               
  504  504 A S  H  > S+     0   0   67      2,-0.2     4,-2.3     1,-0.2    -1,-0.2   0.881 108.8  48.2 -61.7 -40.0   -3.6   20.9  -13.8               
  505  505 A D  H  > S+     0   0   71     -3,-0.2     4,-2.9     2,-0.2     5,-0.2   0.900 110.6  51.8 -70.1 -38.6   -0.2   21.0  -15.5               
  506  506 A Q  H  X S+     0   0   55     -4,-2.4     4,-1.7     2,-0.2    -2,-0.2   0.901 111.2  46.5 -61.4 -44.8    0.5   17.5  -14.3               
  507  507 A E  H  X S+     0   0  114     -4,-2.2     4,-2.1     2,-0.2    -2,-0.2   0.928 114.6  48.5 -64.8 -42.0   -2.8   16.2  -15.7               
  508  508 A R  H  X S+     0   0  160     -4,-2.3     4,-3.1     2,-0.2     5,-0.3   0.945 109.8  50.0 -61.6 -51.6   -2.2   18.0  -19.0               
  509  509 A A  H  X S+     0   0    0     -4,-2.9     4,-2.0     1,-0.2    -1,-0.2   0.860 112.8  48.4 -57.7 -38.6    1.4   16.7  -19.4               
  510  510 A V  H  X S+     0   0   14     -4,-1.7     4,-1.9    -5,-0.2    -1,-0.2   0.891 113.2  46.8 -68.8 -41.5    0.1   13.1  -18.8               
  511  511 A E  H  X S+     0   0  136     -4,-2.1     4,-3.0     2,-0.2     5,-0.2   0.935 112.7  49.5 -65.7 -43.9   -2.7   13.6  -21.3               
  512  512 A D  H  X>S+     0   0   40     -4,-3.1     6,-1.9     1,-0.2     5,-1.3   0.858 111.6  49.0 -66.7 -34.4   -0.3   15.1  -23.9               
  513  513 A F  H  <5S+     0   0    0     -4,-2.0    -1,-0.2    -5,-0.3    -2,-0.2   0.907 113.0  48.2 -68.1 -39.2    2.1   12.2  -23.4               
  514  514 A K  H  <5S+     0   0   96     -4,-1.9    -2,-0.2     1,-0.2    -3,-0.2   0.948 111.9  47.5 -66.0 -47.4   -0.8    9.7  -23.8               
  515  515 A S  H  <5S-     0   0   72     -4,-3.0    -1,-0.2    -5,-0.1    -2,-0.2   0.755 116.3-117.5 -63.1 -23.5   -2.2   11.4  -27.0               
  516  516 A G  T  <5S+     0   0   32     -4,-1.1    -3,-0.2    -5,-0.2    -4,-0.1   0.478  82.3 123.6  89.2   9.4    1.4   11.3  -28.3               
  517  517 A N  S   <S+     0   0  105     -5,-1.3     2,-0.4    -6,-0.2    -4,-0.2   0.811  77.6  46.7 -60.8 -32.8    1.7   15.2  -28.5               
  518  518 A I        -     0   0   15     -6,-1.9    -2,-0.2    -9,-0.1   -24,-0.1  -0.959  62.3-176.5-115.4 129.9    4.7   14.7  -26.2               
  519  519 A K  S    S+     0   0   72    -26,-1.3   -49,-2.9    -2,-0.4     2,-0.5   0.789  74.2  46.3 -90.0 -34.6    7.4   12.1  -27.0               
  520  520 A I  E     -km 470 494C   0    -27,-1.9   -25,-2.1   -51,-0.2     2,-0.7  -0.947  60.4-171.1-120.7 113.9    9.6   12.7  -23.9               
  521  521 A L  E     -km 471 495C   1    -51,-2.7   -49,-2.7    -2,-0.5     2,-0.6  -0.906  11.0-161.3-100.4 112.1    8.2   12.9  -20.3               
  522  522 A I  E     +km 472 496C   0    -27,-2.8   -25,-2.9    -2,-0.7     2,-0.3  -0.836  23.9 170.0 -97.2 116.5   11.0   14.0  -17.9               
  523  523 A T  E     -km 473 497C   1    -51,-3.2   -49,-2.1    -2,-0.6     2,-0.3  -0.916  37.0-128.8-135.5 152.2   10.0   13.2  -14.3               
  524  524 A T    >>  -     0   0   12    -27,-1.9     3,-1.7    -2,-0.3     4,-1.0  -0.750  42.9-106.2 -90.4 148.7   11.1   12.9  -10.7               
  525  525 A D  H 3> S+     0   0   33    -51,-0.5     4,-0.7    -2,-0.3   -50,-0.1   0.680 113.1  61.5 -49.3 -30.4   10.4    9.6   -8.8               
  526  526 A I  H 34 S+     0   0  140      1,-0.2    -1,-0.3     2,-0.1     3,-0.1   0.854 105.4  44.0 -67.6 -36.7    7.5   11.1   -6.7               
  527  527 A V  H <4 S+     0   0   11     -3,-1.7    -2,-0.2   -30,-0.2    -1,-0.2   0.786 103.2  61.0 -90.0 -27.9    5.2   12.1   -9.6               
  528  528 A S  H >< S+     0   0    4     -4,-1.0     3,-2.3   -31,-0.1    -1,-0.2   0.824  74.3 110.2 -67.9 -33.8    5.4    9.0  -11.8               
  529  529 A R  T 3< S+     0   0  124     -4,-0.7     3,-0.1     1,-0.3    25,-0.0  -0.220  90.8   4.5 -57.8 120.4    4.0    6.5   -9.2               
  530  530 A G  T 3  S+     0   0   67      1,-0.3     2,-0.3    -2,-0.1    -1,-0.3   0.305  87.5 141.4  86.6  -3.6    0.5    5.3  -10.2               
  531  531 A L    <   -     0   0   28     -3,-2.3     2,-1.4    -4,-0.1    -1,-0.3  -0.522  51.0-138.4 -64.6 124.8    0.3    7.1  -13.6               
  532  532 A D        +     0   0   79     -2,-0.3     2,-0.8    -3,-0.1    -1,-0.1  -0.715  34.5 171.0 -84.1  81.2   -1.4    4.8  -16.1               
  533  533 A L        -     0   0    4     -2,-1.4     3,-0.4    24,-0.0     2,-0.2  -0.891  11.8-167.8 -97.4 103.9    0.9    5.5  -19.1               
  534  534 A N        +     0   0   66     -2,-0.8    24,-0.0     1,-0.2    23,-0.0  -0.555  63.3  29.0 -84.2 156.5    0.2    3.1  -21.9               
  535  535 A D        +     0   0   73      1,-0.2     2,-0.6    -2,-0.2   -66,-0.2   0.668  68.7 162.4  66.9  26.2    2.5    2.7  -25.0               
  536  536 A V        +     0   0   11     -3,-0.4    23,-0.4    21,-0.4    -1,-0.2  -0.642  11.8 178.0 -71.4 116.0    5.9    3.6  -23.3               
  537  537 A T        +     0   0   37    -68,-1.3    29,-2.1    -2,-0.6     2,-0.3   0.797  63.9  28.0 -84.2 -33.3    8.6    2.2  -25.7               
  538  538 A H  E     -ln 470 566C  31    -69,-2.3   -67,-2.1    27,-0.2     2,-0.4  -0.974  54.6-161.1-141.0 142.4   11.6    3.4  -23.7               
  539  539 A V  E     -ln 471 567C   0     27,-1.8    29,-2.8    -2,-0.3     2,-0.6  -0.994  13.9-164.5-124.0 122.0   12.6    4.2  -20.1               
  540  540 A Y  E     -ln 472 568C   1    -69,-2.9   -67,-3.0    -2,-0.4     2,-1.3  -0.909   5.8-162.8-113.1 105.2   15.7    6.4  -19.6               
  541  541 A N  E     +ln 473 569C   0     27,-3.1    29,-2.7    -2,-0.6   -67,-0.1  -0.728  14.9 172.0 -86.0  91.3   17.2    6.5  -16.1               
  542  542 A Y  S    S+     0   0    9     -2,-1.3     2,-0.4   -69,-1.2   -68,-0.2   0.904  77.3  32.7 -64.0 -42.9   19.4    9.6  -16.3               
  543  543 A D  S    S-     0   0   11    -70,-1.7    -1,-0.2    -3,-0.2    28,-0.1  -0.969  93.7-118.9-113.3 131.7   20.0    9.2  -12.6               
  544  544 A F        -     0   0    6     -2,-0.4    27,-0.1    26,-0.3     2,-0.1  -0.392  40.0-109.7 -60.8 134.8   20.2    5.8  -10.9               
  545  545 A P        -     0   0    2      0, 0.0    -1,-0.1     0, 0.0     6,-0.1  -0.348  20.3-114.5 -70.3 155.7   17.4    5.5   -8.2               
  546  546 A R  S    S+     0   0  238     -2,-0.1     2,-0.3     2,-0.0    -2,-0.1   0.681  98.9  28.4 -64.4 -22.0   18.2    5.5   -4.5               
  547  547 A N  S  > S-     0   0   58      1,-0.1     4,-1.4    31,-0.0     3,-0.2  -0.955  78.6-120.9-136.5 161.1   17.0    1.9   -4.1               
  548  548 A I  H  > S+     0   0   16     -2,-0.3     4,-2.4     1,-0.2     5,-0.2   0.860 108.0  63.4 -71.6 -31.7   16.7   -1.1   -6.4               
  549  549 A D  H  > S+     0   0   45      1,-0.2     4,-2.2     2,-0.2    -1,-0.2   0.885 103.7  48.4 -62.7 -37.3   12.9   -1.4   -6.0               
  550  550 A V  H  > S+     0   0   16     -3,-0.2     4,-2.6     2,-0.2    -1,-0.2   0.918 108.2  55.5 -68.4 -40.5   12.4    2.0   -7.7               
  551  551 A Y  H  X S+     0   0    0     -4,-1.4     4,-2.4     1,-0.2    -2,-0.2   0.955 111.5  43.5 -52.0 -50.4   14.8    1.0  -10.5               
  552  552 A V  H  X S+     0   0    2     -4,-2.4     4,-2.1     1,-0.2    -1,-0.2   0.884 111.6  52.9 -70.6 -34.1   12.6   -2.0  -11.2               
  553  553 A H  H  < S+     0   0   53     -4,-2.2    -1,-0.2    -5,-0.2    -2,-0.2   0.884 109.4  50.8 -62.5 -38.6    9.4    0.0  -10.9               
  554  554 A R  H >< S+     0   0    1     -4,-2.6     3,-1.5     1,-0.2     4,-0.3   0.942 110.6  47.7 -64.7 -45.8   10.8    2.5  -13.5               
  555  555 A V  H >< S+     0   0    0     -4,-2.4     3,-2.0     1,-0.3    -2,-0.2   0.882 101.6  68.4 -60.4 -36.3   11.6   -0.4  -15.9               
  556  556 A G  T 3< S+     0   0   19     -4,-2.1    -1,-0.3     1,-0.3    -2,-0.2   0.473  75.9  80.0 -68.1  -4.2    8.0   -1.7  -15.2               
  557  557 A Y  T <  S+     0   0    5     -3,-1.5     3,-0.4    -4,-0.2     2,-0.4   0.796  88.1  70.1 -65.0 -26.4    6.5    1.3  -17.1               
  558  558 A I  S <  S+     0   0    1     -3,-2.0     7,-0.1    -4,-0.3  -118,-0.1  -0.769  98.5  26.1 -88.7 130.0    7.4   -0.8  -20.2               
  559  559 A G    >   +     0   0   22     -2,-0.4     3,-2.0   -23,-0.4    -1,-0.2   0.389  65.8 126.6 104.1   3.0    5.4   -4.0  -20.7               
  560  560 A R  T 3  S+     0   0  126     -3,-0.4    -2,-0.1     1,-0.3   -26,-0.1   0.774  88.7  41.9 -56.8 -24.3    1.9   -3.4  -19.1               
  561  561 A T  T 3  S-     0   0   77      2,-0.1    -1,-0.3     3,-0.0     3,-0.1   0.167 125.4 -99.2-105.3  12.6    0.4   -4.4  -22.5               
  562  562 A G  S <  S+     0   0   65     -3,-2.0     2,-0.2     1,-0.3    -2,-0.1   0.538  79.9 142.5  74.6   7.4    2.8   -7.4  -23.2               
  563  563 A K        -     0   0  112      1,-0.1    -1,-0.3   -27,-0.1     2,-0.2  -0.571  50.1-125.7 -77.0 142.1    4.8   -5.0  -25.5               
  564  564 A T        +     0   0  119     -2,-0.2     2,-0.3    -3,-0.1  -123,-0.2  -0.556  39.9 156.4 -75.2 150.6    8.6   -5.3  -25.7               
  565  565 A G  E     -j  441   0C  12   -125,-0.8  -123,-2.3    -2,-0.2     2,-0.4  -0.931  35.6-100.7-161.4-174.1   10.7   -2.1  -25.0               
  566  566 A T  E     -jn 442 538C  30    -29,-2.1   -27,-1.8    -2,-0.3     2,-0.5  -0.963  16.0-160.3-125.0 126.9   14.1   -0.8  -23.9               
  567  567 A S  E     -jn 443 539C   0   -125,-3.0  -123,-3.1    -2,-0.4     2,-0.4  -0.919   8.8-165.2 -97.8 128.0   15.4    0.6  -20.6               
  568  568 A V  E     -jn 444 540C   9    -29,-2.8   -27,-3.1    -2,-0.5     2,-0.4  -0.935  10.1-172.1-107.7 130.5   18.6    2.7  -20.7               
  569  569 A T  E     -jn 445 541C   0   -125,-2.6  -123,-2.9    -2,-0.4     2,-0.5  -0.962  15.3-154.1-133.3 120.5   20.2    3.3  -17.3               
  570  570 A L  E     -j  446   0C   0    -29,-2.7     2,-0.4    -2,-0.4   -26,-0.3  -0.761  17.8-174.8 -87.3 126.9   23.1    5.5  -16.5               
  571  571 A I  E     -j  447   0C   0   -125,-2.5  -123,-2.8    -2,-0.5     2,-0.2  -0.987   0.6-170.9-125.4 134.1   25.0    4.4  -13.4               
  572  572 A T    >   -     0   0    4     -2,-0.4     3,-1.8  -125,-0.2     4,-0.3  -0.694  43.6 -93.5-115.4 173.4   27.9    6.3  -11.7               
  573  573 A Q  G >  S+     0   0  115   -125,-0.4     3,-1.0     1,-0.3     4,-0.2   0.768 121.8  65.5 -58.4 -24.3   30.5    5.6   -9.0               
  574  574 A R  G 3  S+     0   0  190      1,-0.2     3,-0.3     2,-0.1    -1,-0.3   0.798 102.2  48.8 -65.0 -25.5   28.0    7.3   -6.5               
  575  575 A D  G X> S+     0   0   32     -3,-1.8     3,-2.6     1,-0.2     4,-0.7   0.337  74.8 114.8 -98.0   3.0   25.6    4.4   -7.1               
  576  576 A S  H <>  +     0   0   22     -3,-1.0     4,-0.5     1,-0.3     3,-0.4   0.735  66.9  66.5 -52.2 -27.9   28.3    1.6   -6.7               
  577  577 A K  H 34 S+     0   0  140     -3,-0.3    -1,-0.3     1,-0.2     3,-0.2   0.823 103.7  45.7 -58.4 -34.4   26.5    0.3   -3.6               
  578  578 A M  H X> S+     0   0   21     -3,-2.6     4,-2.4     1,-0.2     3,-1.2   0.659  88.1  87.6 -87.6 -18.3   23.6   -0.8   -5.9               
  579  579 A A  H 3X S+     0   0    0     -4,-0.7     4,-2.5    -3,-0.4     5,-0.2   0.871  86.7  52.8 -53.1 -42.8   25.7   -2.4   -8.6               
  580  580 A G  H 3X S+     0   0   23     -4,-0.5     4,-0.9    -3,-0.2    -1,-0.3   0.760 112.4  44.3 -68.0 -27.1   25.7   -5.8   -6.8               
  581  581 A E  H <> S+     0   0   93     -3,-1.2     4,-1.0    -4,-0.2    -2,-0.2   0.862 112.1  53.1 -80.9 -37.8   21.9   -5.9   -6.5               
  582  582 A L  H >X S+     0   0    0     -4,-2.4     4,-2.4     2,-0.2     3,-0.8   0.927 105.1  54.2 -61.5 -46.4   21.4   -4.7  -10.1               
  583  583 A I  H 3X S+     0   0   26     -4,-2.5     4,-3.0     1,-0.3     5,-0.3   0.928 106.1  53.1 -54.3 -46.3   23.7   -7.5  -11.5               
  584  584 A K  H 3X S+     0   0  128     -4,-0.9     4,-1.4     1,-0.2    -1,-0.3   0.768 110.1  48.1 -60.9 -31.4   21.5  -10.1   -9.7               
  585  585 A I  H <X S+     0   0   12     -4,-1.0     4,-1.2    -3,-0.8    -1,-0.2   0.913 113.0  46.8 -74.7 -44.4   18.4   -8.7  -11.4               
  586  586 A L  H ><>S+     0   0    0     -4,-2.4     5,-2.7     2,-0.2     3,-0.6   0.936 113.0  49.3 -61.7 -47.4   20.0   -8.7  -14.9               
  587  587 A D  H ><5S+     0   0   93     -4,-3.0     3,-1.7     1,-0.3    -1,-0.2   0.917 110.7  49.8 -57.8 -47.7   21.3  -12.3  -14.4               
  588  588 A R  H 3<5S+     0   0  156     -4,-1.4    -1,-0.3     1,-0.3    -2,-0.2   0.749 112.9  48.0 -64.5 -25.5   17.8  -13.5  -13.3               
  589  589 A A  T <<5S-     0   0    4     -4,-1.2    -1,-0.3    -3,-0.6    -2,-0.2   0.204 113.3-118.6 -96.4  10.7   16.3  -11.8  -16.3               
  590  590 A N  T < 5 +     0   0  149     -3,-1.7     2,-0.2     1,-0.2    -3,-0.2   0.823  63.7 150.3  50.6  36.7   18.9  -13.3  -18.7               
  591  591 A Q      < -     0   0   36     -5,-2.7     2,-0.4    -6,-0.1    -1,-0.2  -0.655  56.3 -95.1 -90.8 154.4   20.1   -9.8  -19.6               
  592  592 A S        -     0   0   90     -2,-0.2  -147,-0.3  -149,-0.1    -1,-0.1  -0.562  35.7-147.6 -67.1 123.1   23.7   -8.8  -20.7               
  593  593 A V        -     0   0   40     -2,-0.4     2,-0.1  -149,-0.1  -149,-0.0  -0.849  18.1-125.9 -91.2 119.7   25.7   -7.6  -17.7               
  594  594 A P    >>  -     0   0   34      0, 0.0     4,-1.5     0, 0.0     3,-0.7  -0.431  10.5-131.0 -64.7 140.6   28.3   -5.0  -18.7               
  595  595 A E  H 3> S+     0   0  164      1,-0.2     4,-2.6     2,-0.2     3,-0.3   0.912 107.7  57.4 -58.0 -42.2   31.9   -5.8  -17.6               
  596  596 A D  H 3> S+     0   0  103      1,-0.2     4,-2.4     2,-0.2    -1,-0.2   0.819 103.8  53.3 -59.6 -32.5   32.3   -2.2  -16.1               
  597  597 A L  H <> S+     0   0    0     -3,-0.7     4,-2.2     2,-0.2    -1,-0.2   0.891 108.8  48.8 -71.3 -38.7   29.3   -2.9  -13.8               
  598  598 A V  H  X S+     0   0   54     -4,-1.5     4,-2.4    -3,-0.3    -2,-0.2   0.961 112.2  48.7 -62.2 -49.1   30.9   -6.1  -12.5               
  599  599 A V  H  X S+     0   0   65     -4,-2.6     4,-2.8     1,-0.2     5,-0.2   0.910 110.5  51.7 -57.7 -44.5   34.2   -4.2  -11.9               
  600  600 A M  H  X S+     0   0    2     -4,-2.4     4,-2.2     1,-0.2    -1,-0.2   0.916 110.9  47.3 -58.4 -44.9   32.2   -1.5  -10.1               
  601  601 A A  H  X S+     0   0    6     -4,-2.2     4,-2.0     2,-0.2    -2,-0.2   0.877 113.6  47.8 -66.9 -38.3   30.5   -4.1   -7.8               
  602  602 A E  H  X S+     0   0  109     -4,-2.4     4,-2.6     2,-0.2    -2,-0.2   0.944 111.1  50.2 -67.1 -46.5   33.8   -5.8   -7.0               
  603  603 A Q  H  X S+     0   0   86     -4,-2.8     4,-2.5     1,-0.2    -2,-0.2   0.908 110.1  51.6 -58.1 -42.4   35.6   -2.5   -6.2               
  604  604 A Y  H  X S+     0   0   61     -4,-2.2     4,-2.3    -5,-0.2    -1,-0.2   0.944 110.5  47.8 -60.4 -46.9   32.6   -1.6   -3.9               
  605  605 A K  H  X S+     0   0  130     -4,-2.0     4,-2.2     2,-0.2    -2,-0.2   0.917 112.7  48.8 -59.8 -45.0   33.0   -5.0   -2.1               
  606  606 A L  H  X S+     0   0   97     -4,-2.6     4,-2.3     2,-0.2    -2,-0.2   0.915 111.1  49.8 -62.4 -43.1   36.8   -4.6   -1.7               
  607  607 A N  H  X S+     0   0   86     -4,-2.5     4,-2.5     2,-0.2    -2,-0.2   0.900 109.6  51.5 -64.6 -38.8   36.4   -1.0   -0.4               
  608  608 A Q  H  X S+     0   0   80     -4,-2.3     4,-2.1     2,-0.2    -2,-0.2   0.920 110.4  48.8 -63.6 -41.6   33.8   -2.3    2.2               
  609  609 A Q  H  X S+     0   0  105     -4,-2.2     4,-2.1     2,-0.2    -2,-0.2   0.907 111.0  50.5 -64.7 -41.3   36.2   -5.0    3.4               
  610  610 A K  H  X S+     0   0  126     -4,-2.3     4,-2.8     2,-0.2     5,-0.2   0.962 111.5  47.5 -60.0 -49.7   39.1   -2.4    3.7               
  611  611 A R  H  X S+     0   0  162     -4,-2.5     4,-2.0     1,-0.2    -2,-0.2   0.867 112.0  50.5 -60.3 -38.7   36.8   -0.0    5.8               
  612  612 A H  H  X S+     0   0  105     -4,-2.1     4,-1.5     2,-0.2    -1,-0.2   0.874 111.7  47.7 -68.6 -36.8   35.8   -3.0    8.0               
  613  613 A R  H  X S+     0   0  175     -4,-2.1     4,-2.1     2,-0.2     3,-0.3   0.967 112.0  49.3 -65.7 -49.3   39.5   -4.0    8.5               
  614  614 A E  H  X S+     0   0  125     -4,-2.8     4,-0.9     1,-0.2    -2,-0.2   0.857 108.9  53.2 -58.8 -38.3   40.5   -0.4    9.4               
  615  615 A T  H  < S+     0   0  102     -4,-2.0     3,-0.3    -5,-0.2    -1,-0.2   0.881 112.4  44.5 -66.8 -35.7   37.6   -0.1   11.9               
  616  616 A R  H  < S+     0   0  200     -4,-1.5    -2,-0.2    -3,-0.3    -1,-0.2   0.792 107.5  59.3 -75.1 -30.6   38.8   -3.3   13.6               
  617  617 A S  H  < S+     0   0   96     -4,-2.1     2,-1.3    -5,-0.1    -1,-0.2   0.649  80.3  99.6 -74.1 -16.8   42.5   -2.1   13.5               
  618  618 A R  S  < S-     0   0  207     -4,-0.9    -1,-0.1    -3,-0.3     3,-0.0  -0.614  71.8-146.5 -71.0  96.0   41.5    1.0   15.6               
  619  619 A K    >   -     0   0  183     -2,-1.3     3,-1.1     1,-0.1     2,-0.7  -0.414  30.3-100.6 -52.2 135.8   42.6   -0.0   19.1               
  620  620 A P  T 3  S+     0   0  140      0, 0.0    -1,-0.1     0, 0.0     3,-0.1  -0.532 106.1  58.0 -62.9 105.0   40.1    1.5   21.7               
  621  621 A G  T 3   +     0   0   68     -2,-0.7     2,-1.7     1,-0.1    -2,-0.0   0.271  55.8 116.0 156.8 -16.8   42.3    4.5   22.8               
  622  622 A Q    <   -     0   0  190     -3,-1.1     2,-0.2     3,-0.0    -1,-0.1  -0.565  49.5-159.8 -80.9  86.2   43.3    7.0   20.1               
  623  623 A R        -     0   0  235     -2,-1.7     2,-0.2     1,-0.1     0, 0.0  -0.453  32.2-100.5 -52.4 128.7   41.5   10.1   21.2               
  624  624 A R        -     0   0  235     -2,-0.2     2,-1.0     1,-0.1    -1,-0.1  -0.423  34.4-120.3 -52.2 119.0   41.2   12.5   18.2               
  625  625 A K        -     0   0  187     -2,-0.2     2,-0.7    -3,-0.1    -1,-0.1  -0.669  26.9-146.2 -63.6 100.2   44.0   15.2   18.5               
  626  626 A E        -     0   0  141     -2,-1.0     2,-0.9     1,-0.0    -1,-0.0  -0.714  10.3-139.6 -66.4 109.4   41.7   18.3   18.7               
  627  627 A F        -     0   0  174     -2,-0.7     2,-0.8     2,-0.0    -1,-0.0  -0.754  10.8-152.0 -69.3 106.5   43.8   20.9   16.9               
  628  628 A Y        -     0   0  189     -2,-0.9     2,-0.8     2,-0.0    -2,-0.0  -0.807  11.6-142.5 -74.0 109.7   43.3   24.1   19.0               
  629  629 A F        -     0   0  196     -2,-0.8     2,-0.7     2,-0.0    -2,-0.0  -0.766  14.4-157.3 -69.9 109.9   43.8   26.8   16.4               
  630  630 A L              0   0  173     -2,-0.8    -2,-0.0     0, 0.0    -3,-0.0  -0.909 360.0 360.0 -85.0 114.2   45.7   29.5   18.3               
  631  631 A S              0   0  189     -2,-0.7    -2,-0.0     0, 0.0     0, 0.0  -0.869 360.0 360.0-136.3 360.0   45.2   32.9   16.7               
