==== Secondary Structure Definition by the program DSSP, CMBI version 2.0                          ==== DATE=2026-03-08        .
REFERENCE W. KABSCH AND C.SANDER, BIOPOLYMERS 22 (1983) 2577-2637                                                              .
HEADER                                            01-AUG-25                                                                    .
COMPND    MOL_ID: 1; MOLECULE: PROBABLE RNA-BINDING PROTEIN 23; CHAIN: A                                                       .
SOURCE    MOL_ID: 1; ORGANISM_SCIENTIFIC: HOMO SAPIENS; ORGANISM_TAXID: 9606                                                   .
AUTHOR                                                                                                                         .
  439  1  0  0  0 TOTAL NUMBER OF RESIDUES, NUMBER OF CHAINS, NUMBER OF SS-BRIDGES(TOTAL,INTRACHAIN,INTERCHAIN)                .
 46637.9   ACCESSIBLE SURFACE OF PROTEIN (ANGSTROM**2)                                                                         .
  227 51.7   TOTAL NUMBER OF HYDROGEN BONDS OF TYPE O(I)-->H-N(J)  , SAME NUMBER PER 100 RESIDUES                              .
    0  0.0   TOTAL NUMBER OF HYDROGEN BONDS IN     PARALLEL BRIDGES, SAME NUMBER PER 100 RESIDUES                              .
   50 11.4   TOTAL NUMBER OF HYDROGEN BONDS IN ANTIPARALLEL BRIDGES, SAME NUMBER PER 100 RESIDUES                              .
    2  0.5   TOTAL NUMBER OF HYDROGEN BONDS OF TYPE O(I)-->H-N(I-5), SAME NUMBER PER 100 RESIDUES                              .
    1  0.2   TOTAL NUMBER OF HYDROGEN BONDS OF TYPE O(I)-->H-N(I-4), SAME NUMBER PER 100 RESIDUES                              .
    2  0.5   TOTAL NUMBER OF HYDROGEN BONDS OF TYPE O(I)-->H-N(I-3), SAME NUMBER PER 100 RESIDUES                              .
    0  0.0   TOTAL NUMBER OF HYDROGEN BONDS OF TYPE O(I)-->H-N(I-2), SAME NUMBER PER 100 RESIDUES                              .
    0  0.0   TOTAL NUMBER OF HYDROGEN BONDS OF TYPE O(I)-->H-N(I-1), SAME NUMBER PER 100 RESIDUES                              .
    0  0.0   TOTAL NUMBER OF HYDROGEN BONDS OF TYPE O(I)-->H-N(I+0), SAME NUMBER PER 100 RESIDUES                              .
    0  0.0   TOTAL NUMBER OF HYDROGEN BONDS OF TYPE O(I)-->H-N(I+1), SAME NUMBER PER 100 RESIDUES                              .
   52 11.8   TOTAL NUMBER OF HYDROGEN BONDS OF TYPE O(I)-->H-N(I+2), SAME NUMBER PER 100 RESIDUES                              .
   35  8.0   TOTAL NUMBER OF HYDROGEN BONDS OF TYPE O(I)-->H-N(I+3), SAME NUMBER PER 100 RESIDUES                              .
   84 19.1   TOTAL NUMBER OF HYDROGEN BONDS OF TYPE O(I)-->H-N(I+4), SAME NUMBER PER 100 RESIDUES                              .
    1  0.2   TOTAL NUMBER OF HYDROGEN BONDS OF TYPE O(I)-->H-N(I+5), SAME NUMBER PER 100 RESIDUES                              .
  1  2  3  4  5  6  7  8  9 10 11 12 13 14 15 16 17 18 19 20 21 22 23 24 25 26 27 28 29 30     *** HISTOGRAMS OF ***           .
  0  0  0  0  0  1  1  2  0  0  2  0  0  1  1  1  0  0  0  0  0  0  0  0  0  0  0  0  0  0    RESIDUES PER ALPHA HELIX         .
  0  0  0  0  0  0  0  0  0  0  0  0  0  0  0  0  0  0  0  0  0  0  0  0  0  0  0  0  0  0    PARALLEL BRIDGES PER LADDER      .
  1  1  0  3  2  1  1  0  0  0  0  0  0  0  0  0  0  0  0  0  0  0  0  0  0  0  0  0  0  0    ANTIPARALLEL BRIDGES PER LADDER  .
  1  0  1  1  0  0  0  0  0  0  0  0  0  0  0  0  0  0  0  0  0  0  0  0  0  0  0  0  0  0    LADDERS PER SHEET                .
  #  RESIDUE AA STRUCTURE BP1 BP2  ACC     N-H-->O    O-->H-N    N-H-->O    O-->H-N    TCO  KAPPA ALPHA  PHI   PSI    X-CA   Y-CA   Z-CA            CHAIN
    1    1 A M              0   0  230      0, 0.0     0, 0.0     0, 0.0     0, 0.0   0.000 360.0 360.0 360.0  60.3   25.1   28.9  -26.6               
    2    2 A A        +     0   0   76      0, 0.0     4,-0.1     0, 0.0     0, 0.0   0.261 360.0  72.2-158.2   2.1   24.9   25.7  -24.6               
    3    3 A S  S >> S+     0   0   77      2,-0.1     3,-1.1     1,-0.1     4,-0.5   0.799  87.3  63.5 -83.6 -37.2   23.0   23.2  -26.8               
    4    4 A D  H 3> S+     0   0  103      1,-0.3     4,-1.1     2,-0.2     3,-0.1   0.639  87.1  67.5 -81.9 -17.1   25.7   22.5  -29.3               
    5    5 A D  H 3> S+     0   0  117      1,-0.2     4,-1.0     2,-0.2    -1,-0.3   0.728  94.8  60.0 -71.0 -24.0   28.4   20.9  -27.0               
    6    6 A F  H <> S+     0   0  156     -3,-1.1     4,-1.2     2,-0.2    -1,-0.2   0.900 102.0  49.1 -75.9 -38.8   26.2   17.8  -26.4               
    7    7 A D  H  X S+     0   0  110     -4,-0.5     4,-2.4     1,-0.2     3,-0.2   0.911 107.2  57.0 -68.2 -37.8   26.0   16.6  -30.1               
    8    8 A I  H  X S+     0   0  106     -4,-1.1     4,-2.2     1,-0.2    -1,-0.2   0.859 105.1  50.9 -61.1 -39.5   29.8   17.0  -30.5               
    9    9 A V  H  X S+     0   0   91     -4,-1.0     4,-1.1     2,-0.2    -1,-0.2   0.860 110.8  48.9 -69.6 -33.4   30.5   14.5  -27.6               
   10   10 A I  H  X S+     0   0   98     -4,-1.2     4,-1.0    -3,-0.2     3,-0.2   0.923 111.8  47.4 -74.6 -42.8   28.1   11.9  -29.1               
   11   11 A E  H >X S+     0   0  139     -4,-2.4     4,-1.3     1,-0.2     3,-1.0   0.949 110.1  53.9 -61.4 -43.8   29.7   12.1  -32.6               
   12   12 A A  H 3< S+     0   0   64     -4,-2.2     4,-0.3     1,-0.3    -1,-0.2   0.789 107.2  51.6 -62.3 -28.6   33.2   11.8  -31.1               
   13   13 A M  H 3< S+     0   0  152     -4,-1.1    -1,-0.3    -3,-0.2    -2,-0.2   0.723 106.5  54.7 -77.4 -22.1   32.0    8.6  -29.2               
   14   14 A L  H << S+     0   0  144     -3,-1.0    -2,-0.2    -4,-1.0    -1,-0.2   0.744 105.2  51.7 -83.6 -24.4   30.8    7.1  -32.6               
   15   15 A E  S  < S+     0   0  174     -4,-1.3    -1,-0.2     2,-0.1    -2,-0.1   0.537  81.5 112.1 -87.5  -7.9   34.1    7.5  -34.5               
   16   16 A A  S    S-     0   0   67     -4,-0.3     2,-0.4    -3,-0.2    -3,-0.0  -0.512  70.9-124.2 -74.0 122.6   36.3    5.8  -31.8               
   17   17 A P        -     0   0  119      0, 0.0     2,-0.5     0, 0.0    -1,-0.1  -0.474  30.0-113.7 -71.5 123.6   37.8    2.4  -33.0               
   18   18 A Y        -     0   0  207     -2,-0.4     2,-0.6     1,-0.1    -2,-0.0  -0.361  26.2-160.5 -62.2 108.0   36.9   -0.4  -30.5               
   19   19 A K        -     0   0  176     -2,-0.5     2,-0.8     2,-0.0    -1,-0.1  -0.821   8.1-151.3 -83.9 123.2   39.9   -1.9  -28.7               
   20   20 A K        -     0   0  161     -2,-0.6     2,-0.3     2,-0.0    -2,-0.0  -0.863  13.6-168.8 -96.5  99.3   39.0   -5.4  -27.3               
   21   21 A E        -     0   0  164     -2,-0.8     2,-0.9     2,-0.0    -2,-0.0  -0.663  21.2-124.7 -91.5 147.6   41.1   -5.9  -24.2               
   22   22 A E        +     0   0  167     -2,-0.3     2,-1.9     1,-0.1    -2,-0.0  -0.672  26.9 178.5-109.0  82.0   41.1   -9.5  -22.8               
   23   23 A D        +     0   0  160     -2,-0.9     3,-0.4     1,-0.2    -1,-0.1  -0.287  34.8 133.1 -79.7  59.5   40.1   -9.9  -19.1               
   24   24 A E        +     0   0  188     -2,-1.9    -1,-0.2     1,-0.2    -2,-0.0  -0.107  54.5  76.5 -91.8  35.5   40.4  -13.7  -19.0               
   25   25 A Q  S    S+     0   0  182      1,-0.1    -1,-0.2     2,-0.0     3,-0.1   0.292  72.7  60.3-144.4  23.7   42.3  -13.6  -15.6               
   26   26 A Q  S    S+     0   0  189     -3,-0.4     3,-0.1     1,-0.1    -2,-0.1   0.296  76.5  85.9-131.9  13.0   40.3  -13.0  -12.3               
   27   27 A R        +     0   0  250      1,-0.2     2,-0.1     0, 0.0    -1,-0.1   0.129  67.4  87.7-102.2  21.1   37.7  -15.9  -12.1               
   28   28 A K        +     0   0  204     -3,-0.1     2,-0.3     0, 0.0    -1,-0.2  -0.447  67.0  68.5-128.8  64.1   40.0  -18.6  -10.3               
   29   29 A E        +     0   0  189     -3,-0.1    -3,-0.0     1,-0.1     0, 0.0  -0.952  69.0  48.6-159.1 167.9   39.9  -18.4   -6.5               
   30   30 A V        +     0   0  147     -2,-0.3    -1,-0.1     1,-0.1     2,-0.0   0.978  59.6 124.0  67.2  69.3   37.4  -19.0   -3.6               
   31   31 A K        +     0   0  203     -3,-0.1     2,-0.2     1,-0.0    -1,-0.1  -0.432  39.1 107.6-149.9  82.8   35.7  -22.4   -4.1               
   32   32 A K        +     0   0  188      1,-0.1    -1,-0.0    -2,-0.0    -2,-0.0  -0.689  41.8  39.5-177.9 139.7   36.1  -24.7   -1.0               
   33   33 A D        +     0   0  135     -2,-0.2    -1,-0.1     1,-0.1     0, 0.0   0.701  32.0 134.6-141.7 157.8   34.5  -26.0    1.5               
   34   34 A Y        +     0   0  232      2,-0.1     2,-0.2     0, 0.0    -1,-0.1  -0.972  13.7 179.6-115.1 151.2   31.3  -27.6    2.8               
   35   35 A P        -     0   0  122      0, 0.0     2,-0.4     0, 0.0     0, 0.0  -0.708   3.3-177.5-140.3 126.9   30.5  -30.5    4.8               
   36   36 A S        +     0   0  109     -2,-0.2     2,-0.3     2,-0.0    -2,-0.1  -0.781  16.9 173.2 -73.4 139.3   27.1  -31.7    5.9               
   37   37 A N        +     0   0  164     -2,-0.4     2,-0.3     0, 0.0     0, 0.0  -0.980   7.6 179.9-149.6 151.2   27.1  -34.7    8.1               
   38   38 A T        +     0   0  117     -2,-0.3    -2,-0.0     2,-0.0     0, 0.0  -0.938  24.6  51.8-132.3 157.9   24.5  -36.6   10.1               
   39   39 A T        +     0   0  125     -2,-0.3    -1,-0.0     0, 0.0     0, 0.0   0.414  39.8  60.7 101.4 143.0   24.1  -39.7   12.4               
   40   40 A S        -     0   0   98      0, 0.0    -2,-0.0     0, 0.0     0, 0.0   0.950  35.2-110.0  73.4  96.8   24.7  -42.0   15.4               
   41   41 A S        +     0   0   96      0, 0.0     0, 0.0     0, 0.0     0, 0.0   0.966  23.9 107.7  77.0 135.5   24.9  -42.6   18.9               
   42   42 A T        +     0   0  132      0, 0.0     0, 0.0     0, 0.0     0, 0.0   0.747  21.5  30.8  65.0 142.3   26.2  -43.3   22.4               
   43   43 A S        -     0   0   93      0, 0.0     0, 0.0     0, 0.0     0, 0.0   0.694  23.4 -70.2-173.2 150.4   26.9  -42.9   25.5               
   44   44 A N        +     0   0  159      0, 0.0     0, 0.0     0, 0.0     0, 0.0   0.690  20.3  79.2  57.6 152.0   27.4  -42.0   29.2               
   45   45 A S        -     0   0  110      0, 0.0     0, 0.0     0, 0.0     0, 0.0   0.704  21.3 -19.6-168.4 148.5   28.0  -40.6   32.1               
   46   46 A G        +     0   0   77      0, 0.0     0, 0.0     0, 0.0     0, 0.0   0.488  20.0  50.1  75.6 158.4   27.8  -38.5   35.3               
   47   47 A N        -     0   0  127      0, 0.0     0, 0.0     0, 0.0     0, 0.0   0.609  19.7 -79.8-163.7 153.0   27.3  -36.6   37.7               
   48   48 A E        +     0   0  154      0, 0.0     0, 0.0     0, 0.0     0, 0.0   0.711  25.6  98.3  58.4 151.7   25.9  -34.4   40.5               
   49   49 A T        -     0   0  129      0, 0.0     0, 0.0     0, 0.0     0, 0.0   0.936  30.6-112.3-161.5 167.1   24.6  -31.8   42.3               
   50   50 A S        +     0   0  116      0, 0.0     0, 0.0     0, 0.0     0, 0.0   0.902  30.9 106.1-165.2-178.7   21.8  -30.5   43.9               
   51   51 A G        -     0   0   72      0, 0.0     0, 0.0     0, 0.0     0, 0.0   0.851  35.9 -90.7  92.4  97.3   18.7  -28.6   45.3               
   52   52 A S        +     0   0  118      0, 0.0     0, 0.0     0, 0.0     0, 0.0   0.690  20.8  22.7  86.1 133.2   15.3  -28.8   45.7               
   53   53 A S        +     0   0   92      0, 0.0     0, 0.0     0, 0.0     0, 0.0   0.865  25.6  55.9-168.0-172.2   12.0  -28.7   45.7               
   54   54 A T        -     0   0  130      0, 0.0     2,-0.1     0, 0.0     0, 0.0   0.812  31.9-156.1  77.6  99.0    8.0  -28.7   45.6               
   55   55 A I        +     0   0  161      0, 0.0     2,-0.0     0, 0.0     0, 0.0   0.027  20.5 177.7  81.0 113.7    5.9  -30.6   43.8               
   56   56 A G        -     0   0   78     -2,-0.1     2,-0.1     0, 0.0     0, 0.0  -0.374  32.3-163.6-179.4  78.7    2.3  -30.3   42.4               
   57   57 A E        +     0   0  169     -2,-0.0     0, 0.0     2,-0.0     0, 0.0  -0.325  20.1 123.4 -81.4 163.6    1.4  -33.4   40.3               
   58   58 A T        +     0   0  132     -2,-0.1     0, 0.0     0, 0.0     0, 0.0   0.489  37.4   9.3 103.7 139.2   -1.1  -34.8   37.7               
   59   59 A S        -     0   0  106      1,-0.0    -2,-0.0     0, 0.0     0, 0.0   0.387  34.2-154.6-153.0 126.9   -1.8  -36.1   35.0               
   60   60 A K        +     0   0  205      1,-0.0    -1,-0.0     2,-0.0     0, 0.0   0.367  24.1 144.1  16.5 116.6   -0.4  -37.7   31.8               
   61   61 A K        +     0   0  212      0, 0.0     2,-0.3     0, 0.0    -1,-0.0  -0.211  15.5 164.3-162.3 101.6   -1.1  -38.3   28.3               
   62   62 A K        +     0   0  205      2,-0.0    -2,-0.0     1,-0.0     0, 0.0  -0.691   0.9 166.0 -75.7 144.6    1.7  -38.3   25.6               
   63   63 A R        +     0   0  225     -2,-0.3     2,-0.3     2,-0.0    -1,-0.0  -0.382   1.6 169.1-157.6  87.9    1.2  -39.7   22.2               
   64   64 A S        +     0   0  113      2,-0.0     2,-0.1     0, 0.0    -2,-0.0  -0.684  11.5 169.2 -68.4 137.6    3.7  -38.9   19.5               
   65   65 A R        -     0   0  216     -2,-0.3     2,-0.2     2,-0.0    -2,-0.0  -0.594  18.0-167.3-156.9 101.7    3.1  -41.1   16.4               
   66   66 A S        -     0   0  119     -2,-0.1     2,-0.2     2,-0.0    -2,-0.0  -0.568  11.5-173.3 -63.7 140.3    4.8  -40.6   13.1               
   67   67 A H        -     0   0  143     -2,-0.2     2,-0.4     2,-0.0    -2,-0.0  -0.666  10.8-166.2-144.5  93.8    3.2  -42.7   10.3               
   68   68 A N        +     0   0  165     -2,-0.2     2,-0.1     1,-0.1    -2,-0.0  -0.635  19.7 167.8 -59.7 122.9    4.8  -42.8    6.9               
   69   69 A K        -     0   0  142     -2,-0.4     2,-0.3     2,-0.0    -1,-0.1  -0.563  16.7-171.4-147.5  87.4    2.1  -44.3    4.6               
   70   70 A S        +     0   0  118     -2,-0.1     2,-0.2     2,-0.0    -2,-0.0  -0.531  21.5 157.7 -50.6 124.9    2.7  -44.1    0.9               
   71   71 A R        -     0   0  217     -2,-0.3    -2,-0.0     0, 0.0     2,-0.0  -0.645  36.0-123.9-159.9 117.2   -0.6  -45.3   -0.8               
   72   72 A D        +     0   0  142     -2,-0.2    -2,-0.0     1,-0.1     0, 0.0  -0.205  27.2 172.9 -52.0 130.9   -1.6  -44.5   -4.3               
   73   73 A R        +     0   0  241     -2,-0.0     2,-1.3     0, 0.0    -1,-0.1  -0.373  11.9 161.3-134.3  65.5   -4.9  -42.8   -5.2               
   74   74 A K        +     0   0  202      1,-0.1    -2,-0.0     2,-0.0     2,-0.0  -0.692  21.5 149.0 -62.5  95.2   -4.5  -42.1   -8.9               
   75   75 A R        -     0   0  229     -2,-1.3    -1,-0.1     2,-0.0     0, 0.0  -0.451  36.1-134.7-147.8  78.6   -8.2  -41.7   -9.6               
   76   76 A S        +     0   0   96      1,-0.0    -2,-0.0     2,-0.0     0, 0.0   0.392  40.1 143.7  29.2 109.6   -9.3  -39.4  -12.2               
   77   77 A R        -     0   0  231      2,-0.0     2,-0.4     0, 0.0    -1,-0.0  -0.073  14.8-177.9-168.7  95.8  -11.7  -36.7  -12.7               
   78   78 A S        +     0   0  117      3,-0.0     2,-0.2     2,-0.0    -2,-0.0  -0.608  31.0 134.6 -56.9 123.1  -10.9  -33.7  -14.7               
   79   79 A R        +     0   0  216     -2,-0.4    -2,-0.0     0, 0.0     0, 0.0  -0.788  39.3  29.8-168.8 146.1  -13.9  -31.3  -14.7               
   80   80 A D  S    S+     0   0  113     -2,-0.2    -2,-0.0     1,-0.0     0, 0.0   0.853  82.3  73.3  70.7  60.8  -14.6  -27.5  -14.2               
   81   81 A R  S    S+     0   0  243      0, 0.0     3,-0.3     0, 0.0     2,-0.2   0.365  75.4  77.7-141.6  -7.9  -12.1  -24.9  -15.2               
   82   82 A D    >   +     0   0  163      1,-0.2     3,-0.8     2,-0.1     4,-0.3   0.242  60.6 116.6 -70.7  15.3  -12.2  -24.7  -19.1               
   83   83 A R  T 3   +     0   0  191      1,-0.2    -1,-0.2    -2,-0.2     4,-0.0   0.343  66.9  50.5 -79.1  11.0  -15.5  -22.7  -19.0               
   84   84 A Y  T 3  S+     0   0  219     -3,-0.3    -1,-0.2     2,-0.0    -2,-0.1   0.461  99.0  48.0-132.1  -0.0  -14.2  -19.5  -20.7               
   85   85 A R  S <  S+     0   0  245     -3,-0.8    -2,-0.1     1,-0.1     3,-0.1   0.355  95.7  60.0-131.7  12.9  -12.2  -19.9  -24.0               
   86   86 A R        +     0   0  245     -4,-0.3     2,-0.1     1,-0.1     3,-0.1   0.183  68.0 100.9-124.9  22.5  -14.2  -22.3  -26.4               
   87   87 A R        +     0   0  254      1,-0.2    -1,-0.1    -3,-0.0     3,-0.1  -0.209  64.9  82.2 -96.7  43.3  -17.5  -20.5  -27.0               
   88   88 A N  S    S+     0   0  153      1,-0.1    -1,-0.2    -2,-0.1     0, 0.0  -0.541  76.5  53.8-146.4  72.8  -16.5  -19.1  -30.4               
   89   89 A S        +     0   0  104     -3,-0.1    -1,-0.1    -2,-0.1     0, 0.0   0.257  69.8  82.5 165.0  81.5  -17.0  -21.6  -33.3               
   90   90 A R        -     0   0  242     -3,-0.1    -1,-0.0     0, 0.0     0, 0.0   0.014  66.4-103.4 179.9  97.1  -20.2  -23.5  -34.1               
   91   91 A S        +     0   0  101      1,-0.1     0, 0.0     0, 0.0     0, 0.0   0.571  45.9 140.5  42.2  98.5  -23.2  -22.5  -36.0               
   92   92 A R        +     0   0  251      0, 0.0    -1,-0.1     0, 0.0     0, 0.0  -0.119  32.4 154.3-163.7  71.1  -26.8  -21.5  -35.2               
   93   93 A S        +     0   0  112      1,-0.1     3,-0.0     2,-0.0     0, 0.0  -0.556  15.9 125.9 -59.4 150.9  -28.0  -18.7  -37.4               
   94   94 A P        +     0   0  129      0, 0.0     2,-0.6     0, 0.0    -1,-0.1   0.079  15.6 145.7-142.2 120.1  -30.8  -17.6  -38.5               
   95   95 A G        -     0   0   81      2,-0.1     2,-0.1     0, 0.0    -2,-0.0  -0.921  52.2-114.8 -96.4 119.9  -31.7  -13.9  -37.9               
   96   96 A R        +     0   0  242     -2,-0.6     2,-0.0    -3,-0.0     0, 0.0  -0.355  49.3 136.3 -55.9 133.0  -33.7  -12.8  -41.0               
   97   97 A Q        -     0   0  180     -2,-0.1    -2,-0.1     2,-0.0    -1,-0.0  -0.227  38.8 -89.2-171.4 118.7  -33.1  -10.3  -43.6               
   98   98 A C        +     0   0  109     -2,-0.0    -2,-0.0     0, 0.0     0, 0.0   0.655  39.2 124.9  45.2 110.2  -33.6  -10.3  -47.3               
   99   99 A R        -     0   0  218      2,-0.0    -2,-0.0     0, 0.0     0, 0.0   0.284  36.9 -70.6 173.2 129.8  -32.7  -10.8  -50.7               
  100  100 A H        +     0   0  162      0, 0.0     0, 0.0     0, 0.0     0, 0.0   0.867  45.2  80.0  74.7 142.2  -33.7  -12.4  -54.0               
  101  101 A R        -     0   0  238      0, 0.0     2,-0.0     0, 0.0    -2,-0.0   0.904  34.2-160.2  65.0 133.3  -34.4  -15.3  -56.5               
  102  102 A S        +     0   0   91      0, 0.0     0, 0.0     0, 0.0     0, 0.0   0.306  22.2 123.6 161.7 143.7  -36.7  -17.6  -57.3               
  103  103 A R        -     0   0  240     -2,-0.0     2,-0.0     0, 0.0     0, 0.0   0.425  24.7-156.1  77.6 150.1  -38.3  -20.8  -58.9               
  104  104 A S        +     0   0   92      0, 0.0     0, 0.0     0, 0.0     0, 0.0   0.351  20.1 149.7 177.2 160.3  -40.0  -23.6  -58.2               
  105  105 A W        -     0   0  212     -2,-0.0     2,-0.0     0, 0.0     0, 0.0   0.450  16.0-159.5  76.8 151.7  -41.6  -27.2  -58.3               
  106  106 A D        +     0   0  135      0, 0.0     0, 0.0     0, 0.0     0, 0.0   0.517  12.5 149.8 170.2 164.1  -42.9  -29.9  -56.7               
  107  107 A R        +     0   0  179     -2,-0.0     0, 0.0     0, 0.0     0, 0.0   0.749  16.5  74.9  82.5 117.5  -44.0  -33.6  -56.0               
  108  108 A R        -     0   0  219      0, 0.0     0, 0.0     0, 0.0     0, 0.0   0.979  14.5-124.9  95.7 147.9  -44.7  -36.4  -54.0               
  109  109 A H        +     0   0  187      0, 0.0     0, 0.0     0, 0.0     0, 0.0   0.761  10.1  93.2-168.6 165.3  -45.5  -39.0  -52.1               
  110  110 A G        +     0   0   62      0, 0.0     2,-0.0     0, 0.0     0, 0.0   0.362   7.1 179.9  93.3 155.7  -46.4  -42.0  -49.8               
  111  111 A S        -     0   0  101      0, 0.0     0, 0.0     0, 0.0     0, 0.0   0.618   1.6-177.5 173.0 170.9  -47.6  -43.9  -47.2               
  112  112 A E        +     0   0  164     -2,-0.0     2,-0.0     0, 0.0     0, 0.0   0.590  15.6 103.5  73.2 150.4  -48.4  -46.9  -45.0               
  113  113 A S        +     0   0   86      2,-0.0     0, 0.0     0, 0.0     0, 0.0   0.225  12.4 172.0-176.4 145.8  -49.7  -48.4  -42.4               
  114  114 A R        -     0   0  241      1,-0.0     2,-0.3    -2,-0.0     0, 0.0   0.401  16.4-128.3  74.6 169.8  -51.6  -50.4  -39.8               
  115  115 A S        -     0   0  108      2,-0.0     2,-0.1     0, 0.0    -2,-0.0  -0.908   9.0-175.7-151.7 154.1  -52.2  -52.0  -36.4               
  116  116 A R        -     0   0  240     -2,-0.3     2,-0.1     2,-0.0     0, 0.0  -0.188  12.2-150.5 164.9 122.2  -53.1  -54.8  -33.9               
  117  117 A D        -     0   0  130     -2,-0.1     2,-0.1     0, 0.0    -2,-0.0   0.059   3.8-161.4  82.5 101.5  -53.5  -55.5  -30.6               
  118  118 A H        -     0   0  185     -2,-0.1    -2,-0.0     2,-0.0     0, 0.0  -0.514  27.9-123.7-158.1  95.1  -53.1  -58.3  -28.0               
  119  119 A R        +     0   0  209     -2,-0.1     0, 0.0     0, 0.0     0, 0.0   0.677  30.3  75.7  43.2 133.7  -54.7  -58.5  -24.6               
  120  120 A R        +     0   0  219      1,-0.0    -2,-0.0     0, 0.0     2,-0.0   0.586  20.6  74.4  73.0 143.1  -54.3  -58.9  -20.8               
  121  121 A E        -     0   0  175      0, 0.0     2,-0.2     0, 0.0    -1,-0.0   0.510  34.8-136.5-149.8 166.5  -53.8  -58.7  -17.6               
  122  122 A D        +     0   0  153      2,-0.0     2,-0.1     1,-0.0     0, 0.0  -0.406  28.8 145.5 -72.2 138.1  -55.5  -57.0  -14.6               
  123  123 A R        -     0   0  246     -2,-0.2     2,-0.2     0, 0.0    -1,-0.0  -0.435  24.9-165.1-157.1 115.2  -54.6  -55.1  -11.5               
  124  124 A V        +     0   0  112     -2,-0.1    -2,-0.0     2,-0.0     2,-0.0  -0.520  25.4 118.9 -63.8 134.9  -56.8  -52.3  -10.1               
  125  125 A H        -     0   0  163     -2,-0.2    -1,-0.0     0, 0.0     0, 0.0   0.112  42.5-100.5 178.0 136.3  -56.3  -49.8   -7.7               
  126  126 A Y        +     0   0  221     -2,-0.0    -2,-0.0     0, 0.0     2,-0.0   0.307  43.2 108.0  -1.3 125.1  -56.3  -45.9   -7.3               
  127  127 A R        -     0   0  234      1,-0.1     0, 0.0     0, 0.0     0, 0.0   0.211  57.7 -24.6 176.5 141.5  -54.5  -43.0   -7.1               
  128  128 A S        -     0   0  105      2,-0.1    -1,-0.1    -2,-0.0     3,-0.1   0.769  56.9-100.1  75.3 128.5  -53.5  -39.8   -9.1               
  129  129 A P        -     0   0  119      0, 0.0     2,-0.2     0, 0.0     3,-0.1  -0.375  49.8 -93.2 -64.0 151.0  -53.3  -38.9  -12.8               
  130  130 A P        -     0   0  125      0, 0.0     2,-0.2     0, 0.0    -2,-0.1  -0.460  47.8-101.6 -67.6 134.8  -49.9  -39.0  -14.6               
  131  131 A L        -     0   0  166     -2,-0.2     2,-0.3     1,-0.1     3,-0.2  -0.384  41.1-114.2 -59.4 120.8  -48.1  -35.6  -14.5               
  132  132 A A        -     0   0   73     -2,-0.2     3,-0.3     1,-0.2    -1,-0.1  -0.410  53.8 -58.8 -59.7 120.4  -48.4  -33.8  -17.9               
  133  133 A T  S    S-     0   0  132     -2,-0.3    -1,-0.2     1,-0.2    -2,-0.0   0.558  92.5  -9.2  31.4 100.4  -45.3  -33.3  -20.0               
  134  134 A G        +     0   0   76      1,-0.2     2,-1.3    -3,-0.2    -1,-0.2   0.673  43.9 176.3  77.3  32.6  -42.2  -31.5  -19.3               
  135  135 A Y        -     0   0  210     -3,-0.3    -1,-0.2    -4,-0.0     2,-0.2  -0.591  29.7-144.4 -57.9  97.8  -41.9  -29.3  -16.2               
  136  136 A R        -     0   0  237     -2,-1.3     2,-1.1     1,-0.1     0, 0.0  -0.582  37.9 -92.9 -52.1 132.4  -38.2  -28.3  -16.6               
  137  137 A Y        -     0   0  230     -2,-0.2     2,-0.9     1,-0.1    -1,-0.1  -0.422  40.6-152.6 -56.1  93.1  -37.1  -28.2  -12.9               
  138  138 A G        -     0   0   66     -2,-1.1     2,-0.8     1,-0.0    -1,-0.1  -0.712  20.8-128.1 -61.6 104.8  -37.6  -24.5  -12.2               
  139  139 A H        -     0   0  155     -2,-0.9     2,-1.9     1,-0.1    -1,-0.0  -0.619  23.7-127.3 -55.9 106.2  -35.0  -24.2   -9.5               
  140  140 A S        -     0   0  100     -2,-0.8     2,-1.6     1,-0.1    -1,-0.1  -0.587  19.7-160.7 -62.9  85.6  -37.3  -22.6   -6.9               
  141  141 A K        -     0   0  177     -2,-1.9    -1,-0.1     2,-0.0    -2,-0.0  -0.746  24.6-137.2 -56.2  88.0  -35.2  -19.6   -6.2               
  142  142 A S        -     0   0   75     -2,-1.6     2,-2.2     1,-0.1    -3,-0.0  -0.497  19.0-113.4 -48.7 123.7  -37.1  -19.3   -2.9               
  143  143 A P        +     0   0  121      0, 0.0     2,-1.9     0, 0.0    -1,-0.1  -0.302  53.6 160.3 -74.0  62.6  -37.9  -15.5   -2.7               
  144  144 A H        -     0   0  161     -2,-2.2     2,-1.4     2,-0.1    -2,-0.1  -0.649  21.2-172.4 -63.2  69.1  -35.7  -15.1    0.2               
  145  145 A F        -     0   0  137     -2,-1.9     2,-1.3     3,-0.0    -3,-0.0  -0.760  22.6-138.9 -40.7  91.3  -35.9  -11.7   -0.9               
  146  146 A R        -     0   0  217     -2,-1.4     2,-0.2     3,-0.0    -2,-0.1  -0.837  25.2-122.7 -52.3  99.1  -33.3  -10.8    1.6               
  147  147 A E        -     0   0  154     -2,-1.3     2,-0.4     1,-0.1    -3,-0.0  -0.482  34.1-106.1 -38.9 113.1  -35.2   -7.7    2.3               
  148  148 A K        -     0   0  148     -2,-0.2     3,-0.3     1,-0.1    -1,-0.1  -0.648  50.5 -90.2 -57.3 117.7  -32.3   -5.4    1.6               
  149  149 A S        -     0   0  103     -2,-0.4     3,-0.3     1,-0.2    -1,-0.1  -0.202  69.9 -75.0 -39.4 119.7  -31.5   -4.5    5.2               
  150  150 A P        -     0   0  120      0, 0.0    -1,-0.2     0, 0.0     2,-0.1   0.019  59.4-101.6 -44.0 120.0  -33.8   -1.4    5.3               
  151  151 A V        -     0   0  123     -3,-0.3     2,-0.7     1,-0.1    -2,-0.0  -0.291  39.0-126.2 -51.1 107.7  -31.7    1.1    3.3               
  152  152 A R        -     0   0  155     -3,-0.3    -1,-0.1     1,-0.1    -3,-0.0  -0.538  27.0-129.1 -67.1 103.8  -30.4    3.0    6.3               
  153  153 A E        -     0   0  146     -2,-0.7     2,-2.5     1,-0.2    -1,-0.1  -0.275  18.7-111.6 -53.7 140.6  -31.5    6.5    5.3               
  154  154 A P        -     0   0  106      0, 0.0     2,-0.3     0, 0.0    -1,-0.2  -0.409  47.0-179.9 -72.3  61.5  -28.6    9.0    5.5               
  155  155 A V        +     0   0   92     -2,-2.5     3,-0.1     1,-0.1    -3,-0.0  -0.551  57.5  35.7 -56.2 128.5  -30.3   10.7    8.4               
  156  156 A D        -     0   0   75     -2,-0.3     2,-1.9     1,-0.1    -1,-0.1   0.944  66.4-143.6  74.4 102.2  -27.9   13.6    9.2               
  157  157 A N        +     0   0  168      2,-0.0     2,-0.3     0, 0.0    -1,-0.1  -0.253  49.0 162.0 -66.6  43.6  -26.0   15.5    6.5               
  158  158 A L        -     0   0   28     -2,-1.9     5,-0.0    -3,-0.1    -3,-0.0  -0.637  43.8-111.0 -74.5 134.0  -23.1   15.6    9.1               
  159  159 A S     >  -     0   0   39     -2,-0.3     4,-2.1     1,-0.1     3,-0.3  -0.216  27.5-112.8 -53.1 145.5  -19.6   16.3    7.9               
  160  160 A P  H  > S+     0   0   85      0, 0.0     4,-2.4     0, 0.0    -1,-0.1   0.825 121.5  57.3 -49.4 -30.2  -17.2   13.3    8.1               
  161  161 A E  H  > S+     0   0  139      2,-0.2     4,-2.5     1,-0.2     5,-0.1   0.919 105.8  45.7 -67.3 -46.7  -15.4   15.5   10.8               
  162  162 A E  H  > S+     0   0   82     -3,-0.3     4,-0.6     2,-0.2    -1,-0.2   0.821 112.9  52.1 -68.6 -32.7  -18.6   15.8   13.0               
  163  163 A R  H >< S+     0   0   84     -4,-2.1     3,-1.3     2,-0.2    51,-0.2   0.965 110.4  47.2 -64.1 -52.1  -19.2   12.0   12.6               
  164  164 A D  H >< S+     0   0   24     -4,-2.4     3,-1.9     1,-0.3    77,-0.3   0.898 106.7  57.9 -57.6 -41.4  -15.6   11.3   13.7               
  165  165 A A  H 3< S+     0   0   49     -4,-2.5    -1,-0.3     1,-0.3    -2,-0.2   0.703 108.0  48.1 -61.9 -21.0  -16.1   13.7   16.7               
  166  166 A R  T << S+     0   0   51     -3,-1.3    48,-2.6    -4,-0.6     2,-0.4   0.298  96.7  97.0 -99.4   4.8  -19.0   11.4   17.8               
  167  167 A T  E <   -A  213   0A  15     -3,-1.9    74,-2.1    46,-0.2     2,-0.3  -0.821  56.3-158.7 -98.4 135.2  -17.0    8.2   17.4               
  168  168 A V  E     -AB 212 240A   0     44,-2.9    44,-2.3    -2,-0.4     2,-0.6  -0.841  14.9-134.7-101.3 147.4  -15.2    6.3   20.1               
  169  169 A F  E     -AB 211 239A  38     70,-3.1    70,-2.4    -2,-0.3     2,-0.5  -0.910  21.0-161.0 -99.0 118.2  -12.4    3.8   19.5               
  170  170 A C  E     +AB 210 238A   0     40,-3.1    40,-2.5    -2,-0.6     2,-0.2  -0.907  12.4 177.4-106.1 128.4  -12.8    0.6   21.5               
  171  171 A M  E     + B   0 237A  67     66,-3.0    66,-2.2    -2,-0.5    38,-0.2  -0.727  54.9  39.2-119.6 170.8   -9.8   -1.7   22.2               
  172  172 A Q  S    S+     0   0  116     36,-0.2    37,-0.2    -2,-0.2     2,-0.2   0.737  74.3 167.6  60.4  29.2   -9.2   -5.0   24.1               
  173  173 A L        -     0   0   10     35,-2.3    -1,-0.2    -3,-0.2    59,-0.1  -0.460  43.0 -97.1 -74.2 143.2  -12.6   -6.5   23.0               
  174  174 A A    >   -     0   0   13     57,-0.3     3,-2.4    60,-0.2    34,-0.1  -0.259  30.6-118.5 -57.7 141.3  -13.3  -10.2   23.5               
  175  175 A A  T 3  S+     0   0   52      1,-0.3    31,-0.4    32,-0.1    -1,-0.1   0.434 114.1  50.8 -66.0  -0.0  -12.7  -12.4   20.4               
  176  176 A R  T 3  S+     0   0  221     29,-0.1    -1,-0.3    56,-0.1    -2,-0.1   0.302  80.6 138.5-113.3   0.1  -16.5  -13.4   20.4               
  177  177 A I    <   -     0   0   14     -3,-2.4    31,-0.1    54,-0.1    29,-0.1  -0.195  35.4-159.4 -58.0 135.2  -17.9   -9.8   20.6               
  178  178 A R     >  -     0   0  168      1,-0.1     4,-0.9     0, 0.0     5,-0.1  -0.761  31.6-113.1-104.5 159.9  -20.9   -8.9   18.4               
  179  179 A P  H >> S+     0   0   56      0, 0.0     4,-2.4     0, 0.0     3,-1.1   0.936 119.3  57.0 -59.0 -40.1  -22.0   -5.4   17.4               
  180  180 A R  H 3> S+     0   0  170      1,-0.3     4,-3.2     2,-0.2     5,-0.3   0.886  99.2  57.6 -54.0 -45.0  -25.1   -5.9   19.6               
  181  181 A D  H 3> S+     0   0   43      1,-0.2     4,-1.0     2,-0.2    -1,-0.3   0.763 112.6  41.8 -61.6 -27.2  -23.0   -6.6   22.7               
  182  182 A L  H <X S+     0   0    0     -3,-1.1     4,-2.7    -4,-0.9    -2,-0.2   0.834 112.9  52.7 -84.8 -39.2  -21.4   -3.1   22.1               
  183  183 A E  H  X S+     0   0   75     -4,-2.4     4,-1.7     2,-0.2    -2,-0.2   0.958 113.5  44.3 -56.1 -50.9  -24.8   -1.4   21.3               
  184  184 A D  H  < S+     0   0  120     -4,-3.2     4,-0.3     2,-0.2    -1,-0.2   0.884 115.4  48.2 -63.0 -42.2  -26.2   -2.9   24.6               
  185  185 A F  H >< S+     0   0   31     -4,-1.0     3,-0.9    -5,-0.3    -2,-0.2   0.929 116.7  40.9 -66.1 -46.4  -23.1   -1.8   26.6               
  186  186 A F  H >X S+     0   0    0     -4,-2.7     3,-2.0     1,-0.2     4,-1.4   0.676  92.9  84.7 -81.7 -12.5  -22.9    1.7   25.2               
  187  187 A S  T 3< S+     0   0   84     -4,-1.7    -1,-0.2     1,-0.3    -2,-0.2   0.677  81.1  66.6 -58.6 -18.5  -26.8    2.2   25.4               
  188  188 A A  T <4 S+     0   0   89     -3,-0.9    -1,-0.3    -4,-0.3    -2,-0.1   0.688 110.9  31.7 -73.3 -21.4  -26.1    3.2   29.1               
  189  189 A V  T <4 S-     0   0   25     -3,-2.0     2,-0.3     1,-0.3    -2,-0.2   0.505 129.5 -36.3-115.2 -12.6  -24.2    6.4   28.0               
  190  190 A G  S  < S-     0   0   16     -4,-1.4     2,-0.6    32,-0.1    -1,-0.3  -0.930  71.9 -60.4 171.4 172.2  -26.1    7.3   24.7               
  191  191 A K        -     0   0  153     -2,-0.3    24,-2.6    -3,-0.1     2,-0.4  -0.649  51.4-138.8 -72.9 116.2  -27.9    6.3   21.5               
  192  192 A V  E     -C  214   0A  32     -2,-0.6    22,-0.3    22,-0.2     3,-0.1  -0.660  18.4-172.9 -76.9 126.5  -25.5    4.3   19.4               
  193  193 A R  E     -     0   0A  31     20,-2.7     2,-0.3    -2,-0.4    21,-0.2   0.945  66.5  -5.7 -80.7 -61.6  -25.7    5.2   15.7               
  194  194 A D  E     -C  213   0A  77     19,-0.8    19,-3.0     2,-0.0     2,-0.5  -0.974  52.5-151.3-142.3 152.1  -23.3    2.6   14.2               
  195  195 A V  E     -C  212   0A  17     -2,-0.3     2,-0.7    17,-0.2    17,-0.2  -0.932  12.5-176.5-128.4 112.9  -20.9   -0.2   15.3               
  196  196 A R  E     -C  211   0A 178     15,-2.8    15,-2.2    -2,-0.5     2,-0.5  -0.829   6.7-165.8-114.6  97.0  -17.9   -1.1   13.1               
  197  197 A I  E     -C  210   0A  40     -2,-0.7     2,-0.6    13,-0.2    13,-0.3  -0.671  16.7-136.4 -80.7 125.8  -15.8   -4.1   14.4               
  198  198 A I  E     -C  209   0A  58     11,-2.4     9,-2.7    -2,-0.5    11,-0.7  -0.720  27.2-177.6 -83.1 122.1  -12.4   -4.5   12.7               
  199  199 A S  E     -C  206   0A  59     -2,-0.6     7,-0.3     7,-0.3     2,-0.2  -0.803  33.0 -97.5-112.4 155.6  -11.6   -8.1   11.9               
  200  200 A D     >  -     0   0   54      5,-3.1     4,-1.3    -2,-0.3    -1,-0.0  -0.552  24.4-139.7 -70.5 139.0   -8.5   -9.7   10.4               
  201  201 A R  T  4 S+     0   0  227     -2,-0.2    -1,-0.1     2,-0.2    -2,-0.0   0.848  99.0  34.5 -66.3 -37.0   -8.7  -10.3    6.5               
  202  202 A N  T  4 S+     0   0  144      1,-0.1    -1,-0.1     3,-0.1    -2,-0.0   0.896 127.4  33.1 -93.1 -45.3   -6.9  -13.7    6.7               
  203  203 A S  T  4 S-     0   0   78      2,-0.2    -2,-0.2     1,-0.0    -1,-0.1   0.685  86.8-141.9 -80.7 -22.6   -8.1  -15.2   10.0               
  204  204 A R     <  +     0   0  222     -4,-1.3     2,-0.3     1,-0.3    -3,-0.1   0.549  59.0 135.1  53.6  13.7  -11.6  -13.6   10.0               
  205  205 A R        -     0   0  163      1,-0.1    -5,-3.1    -6,-0.0    -1,-0.3  -0.669  67.1-103.4 -80.5 138.6  -11.0  -13.3   13.8               
  206  206 A S  E     - C   0 199A  21    -31,-0.4    -7,-0.3    -2,-0.3    -1,-0.1  -0.421  20.7-136.9 -57.5 136.1  -11.9   -9.9   15.4               
  207  207 A K  E     -     0   0A 122     -9,-2.7   -35,-0.2     2,-0.3    -8,-0.1   0.363  44.3-107.4 -74.4   4.5   -8.8   -7.7   16.0               
  208  208 A G  E    S+     0   0A  11    -10,-0.3   -35,-2.3     1,-0.2     2,-0.4   0.674  89.9 112.0  72.1  18.9  -10.2   -6.8   19.5               
  209  209 A I  E     + C   0 198A  42    -11,-0.7   -11,-2.4   -38,-0.2     2,-0.3  -0.980  38.3 164.7-129.0 135.1  -10.9   -3.3   18.0               
  210  210 A A  E     -AC 170 197A   0    -40,-2.5   -40,-3.1    -2,-0.4     2,-0.4  -0.976  28.6-137.3-141.8 157.9  -14.1   -1.5   17.1               
  211  211 A Y  E     -AC 169 196A  47    -15,-2.2   -15,-2.8    -2,-0.3     2,-0.5  -0.968  19.2-166.3-108.3 134.4  -15.5    2.0   16.3               
  212  212 A V  E     -AC 168 195A   0    -44,-2.3   -44,-2.9    -2,-0.4     2,-0.4  -0.995   5.4-156.5-122.0 120.1  -18.8    3.0   17.9               
  213  213 A E  E     -AC 167 194A  28    -19,-3.0   -20,-2.7    -2,-0.5   -19,-0.8  -0.857   8.0-155.9 -95.4 131.9  -20.6    6.1   16.6               
  214  214 A F  E     - C   0 192A   1    -48,-2.6   -22,-0.2    -2,-0.4   -48,-0.1  -0.730  22.5-133.6 -99.6 155.1  -23.0    8.0   18.8               
  215  215 A C  S    S+     0   0   48    -24,-2.6     2,-0.3    -2,-0.3   -23,-0.1   0.875  95.4  49.0 -66.0 -36.0  -25.9   10.2   17.8               
  216  216 A E  S >  S-     0   0  102    -25,-0.4     3,-0.5   -50,-0.1     4,-0.4  -0.829  71.2-143.2-113.0 142.3  -24.7   12.8   20.4               
  217  217 A I  T >  S+     0   0  100     -2,-0.3     3,-0.9     1,-0.2    -1,-0.1   0.790 100.6  65.8 -70.8 -25.9  -21.2   14.3   21.0               
  218  218 A Q  T 3> S+     0   0  141      1,-0.2     4,-1.1     2,-0.2    -1,-0.2   0.787  91.5  62.6 -70.1 -24.8  -21.9   14.3   24.8               
  219  219 A S  H <> S+     0   0    3     -3,-0.5     4,-2.6     1,-0.2    -1,-0.2   0.759  90.8  70.2 -70.4 -23.4  -22.0   10.4   24.9               
  220  220 A V  H <> S+     0   0   12     -3,-0.9     4,-1.9    -4,-0.4    -1,-0.2   0.955 101.4  39.9 -62.0 -55.8  -18.3   10.3   23.7               
  221  221 A P  H  > S+     0   0   83      0, 0.0     4,-1.6     0, 0.0    -1,-0.2   0.885 116.5  52.8 -63.8 -34.0  -16.7   11.6   27.0               
  222  222 A L  H  X S+     0   0  102     -4,-1.1     4,-0.5     2,-0.2    -2,-0.2   0.924 108.4  49.9 -63.8 -42.7  -19.3    9.5   29.0               
  223  223 A A  H >< S+     0   0    0     -4,-2.6     3,-0.9     1,-0.2    -1,-0.2   0.849 105.8  56.0 -64.6 -35.2  -18.2    6.4   27.0               
  224  224 A I  H >< S+     0   0   58     -4,-1.9     3,-1.7     1,-0.2    14,-0.3   0.891 100.0  61.3 -63.4 -35.8  -14.5    7.1   27.7               
  225  225 A G  H 3< S+     0   0   62     -4,-1.6    -1,-0.2     1,-0.3    -2,-0.2   0.692  92.8  65.7 -62.2 -18.9  -15.5    7.0   31.5               
  226  226 A L  T X< S+     0   0   25     -3,-0.9     3,-1.8    -4,-0.5    -1,-0.3   0.374  73.0 131.7 -83.7   2.6  -16.6    3.3   31.0               
  227  227 A T  T <   +     0   0   70     -3,-1.7    10,-0.2     1,-0.2     3,-0.1  -0.300  66.4  28.4 -57.2 136.4  -12.9    2.3   30.3               
  228  228 A G  T 3  S+     0   0   46      8,-3.0    -1,-0.2     1,-0.3     9,-0.1   0.179  85.0 134.5  90.2 -12.4  -11.9   -0.8   32.3               
  229  229 A Q    <   -     0   0   97     -3,-1.8     7,-2.8     7,-0.1     2,-0.8  -0.351  61.1-112.9 -65.5 145.7  -15.4   -2.3   32.5               
  230  230 A R  E     -D  235   0B 187      5,-0.3     2,-0.6    -3,-0.1     3,-0.3  -0.727  30.9-174.8 -91.1 107.9  -15.6   -6.1   31.8               
  231  231 A L  E >  S-D  234   0B  24      3,-2.2     3,-1.7    -2,-0.8   -57,-0.3  -0.864  83.3 -14.0-100.0 119.2  -17.4   -7.0   28.6               
  232  232 A L  T 3  S-     0   0  107     -2,-0.6    -1,-0.2     1,-0.3   -56,-0.1   0.824 131.1 -56.3  52.5  34.9  -17.6  -10.9   28.3               
  233  233 A G  T 3  S+     0   0   47     -3,-0.3    -1,-0.3     1,-0.2    -3,-0.1   0.099 119.1 106.0  88.2 -16.4  -15.0  -11.0   31.2               
  234  234 A V  E <  S-D  231   0B  45     -3,-1.7    -3,-2.2     1,-0.0     2,-0.4  -0.782  75.0-120.4 -95.1 129.7  -12.4   -8.9   29.3               
  235  235 A P  E     -D  230   0B  52      0, 0.0    -5,-0.3     0, 0.0     2,-0.2  -0.590  30.5-140.6 -68.1 124.4  -11.8   -5.2   30.4               
  236  236 A I        -     0   0    2     -7,-2.8    -8,-3.0    -2,-0.4     2,-0.4  -0.547   4.5-145.7 -81.5 152.1  -12.6   -2.9   27.5               
  237  237 A I  E     -B  171   0A  71    -66,-2.2   -66,-3.0   -10,-0.2     2,-0.4  -0.988  15.2-165.7-118.0 126.6  -10.5    0.2   26.7               
  238  238 A V  E     +B  170   0A   4     -2,-0.4     2,-0.3   -14,-0.3   -68,-0.2  -0.947  13.4 164.9-118.6 132.2  -12.4    3.3   25.3               
  239  239 A Q  E     -B  169   0A  97    -70,-2.4   -70,-3.1    -2,-0.4     2,-0.2  -0.939  44.3 -89.4-137.5 158.9  -10.7    6.3   23.6               
  240  240 A A  E     -B  168   0A  45     -2,-0.3   -72,-0.2   -72,-0.2   -75,-0.1  -0.541  57.3-100.9 -66.9 134.4  -11.7    9.3   21.5               
  241  241 A S        -     0   0   15    -74,-2.1     3,-0.1   -77,-0.3    -1,-0.1  -0.323  33.1-176.5 -61.4 132.8  -11.5    8.4   17.7               
  242  242 A Q     >  +     0   0   83      1,-0.1     4,-2.3     2,-0.1     5,-0.2  -0.132  44.3 126.9-108.3  27.8   -8.4    9.6   15.8               
  243  243 A A  H  >  +     0   0   14      2,-0.2     4,-2.1     1,-0.2     5,-0.1   0.919  69.9  49.8 -60.2 -42.7   -9.8    8.1   12.6               
  244  244 A E  H  > S+     0   0   60      2,-0.2     4,-3.1     1,-0.2     5,-0.3   0.948 111.0  48.8 -60.8 -47.5   -9.5   11.4   10.6               
  245  245 A K  H  > S+     0   0  137      1,-0.2     4,-2.6     2,-0.2    -1,-0.2   0.894 113.5  48.1 -59.1 -37.7   -5.8   11.9   11.7               
  246  246 A N  H  X S+     0   0  100     -4,-2.3     4,-1.9     2,-0.2    -1,-0.2   0.822 112.0  49.4 -71.2 -32.1   -5.2    8.2   10.6               
  247  247 A R  H  X S+     0   0  102     -4,-2.1     4,-2.4     2,-0.2    -2,-0.2   0.951 114.0  45.2 -68.0 -48.3   -7.0    8.9    7.2               
  248  248 A L  H  X S+     0   0  100     -4,-3.1     4,-3.1     2,-0.2     5,-0.2   0.923 114.5  48.6 -61.2 -45.4   -4.9   12.0    6.6               
  249  249 A A  H  X S+     0   0   46     -4,-2.6     4,-2.4    -5,-0.3    -1,-0.2   0.897 112.7  48.2 -62.6 -40.1   -1.7   10.2    7.7               
  250  250 A A  H  X S+     0   0   49     -4,-1.9     4,-1.8     2,-0.2    -2,-0.2   0.876 113.9  47.2 -66.3 -36.0   -2.6    7.2    5.4               
  251  251 A M  H  X S+     0   0  145     -4,-2.4     4,-2.2     2,-0.2    -2,-0.2   0.942 112.4  48.6 -71.7 -43.9   -3.3    9.7    2.5               
  252  252 A A  H  X S+     0   0   47     -4,-3.1     4,-2.7     1,-0.2     5,-0.2   0.920 111.6  50.7 -59.2 -44.3   -0.0   11.6    3.1               
  253  253 A N  H  X S+     0   0   99     -4,-2.4     4,-2.2    -5,-0.2    -1,-0.2   0.877 109.7  50.0 -62.4 -38.8    1.8    8.2    3.2               
  254  254 A N  H  < S+     0   0  122     -4,-1.8     4,-0.4     2,-0.2    -2,-0.2   0.881 112.1  48.0 -68.0 -35.1    0.2    7.2   -0.2               
  255  255 A L  H >< S+     0   0  141     -4,-2.2     3,-0.9     2,-0.2     4,-0.4   0.924 115.0  44.7 -69.1 -42.8    1.2   10.6   -1.7               
  256  256 A Q  H >X S+     0   0  134     -4,-2.7     3,-1.4     1,-0.2     4,-1.3   0.856 103.6  64.5 -69.1 -33.9    4.9   10.2   -0.4               
  257  257 A K  T 3< S+     0   0  182     -4,-2.2    -1,-0.2     1,-0.3    -2,-0.2   0.602  95.7  60.9 -69.6  -9.7    5.0    6.5   -1.5               
  258  258 A G  T <4 S+     0   0   52     -3,-0.9    -1,-0.3    -4,-0.4    -2,-0.2   0.718 119.8  20.4 -78.8 -23.8    4.7    7.7   -5.2               
  259  259 A N  T <4 S+     0   0   87     -3,-1.4    56,-0.2    -4,-0.4    -2,-0.2   0.379 110.2  65.8-132.2  -1.9    7.9    9.8   -5.1               
  260  260 A G  S  < S+     0   0   69     -4,-1.3    -3,-0.1    54,-0.1    -2,-0.1   0.212  80.3  79.5-118.5  11.4   10.3    8.7   -2.3               
  261  261 A G  S    S-     0   0   38     -4,-0.1     2,-0.2    -5,-0.1    53,-0.1  -0.816  92.7 -76.5-117.7 163.3   11.6    5.1   -3.0               
  262  262 A P        -     0   0   98      0, 0.0     2,-0.5     0, 0.0    50,-0.2  -0.401  57.5-139.1 -58.1 117.0   14.2    3.5   -5.3               
  263  263 A M        -     0   0   26     48,-0.3    48,-2.3    -2,-0.2     2,-0.6  -0.737  10.6-151.3 -96.3 126.1   12.4    3.7   -8.7               
  264  264 A R  E     -EF 310 339C  54     75,-0.6    75,-2.8    -2,-0.5     2,-0.3  -0.856  11.3-160.7 -98.5 121.2   12.5    0.8  -11.1               
  265  265 A L  E     -EF 309 338C   0     44,-3.2    44,-2.4    -2,-0.6     2,-0.4  -0.778  10.0-142.7 -95.6 143.9   12.3    1.6  -14.9               
  266  266 A Y  E     -EF 308 337C  43     71,-3.1    71,-2.5    -2,-0.3     2,-0.5  -0.921  14.4-164.8 -95.9 133.7   11.3   -0.9  -17.6               
  267  267 A V  E     +EF 307 336C   0     40,-2.6    40,-2.5    -2,-0.4     2,-0.2  -0.985  17.9 169.0-122.3 116.2   13.2   -0.4  -20.9               
  268  268 A G  E     +EF 306 335C   1     67,-2.8    67,-2.5    -2,-0.5    38,-0.2  -0.726  47.0  49.7-123.1 174.7   11.7   -2.1  -23.9               
  269  269 A S  S    S+     0   0   37     36,-0.8    37,-0.2     1,-0.2    60,-0.2   0.601  73.4 161.0  65.7  19.5   12.1   -2.2  -27.7               
  270  270 A L        -     0   0    3     35,-1.9    -1,-0.2    -3,-0.2     2,-0.1  -0.388  44.0-111.4 -68.4 139.2   15.9   -2.7  -27.3               
  271  271 A H    >   -     0   0   57     58,-0.3     3,-1.8    61,-0.2    34,-0.1  -0.394  28.1-115.4 -65.1 148.5   18.0   -4.0  -30.2               
  272  272 A F  T 3  S+     0   0  116      1,-0.3    31,-0.5    -2,-0.1    -1,-0.1   0.727 111.4  58.6 -65.5 -23.1   19.4   -7.5  -29.6               
  273  273 A N  T 3  S+     0   0  126     57,-0.1     2,-0.3    29,-0.1    -1,-0.3   0.426  77.8 115.7 -84.5  -4.8   23.1   -6.3  -29.7               
  274  274 A I    <   -     0   0    8     -3,-1.8     2,-0.1    55,-0.1    31,-0.1  -0.563  51.0-157.4 -74.5 128.0   22.6   -3.8  -26.8               
  275  275 A T     >  -     0   0   57     -2,-0.3     4,-1.6     1,-0.1     5,-0.1  -0.432  31.5-106.9 -95.1 170.8   24.7   -4.7  -23.6               
  276  276 A E  H  > S+     0   0   70      2,-0.2     4,-2.0     1,-0.2    -1,-0.1   0.853 121.0  55.6 -65.7 -31.5   24.2   -3.7  -19.9               
  277  277 A D  H  > S+     0   0  119      2,-0.2     4,-2.6     1,-0.2    -1,-0.2   0.881 103.8  52.4 -71.7 -38.8   27.2   -1.3  -20.3               
  278  278 A M  H  > S+     0   0  105      2,-0.2     4,-1.6     1,-0.2    -1,-0.2   0.912 111.5  47.2 -62.9 -42.0   25.6    0.5  -23.3               
  279  279 A L  H  X S+     0   0    2     -4,-1.6     4,-2.2     2,-0.2    -2,-0.2   0.886 109.8  54.7 -65.9 -37.4   22.5    1.0  -21.1               
  280  280 A R  H  X S+     0   0   98     -4,-2.0     4,-2.7     2,-0.2     3,-0.2   0.976 107.8  48.0 -57.8 -54.5   24.7    2.2  -18.2               
  281  281 A G  H  < S+     0   0   49     -4,-2.6    -1,-0.2     1,-0.2    -2,-0.2   0.806 115.4  45.5 -58.7 -33.5   26.4    4.9  -20.4               
  282  282 A I  H  < S+     0   0   38     -4,-1.6    -1,-0.2    -5,-0.2    -2,-0.2   0.867 120.8  36.8 -75.6 -39.4   22.9    6.2  -21.6               
  283  283 A F  H >X S+     0   0    0     -4,-2.2     3,-1.1    -3,-0.2     4,-0.6   0.710  99.0  78.5 -91.8 -20.3   21.2    6.2  -18.2               
  284  284 A E  G >< S+     0   0  116     -4,-2.7     3,-1.1     1,-0.2    -1,-0.1   0.861  84.8  60.0 -58.2 -41.6   24.1    7.4  -16.0               
  285  285 A P  G 34 S+     0   0  104      0, 0.0    -1,-0.2     0, 0.0    -2,-0.1   0.708 103.0  55.3 -63.7 -16.7   23.9   11.1  -16.9               
  286  286 A F  G <4 S-     0   0   35     -3,-1.1     2,-0.2     1,-0.3    -2,-0.2   0.715 125.7 -63.0 -85.7 -22.5   20.3   11.1  -15.4               
  287  287 A G  S << S-     0   0   16     -3,-1.1     2,-0.4    -4,-0.6    -1,-0.3  -0.890  71.5 -38.4 157.4 177.1   21.5    9.7  -12.0               
  288  288 A K        -     0   0  161     -2,-0.2    24,-2.3    -3,-0.1     2,-0.5  -0.461  49.6-147.8 -71.1 120.7   23.1    6.9  -10.0               
  289  289 A I  E     -G  311   0C  13     -2,-0.4    22,-0.3    22,-0.2     3,-0.1  -0.786  14.7-175.1 -89.9 123.4   22.1    3.4  -11.2               
  290  290 A D  E    S+     0   0C 121     20,-2.2     2,-0.3    -2,-0.5    21,-0.2   0.909  70.4   0.6 -80.5 -47.6   21.9    0.8   -8.5               
  291  291 A N  E     -G  310   0C  81     19,-1.5    19,-3.0     2,-0.0     2,-0.4  -1.000  52.1-162.0-149.2 143.9   21.2   -2.2  -10.7               
  292  292 A I  E     -G  309   0C  13     -2,-0.3     2,-0.5    17,-0.2    17,-0.2  -0.995  11.7-177.1-124.8 123.2   20.7   -3.1  -14.5               
  293  293 A V  E     -G  308   0C  55     15,-3.1    15,-2.0    -2,-0.4     2,-0.4  -0.853   6.8-165.2-127.1  94.9   19.0   -6.4  -15.4               
  294  294 A L  E     -G  307   0C  11     -2,-0.5     2,-1.0    13,-0.3    13,-0.3  -0.653  24.5-126.5 -76.0 127.2   18.7   -7.2  -19.1               
  295  295 A M  E     -     0   0C  53     11,-2.0     9,-3.1    -2,-0.4    11,-0.5  -0.660  35.7-178.6 -81.3 102.8   16.2  -10.0  -19.8               
  296  296 A K  E     -G  303   0C  94     -2,-1.0     2,-0.4     7,-0.3     7,-0.3  -0.662  33.6-104.2 -97.0 152.3   18.1  -12.6  -21.8               
  297  297 A D     >  -     0   0   46      5,-3.0     4,-1.7    -2,-0.2    -1,-0.0  -0.685  23.6-147.5 -76.5 128.9   16.7  -15.8  -23.2               
  298  298 A S  T  4 S+     0   0  113     -2,-0.4    -1,-0.1     1,-0.2    -2,-0.0   0.787  93.8  43.0 -73.5 -28.0   17.9  -18.8  -21.1               
  299  299 A D  T  4 S+     0   0  153      1,-0.1    -1,-0.2     3,-0.1    -2,-0.0   0.845 128.4  25.1 -86.8 -39.5   17.9  -21.3  -24.0               
  300  300 A T  T  4 S-     0   0   86      2,-0.2    -2,-0.2     0, 0.0    -1,-0.1   0.499  91.0-132.6-103.1 -10.0   19.5  -19.1  -26.8               
  301  301 A G     <  +     0   0   55     -4,-1.7     2,-0.2     1,-0.2    -3,-0.1   0.348  62.3 135.9  69.4  -5.3   21.5  -16.6  -24.6               
  302  302 A R        -     0   0  186     -6,-0.1    -5,-3.0     1,-0.1    -1,-0.2  -0.468  64.3-102.6 -77.3 142.1   20.0  -13.8  -26.9               
  303  303 A S  E     - G   0 296C  17    -31,-0.5    -7,-0.3    -7,-0.3    -1,-0.1  -0.348  19.8-140.8 -57.0 136.6   18.6  -10.5  -25.4               
  304  304 A K  E     -     0   0C  96     -9,-3.1    -1,-0.1     2,-0.3    -8,-0.1   0.395  46.1-106.6 -79.2   2.5   14.7  -10.5  -25.3               
  305  305 A G  E    S+     0   0C   9    -10,-0.2   -35,-1.9     1,-0.2   -36,-0.8   0.645  92.6  78.4  76.1  17.5   14.8   -6.8  -26.3               
  306  306 A Y  E     +E  268   0C  74    -11,-0.5   -11,-2.0   -38,-0.2    -2,-0.3  -0.988  48.4 164.4-148.5 158.8   13.8   -5.6  -22.8               
  307  307 A G  E     -EG 267 294C   1    -40,-2.5   -40,-2.6    -2,-0.3     2,-0.4  -0.907  28.9-113.9-156.3 179.6   15.4   -5.0  -19.3               
  308  308 A F  E     -EG 266 293C  18    -15,-2.0   -15,-3.1    -2,-0.3     2,-0.4  -0.993  18.0-164.1-130.0 138.9   14.9   -3.3  -16.0               
  309  309 A I  E     -EG 265 292C   0    -44,-2.4   -44,-3.2    -2,-0.4     2,-0.5  -0.988   5.4-157.7-124.8 125.9   17.0   -0.4  -14.4               
  310  310 A T  E     -EG 264 291C  27    -19,-3.0   -20,-2.2    -2,-0.4   -19,-1.5  -0.937  10.8-162.8-104.4 121.8   16.9    0.5  -10.7               
  311  311 A F  E     - G   0 289C   0    -48,-2.3   -48,-0.3    -2,-0.5   -22,-0.2  -0.708  24.4-134.4 -93.4 153.4   17.9    4.0   -9.7               
  312  312 A S  S    S+     0   0   47    -24,-2.3     2,-0.4    -2,-0.3    -1,-0.1   0.910  94.7  48.9 -62.2 -42.4   18.9    5.2   -6.2               
  313  313 A D     >  -     0   0   85    -25,-0.4     4,-2.1   -51,-0.1    -1,-0.1  -0.869  66.6-151.7-116.1 129.1   16.6    8.3   -6.7               
  314  314 A S  H  > S+     0   0   16     -2,-0.4     4,-2.4     2,-0.2     5,-0.1   0.879 100.4  55.0 -57.7 -43.4   13.0    8.5   -7.9               
  315  315 A E  H  > S+     0   0   77    -56,-0.2     4,-2.2     2,-0.2    -1,-0.2   0.886 108.1  49.3 -66.1 -35.7   13.5   12.0   -9.3               
  316  316 A C  H  > S+     0   0   28      2,-0.2     4,-2.3     1,-0.2    -2,-0.2   0.950 111.8  48.0 -64.7 -48.0   16.5   10.8  -11.4               
  317  317 A A  H  X S+     0   0    0     -4,-2.1     4,-2.5     2,-0.2    -2,-0.2   0.868 110.9  51.9 -61.6 -37.3   14.4    7.8  -12.8               
  318  318 A R  H  X S+     0   0  100     -4,-2.4     4,-2.4     2,-0.2    -2,-0.2   0.950 110.7  47.0 -63.8 -47.1   11.5   10.2  -13.6               
  319  319 A R  H  X S+     0   0  143     -4,-2.2     4,-1.5     2,-0.2    -2,-0.2   0.854 113.4  49.3 -62.5 -37.8   13.8   12.6  -15.6               
  320  320 A A  H  X S+     0   0    0     -4,-2.3     4,-2.6     2,-0.2     5,-0.3   0.903 111.7  48.8 -65.3 -43.7   15.3    9.5  -17.4               
  321  321 A L  H  X S+     0   0   16     -4,-2.5     4,-0.9     1,-0.2    15,-0.2   0.889 112.5  48.0 -63.9 -40.9   11.8    8.2  -18.2               
  322  322 A E  H  < S+     0   0  113     -4,-2.4    -1,-0.2     1,-0.1    -2,-0.2   0.832 122.3  33.3 -68.8 -33.9   10.6   11.6  -19.5               
  323  323 A Q  H  < S+     0   0  112     -4,-1.5    -2,-0.2    -5,-0.2    -3,-0.2   0.764 120.5  44.0 -98.2 -30.2   13.8   12.1  -21.8               
  324  324 A L  H >< S+     0   0    8     -4,-2.6     3,-1.5    -5,-0.2     2,-0.4   0.579  83.2 106.3 -94.2 -13.0   14.7    8.6  -22.9               
  325  325 A N  T 3< S+     0   0   25     -4,-0.9    10,-0.2    -5,-0.3     3,-0.1  -0.575  94.1  13.6 -68.5 123.7   11.2    7.4  -23.8               
  326  326 A G  T 3  S+     0   0   39      8,-2.6    -1,-0.3    -2,-0.4     9,-0.1   0.177  91.5 146.6  90.5 -10.9   11.0    7.4  -27.6               
  327  327 A F    <   -     0   0   97     -3,-1.5     7,-2.8     6,-0.2     2,-0.7  -0.304  51.2-122.9 -62.3 130.1   14.9    7.7  -28.0               
  328  328 A E  B     +I  333   0D 135      5,-0.3     2,-0.5    -3,-0.1     3,-0.1  -0.636  32.8 179.3 -80.4 115.4   16.2    5.8  -31.1               
  329  329 A L  S    S-     0   0   32      3,-2.8     3,-0.4    -2,-0.7   -58,-0.3  -0.960  72.0 -15.8-121.7 116.6   18.8    3.2  -30.1               
  330  330 A A  S    S-     0   0   66     -2,-0.5    -1,-0.2     1,-0.2   -57,-0.1   0.902 131.6 -48.9  52.7  47.1   20.3    1.1  -33.0               
  331  331 A G  S    S+     0   0   68      1,-0.1    -1,-0.2    -3,-0.1    -3,-0.1   0.715 122.5  97.2  72.2  21.1   17.5    2.1  -35.4               
  332  332 A R  S    S-     0   0   86     -3,-0.4    -3,-2.8    -5,-0.1     2,-0.3  -0.967  74.9-122.3-137.6 128.4   14.6    1.3  -32.9               
  333  333 A P  B     -I  328   0D  63      0, 0.0    -5,-0.3     0, 0.0     2,-0.2  -0.507  32.0-134.9 -66.3 125.9   12.7    3.8  -30.6               
  334  334 A M        -     0   0    1     -7,-2.8    -8,-2.6    -2,-0.3     2,-0.5  -0.547   8.2-141.0 -78.3 147.7   13.1    2.6  -27.0               
  335  335 A R  E     -F  268   0C 165    -67,-2.5   -67,-2.8    -2,-0.2     2,-0.4  -0.962  15.2-166.1-113.5 117.0   10.0    2.5  -24.7               
  336  336 A V  E     +F  267   0C   0     -2,-0.5     2,-0.3   -69,-0.2    17,-0.3  -0.872  13.4 172.5-107.1 128.9   10.7    3.6  -21.0               
  337  337 A G  E     -F  266   0C   0    -71,-2.5   -71,-3.1    -2,-0.4     2,-0.4  -0.970  34.3-110.4-135.9 150.9    8.0    2.8  -18.4               
  338  338 A H  E     -FH 265 350C  55     12,-2.8    12,-2.8    -2,-0.3     2,-0.6  -0.678  30.3-146.4 -79.8 132.2    7.6    3.0  -14.6               
  339  339 A V  E     -FH 264 349C   6    -75,-2.8   -75,-0.6    -2,-0.4     2,-0.5  -0.894  12.3-170.4-103.2 118.2    7.5   -0.4  -12.8               
  340  340 A T  E     - H   0 348C  55      8,-2.4     8,-2.8    -2,-0.6     2,-0.7  -0.905  16.9-141.3-102.1 128.6    5.4   -0.7   -9.7               
  341  341 A E  E     - H   0 347C 133     -2,-0.5     2,-0.2     6,-0.2     6,-0.2  -0.795  16.8-144.7 -89.4 113.8    5.8   -3.9   -7.7               
  342  342 A R    >   -     0   0  132      4,-2.8     3,-2.1    -2,-0.7     4,-0.2  -0.577  21.2-117.8 -75.3 146.3    2.4   -5.2   -6.4               
  343  343 A L  T 3  S+     0   0  181      1,-0.3    -1,-0.1    -2,-0.2    -2,-0.0   0.752 114.1  64.8 -54.3 -28.1    2.3   -6.9   -2.9               
  344  344 A D  T 3  S-     0   0  162      2,-0.1    -1,-0.3     1,-0.1    -2,-0.1   0.222 124.1-101.7 -80.2  10.8    1.1  -10.1   -4.7               
  345  345 A G  S <  S+     0   0   73     -3,-2.1     2,-0.5     1,-0.2    -2,-0.2   0.545  80.7 133.5  79.1   8.5    4.5  -10.4   -6.6               
  346  346 A G        -     0   0   30     -4,-0.2    -4,-2.8     2,-0.0     2,-0.5  -0.811  50.9-138.7 -90.4 129.6    3.1   -8.9   -9.9               
  347  347 A T  E     -H  341   0C  71     -2,-0.5     2,-0.4    -6,-0.2    -6,-0.2  -0.744  15.4-161.3 -80.2 126.7    5.0   -6.2  -11.8               
  348  348 A D  E     -H  340   0C  59     -8,-2.8    -8,-2.4    -2,-0.5     2,-0.5  -0.915   4.8-155.2-105.5 137.3    2.8   -3.4  -13.2               
  349  349 A I  E     -H  339   0C  53     -2,-0.4     2,-0.6   -10,-0.2   -10,-0.2  -0.953   7.3-169.5-123.4 113.0    4.3   -1.2  -16.0               
  350  350 A T  E     -H  338   0C  69    -12,-2.8   -12,-2.8    -2,-0.5   -84,-0.1  -0.897   5.4-162.7-103.5 115.6    3.0    2.3  -16.7               
  351  351 A F    >   -     0   0   66     -2,-0.6     3,-0.7   -14,-0.3   -14,-0.2  -0.796  16.1-146.2 -92.0 140.0    4.2    4.0  -19.9               
  352  352 A P  T 3  S+     0   0   67      0, 0.0     2,-0.7     0, 0.0    -1,-0.1   0.939  99.5  56.1 -69.4 -41.7    3.9    7.9  -20.1               
  353  353 A D  T 3  S+     0   0  114    -17,-0.3     2,-0.8     2,-0.1   -16,-0.0  -0.131  77.4 135.3 -85.1  35.6    3.2    7.6  -23.9               
  354  354 A G    <   -     0   0   37     -3,-0.7     2,-2.6    -2,-0.7    -4,-0.0  -0.856  59.3-136.3 -79.0 117.9    0.3    5.3  -23.4               
  355  355 A D        +     0   0  159     -2,-0.8     2,-2.0     2,-0.1    -1,-0.1  -0.334  36.8 176.0 -61.0  55.6   -2.7    6.2  -25.6               
  356  356 A Q        -     0   0  143     -2,-2.6     2,-2.3     1,-0.1    -1,-0.1  -0.685  23.4-151.9 -59.1  86.7   -4.8    5.6  -22.6               
  357  357 A E        -     0   0  162     -2,-2.0     2,-0.8     2,-0.1    -2,-0.1  -0.647   7.7-166.5 -41.7  71.6   -7.9    6.5  -23.9               
  358  358 A L        -     0   0  108     -2,-2.3     2,-1.8     1,-0.0     3,-0.0  -0.832  49.9-104.1 -44.1 108.7   -9.1    7.5  -20.7               
  359  359 A D    >   +     0   0   84     -2,-0.8     3,-0.6     1,-0.2     6,-0.5  -0.452  56.5 170.6 -61.7  83.9  -12.4    7.5  -22.6               
  360  360 A L  T 3  S+     0   0  100     -2,-1.8    -1,-0.2     1,-0.2     6,-0.1   0.431  73.7  70.3 -77.0  -4.6  -12.7   11.3  -22.8               
  361  361 A G  T 3  S+     0   0   73      1,-0.0     2,-0.8    -3,-0.0    -1,-0.2   0.752  82.6  81.8 -76.7 -29.4  -15.6   10.6  -25.2               
  362  362 A S  S X> S-     0   0   62     -3,-0.6     3,-1.7     1,-0.1     4,-0.7  -0.672  83.2-142.2 -77.7 112.4  -17.5    9.4  -22.1               
  363  363 A A  H 3> S+     0   0   77     -2,-0.8     4,-0.9     1,-0.3    -1,-0.1   0.633  94.9  64.3 -54.3 -17.1  -18.8   12.6  -20.4               
  364  364 A G  H 3> S+     0   0   42      2,-0.1     4,-2.5     3,-0.1    -1,-0.3   0.880  93.4  58.9 -71.2 -39.0  -18.1   11.1  -16.9               
  365  365 A G  H <> S+     0   0   32     -3,-1.7     4,-1.6    -6,-0.5    -2,-0.2   0.934 108.9  40.0 -65.1 -49.8  -14.2   10.9  -17.3               
  366  366 A R  H  X S+     0   0  150     -4,-0.7     4,-2.4    -7,-0.2    -1,-0.2   0.883 116.6  51.1 -67.8 -38.9  -13.4   14.6  -17.9               
  367  367 A F  H  X S+     0   0  160     -4,-0.9     4,-2.7     2,-0.2    -2,-0.2   0.898 107.8  52.7 -65.1 -40.1  -16.0   15.8  -15.4               
  368  368 A Q  H  X S+     0   0  129     -4,-2.5     4,-1.9     2,-0.2    -2,-0.2   0.870 112.3  45.5 -65.3 -37.2  -14.6   13.5  -12.6               
  369  369 A L  H  X S+     0   0   87     -4,-1.6     4,-2.3     2,-0.2    -2,-0.2   0.931 113.6  48.4 -69.2 -45.7  -11.0   14.9  -13.2               
  370  370 A M  H  X S+     0   0  111     -4,-2.4     4,-2.2     2,-0.2    -2,-0.2   0.893 111.7  50.7 -63.4 -37.6  -12.3   18.5  -13.3               
  371  371 A A  H  X S+     0   0   48     -4,-2.7     4,-2.6     2,-0.2    -2,-0.2   0.948 112.2  46.1 -62.8 -47.5  -14.3   17.9  -10.0               
  372  372 A K  H  X S+     0   0  140     -4,-1.9     4,-1.8     1,-0.2    -2,-0.2   0.842 113.3  49.4 -65.3 -36.0  -11.2   16.4   -8.3               
  373  373 A L  H  X S+     0   0  122     -4,-2.3     4,-1.2     2,-0.2    -1,-0.2   0.884 112.1  48.7 -69.3 -37.7   -8.9   19.2   -9.5               
  374  374 A A  H  X>S+     0   0   28     -4,-2.2     4,-0.7     2,-0.2     5,-0.6   0.922 111.8  48.7 -67.3 -43.1  -11.5   21.8   -8.2               
  375  375 A E  H  <5S+     0   0  164     -4,-2.6     3,-0.4     1,-0.2    -2,-0.2   0.881 114.9  46.2 -61.2 -39.4  -11.8   20.0   -4.8               
  376  376 A G  H  <5S+     0   0   72     -4,-1.8    -1,-0.2     1,-0.2    -2,-0.2   0.697 110.2  52.3 -77.5 -21.6   -7.9   20.0   -4.5               
  377  377 A A  H  <5S-     0   0   62     -4,-1.2    -1,-0.2    -3,-0.3    -2,-0.2   0.476  95.7-129.9 -97.2  -7.3   -7.3   23.6   -5.6               
  378  378 A G  T  <5 +     0   0   68     -4,-0.7     2,-0.8    -3,-0.4    -3,-0.1   0.566  57.7 145.2  67.7   9.4   -9.7   25.5   -3.1               
  379  379 A I      < -     0   0  126     -5,-0.6     2,-0.3     1,-0.0    -1,-0.2  -0.706  49.2-132.8 -83.7 108.0  -11.2   27.4   -6.1               
  380  380 A Q        -     0   0  185     -2,-0.8     3,-0.1    -3,-0.1    -1,-0.0  -0.437  18.2-126.9 -59.4 121.3  -14.9   28.0   -5.4               
  381  381 A L        -     0   0  124     -2,-0.3     5,-0.1     1,-0.1    -1,-0.1  -0.538  34.8-101.2 -63.9 133.0  -17.0   27.1   -8.5               
  382  382 A P    >>  -     0   0   86      0, 0.0     3,-2.1     0, 0.0     4,-0.8  -0.344  31.3-117.1 -61.4 137.7  -19.3   30.0   -9.4               
  383  383 A S  H 3> S+     0   0  100      1,-0.3     4,-1.5     2,-0.2    -2,-0.1   0.652 108.6  68.8 -56.7 -20.8  -22.9   29.4   -8.2               
  384  384 A T  H 3> S+     0   0  109      1,-0.2     4,-1.2     2,-0.2    -1,-0.3   0.826  98.4  50.5 -67.5 -32.2  -24.3   29.4  -11.8               
  385  385 A A  H <> S+     0   0   46     -3,-2.1     4,-2.0     2,-0.2    -2,-0.2   0.871 106.2  54.3 -76.5 -35.7  -22.5   26.1  -12.6               
  386  386 A A  H  X S+     0   0   61     -4,-0.8     4,-2.1     2,-0.2    -2,-0.2   0.900 106.8  51.9 -65.2 -39.0  -23.7   24.2   -9.5               
  387  387 A A  H  X S+     0   0   61     -4,-1.5     4,-2.4     2,-0.2    -1,-0.2   0.897 108.2  51.5 -64.0 -39.4  -27.4   25.1  -10.4               
  388  388 A A  H  X S+     0   0   62     -4,-1.2     4,-2.2     2,-0.2    -2,-0.2   0.906 109.6  49.8 -65.1 -40.0  -26.8   23.6  -14.0               
  389  389 A A  H  X S+     0   0   66     -4,-2.0     4,-1.8     2,-0.2    -2,-0.2   0.907 111.9  48.4 -64.4 -40.6  -25.4   20.4  -12.5               
  390  390 A A  H  X S+     0   0   52     -4,-2.1     4,-1.8     2,-0.2    -2,-0.2   0.911 111.5  49.7 -65.8 -41.6  -28.5   20.1  -10.1               
  391  391 A A  H  X S+     0   0   57     -4,-2.4     4,-2.2     2,-0.2    -2,-0.2   0.909 110.0  50.6 -65.0 -41.4  -31.0   20.8  -13.0               
  392  392 A A  H  X S+     0   0   65     -4,-2.2     4,-1.6     1,-0.2    -1,-0.2   0.895 109.5  51.3 -63.9 -38.8  -29.3   18.1  -15.2               
  393  393 A A  H  X S+     0   0   67     -4,-1.8     4,-0.8     2,-0.2    -1,-0.2   0.877 111.4  47.3 -66.2 -37.3  -29.5   15.5  -12.4               
  394  394 A Q  H  X S+     0   0  144     -4,-1.8     4,-0.9     2,-0.2     3,-0.4   0.881 108.2  55.2 -73.1 -35.7  -33.3   16.2  -11.9               
  395  395 A A  H >X S+     0   0   60     -4,-2.2     3,-0.5     1,-0.2     4,-0.5   0.885 105.1  53.5 -64.0 -37.1  -34.0   16.0  -15.7               
  396  396 A A  H 3< S+     0   0   71     -4,-1.6     3,-0.4     1,-0.2    -1,-0.2   0.788 103.2  58.1 -67.5 -27.3  -32.4   12.5  -15.8               
  397  397 A A  H >< S+     0   0   73     -4,-0.8     3,-0.8    -3,-0.4    -1,-0.2   0.771  97.7  60.5 -74.5 -25.8  -34.7   11.3  -12.9               
  398  398 A L  H X< S+     0   0  135     -4,-0.9     3,-0.8    -3,-0.5    -1,-0.2   0.684  87.3  72.1 -80.1 -17.1  -38.0   12.1  -14.8               
  399  399 A Q  T 3< S+     0   0  184     -4,-0.5    -1,-0.2    -3,-0.4    -2,-0.1   0.494  88.6  63.4 -79.5  -0.5  -37.4    9.7  -17.8               
  400  400 A L  T <  S+     0   0  155     -3,-0.8     2,-0.5     1,-0.2    -1,-0.2   0.603  96.7  57.5 -99.8 -11.2  -38.1    6.5  -15.7               
  401  401 A N  S <  S-     0   0  146     -3,-0.8    -1,-0.2    -4,-0.2     2,-0.0  -0.961  77.7-149.9-120.8 113.7  -41.8    7.2  -14.8               
  402  402 A G        +     0   0   76     -2,-0.5    -2,-0.0     1,-0.1    -3,-0.0  -0.259  49.5  64.7 -71.9 168.2  -44.2    7.7  -17.7               
  403  403 A A        +     0   0  101      1,-0.2    -1,-0.1    -2,-0.0     0, 0.0   0.978  41.1 118.2  76.6  85.5  -47.4    9.8  -17.9               
  404  404 A V        -     0   0  141      0, 0.0    -1,-0.2     0, 0.0     2,-0.1  -0.869  57.9-116.9-145.7 139.9  -47.9   13.5  -17.7               
  405  405 A P    >   -     0   0  116      0, 0.0     2,-1.7     0, 0.0     3,-0.5  -0.420  17.4-119.6 -79.5 149.2  -49.4   15.4  -20.8               
  406  406 A L  T 3  S+     0   0  179      1,-0.2     3,-0.1    -2,-0.1     0, 0.0  -0.128  87.2  93.0 -76.8  36.8  -47.5   18.0  -22.8               
  407  407 A G  T 3   +     0   0   77     -2,-1.7    -1,-0.2     1,-0.1     0, 0.0   0.418  66.1  63.9-114.9  -2.4  -50.0   20.9  -22.1               
  408  408 A A    <   +     0   0   98     -3,-0.5     2,-0.5     2,-0.1    -1,-0.1   0.108  60.9 122.5-122.9  17.6  -48.9   22.9  -19.0               
  409  409 A L        -     0   0  142     -3,-0.1     5,-0.1     1,-0.0    -3,-0.0  -0.779  61.7-121.0 -95.3 125.5  -45.5   24.6  -19.8               
  410  410 A N    >   -     0   0  124     -2,-0.5     3,-2.2     1,-0.1     4,-0.4  -0.364  17.7-128.4 -63.3 130.4  -45.3   28.4  -19.5               
  411  411 A P  G >> S+     0   0  100      0, 0.0     4,-0.6     0, 0.0     3,-0.6   0.694 102.6  71.5 -63.3 -16.9  -44.2   30.2  -22.8               
  412  412 A A  G 34 S+     0   0   77      1,-0.2     4,-0.2     2,-0.2    -2,-0.1   0.639  92.1  58.2 -68.4 -16.5  -41.4   32.1  -21.0               
  413  413 A A  G <4 S+     0   0   61     -3,-2.2     3,-0.5     1,-0.1    -1,-0.2   0.734  95.7  61.0 -86.6 -23.6  -39.3   28.9  -20.6               
  414  414 A L  T X4 S+     0   0  129     -3,-0.6     3,-0.8    -4,-0.4    -2,-0.2   0.775  96.3  59.8 -77.0 -25.6  -39.1   28.0  -24.4               
  415  415 A T  G >< S+     0   0  113     -4,-0.6     3,-0.5     1,-0.2    -1,-0.2   0.640  94.7  64.1 -79.2 -14.0  -37.2   31.3  -25.3               
  416  416 A A  G 3  S+     0   0   78     -3,-0.5    -1,-0.2    -4,-0.2     4,-0.2   0.584  92.7  64.4 -81.4 -11.2  -34.2   30.5  -23.0               
  417  417 A L  G <  S+     0   0  141     -3,-0.8    -1,-0.2    -4,-0.2     3,-0.1   0.443  81.0  82.3 -91.8  -3.3  -33.2   27.3  -24.9               
  418  418 A S  S <  S+     0   0   98     -3,-0.5     3,-0.2     1,-0.2    -1,-0.2   0.627  84.5  43.6 -97.2 -15.6  -32.2   28.9  -28.3               
  419  419 A P  S >  S+     0   0   93      0, 0.0     3,-1.2     0, 0.0    -1,-0.2   0.584  88.2  88.5 -97.6  -9.7  -28.6   30.3  -28.3               
  420  420 A A  T 3  S+     0   0   81      1,-0.2     3,-0.2    -4,-0.2    -2,-0.1   0.475  78.5  61.7 -73.4  -2.8  -26.8   27.4  -26.4               
  421  421 A L  T 3  S+     0   0  160     -3,-0.2    -1,-0.2     1,-0.1     3,-0.1   0.386  95.2  57.8-103.7   2.6  -26.0   25.2  -29.6               
  422  422 A N  S <  S+     0   0  140     -3,-1.2    -1,-0.1     1,-0.1    -2,-0.1   0.096  73.7  90.7-125.9  22.4  -23.6   27.6  -31.5               
  423  423 A L        +     0   0  138     -3,-0.2     2,-1.2     1,-0.1     3,-0.5   0.233  51.4 106.6-106.6  15.7  -20.7   28.4  -29.1               
  424  424 A A  S    S+     0   0  106      1,-0.2    -1,-0.1    -3,-0.1    -3,-0.0  -0.457  77.3  48.9 -87.1  59.5  -18.3   25.6  -30.2               
  425  425 A S  S    S+     0   0   98     -2,-1.2     2,-1.0     1,-0.1    -1,-0.2   0.449  72.3 101.2-164.8 -18.0  -15.9   27.9  -32.2               
  426  426 A Q        -     0   0  150     -3,-0.5     2,-0.7     2,-0.0    -1,-0.1  -0.693  46.0-161.9 -96.1 100.0  -14.6   31.1  -30.4               
  427  427 A C        -     0   0  121     -2,-1.0     2,-0.6     1,-0.0    -1,-0.0  -0.619  22.7-136.5 -60.4 107.6  -11.1   30.8  -29.0               
  428  428 A F        -     0   0  192     -2,-0.7     2,-0.2     1,-0.1    -1,-0.0  -0.653  22.6-125.5 -74.2 116.9  -11.0   33.8  -26.5               
  429  429 A Q        -     0   0  160     -2,-0.6     2,-2.1     1,-0.1    -1,-0.1  -0.459   5.0-132.0 -68.1 130.4   -7.7   35.5  -27.0               
  430  430 A L        +     0   0  167     -2,-0.2     3,-0.2     1,-0.1     2,-0.1  -0.416  63.9 130.6 -76.0  62.7   -5.4   35.9  -23.9               
  431  431 A S        +     0   0   91     -2,-2.1    -1,-0.1     1,-0.1    -2,-0.1  -0.443  51.8  63.7-117.9  53.0   -4.8   39.6  -24.9               
  432  432 A S  S    S+     0   0  103     -2,-0.1     3,-0.1     3,-0.0    -1,-0.1   0.355  71.1  86.5-150.3   3.4   -5.6   41.5  -21.6               
  433  433 A L  S    S+     0   0  150     -3,-0.2     2,-0.3     1,-0.2    -2,-0.1   0.350  81.7  63.2 -97.5   6.9   -3.0   40.4  -18.9               
  434  434 A F        +     0   0  203      2,-0.0    -1,-0.2     0, 0.0     0, 0.0  -0.749  51.5 149.9-132.3  87.4   -0.2   43.0  -19.8               
  435  435 A T        -     0   0  125     -2,-0.3     2,-1.4    -3,-0.1    -3,-0.0  -0.939  30.7-157.6-108.4 102.7   -1.2   46.6  -19.3               
  436  436 A P        +     0   0  122      0, 0.0     3,-0.1     0, 0.0    -2,-0.0  -0.621  46.9 118.8 -86.3  82.3    2.0   48.5  -18.4               
  437  437 A Q        +     0   0  184     -2,-1.4     2,-0.1     1,-0.1    -2,-0.0  -0.439  35.4  86.2-148.5  79.5    0.7   51.6  -16.5               
  438  438 A T              0   0  136      1,-0.3    -1,-0.1    -2,-0.0     0, 0.0  -0.535 360.0 360.0-159.2 116.5    1.7   52.2  -12.9               
  439  439 A M              0   0  269     -2,-0.1    -1,-0.3    -3,-0.1    -2,-0.0   0.871 360.0 360.0  68.3 360.0    5.1   54.1  -12.1               
