==== Secondary Structure Definition by the program DSSP, CMBI version 2.0                          ==== DATE=2026-03-08        .
REFERENCE W. KABSCH AND C.SANDER, BIOPOLYMERS 22 (1983) 2577-2637                                                              .
HEADER                                            01-AUG-25                                                                    .
COMPND    MOL_ID: 1; MOLECULE: POLYADENYLATE-BINDING PROTEIN 2; CHAIN: A                                                       .
SOURCE    MOL_ID: 1; ORGANISM_SCIENTIFIC: HOMO SAPIENS; ORGANISM_TAXID: 9606                                                   .
AUTHOR                                                                                                                         .
  306  1  0  0  0 TOTAL NUMBER OF RESIDUES, NUMBER OF CHAINS, NUMBER OF SS-BRIDGES(TOTAL,INTRACHAIN,INTERCHAIN)                .
 34701.2   ACCESSIBLE SURFACE OF PROTEIN (ANGSTROM**2)                                                                         .
  123 40.2   TOTAL NUMBER OF HYDROGEN BONDS OF TYPE O(I)-->H-N(J)  , SAME NUMBER PER 100 RESIDUES                              .
    0  0.0   TOTAL NUMBER OF HYDROGEN BONDS IN     PARALLEL BRIDGES, SAME NUMBER PER 100 RESIDUES                              .
   23  7.5   TOTAL NUMBER OF HYDROGEN BONDS IN ANTIPARALLEL BRIDGES, SAME NUMBER PER 100 RESIDUES                              .
    1  0.3   TOTAL NUMBER OF HYDROGEN BONDS OF TYPE O(I)-->H-N(I-5), SAME NUMBER PER 100 RESIDUES                              .
    0  0.0   TOTAL NUMBER OF HYDROGEN BONDS OF TYPE O(I)-->H-N(I-4), SAME NUMBER PER 100 RESIDUES                              .
    1  0.3   TOTAL NUMBER OF HYDROGEN BONDS OF TYPE O(I)-->H-N(I-3), SAME NUMBER PER 100 RESIDUES                              .
    0  0.0   TOTAL NUMBER OF HYDROGEN BONDS OF TYPE O(I)-->H-N(I-2), SAME NUMBER PER 100 RESIDUES                              .
    0  0.0   TOTAL NUMBER OF HYDROGEN BONDS OF TYPE O(I)-->H-N(I-1), SAME NUMBER PER 100 RESIDUES                              .
    0  0.0   TOTAL NUMBER OF HYDROGEN BONDS OF TYPE O(I)-->H-N(I+0), SAME NUMBER PER 100 RESIDUES                              .
    0  0.0   TOTAL NUMBER OF HYDROGEN BONDS OF TYPE O(I)-->H-N(I+1), SAME NUMBER PER 100 RESIDUES                              .
   32 10.5   TOTAL NUMBER OF HYDROGEN BONDS OF TYPE O(I)-->H-N(I+2), SAME NUMBER PER 100 RESIDUES                              .
   18  5.9   TOTAL NUMBER OF HYDROGEN BONDS OF TYPE O(I)-->H-N(I+3), SAME NUMBER PER 100 RESIDUES                              .
   49 16.0   TOTAL NUMBER OF HYDROGEN BONDS OF TYPE O(I)-->H-N(I+4), SAME NUMBER PER 100 RESIDUES                              .
    0  0.0   TOTAL NUMBER OF HYDROGEN BONDS OF TYPE O(I)-->H-N(I+5), SAME NUMBER PER 100 RESIDUES                              .
  1  2  3  4  5  6  7  8  9 10 11 12 13 14 15 16 17 18 19 20 21 22 23 24 25 26 27 28 29 30     *** HISTOGRAMS OF ***           .
  0  0  0  0  0  0  1  1  1  0  0  0  0  0  0  0  0  0  0  0  0  0  0  0  0  0  0  0  0  1    RESIDUES PER ALPHA HELIX         .
  0  0  0  0  0  0  0  0  0  0  0  0  0  0  0  0  0  0  0  0  0  0  0  0  0  0  0  0  0  0    PARALLEL BRIDGES PER LADDER      .
  0  1  0  1  1  1  0  0  0  0  0  0  0  0  0  0  0  0  0  0  0  0  0  0  0  0  0  0  0  0    ANTIPARALLEL BRIDGES PER LADDER  .
  1  0  1  0  0  0  0  0  0  0  0  0  0  0  0  0  0  0  0  0  0  0  0  0  0  0  0  0  0  0    LADDERS PER SHEET                .
  #  RESIDUE AA STRUCTURE BP1 BP2  ACC     N-H-->O    O-->H-N    N-H-->O    O-->H-N    TCO  KAPPA ALPHA  PHI   PSI    X-CA   Y-CA   Z-CA            CHAIN
    1    1 A M              0   0  239      0, 0.0     0, 0.0     0, 0.0     0, 0.0   0.000 360.0 360.0 360.0  98.6    6.8  -51.1   18.1               
    2    2 A A        +     0   0  103      2,-0.0     0, 0.0     0, 0.0     0, 0.0   0.491 360.0 113.8  57.5 128.4    7.9  -49.6   15.2               
    3    3 A A        +     0   0   90      0, 0.0     0, 0.0     0, 0.0     0, 0.0   0.872   6.7 164.0-165.9 138.7    7.8  -47.8   12.5               
    4    4 A A        +     0   0   97      0, 0.0    -2,-0.0     0, 0.0     0, 0.0   0.578  25.6 143.7  55.1 143.7    8.5  -45.1   10.3               
    5    5 A A        +     0   0  103      0, 0.0     0, 0.0     0, 0.0     0, 0.0   0.586  11.1  61.6  82.8 144.2    8.1  -44.4    6.6               
    6    6 A A        +     0   0   92      0, 0.0     0, 0.0     0, 0.0     0, 0.0   0.705   6.3 164.3-171.8 147.8    7.5  -42.7    3.9               
    7    7 A A        +     0   0  101      0, 0.0     2,-0.1     0, 0.0     0, 0.0   0.504   7.9 179.1  27.9 131.5    7.3  -40.3    1.1               
    8    8 A A        -     0   0  106      2,-0.0     2,-0.1     0, 0.0     0, 0.0  -0.523  12.2-156.4-167.9 132.5    5.8  -39.9   -2.3               
    9    9 A A        -     0   0  104     -2,-0.1     2,-0.3     2,-0.0     0, 0.0  -0.431   2.3-156.8 -74.5 154.4    6.1  -37.0   -4.8               
   10   10 A A        -     0   0  106     -2,-0.1     2,-0.5     2,-0.0    -2,-0.0  -0.906   5.1-168.2-136.6 112.1    3.7  -36.0   -7.6               
   11   11 A A        -     0   0  109     -2,-0.3     2,-0.5     0, 0.0    -2,-0.0  -0.841  12.5-150.0 -87.2 129.1    5.0  -34.0  -10.6               
   12   12 A G        -     0   0   84     -2,-0.5     2,-0.2     2,-0.0    -2,-0.0  -0.933  18.3-165.1-107.2 120.7    2.1  -32.6  -12.8               
   13   13 A A        +     0   0   97     -2,-0.5     0, 0.0     2,-0.0     0, 0.0  -0.500  18.9  75.4 -95.1 168.0    3.0  -32.1  -16.5               
   14   14 A A        -     0   0  110     -2,-0.2    -2,-0.0     2,-0.0     0, 0.0   0.700  33.0 -91.2  70.3 142.9    1.6  -30.4  -19.6               
   15   15 A G        -     0   0   80      0, 0.0    -2,-0.0     0, 0.0     0, 0.0   0.840  17.7-179.5 160.7 151.6    0.9  -28.1  -21.8               
   16   16 A G        -     0   0   82      2,-0.0     2,-0.5     0, 0.0    -2,-0.0   0.185   9.6-179.1 160.2  82.0   -0.5  -25.4  -24.1               
   17   17 A R        -     0   0  258      2,-0.0     2,-0.5     0, 0.0     0, 0.0  -0.798  11.5-172.6 -79.0 124.9    0.9  -23.7  -27.2               
   18   18 A G        -     0   0   81     -2,-0.5     2,-0.3     2,-0.0    -2,-0.0  -0.934   6.9-164.7-123.0 102.2   -1.5  -21.0  -28.6               
   19   19 A S        +     0   0  121     -2,-0.5    -2,-0.0     2,-0.0     0, 0.0  -0.633  17.6 158.3 -79.3 140.2   -0.4  -19.6  -31.9               
   20   20 A G        +     0   0   72     -2,-0.3     2,-0.5     0, 0.0    -2,-0.0  -0.608  11.3 175.8-163.9 109.0   -1.8  -16.3  -33.4               
   21   21 A P        +     0   0  126      0, 0.0     2,-0.0     0, 0.0    -2,-0.0  -0.943  19.9 158.9-104.3 129.9   -0.3  -14.0  -36.0               
   22   22 A G        +     0   0   69     -2,-0.5     0, 0.0     1,-0.1     0, 0.0  -0.337  28.5  31.8-171.5  90.9   -2.5  -11.1  -37.2               
   23   23 A R        -     0   0  251     -2,-0.0    -1,-0.1     0, 0.0     2,-0.1   0.523  34.4-169.2 152.5 113.9   -2.0   -7.8  -38.7               
   24   24 A R        +     0   0  239      0, 0.0     2,-0.1     0, 0.0     0, 0.0  -0.454  21.8 153.7 -53.1 145.2    0.2   -5.9  -41.2               
   25   25 A R        +     0   0  222     -2,-0.1     0, 0.0     0, 0.0     0, 0.0  -0.251  29.7   5.4 179.5 137.5    0.3   -2.3  -41.8               
   26   26 A H        -     0   0  163     -2,-0.1     2,-0.0     1,-0.0     0, 0.0   0.986  34.4-149.2  83.5  88.6    2.3    0.7  -42.9               
   27   27 A L        +     0   0  157      2,-0.0    -1,-0.0     0, 0.0     0, 0.0  -0.173  22.0 156.7  -8.0 121.8    5.6    1.6  -44.3               
   28   28 A V        +     0   0  137      2,-0.0     2,-0.4    -2,-0.0     0, 0.0  -0.596   5.8 171.5-154.7 126.6    7.6    4.8  -43.8               
   29   29 A P        +     0   0  115      0, 0.0     2,-0.4     0, 0.0    -2,-0.0  -0.993  13.1 176.6-112.9 122.6   11.4    5.2  -44.3               
   30   30 A G        -     0   0   74     -2,-0.4     2,-0.1     0, 0.0    -2,-0.0  -0.998  15.9-143.6-128.5 126.0   12.5    8.8  -44.1               
   31   31 A A        +     0   0  106     -2,-0.4     0, 0.0     1,-0.0     0, 0.0  -0.320  36.0  37.5 -80.2 160.3   16.2    9.8  -44.3               
   32   32 A G        +     0   0   86     -2,-0.1    -1,-0.0     1,-0.1     2,-0.0   0.940  23.4 139.7  90.8 116.8   18.8   12.2  -43.0               
   33   33 A G        -     0   0   84      0, 0.0     2,-0.1     0, 0.0    -1,-0.1  -0.205  28.9-176.5 176.5  83.3   20.1   14.2  -40.0               
   34   34 A E        +     0   0  194      1,-0.1     0, 0.0    -2,-0.0     0, 0.0  -0.409  32.2  20.9 -73.6 157.6   23.9   14.5  -39.5               
   35   35 A A        +     0   0  106     -2,-0.1    -1,-0.1     1,-0.1     0, 0.0   0.968  30.6 145.7  69.6 121.4   26.2   16.0  -36.9               
   36   36 A G        -     0   0   78      0, 0.0     2,-0.1     0, 0.0    -1,-0.1  -0.147  22.5-170.3-179.1  70.7   26.3   17.2  -33.2               
   37   37 A E        +     0   0  202      1,-0.0     0, 0.0     0, 0.0     0, 0.0  -0.381  11.6 170.5 -53.4 139.8   29.7   16.6  -31.4               
   38   38 A G        -     0   0   74     -2,-0.1    -1,-0.0     0, 0.0     0, 0.0  -0.253  29.5-113.2-171.2  70.8   29.5   17.4  -27.7               
   39   39 A A        -     0   0   97      1,-0.1     2,-0.5     0, 0.0     0, 0.0   0.757   8.5-123.3  36.3 127.8   32.4   16.5  -25.3               
   40   40 A P        +     0   0  135      0, 0.0     2,-0.2     0, 0.0    -1,-0.1  -0.835  45.9 151.8 -90.9 131.9   33.0   14.0  -22.4               
   41   41 A G        +     0   0   83     -2,-0.5     0, 0.0     1,-0.1     0, 0.0  -0.810  20.9  70.1-164.9 125.9   34.2   15.8  -19.2               
   42   42 A G        +     0   0   79     -2,-0.2     2,-0.5     1,-0.1    -1,-0.1   0.670  26.6 173.4 135.8  63.0   34.1   15.4  -15.4               
   43   43 A A        -     0   0  113      2,-0.0     2,-0.4     1,-0.0    -1,-0.1  -0.759  18.1-172.0 -68.5 122.0   36.0   12.8  -13.4               
   44   44 A G        -     0   0   57     -2,-0.5     2,-0.2     2,-0.0    -1,-0.0  -0.926  12.5-146.6-127.1  99.0   35.2   13.8   -9.8               
   45   45 A D        -     0   0  158     -2,-0.4     2,-0.6     1,-0.1    -2,-0.0  -0.480   3.5-156.4 -59.1 121.9   37.3   11.8   -7.3               
   46   46 A Y        +     0   0  235     -2,-0.2     2,-0.6     2,-0.0    -1,-0.1  -0.745  31.9 154.1-106.0  78.4   35.6   11.1   -4.0               
   47   47 A G        +     0   0   52     -2,-0.6     2,-0.2     2,-0.0    -2,-0.0  -0.961   7.3 157.6-100.6 109.7   38.6   10.5   -1.7               
   48   48 A N        -     0   0  165     -2,-0.6     2,-0.1     2,-0.0    -2,-0.0  -0.725  18.5-166.2-151.1 113.5   37.9   11.3    2.0               
   49   49 A G        +     0   0   64     -2,-0.2    -2,-0.0     2,-0.0     0, 0.0   0.353  23.9 142.7  90.7 122.6   39.7    9.9    4.3               
   50   50 A L        -     0   0  171     -2,-0.1     2,-0.2     0, 0.0    -2,-0.0   0.686  19.2-174.6  96.1  93.4   39.6    9.4    8.2               
   51   51 A E        +     0   0  178      0, 0.0    -2,-0.0     0, 0.0     0, 0.0  -0.221  28.6   9.2  62.5 103.4   40.7    6.7    9.9               
   52   52 A S        +     0   0  101     -2,-0.2     0, 0.0     0, 0.0     0, 0.0   0.752  30.1 131.6  80.2 158.4   40.6    5.7   13.5               
   53   53 A E        -     0   0  162      0, 0.0     2,-0.0     0, 0.0     0, 0.0   0.805  23.1-166.4  88.2  87.6   39.6    5.9   17.2               
   54   54 A E        +     0   0  169      0, 0.0     0, 0.0     0, 0.0     0, 0.0   0.498  16.3 151.2  52.7 144.6   38.4    3.3   19.2               
   55   55 A L        +     0   0  138     -2,-0.0     0, 0.0     0, 0.0     0, 0.0   0.732  25.7   2.5  89.5 126.0   36.8    3.4   22.7               
   56   56 A E        -     0   0  162      1,-0.2     2,-0.2     0, 0.0     0, 0.0   0.854   8.3-178.5-156.9 158.8   34.6    2.0   24.8               
   57   57 A P        +     0   0   97      0, 0.0    -1,-0.2     0, 0.0     0, 0.0  -0.640  53.6  76.8 -84.7 166.8   32.2   -0.6   26.2               
   58   58 A E        +     0   0  179     -2,-0.2     0, 0.0     1,-0.0     0, 0.0   0.335  34.9  80.6  82.1 139.5   30.5   -0.0   29.7               
   59   59 A E        -     0   0  157      0, 0.0    -1,-0.0     0, 0.0     0, 0.0   0.791  38.5 -94.7-154.2 157.5   28.4    1.3   31.9               
   60   60 A L        +     0   0  140      1,-0.0     2,-0.1     0, 0.0     0, 0.0   0.708  22.7 159.1  45.0 112.8   25.1    1.7   33.7               
   61   61 A L        -     0   0  180      0, 0.0     2,-0.1     0, 0.0    -1,-0.0  -0.518  23.9-168.3-156.7 121.3   21.9    3.4   33.9               
   62   62 A L        +     0   0  143     -2,-0.1     0, 0.0     0, 0.0     0, 0.0  -0.371  19.5 129.9 -69.1 157.7   19.1    1.7   35.7               
   63   63 A E        -     0   0  171     -2,-0.1     0, 0.0     0, 0.0     0, 0.0   0.472  33.5  -3.7  98.6 149.4   15.3    2.5   35.8               
   64   64 A P        -     0   0  118      0, 0.0     0, 0.0     0, 0.0     0, 0.0   0.755  27.2-147.0-126.6 161.0   12.2    1.9   35.6               
   65   65 A E        -     0   0  182      1,-0.1     2,-0.5     0, 0.0     0, 0.0  -0.336  37.3-113.3 -59.8 140.1    9.6   -0.8   34.7               
   66   66 A P        -     0   0  130      0, 0.0     3,-0.1     0, 0.0    -1,-0.1  -0.705  42.6-115.3 -74.9 121.5    6.2    0.2   33.1               
   67   67 A E        -     0   0  172     -2,-0.5     2,-0.4     1,-0.1     0, 0.0  -0.041  33.1 -88.5 -50.9 152.1    3.5   -0.5   35.7               
   68   68 A P        -     0   0  129      0, 0.0    -1,-0.1     0, 0.0     3,-0.1  -0.527  45.6-119.4 -67.8 123.5    0.7   -3.1   35.2               
   69   69 A E        -     0   0  182     -2,-0.4     2,-0.2     1,-0.1     3,-0.1  -0.352  36.1 -98.9 -59.8 140.4   -2.3   -1.6   33.4               
   70   70 A P        -     0   0  120      0, 0.0     2,-0.2     0, 0.0    -1,-0.1  -0.450  42.0 -99.2 -68.1 133.8   -5.5   -1.7   35.5               
   71   71 A E        -     0   0  193     -2,-0.2     2,-0.8     1,-0.1     0, 0.0  -0.297  34.6-132.7 -49.9 108.7   -8.0   -4.6   34.7               
   72   72 A E        -     0   0  194     -2,-0.2    -1,-0.1    -3,-0.1    -3,-0.0  -0.623  23.3-128.9 -69.1 109.6  -10.7   -3.1   32.4               
   73   73 A E        -     0   0  143     -2,-0.8     3,-0.1     1,-0.1    -1,-0.1  -0.294  31.6 -96.5 -50.5 140.2  -14.1   -4.4   33.9               
   74   74 A P        -     0   0  112      0, 0.0     2,-0.1     0, 0.0    -1,-0.1  -0.274  55.9 -81.0 -64.4 150.2  -16.4   -6.1   31.3               
   75   75 A P        -     0   0  128      0, 0.0     3,-0.1     0, 0.0    -3,-0.0  -0.268  41.2-128.3 -67.0 126.2  -19.1   -3.7   29.9               
   76   76 A R        -     0   0  194     -2,-0.1     2,-0.1    -3,-0.1    -3,-0.0  -0.406  34.3-100.5 -63.2 139.8  -22.3   -3.2   32.0               
   77   77 A P        -     0   0  127      0, 0.0     2,-0.2     0, 0.0    -1,-0.1  -0.392  42.5-105.3 -67.4 138.6  -25.6   -3.8   30.1               
   78   78 A R        -     0   0  247     -2,-0.1     0, 0.0    -3,-0.1     0, 0.0  -0.450  24.2-141.0 -66.4 127.8  -27.4   -0.6   28.9               
   79   79 A A        -     0   0   92     -2,-0.2    -1,-0.1     1,-0.1     0, 0.0  -0.633  31.2-105.0 -80.3 145.2  -30.5    0.7   30.7               
   80   80 A P        -     0   0  118      0, 0.0     2,-0.3     0, 0.0    -1,-0.1  -0.340  42.8 -98.3 -72.6 155.5  -33.3    2.1   28.4               
   81   81 A P        +     0   0  131      0, 0.0     0, 0.0     0, 0.0     0, 0.0  -0.564  63.3   6.2 -83.4 137.6  -33.9    5.9   28.1               
   82   82 A G        +     0   0   79     -2,-0.3     0, 0.0     1,-0.2     0, 0.0   0.990  22.8 175.1  88.8  89.5  -36.2    8.4   29.6               
   83   83 A A        -     0   0   97      0, 0.0    -1,-0.2     0, 0.0     2,-0.1  -0.964  43.3-122.3-100.9 130.7  -38.9    8.8   32.2               
   84   84 A P        -     0   0  128      0, 0.0     0, 0.0     0, 0.0     0, 0.0  -0.480  37.9 -92.9 -73.9 146.8  -40.0   12.6   32.3               
   85   85 A G        -     0   0   71     -2,-0.1     2,-0.2     1,-0.1     0, 0.0   0.186  44.3 -76.8 -68.4 175.5  -39.6   14.3   35.8               
   86   86 A P        -     0   0  135      0, 0.0    -1,-0.1     0, 0.0     0, 0.0  -0.490  27.2-159.0 -87.9 134.4  -42.0   14.9   38.7               
   87   87 A G        -     0   0   72     -2,-0.2     2,-0.4     2,-0.1     0, 0.0  -0.867  23.2-129.5 -98.2 140.5  -44.9   17.4   39.1               
   88   88 A P        +     0   0  139      0, 0.0     2,-0.1     0, 0.0     0, 0.0  -0.737  39.4 144.4 -93.8 139.3  -46.0   18.2   42.7               
   89   89 A G        -     0   0   65     -2,-0.4    -2,-0.1     2,-0.0     0, 0.0  -0.255  27.6-122.3 163.1  96.7  -49.7   18.2   43.8               
   90   90 A S        +     0   0  123     -2,-0.1     0, 0.0     0, 0.0     0, 0.0   0.695  29.6  83.4  88.4 111.4  -51.6   17.4   46.6               
   91   91 A G        +     0   0   78      2,-0.0    -2,-0.0     0, 0.0     0, 0.0   0.757  35.9  13.3 113.0 123.3  -54.3   15.7   48.5               
   92   92 A A        -     0   0  101      1,-0.1     2,-0.4     0, 0.0     0, 0.0   0.932  15.7-162.3  89.6 116.1  -56.1   13.1   50.5               
   93   93 A P        +     0   0  135      0, 0.0    -1,-0.1     0, 0.0     2,-0.1  -0.906  42.3 118.0 -98.7 145.8  -55.9    9.9   52.7               
   94   94 A G        +     0   0   68     -2,-0.4     0, 0.0     1,-0.1     0, 0.0  -0.327  26.4  39.8 156.3 140.1  -59.1    7.9   53.3               
   95   95 A S        -     0   0  114     -2,-0.1    -1,-0.1     0, 0.0     2,-0.0   0.899  30.5-143.4  69.4 109.8  -61.3    4.7   53.1               
   96   96 A Q        +     0   0  186      2,-0.0     0, 0.0     0, 0.0     0, 0.0   0.704  13.2 172.5  66.5 148.1  -61.6    1.3   53.3               
   97   97 A E        -     0   0  187     -2,-0.0     2,-0.2     0, 0.0     0, 0.0   0.527  15.0-160.4 103.4  86.8  -63.6   -1.5   51.6               
   98   98 A E        -     0   0  191      0, 0.0     2,-0.1     0, 0.0    -2,-0.0  -0.316   7.6-174.2  49.4  97.4  -63.1   -4.9   52.0               
   99   99 A E        -     0   0  184     -2,-0.2     0, 0.0     0, 0.0     0, 0.0  -0.575  33.1-100.7-156.6  98.8  -64.2   -7.7   49.8               
  100  100 A E        -     0   0  192      1,-0.2     0, 0.0    -2,-0.1     0, 0.0   0.649  20.5-145.2  86.4 108.8  -63.8  -11.1   50.7               
  101  101 A E        -     0   0  169      0, 0.0    -1,-0.2     0, 0.0     0, 0.0  -0.280   6.1-152.8 -71.1 168.4  -61.9  -14.4   50.7               
  102  102 A P        -     0   0  128      0, 0.0     0, 0.0     0, 0.0     0, 0.0  -0.244  27.0-130.6-143.3 119.3  -62.6  -17.8   50.8               
  103  103 A G        -     0   0   49      1,-0.1     2,-0.4     0, 0.0     0, 0.0   0.607  15.7-153.2  47.2 115.0  -60.1  -20.1   52.1               
  104  104 A L        -     0   0  183      0, 0.0     3,-0.1     0, 0.0    -1,-0.1  -0.881  35.9-141.6-129.6 107.2  -58.4  -23.3   51.2               
  105  105 A V        -     0   0  131     -2,-0.4     2,-0.2     1,-0.1     0, 0.0  -0.270  21.1 -98.2 -54.4 136.6  -57.4  -24.8   54.6               
  106  106 A E        -     0   0  197     -2,-0.1     2,-0.3     1,-0.0    -1,-0.1  -0.423  47.8-177.2 -50.8 121.6  -54.2  -26.7   55.3               
  107  107 A G        -     0   0   69     -2,-0.2    -1,-0.0     1,-0.2    -2,-0.0  -0.788  33.9 -50.8-145.6  99.3  -54.9  -30.4   55.0               
  108  108 A D        -     0   0  160     -2,-0.3     2,-0.7     1,-0.1    -1,-0.2   0.953  43.3-112.0  69.8 123.1  -52.5  -33.2   55.7               
  109  109 A P        +     0   0  124      0, 0.0    -1,-0.1     0, 0.0     2,-0.0  -0.720  58.6 105.0 -91.0 116.3  -49.0  -34.3   54.6               
  110  110 A G        +     0   0   72     -2,-0.7     2,-0.1     1,-0.2     0, 0.0  -0.116  22.9  85.6 161.0 106.7  -48.5  -37.4   52.5               
  111  111 A D        -     0   0  172     -2,-0.0     3,-0.2     0, 0.0    -1,-0.2  -0.162  64.6 -21.0-173.4 138.6  -47.9  -38.9   49.3               
  112  112 A G        -     0   0   49      1,-0.2     2,-1.6    -2,-0.1    -2,-0.0   0.932  17.5-161.3  70.8  79.9  -45.0  -40.0   47.1               
  113  113 A A        -     0   0  107      2,-0.1     2,-0.8     1,-0.0    -1,-0.2  -0.730  34.8-178.7 -59.8  88.3  -41.4  -39.2   46.9               
  114  114 A I        -     0   0  124     -2,-1.6     2,-1.7    -3,-0.2    -1,-0.0  -0.903  19.4-160.7-100.1  93.1  -41.5  -40.7   43.4               
  115  115 A E        -     0   0  164     -2,-0.8    -2,-0.1     4,-0.0     3,-0.0  -0.710  19.6-149.1 -58.0  84.3  -38.0  -40.4   42.2               
  116  116 A D    >>  -     0   0   81     -2,-1.7     3,-1.3     1,-0.2     4,-1.3  -0.643   4.5-153.9 -67.1 108.2  -39.3  -40.7   38.6               
  117  117 A P  H 3> S+     0   0   97      0, 0.0     4,-1.8     0, 0.0    -1,-0.2   0.737  91.1  63.9 -60.9 -19.9  -36.2  -42.4   36.9               
  118  118 A E  H 3> S+     0   0  153      2,-0.2     4,-1.9     1,-0.2     5,-0.1   0.853  98.8  51.0 -71.5 -34.5  -37.4  -40.9   33.6               
  119  119 A L  H <> S+     0   0  118     -3,-1.3     4,-2.2     2,-0.2    -1,-0.2   0.901 111.9  46.5 -74.5 -37.8  -36.8  -37.2   34.8               
  120  120 A E  H  X S+     0   0  137     -4,-1.3     4,-2.7     2,-0.2    -2,-0.2   0.918 111.6  52.8 -66.0 -40.2  -33.3  -38.0   36.0               
  121  121 A A  H  X S+     0   0   59     -4,-1.8     4,-2.1     2,-0.2    -2,-0.2   0.889 110.4  47.0 -62.5 -40.1  -32.6  -39.8   32.7               
  122  122 A I  H  X S+     0   0  106     -4,-1.9     4,-2.0     2,-0.2    -2,-0.2   0.937 113.5  48.2 -67.1 -44.2  -33.8  -36.8   30.6               
  123  123 A K  H  X S+     0   0  166     -4,-2.2     4,-2.0     2,-0.2    -2,-0.2   0.890 111.4  50.5 -64.7 -39.1  -31.7  -34.4   32.8               
  124  124 A A  H  X S+     0   0   51     -4,-2.7     4,-2.4     2,-0.2    -1,-0.2   0.934 110.6  49.5 -62.2 -44.7  -28.6  -36.6   32.4               
  125  125 A R  H  X S+     0   0  195     -4,-2.1     4,-1.9     2,-0.2    -2,-0.2   0.842 109.4  51.0 -65.8 -37.1  -29.1  -36.7   28.6               
  126  126 A V  H  X S+     0   0   62     -4,-2.0     4,-2.0     2,-0.2    -1,-0.2   0.934 111.0  49.7 -64.9 -42.0  -29.4  -32.9   28.3               
  127  127 A R  H  X S+     0   0  164     -4,-2.0     4,-2.7     2,-0.2    -2,-0.2   0.914 109.9  49.5 -63.0 -45.2  -26.2  -32.6   30.3               
  128  128 A E  H  X S+     0   0  125     -4,-2.4     4,-2.3     1,-0.2    -1,-0.2   0.908 112.0  49.4 -60.0 -40.2  -24.3  -35.1   28.1               
  129  129 A M  H  X S+     0   0  123     -4,-1.9     4,-1.8     2,-0.2    -2,-0.2   0.849 111.9  48.0 -68.8 -34.6  -25.5  -33.1   25.0               
  130  130 A E  H  X S+     0   0  118     -4,-2.0     4,-2.5     2,-0.2    -2,-0.2   0.939 112.1  48.9 -68.5 -44.8  -24.4  -29.8   26.6               
  131  131 A E  H  X S+     0   0  103     -4,-2.7     4,-2.0     1,-0.2    -2,-0.2   0.878 113.2  47.8 -63.9 -37.5  -20.9  -31.2   27.5               
  132  132 A E  H  X S+     0   0  136     -4,-2.3     4,-1.9    -5,-0.2    -1,-0.2   0.896 112.0  49.7 -67.9 -38.9  -20.6  -32.6   23.9               
  133  133 A A  H  X S+     0   0   58     -4,-1.8     4,-2.0     2,-0.2    -2,-0.2   0.888 110.1  50.2 -68.6 -38.9  -21.6  -29.2   22.4               
  134  134 A E  H  X S+     0   0  128     -4,-2.5     4,-2.6     2,-0.2    -2,-0.2   0.945 110.8  49.4 -63.3 -44.5  -19.1  -27.3   24.6               
  135  135 A K  H  X S+     0   0  143     -4,-2.0     4,-2.3     1,-0.2    -2,-0.2   0.861 110.7  50.2 -64.6 -36.8  -16.3  -29.8   23.5               
  136  136 A L  H  X S+     0   0  104     -4,-1.9     4,-2.2     2,-0.2    -1,-0.2   0.890 111.0  49.7 -64.9 -39.7  -17.3  -29.2   19.8               
  137  137 A K  H  X S+     0   0  134     -4,-2.0     4,-2.7     2,-0.2    -2,-0.2   0.885 110.9  49.0 -68.4 -39.2  -17.2  -25.4   20.3               
  138  138 A E  H  X S+     0   0  138     -4,-2.6     4,-2.6     2,-0.2     5,-0.2   0.931 111.6  49.2 -64.6 -44.0  -13.7  -25.7   21.9               
  139  139 A L  H  X S+     0   0  104     -4,-2.3     4,-2.5     2,-0.2    -2,-0.2   0.893 112.9  48.0 -61.8 -40.3  -12.5  -27.8   19.0               
  140  140 A Q  H  X S+     0   0  113     -4,-2.2     4,-2.9     2,-0.2    -2,-0.2   0.948 113.1  47.3 -64.5 -45.8  -13.9  -25.2   16.6               
  141  141 A N  H  X S+     0   0   70     -4,-2.7     4,-2.4     2,-0.2    -2,-0.2   0.853 114.5  46.9 -63.3 -38.2  -12.3  -22.3   18.5               
  142  142 A E  H  X S+     0   0   90     -4,-2.6     4,-2.7     2,-0.2    -2,-0.2   0.921 112.9  48.6 -70.2 -42.2   -9.0  -24.2   18.6               
  143  143 A V  H  X S+     0   0   61     -4,-2.5     4,-2.7    -5,-0.2    -2,-0.2   0.919 112.9  48.8 -62.2 -41.3   -9.2  -25.0   14.9               
  144  144 A E  H  X S+     0   0  122     -4,-2.9     4,-1.7     2,-0.2    -2,-0.2   0.923 112.0  48.4 -64.3 -43.3  -10.1  -21.3   14.2               
  145  145 A K  H  < S+     0   0  141     -4,-2.4     4,-0.2     2,-0.2    -2,-0.2   0.910 115.6  44.3 -61.9 -42.2   -7.1  -20.2   16.3               
  146  146 A Q  H >< S+     0   0  125     -4,-2.7     3,-1.2     1,-0.2     4,-0.3   0.882 111.3  53.3 -71.1 -36.7   -4.8  -22.6   14.5               
  147  147 A M  H >< S+     0   0  135     -4,-2.7     3,-0.5     1,-0.2    -2,-0.2   0.777 104.4  57.2 -69.8 -23.8   -6.3  -21.7   11.1               
  148  148 A N  T 3< S+     0   0  148     -4,-1.7    -1,-0.2     1,-0.2    -2,-0.2   0.499 101.8  57.7 -81.9  -3.5   -5.5  -18.0   11.9               
  149  149 A M  T <  S+     0   0  168     -3,-1.2    -1,-0.2     1,-0.2    -2,-0.2   0.366 112.3  29.6-111.6   4.5   -1.7  -18.8   12.4               
  150  150 A S    <   -     0   0   88     -3,-0.5    -1,-0.2    -4,-0.3    -4,-0.0  -0.719  67.0-143.5-159.8 116.1   -0.9  -20.3    8.9               
  151  151 A P        -     0   0  110      0, 0.0    -3,-0.1     0, 0.0    -4,-0.0  -0.544  42.8-101.3 -67.7 138.5   -2.4  -19.6    5.4               
  152  152 A P    >   -     0   0  115      0, 0.0     2,-1.1     0, 0.0     3,-0.6  -0.383  29.2-125.6 -61.4 132.4   -2.6  -22.9    3.4               
  153  153 A P  T 3  S+     0   0  139      0, 0.0     3,-0.1     0, 0.0    -3,-0.0  -0.668  86.9  63.8 -76.9 101.7    0.2  -23.2    0.8               
  154  154 A G  T 3  S+     0   0   73     -2,-1.1     2,-0.3     1,-0.0     0, 0.0   0.534  74.6  70.2 163.8   0.8   -1.7  -23.8   -2.4               
  155  155 A N    <   -     0   0  155     -3,-0.6     2,-2.0     2,-0.1    -1,-0.0  -0.750  45.4-167.9-141.6  95.6   -4.1  -21.2   -3.8               
  156  156 A A        +     0   0  119     -2,-0.3     3,-0.0    -3,-0.1    -1,-0.0  -0.268  49.8 124.9 -72.8  47.6   -2.6  -17.9   -5.3               
  157  157 A G  S    S-     0   0   42     -2,-2.0     2,-0.3     1,-0.0    -2,-0.1  -0.727  80.5 -78.9 -93.8 158.2   -6.0  -16.3   -5.3               
  158  158 A P        -     0   0  124      0, 0.0    -2,-0.0     0, 0.0    -1,-0.0  -0.491  54.5-111.2 -57.9 116.8   -6.6  -12.9   -3.6               
  159  159 A V        -     0   0  120     -2,-0.3     2,-2.4     1,-0.1    -3,-0.0  -0.320  29.4-122.6 -45.4 119.1   -7.0  -13.8    0.1               
  160  160 A I        -     0   0  152     -3,-0.0    -1,-0.1     0, 0.0     3,-0.1  -0.559  33.8-162.7 -73.9  75.9  -10.6  -13.0    0.7               
  161  161 A M        -     0   0   66     -2,-2.4     0, 0.0     1,-0.1     0, 0.0  -0.404  31.7 -97.0 -52.2 137.4   -9.9  -10.5    3.5               
  162  162 A S     >  -     0   0   44      1,-0.1     4,-2.4     4,-0.0     5,-0.2  -0.092  30.4-110.6 -55.3 155.6  -13.1  -10.0    5.5               
  163  163 A I  H  > S+     0   0  116      2,-0.2     4,-1.8     1,-0.2    -1,-0.1   0.901 122.2  52.6 -58.6 -34.9  -15.2   -6.9    4.5               
  164  164 A E  H  > S+     0   0  149      2,-0.2     4,-2.4     1,-0.2     3,-0.2   0.965 107.9  48.1 -65.6 -51.9  -14.2   -5.5    7.9               
  165  165 A E  H  > S+     0   0   96      1,-0.2     4,-2.9     2,-0.2     5,-0.2   0.894 112.3  50.4 -56.2 -43.3  -10.4   -6.1    7.4               
  166  166 A K  H  X S+     0   0   82     -4,-2.4     4,-2.6     1,-0.2    -1,-0.2   0.889 110.7  49.1 -62.7 -40.2  -10.6   -4.4    3.9               
  167  167 A M  H  X S+     0   0   66     -4,-1.8     4,-1.8    -3,-0.2    -2,-0.2   0.870 113.4  46.5 -67.3 -37.4  -12.5   -1.4    5.5               
  168  168 A E  H  X S+     0   0  105     -4,-2.4     4,-1.3     2,-0.2    -2,-0.2   0.917 113.8  47.3 -70.8 -43.4   -9.8   -1.1    8.2               
  169  169 A A  H >< S+     0   0    7     -4,-2.9     3,-0.5     2,-0.2    51,-0.2   0.934 113.1  50.0 -60.0 -45.0   -6.9   -1.5    5.7               
  170  170 A D  H >< S+     0   0   19     -4,-2.6     3,-1.1     1,-0.2    77,-0.3   0.870 107.8  53.7 -60.9 -37.5   -8.7    1.1    3.5               
  171  171 A A  H 3< S+     0   0   54     -4,-1.8    -1,-0.2     1,-0.2    -2,-0.2   0.754 112.2  44.2 -70.2 -26.3   -9.1    3.5    6.6               
  172  172 A R  T << S+     0   0   65     -4,-1.3    48,-2.4    -3,-0.5     2,-0.3   0.223 104.1  93.7 -93.8   6.9   -5.2    3.2    7.1               
  173  173 A S  E <   -A  219   0A   2     -3,-1.1    74,-2.6    46,-0.2     2,-0.3  -0.810  57.2-156.0-107.5 149.2   -4.6    3.7    3.4               
  174  174 A I  E     -AB 218 246A   0     44,-2.8    44,-1.8    -2,-0.3     2,-0.5  -0.811  14.6-132.9-112.9 153.8   -3.8    6.7    1.2               
  175  175 A Y  E     -AB 217 245A  60     70,-3.5    70,-2.4    -2,-0.3     2,-0.5  -0.953  20.7-164.5 -98.4 126.6   -4.3    7.4   -2.5               
  176  176 A V  E     -AB 216 244A   0     40,-3.0    40,-2.7    -2,-0.5     2,-0.3  -0.962  12.6-176.3-114.1 123.3   -1.2    8.9   -4.2               
  177  177 A G  E     +AB 215 243A   1     66,-2.7    66,-2.5    -2,-0.5    38,-0.2  -0.786  56.4  35.2-123.1 167.2   -1.8   10.5   -7.6               
  178  178 A N  S    S+     0   0   70     36,-0.9    37,-0.2    -2,-0.3    -1,-0.2   0.733  77.6 165.6  57.5  28.4    0.3   12.2  -10.3               
  179  179 A V        -     0   0    3     35,-1.9    -1,-0.2    -3,-0.2    62,-0.1  -0.439  44.3 -97.9 -67.4 142.4    3.1    9.6   -9.4               
  180  180 A D    >   -     0   0   37      1,-0.1     3,-1.5    60,-0.1    34,-0.2  -0.292  23.0-125.8 -62.0 147.3    5.9    9.4  -12.0               
  181  181 A Y  T 3  S+     0   0  138      1,-0.3    -1,-0.1    32,-0.1    33,-0.1   0.740 111.9  51.6 -69.1 -22.0    5.6    6.5  -14.5               
  182  182 A G  T 3  S+     0   0   41     56,-0.1    -1,-0.3     2,-0.0     2,-0.1   0.334  83.1 130.8 -89.4   2.5    9.2    5.4  -13.5               
  183  183 A A    <   -     0   0   15     -3,-1.5     2,-0.2     1,-0.1    31,-0.1  -0.371  44.5-150.8 -65.4 133.4    8.3    5.3   -9.8               
  184  184 A T     >  -     0   0   58     -2,-0.1     4,-1.6     1,-0.1     5,-0.1  -0.550  25.2-117.2 -94.7 162.2    9.3    2.2   -7.7               
  185  185 A A  H  > S+     0   0   44     -2,-0.2     4,-2.6     2,-0.2     5,-0.1   0.915 116.8  55.0 -63.0 -38.8    7.5    0.9   -4.6               
  186  186 A E  H  > S+     0   0  152      1,-0.2     4,-2.8     2,-0.2     5,-0.2   0.882 105.8  50.8 -61.7 -43.0   10.8    1.5   -2.6               
  187  187 A E  H  > S+     0   0   70      2,-0.2     4,-1.9     1,-0.2    -1,-0.2   0.890 112.6  46.4 -64.3 -40.4   10.9    5.2   -3.7               
  188  188 A L  H  X S+     0   0    0     -4,-1.6     4,-1.8     2,-0.2    -2,-0.2   0.915 112.6  50.3 -67.1 -43.3    7.3    5.7   -2.6               
  189  189 A E  H  X S+     0   0   84     -4,-2.6     4,-1.3     1,-0.2     3,-0.3   0.954 111.0  48.8 -59.1 -48.0    7.9    3.9    0.7               
  190  190 A A  H  < S+     0   0   73     -4,-2.8     4,-0.5     1,-0.2     3,-0.3   0.873 110.0  52.2 -59.8 -40.0   11.0    6.1    1.4               
  191  191 A H  H  < S+     0   0   53     -4,-1.9     3,-0.3     1,-0.2    -1,-0.2   0.865 118.6  35.6 -64.8 -37.6    9.0    9.3    0.6               
  192  192 A F  H >X S+     0   0    0     -4,-1.8     3,-2.0    -3,-0.3     4,-0.8   0.493  90.0  96.0 -96.0  -3.4    6.2    8.3    3.1               
  193  193 A H  G >< S+     0   0  130     -4,-1.3     3,-0.8     1,-0.3    -1,-0.2   0.860  79.2  59.4 -56.7 -37.3    8.5    6.6    5.7               
  194  194 A G  G 34 S+     0   0   81     -4,-0.5    -1,-0.3    -3,-0.3    -2,-0.1   0.602 102.6  53.9 -68.1 -12.3    8.6    9.9    7.7               
  195  195 A C  G <4 S-     0   0   20     -3,-2.0    33,-0.2     1,-0.4     2,-0.2   0.673 124.5 -62.2 -93.6 -23.1    4.8    9.8    8.2               
  196  196 A G  S << S-     0   0   20     -3,-0.8    -1,-0.4    -4,-0.8     2,-0.3  -0.854  70.4 -44.0 156.5 174.4    4.6    6.2    9.6               
  197  197 A S        -     0   0   74     -2,-0.2    24,-2.5    -3,-0.1     2,-0.5  -0.472  51.8-139.0 -72.2 127.8    5.3    2.5    9.0               
  198  198 A V  E     -C  220   0A  24     -2,-0.3    22,-0.3    22,-0.2     3,-0.1  -0.781  21.3-179.9 -91.7 122.4    4.2    1.2    5.6               
  199  199 A N  E    S+     0   0A  88     20,-2.4     2,-0.3    -2,-0.5    21,-0.2   0.836  70.3   2.0 -82.5 -42.5    2.5   -2.2    5.5               
  200  200 A R  E     -C  219   0A 144     19,-1.6    19,-2.8     2,-0.0     2,-0.4  -0.935  52.6-157.8-155.5 133.2    1.9   -2.3    1.7               
  201  201 A V  E     -C  218   0A  31     -2,-0.3     2,-0.4    17,-0.2    17,-0.2  -0.908  13.5-173.5-108.9 131.6    2.6   -0.3   -1.5               
  202  202 A T  E     -C  217   0A  53     15,-3.1    15,-2.5    -2,-0.4     2,-0.5  -0.897   5.7-164.6-129.5 105.2    0.3   -1.0   -4.6               
  203  203 A I  E     -C  216   0A  53     -2,-0.4     2,-0.8    13,-0.2    13,-0.2  -0.747  20.6-133.7 -87.3 126.3    1.2    0.8   -7.9               
  204  204 A L  E     -     0   0A  57     11,-2.3     9,-2.9    -2,-0.5    11,-0.5  -0.746  25.6-176.2 -88.8 115.2   -1.7    0.6  -10.3               
  205  205 A C  E     -C  212   0A  62     -2,-0.8     2,-0.3     7,-0.3     6,-0.1  -0.661  35.5 -99.5 -98.6 153.8   -0.8   -0.4  -13.9               
  206  206 A D     >  -     0   0   45      5,-3.1     4,-2.0    -2,-0.2    -1,-0.0  -0.619  27.3-139.8 -70.0 132.8   -3.1   -0.6  -16.9               
  207  207 A K  T  4 S+     0   0  188     -2,-0.3    -1,-0.1     1,-0.2    -2,-0.0   0.670  97.5  40.7 -71.9 -21.3   -4.2   -4.2  -17.5               
  208  208 A F  T  4 S+     0   0  189      3,-0.1    -1,-0.2     1,-0.0    -2,-0.0   0.848 127.7  26.2 -95.2 -45.4   -4.0   -3.9  -21.3               
  209  209 A S  T  4 S-     0   0   61      2,-0.2    -2,-0.2     1,-0.0    -1,-0.0   0.639  88.9-135.5 -91.9 -19.6   -0.8   -1.9  -21.8               
  210  210 A G     <  +     0   0   51     -4,-2.0    -3,-0.1     1,-0.3     3,-0.1   0.307  60.1 137.6  72.9  -6.3    1.1   -2.8  -18.6               
  211  211 A H        -     0   0  130     -6,-0.1    -5,-3.1     1,-0.1    -1,-0.3  -0.446  63.8-104.7 -71.8 139.9    1.9    0.9  -18.3               
  212  212 A P  E     - C   0 205A  32      0, 0.0    -7,-0.3     0, 0.0    -1,-0.1  -0.363  19.9-142.5 -61.3 138.6    1.7    2.6  -14.8               
  213  213 A K  E     -     0   0A 100     -9,-2.9   -35,-0.1     2,-0.3    -8,-0.1   0.569  42.3-108.1 -78.4  -9.4   -1.5    4.8  -14.5               
  214  214 A G  E    S+     0   0A   5    -10,-0.3   -35,-1.9     1,-0.3   -36,-0.9   0.702  88.1 103.0  81.7  24.3    0.4    7.4  -12.4               
  215  215 A F  E     +A  177   0A  79    -11,-0.5   -11,-2.3   -38,-0.2     2,-0.3  -0.998  43.9 178.9-138.0 143.1   -1.5    6.4   -9.2               
  216  216 A A  E     -AC 176 203A   0    -40,-2.7   -40,-3.0    -2,-0.3     2,-0.4  -0.928  19.6-140.1-136.0 157.3   -0.6    4.3   -6.2               
  217  217 A Y  E     -AC 175 202A  65    -15,-2.5   -15,-3.1    -2,-0.3     2,-0.4  -0.981  15.2-165.5-114.9 138.4   -2.1    3.1   -2.9               
  218  218 A I  E     -AC 174 201A   0    -44,-1.8   -44,-2.8    -2,-0.4     2,-0.5  -0.994   4.8-157.0-125.3 125.4   -0.1    3.0    0.4               
  219  219 A E  E     -AC 173 200A  36    -19,-2.8   -20,-2.4    -2,-0.4   -19,-1.6  -0.926  13.1-159.0-101.5 126.3   -1.3    1.1    3.4               
  220  220 A F  E     - C   0 198A   0    -48,-2.4   -22,-0.2    -2,-0.5   -48,-0.1  -0.619  26.8-125.0 -98.1 161.8    0.1    2.2    6.8               
  221  221 A S  S    S+     0   0   25    -24,-2.5     2,-0.3    -2,-0.2   -23,-0.1   0.873  95.7  46.3 -62.4 -38.3    0.3    0.4   10.2               
  222  222 A D     >  -     0   0   88    -25,-0.4     4,-0.5   -50,-0.1    -2,-0.2  -0.771  69.6-139.0-120.0 148.9   -1.5    3.3   11.9               
  223  223 A K  H  > S+     0   0  126     -2,-0.3     4,-0.5     1,-0.2     3,-0.4   0.764 106.8  61.8 -70.1 -25.3   -4.7    5.4   11.2               
  224  224 A E  H >> S+     0   0  139      1,-0.2     4,-1.7     2,-0.2     3,-1.2   0.872  90.8  65.8 -71.2 -32.5   -2.6    8.4   12.4               
  225  225 A S  H 3> S+     0   0    6      1,-0.3     4,-2.4     2,-0.2    -1,-0.2   0.783  93.6  61.7 -60.4 -27.4   -0.1    8.0    9.5               
  226  226 A V  H 3X S+     0   0   12     -4,-0.5     4,-0.9    -3,-0.4    -1,-0.3   0.867 105.5  46.7 -65.1 -35.3   -3.0    8.8    7.1               
  227  227 A R  H << S+     0   0  188     -3,-1.2     4,-0.5    -4,-0.5    -2,-0.2   0.914 113.4  46.7 -75.0 -42.1   -3.2   12.3    8.8               
  228  228 A T  H >< S+     0   0   67     -4,-1.7     3,-1.4   -33,-0.2     4,-0.4   0.905 108.7  55.7 -67.0 -39.6    0.6   13.0    8.7               
  229  229 A S  H >< S+     0   0    0     -4,-2.4     3,-1.2     1,-0.3    -1,-0.2   0.795  96.9  64.5 -65.5 -26.1    0.8   11.9    5.0               
  230  230 A L  G >< S+     0   0   65     -4,-0.9     3,-1.3     1,-0.2    -1,-0.3   0.747  91.4  64.6 -67.1 -21.7   -1.9   14.4    4.1               
  231  231 A A  G <  S+     0   0   88     -3,-1.4    -1,-0.2    -4,-0.5    -2,-0.2   0.691  95.1  60.4 -71.1 -17.7    0.7   17.1    5.2               
  232  232 A L  G X  S+     0   0   53     -3,-1.2     3,-1.7    -4,-0.4    -1,-0.2   0.186  75.3 133.5 -91.1  12.0    2.8   15.8    2.2               
  233  233 A D  T <  S+     0   0   63     -3,-1.3    10,-0.2     1,-0.2    -3,-0.0  -0.403  75.7  15.1 -58.7 139.3    0.0   16.8   -0.3               
  234  234 A E  T 3  S+     0   0  134      8,-1.7    -1,-0.2     1,-0.2     9,-0.1   0.504  93.2 152.3  64.8  11.5    1.6   18.6   -3.3               
  235  235 A S    <   -     0   0   25     -3,-1.7     7,-2.4     7,-0.2     2,-0.6  -0.241  52.6-101.4 -64.0 152.8    5.1   17.5   -2.3               
  236  236 A L  E     +D  241   0B 127      5,-0.2     2,-0.4     3,-0.1     5,-0.2  -0.713  42.7 173.8 -82.2 119.8    7.8   17.2   -5.0               
  237  237 A F  E >  S-D  240   0B  12      3,-3.1     3,-2.2    -2,-0.6   -57,-0.1  -0.991  74.7 -20.4-127.5 118.5    8.4   13.5   -6.1               
  238  238 A R  T 3  S-     0   0  122     -2,-0.4    -1,-0.1     1,-0.3     3,-0.1   0.835 128.0 -53.1  49.2  37.9   10.8   13.0   -9.1               
  239  239 A G  T 3  S+     0   0   71      1,-0.2     2,-0.4   -59,-0.0    -1,-0.3   0.510 121.7 102.5  78.2   7.4   10.2   16.6  -10.2               
  240  240 A R  E <  S-D  237   0B  70     -3,-2.2    -3,-3.1    -5,-0.0     2,-0.5  -0.938  75.3-118.3-118.7 142.9    6.4   16.2  -10.2               
  241  241 A Q  E     -D  236   0B 118     -2,-0.4    -5,-0.2    -5,-0.2     2,-0.2  -0.706  32.9-146.5 -77.7 121.1    3.9   17.4   -7.5               
  242  242 A I        -     0   0    3     -7,-2.4    -8,-1.7    -2,-0.5     2,-0.5  -0.555   3.5-135.2 -85.5 153.9    2.0   14.4   -6.0               
  243  243 A K  E     -B  177   0A 114    -66,-2.5   -66,-2.7    -2,-0.2     2,-0.5  -0.960  18.2-165.2-110.4 120.8   -1.6   14.4   -4.8               
  244  244 A V  E     +B  176   0A   2     -2,-0.5   -68,-0.2   -68,-0.2   -11,-0.1  -0.891  17.6 158.0-111.5 124.6   -2.3   12.7   -1.5               
  245  245 A I  E     -B  175   0A  58    -70,-2.4   -70,-3.5    -2,-0.5     3,-0.1  -0.995  48.1 -95.6-138.8 145.0   -5.9   11.9   -0.4               
  246  246 A P  E     -B  174   0A  63      0, 0.0   -72,-0.3     0, 0.0     2,-0.1  -0.349  53.5-101.8 -56.8 138.7   -7.3    9.3    2.1               
  247  247 A K        -     0   0   55    -74,-2.6     2,-0.5   -77,-0.3   -74,-0.1  -0.378  31.9-127.2 -65.4 136.0   -8.3    6.1    0.3               
  248  248 A R        -     0   0  211     -2,-0.1     2,-0.4    -3,-0.1    -1,-0.1  -0.761  20.2-124.7 -82.3 129.1  -12.0    5.6   -0.4               
  249  249 A T        -     0   0   55     -2,-0.5     2,-1.3     1,-0.1   -82,-0.1  -0.559  17.3-137.7 -70.3 125.9  -13.5    2.3    0.8               
  250  250 A N        -     0   0  135     -2,-0.4    -1,-0.1     3,-0.0     5,-0.1  -0.722  18.1-165.8 -86.0  90.3  -15.2    0.5   -2.1               
  251  251 A R    >   -     0   0  145     -2,-1.3     3,-1.4     3,-0.1     2,-0.2  -0.710  24.0-127.5 -70.5 112.2  -18.4   -0.8   -0.5               
  252  252 A P  T 3  S+     0   0  114      0, 0.0    -1,-0.0     0, 0.0    -2,-0.0  -0.476  92.0  31.1 -60.4 127.1  -19.7   -3.3   -3.1               
  253  253 A G  T 3  S+     0   0   70     -2,-0.2    -3,-0.0     0, 0.0    -2,-0.0   0.322  93.3  86.9 107.0  -2.9  -23.3   -2.4   -3.8               
  254  254 A I    <   +     0   0   99     -3,-1.4    -3,-0.1     5,-0.0     5,-0.1  -0.163  52.1 159.1-116.9  37.2  -23.5    1.5   -3.4               
  255  255 A S    >   -     0   0   52      1,-0.2     3,-1.8     3,-0.1     4,-0.3  -0.369  48.8-130.5 -53.8 132.9  -22.4    2.5   -6.9               
  256  256 A T  G >  S+     0   0  101      1,-0.3     3,-0.7     2,-0.2    -1,-0.2   0.735 109.9  67.1 -57.6 -20.5  -23.5    6.1   -7.7               
  257  257 A T  G 3  S+     0   0  117      1,-0.2    -1,-0.3     2,-0.1     3,-0.2   0.754  97.1  52.5 -70.5 -23.0  -24.9    4.4  -10.9               
  258  258 A D  G <  S+     0   0  119     -3,-1.8    -1,-0.2     1,-0.2    -2,-0.2   0.358  75.6 101.4 -99.6   6.6  -27.5    2.5   -8.7               
  259  259 A R    <   +     0   0  174     -3,-0.7     2,-1.0    -4,-0.3    -1,-0.2   0.187  51.2 118.0 -78.0  21.1  -28.8    5.7   -6.8               
  260  260 A G        -     0   0   59     -3,-0.2     3,-0.1     3,-0.0    -1,-0.0  -0.841  68.5-133.9 -82.5 102.1  -31.8    5.5   -9.2               
  261  261 A F        -     0   0  182     -2,-1.0     2,-2.1     1,-0.2    -2,-0.0  -0.191  44.9 -83.0 -28.2 140.0  -34.8    4.9   -7.0               
  262  262 A P        -     0   0  131      0, 0.0     2,-1.4     0, 0.0     3,-0.3  -0.404  55.3-160.4 -62.2  82.8  -36.9    2.1   -8.7               
  263  263 A R        -     0   0  236     -2,-2.1    -3,-0.0     1,-0.2    -2,-0.0  -0.654  53.6 -32.3 -69.3  97.3  -38.6    4.5  -11.1               
  264  264 A A        +     0   0   70     -2,-1.4    -1,-0.2     2,-0.1     3,-0.0   0.885  62.3 139.5  65.6  76.9  -41.7    2.6  -12.1               
  265  265 A R  S    S+     0   0  251     -3,-0.3     2,-1.5     1,-0.1    -1,-0.1   0.265  70.2  94.9-103.0   9.6  -42.3   -1.0  -12.6               
  266  266 A Y        +     0   0  222      3,-0.0     2,-0.6     0, 0.0     3,-0.1  -0.602  50.4 146.5 -79.6  70.6  -45.6    0.1  -11.0               
  267  267 A R        -     0   0  229     -2,-1.5     3,-0.1     1,-0.2     0, 0.0  -0.969  55.7  -4.7-100.5 110.5  -47.2    0.5  -14.4               
  268  268 A A        -     0   0   76     -2,-0.6     2,-0.7     1,-0.3    -1,-0.2   0.948  30.7-163.9  57.1 101.2  -50.9   -0.4  -13.9               
  269  269 A R        +     0   0  232     -3,-0.1    -1,-0.3     2,-0.1     2,-0.2  -0.801  32.3 159.8  22.6  59.1  -53.0   -1.5  -11.7               
  270  270 A T        -     0   0  118     -2,-0.7     2,-0.6    -3,-0.1    -3,-0.0  -0.786  26.4-159.3-120.5  92.0  -55.6   -2.4  -14.2               
  271  271 A T        -     0   0  102     -2,-0.2     2,-2.1     1,-0.1    -2,-0.1  -0.592  19.8-133.8 -50.8 107.4  -57.6   -4.9  -12.2               
  272  272 A N        +     0   0  149     -2,-0.6     2,-0.9     1,-0.1    -1,-0.1  -0.531  47.3 154.2 -77.3  68.4  -59.3   -6.6  -15.1               
  273  273 A Y        +     0   0  212     -2,-2.1    -1,-0.1     1,-0.2    -2,-0.1  -0.721  38.5 101.3 -89.0  71.6  -62.8   -6.6  -13.6               
  274  274 A N        +     0   0  112     -2,-0.9     2,-0.3     1,-0.0    -1,-0.2  -0.180  28.2 121.5-150.0  61.5  -64.6   -6.7  -16.9               
  275  275 A S        +     0   0  117      1,-0.1     2,-0.0    -3,-0.1    -3,-0.0  -0.724  68.8  61.8-101.2  68.8  -65.7  -10.3  -17.5               
  276  276 A S  S    S-     0   0   85     -2,-0.3    -1,-0.1     2,-0.1    -3,-0.0  -0.119  86.5 -43.0 176.1 124.6  -69.3   -9.3  -17.8               
  277  277 A R        +     0   0  228     -3,-0.1     2,-0.1    -2,-0.0    -2,-0.1   0.858  46.5 135.3  52.5  93.5  -71.7   -7.3  -19.8               
  278  278 A S        -     0   0   90      0, 0.0    -2,-0.1     0, 0.0    -1,-0.0  -0.275  34.0-119.2-172.3 115.7  -72.0   -4.1  -21.4               
  279  279 A R        -     0   0  211     -2,-0.1     0, 0.0     1,-0.0     0, 0.0   0.466  21.9 -63.6  64.0  92.5  -73.0   -2.9  -24.5               
  280  280 A F        +     0   0  180      0, 0.0    -1,-0.0     0, 0.0     0, 0.0   0.923  43.4  76.6  87.1 131.7  -72.6   -1.2  -27.4               
  281  281 A Y        +     0   0  220      0, 0.0     0, 0.0     0, 0.0     0, 0.0   0.829  36.8  79.8  80.3 132.5  -71.8    1.7  -29.7               
  282  282 A S        -     0   0  128      2,-0.0     0, 0.0     0, 0.0     0, 0.0   0.795  43.8 -58.5  78.1 121.0  -69.2    4.0  -31.2               
  283  283 A G        -     0   0   67      1,-0.1     0, 0.0     0, 0.0     0, 0.0   0.598  10.4-118.6 148.3 115.6  -67.0    4.4  -33.3               
  284  284 A F        +     0   0  185      1,-0.0    -1,-0.1     2,-0.0     2,-0.1  -0.213  30.1 157.0 -39.7 128.7  -64.0    4.3  -35.7               
  285  285 A N        -     0   0  166      2,-0.0     2,-0.1     0, 0.0    -1,-0.0  -0.486  16.7-171.0-157.6 108.1  -61.5    7.1  -35.9               
  286  286 A S        +     0   0   84     -2,-0.1    -2,-0.0     2,-0.0     0, 0.0  -0.399  15.4 155.5 -59.7 149.0  -58.0    6.4  -37.3               
  287  287 A R        -     0   0  245     -2,-0.1    -2,-0.0     0, 0.0     2,-0.0  -0.576  28.4-134.1-178.0 153.2  -55.0    8.6  -37.4               
  288  288 A P        -     0   0  118      0, 0.0    -2,-0.0     0, 0.0     0, 0.0  -0.081  25.6 -28.4-118.1 176.5  -51.4    7.5  -37.5               
  289  289 A R        +     0   0  256      1,-0.1     2,-0.4    -2,-0.0     0, 0.0   0.237  36.5 177.5 -10.3 115.1  -47.6    7.3  -36.8               
  290  290 A G        -     0   0   68      2,-0.0     2,-0.5     0, 0.0    -1,-0.1  -0.944  19.7-147.8-131.9 109.2  -45.7   10.3  -35.5               
  291  291 A R        +     0   0  249     -2,-0.4     2,-0.4     2,-0.0    -2,-0.0  -0.659  20.8 178.8 -65.4 117.2  -42.0    9.8  -34.7               
  292  292 A V        -     0   0  121     -2,-0.5     2,-0.7     2,-0.1    -2,-0.0  -0.843  13.4-177.7-129.3  95.2  -41.0   12.1  -31.8               
  293  293 A Y        -     0   0  224     -2,-0.4     2,-0.6     0, 0.0    -2,-0.0  -0.852  29.3-149.4 -76.9 112.7  -37.4   11.9  -30.6               
  294  294 A R        +     0   0  232     -2,-0.7    -2,-0.1     1,-0.1     0, 0.0  -0.891  29.0  11.6-104.1 114.0  -37.7   14.4  -27.8               
  295  295 A G        +     0   0   70     -2,-0.6    -1,-0.1     0, 0.0     0, 0.0   0.610  45.2  44.8  77.6 151.9  -34.9   16.6  -26.5               
  296  296 A R        -     0   0  241      0, 0.0    -2,-0.0     0, 0.0     0, 0.0   0.483  23.2-139.9-170.1 118.6  -32.4   18.3  -25.8               
  297  297 A A        +     0   0   90      2,-0.0     2,-0.0     1,-0.0     0, 0.0   0.650  29.4 145.9  35.7 119.6  -29.6   20.8  -26.7               
  298  298 A R        +     0   0  254      2,-0.0     2,-0.5     0, 0.0    -1,-0.0  -0.205  28.0 151.1-157.6 105.0  -26.3   21.9  -26.6               
  299  299 A A        -     0   0  101     -2,-0.0     2,-0.3     2,-0.0    -2,-0.0  -0.973  17.2-177.4-103.9 126.9  -25.1   23.5  -29.8               
  300  300 A T        -     0   0  130     -2,-0.5    -2,-0.0     1,-0.0     2,-0.0  -0.848  32.9 -51.4-146.5 133.0  -22.4   26.3  -29.7               
  301  301 A S        -     0   0   88     -2,-0.3    -1,-0.0     2,-0.0    -2,-0.0   0.295  45.9 -49.2 174.5 110.7  -21.4   27.8  -32.3               
  302  302 A W        -     0   0  232     -2,-0.0    -2,-0.0     0, 0.0     0, 0.0   0.894  30.6 -40.8  63.5 118.6  -19.9   28.6  -35.9               
  303  303 A Y        +     0   0  214      2,-0.0    -2,-0.0     0, 0.0     0, 0.0   0.810  28.2  41.4  78.8 133.0  -17.7   28.4  -38.6               
  304  304 A S        -     0   0   64      1,-0.1     2,-0.4     0, 0.0     0, 0.0   0.853  13.2-155.2-164.9 153.7  -15.2   28.1  -40.9               
  305  305 A P              0   0  118      0, 0.0    -1,-0.1     0, 0.0    -2,-0.0  -0.738 360.0 360.0 -85.6 136.8  -12.0   27.0  -42.7               
  306  306 A Y              0   0  299     -2,-0.4     0, 0.0     0, 0.0     0, 0.0  -0.861 360.0 360.0-129.7 360.0  -10.0   29.0  -45.3               
