==== Secondary Structure Definition by the program DSSP, CMBI version 2.0                          ==== DATE=2026-03-08        .
REFERENCE W. KABSCH AND C.SANDER, BIOPOLYMERS 22 (1983) 2577-2637                                                              .
HEADER                                            01-AUG-25                                                                    .
COMPND    MOL_ID: 1; MOLECULE: THO COMPLEX SUBUNIT 4; CHAIN: A                                                                 .
SOURCE    MOL_ID: 1; ORGANISM_SCIENTIFIC: HOMO SAPIENS; ORGANISM_TAXID: 9606                                                   .
AUTHOR                                                                                                                         .
  257  1  0  0  0 TOTAL NUMBER OF RESIDUES, NUMBER OF CHAINS, NUMBER OF SS-BRIDGES(TOTAL,INTRACHAIN,INTERCHAIN)                .
 27767.3   ACCESSIBLE SURFACE OF PROTEIN (ANGSTROM**2)                                                                         .
  122 47.5   TOTAL NUMBER OF HYDROGEN BONDS OF TYPE O(I)-->H-N(J)  , SAME NUMBER PER 100 RESIDUES                              .
    0  0.0   TOTAL NUMBER OF HYDROGEN BONDS IN     PARALLEL BRIDGES, SAME NUMBER PER 100 RESIDUES                              .
   24  9.3   TOTAL NUMBER OF HYDROGEN BONDS IN ANTIPARALLEL BRIDGES, SAME NUMBER PER 100 RESIDUES                              .
    0  0.0   TOTAL NUMBER OF HYDROGEN BONDS OF TYPE O(I)-->H-N(I-5), SAME NUMBER PER 100 RESIDUES                              .
    1  0.4   TOTAL NUMBER OF HYDROGEN BONDS OF TYPE O(I)-->H-N(I-4), SAME NUMBER PER 100 RESIDUES                              .
    1  0.4   TOTAL NUMBER OF HYDROGEN BONDS OF TYPE O(I)-->H-N(I-3), SAME NUMBER PER 100 RESIDUES                              .
    0  0.0   TOTAL NUMBER OF HYDROGEN BONDS OF TYPE O(I)-->H-N(I-2), SAME NUMBER PER 100 RESIDUES                              .
    0  0.0   TOTAL NUMBER OF HYDROGEN BONDS OF TYPE O(I)-->H-N(I-1), SAME NUMBER PER 100 RESIDUES                              .
    0  0.0   TOTAL NUMBER OF HYDROGEN BONDS OF TYPE O(I)-->H-N(I+0), SAME NUMBER PER 100 RESIDUES                              .
    0  0.0   TOTAL NUMBER OF HYDROGEN BONDS OF TYPE O(I)-->H-N(I+1), SAME NUMBER PER 100 RESIDUES                              .
   43 16.7   TOTAL NUMBER OF HYDROGEN BONDS OF TYPE O(I)-->H-N(I+2), SAME NUMBER PER 100 RESIDUES                              .
   13  5.1   TOTAL NUMBER OF HYDROGEN BONDS OF TYPE O(I)-->H-N(I+3), SAME NUMBER PER 100 RESIDUES                              .
   40 15.6   TOTAL NUMBER OF HYDROGEN BONDS OF TYPE O(I)-->H-N(I+4), SAME NUMBER PER 100 RESIDUES                              .
    0  0.0   TOTAL NUMBER OF HYDROGEN BONDS OF TYPE O(I)-->H-N(I+5), SAME NUMBER PER 100 RESIDUES                              .
  1  2  3  4  5  6  7  8  9 10 11 12 13 14 15 16 17 18 19 20 21 22 23 24 25 26 27 28 29 30     *** HISTOGRAMS OF ***           .
  0  0  0  0  0  0  0  0  1  0  1  1  0  0  1  0  0  0  0  0  0  0  0  0  0  0  0  0  0  0    RESIDUES PER ALPHA HELIX         .
  0  0  0  0  0  0  0  0  0  0  0  0  0  0  0  0  0  0  0  0  0  0  0  0  0  0  0  0  0  0    PARALLEL BRIDGES PER LADDER      .
  0  1  0  0  2  1  0  0  0  0  0  0  0  0  0  0  0  0  0  0  0  0  0  0  0  0  0  0  0  0    ANTIPARALLEL BRIDGES PER LADDER  .
  1  0  1  0  0  0  0  0  0  0  0  0  0  0  0  0  0  0  0  0  0  0  0  0  0  0  0  0  0  0    LADDERS PER SHEET                .
  #  RESIDUE AA STRUCTURE BP1 BP2  ACC     N-H-->O    O-->H-N    N-H-->O    O-->H-N    TCO  KAPPA ALPHA  PHI   PSI    X-CA   Y-CA   Z-CA            CHAIN
    1    1 A M              0   0  229      0, 0.0     2,-0.4     0, 0.0     3,-0.0   0.000 360.0 360.0 360.0 114.5   23.3   39.4   -7.8               
    2    2 A A        -     0   0   89      1,-0.1     2,-0.1     2,-0.1     5,-0.0  -0.608 360.0-120.8 -65.0 123.7   24.7   36.4   -5.9               
    3    3 A D    >   -     0   0  111     -2,-0.4     3,-2.2     1,-0.1     4,-0.3  -0.402  13.9-119.5 -66.7 144.8   22.4   33.5   -6.6               
    4    4 A K  T 3  S+     0   0  132      1,-0.3     3,-0.3     2,-0.2    -1,-0.1   0.585 113.0  68.1 -60.5 -10.8   20.6   31.9   -3.5               
    5    5 A M  T 3  S+     0   0  168      1,-0.2    -1,-0.3     0, 0.0    -3,-0.0   0.672  93.2  55.4 -79.7 -23.3   22.5   28.7   -4.6               
    6    6 A D  S <  S+     0   0  134     -3,-2.2     2,-0.4     2,-0.1    -1,-0.2   0.355  89.6  98.2 -94.5   1.3   26.0   30.1   -3.8               
    7    7 A M  S    S-     0   0   61     -3,-0.3     2,-0.0    -4,-0.3     5,-0.0  -0.735  77.3-114.5 -94.0 141.2   25.1   31.0   -0.1               
    8    8 A S     >  -     0   0   56     -2,-0.4     4,-2.2     1,-0.1     3,-0.5  -0.338  30.0-114.3 -62.6 148.9   25.9   28.8    2.9               
    9    9 A L  H  > S+     0   0  133      1,-0.2     4,-2.0     2,-0.2     5,-0.1   0.872 118.8  55.5 -55.0 -36.8   22.8   27.4    4.8               
   10   10 A D  H  > S+     0   0  111      2,-0.2     4,-2.2     1,-0.2    -1,-0.2   0.873 106.8  48.8 -64.4 -38.3   23.8   29.6    7.8               
   11   11 A D  H  > S+     0   0   71     -3,-0.5     4,-2.5     2,-0.2    -2,-0.2   0.896 110.0  51.4 -72.0 -36.2   23.7   32.8    5.6               
   12   12 A I  H  X S+     0   0   42     -4,-2.2     4,-2.1     2,-0.2    -2,-0.2   0.909 111.7  48.0 -63.5 -41.3   20.3   31.8    4.1               
   13   13 A I  H  X S+     0   0   79     -4,-2.0     4,-2.0    -5,-0.2    -2,-0.2   0.898 112.0  48.9 -68.3 -40.2   19.0   31.3    7.7               
   14   14 A K  H  X S+     0   0  139     -4,-2.2     4,-2.1     2,-0.2    -2,-0.2   0.920 111.6  49.7 -64.1 -42.8   20.4   34.7    8.9               
   15   15 A L  H  X S+     0   0   87     -4,-2.5     4,-1.6     1,-0.2    -2,-0.2   0.904 114.1  44.3 -63.8 -42.6   18.9   36.5    5.8               
   16   16 A N  H  X S+     0   0   89     -4,-2.1     4,-2.0     2,-0.2    -1,-0.2   0.838 111.0  54.9 -72.0 -31.6   15.4   35.0    6.5               
   17   17 A R  H  X S+     0   0  187     -4,-2.0     4,-1.5     2,-0.2    -2,-0.2   0.894 109.2  47.1 -68.7 -38.0   15.7   35.7   10.3               
   18   18 A S  H  < S+     0   0   81     -4,-2.1    -2,-0.2     1,-0.2    -1,-0.2   0.838 115.2  46.5 -72.1 -31.6   16.4   39.4    9.6               
   19   19 A Q  H  < S+     0   0  158     -4,-1.6     3,-0.2    -5,-0.2    -2,-0.2   0.834 118.7  40.2 -75.2 -33.1   13.4   39.5    7.1               
   20   20 A R  H  < S+     0   0  240     -4,-2.0     2,-0.4     1,-0.2    -2,-0.2   0.643 116.8  48.5 -93.6 -15.6   11.0   37.6    9.4               
   21   21 A G  S  < S+     0   0   59     -4,-1.5    -1,-0.2    -5,-0.2     3,-0.1  -0.761  87.9  80.3-124.7  82.7   12.0   39.3   12.7               
   22   22 A G        +     0   0   65     -2,-0.4    -1,-0.1    -3,-0.2     3,-0.1   0.467  66.1  63.9-175.8  20.6   12.1   43.1   12.3               
   23   23 A R        +     0   0  257     -3,-0.2    -1,-0.1     1,-0.1     3,-0.0  -0.436  60.5 100.5-149.4  76.1    8.9   45.3   12.4               
   24   24 A G        +     0   0   82     -3,-0.1     2,-1.3     1,-0.0    -1,-0.1   0.056  39.8 118.7-137.4  22.3    7.1   45.3   15.8               
   25   25 A G        +     0   0   83     -3,-0.1     2,-0.9     2,-0.1    -1,-0.0  -0.641  34.2 160.2 -86.6  72.3    8.3   48.6   17.3               
   26   26 A G        -     0   0   74     -2,-1.3     2,-0.5     2,-0.0    -1,-0.0  -0.790  25.9-159.5-101.1  87.9    4.8   50.2   17.6               
   27   27 A R        +     0   0  256     -2,-0.9     2,-0.1     1,-0.1    -2,-0.1  -0.583  17.0 172.4 -60.3 113.2    5.1   53.0   20.2               
   28   28 A G        +     0   0   78     -2,-0.5     2,-0.7     2,-0.0    -1,-0.1  -0.524  12.8 150.9-127.5  60.1    1.4   53.6   21.3               
   29   29 A R        +     0   0  258     -2,-0.1     2,-0.2     2,-0.0    -2,-0.0  -0.887  22.8 150.3 -85.9 112.0    1.6   56.1   24.3               
   30   30 A G        -     0   0   72     -2,-0.7    -2,-0.0     2,-0.1     2,-0.0  -0.749  27.7 -69.1-177.2 148.0   -1.5   58.2   24.4               
   31   31 A R        +     0   0  250     -2,-0.2     2,-0.1     2,-0.0    -2,-0.0   0.272  41.1 117.2 175.8 113.1   -3.5   59.8   26.5               
   32   32 A A        -     0   0  101     -2,-0.0     2,-0.2     0, 0.0    -2,-0.1  -0.040  19.5-179.3 160.3 114.0   -6.1   60.5   29.3               
   33   33 A G        +     0   0   79     -2,-0.1     2,-0.0     2,-0.0    -2,-0.0  -0.434  12.7 150.7  91.3  76.5   -5.8   62.1   32.1               
   34   34 A S        -     0   0  117     -2,-0.2     2,-0.2     0, 0.0     0, 0.0  -0.049  18.0-177.3 167.0  93.0   -8.4   62.8   34.9               
   35   35 A Q        +     0   0  192     -2,-0.0    -2,-0.0     0, 0.0     0, 0.0  -0.388  21.1  18.2  55.7  95.8   -7.6   63.2   38.2               
   36   36 A G        +     0   0   80     -2,-0.2     0, 0.0     0, 0.0     0, 0.0   0.873  26.9 119.6 103.9 131.8   -9.4   63.7   41.3               
   37   37 A G        -     0   0   74      0, 0.0     2,-0.1     0, 0.0     0, 0.0   0.721  20.4-168.8 115.5  88.6  -12.0   63.9   44.1               
   38   38 A R        +     0   0  257      2,-0.0     0, 0.0     0, 0.0     0, 0.0   0.174  18.0 113.1  62.3 119.4  -12.7   62.5   47.2               
   39   39 A G        -     0   0   85     -2,-0.1     2,-0.0     0, 0.0     0, 0.0   0.689  20.8-151.1  84.3 137.9  -15.4   62.2   49.9               
   40   40 A G        +     0   0   80      0, 0.0    -2,-0.0     0, 0.0     0, 0.0   0.443  12.6  81.5 140.5 125.5  -17.6   61.1   51.8               
   41   41 A G        +     0   0   82     -2,-0.0     0, 0.0     0, 0.0     0, 0.0   0.465  14.5  91.1  71.6 157.4  -20.7   60.5   54.1               
   42   42 A A        -     0   0   83      0, 0.0     0, 0.0     0, 0.0     0, 0.0   0.662  16.4-137.2-169.2 139.6  -23.6   59.9   55.3               
   43   43 A Q        +     0   0  186      0, 0.0     0, 0.0     0, 0.0     0, 0.0   0.921  19.1  47.4  64.0 125.4  -26.6   58.3   56.8               
   44   44 A A        -     0   0   90      0, 0.0     0, 0.0     0, 0.0     0, 0.0   0.998  25.3 -39.1  88.5 116.1  -30.1   57.3   57.4               
   45   45 A A        +     0   0  100      0, 0.0     0, 0.0     0, 0.0     0, 0.0   0.946  16.3 133.4  68.7 116.0  -33.6   56.3   57.3               
   46   46 A A        -     0   0   83      0, 0.0     0, 0.0     0, 0.0     0, 0.0   0.391  32.1 -67.9 166.8 129.8  -36.9   55.8   56.6               
   47   47 A R        -     0   0  230      0, 0.0     0, 0.0     0, 0.0     0, 0.0   0.939  31.8 -68.2  65.7 104.5  -39.9   53.6   56.1               
   48   48 A V        +     0   0  137      0, 0.0     2,-0.1     0, 0.0     0, 0.0   0.654  14.4 172.5  76.8  99.0  -41.9   51.1   54.6               
   49   49 A N        -     0   0  154      0, 0.0     0, 0.0     0, 0.0     0, 0.0  -0.579  30.9-141.1-152.3 115.6  -44.1   49.9   51.9               
   50   50 A R        +     0   0  230     -2,-0.1     0, 0.0     0, 0.0     0, 0.0  -0.045  40.5  71.9 -23.3 130.8  -45.3   46.3   51.8               
   51   51 A G        +     0   0   81      0, 0.0     0, 0.0     0, 0.0     0, 0.0   0.670  38.3  69.8 122.6 115.3  -45.8   43.8   49.0               
   52   52 A G        -     0   0   82      2,-0.0     3,-0.2     3,-0.0     0, 0.0   0.724  49.2-107.2 130.9  86.9  -44.5   41.4   46.3               
   53   53 A G        -     0   0   61      1,-0.2     2,-0.9     2,-0.0     0, 0.0   0.835  48.8 -63.2  33.8 149.6  -42.8   38.0   46.0               
   54   54 A P        -     0   0  135      0, 0.0     2,-0.6     0, 0.0    -1,-0.2  -0.487  45.1-153.0 -75.5 102.4  -39.3   36.6   44.9               
   55   55 A I        -     0   0  152     -2,-0.9     3,-0.2    -3,-0.2    -2,-0.0  -0.677  28.7-111.1 -72.6 118.1  -38.6   37.4   41.3               
   56   56 A R        -     0   0  232     -2,-0.6    -1,-0.1     1,-0.2     0, 0.0  -0.177  54.3 -59.3 -46.1 135.4  -36.3   34.7   39.9               
   57   57 A N        -     0   0  167      1,-0.1    -1,-0.2     3,-0.0     3,-0.0   0.177  48.7-145.4 -16.7 106.2  -32.6   35.7   39.0               
   58   58 A R        -     0   0  224     -3,-0.2     2,-0.2     1,-0.1    -1,-0.1  -0.630  29.9-106.8 -68.1 140.1  -32.3   38.4   36.4               
   59   59 A P        -     0   0  118      0, 0.0     2,-0.3     0, 0.0    -1,-0.1  -0.550  45.5 -99.5 -68.7 133.6  -29.2   37.8   34.1               
   60   60 A A        -     0   0  102     -2,-0.2     2,-0.4     1,-0.1    -3,-0.0  -0.407  32.0-126.1 -59.9 121.6  -26.5   40.4   35.0               
   61   61 A I        +     0   0  142     -2,-0.3     2,-0.3     2,-0.0    -1,-0.1  -0.570  35.1 167.0 -53.6 117.1  -26.3   43.4   32.8               
   62   62 A A        -     0   0  104     -2,-0.4     2,-0.4     0, 0.0    -2,-0.0  -0.894  25.4-156.2-136.9 115.9  -22.8   43.9   31.4               
   63   63 A R        -     0   0  222     -2,-0.3    -2,-0.0     1,-0.2     0, 0.0  -0.803  24.9 -21.9-101.8 124.2  -23.1   46.4   28.6               
   64   64 A G        +     0   0   76     -2,-0.4    -1,-0.2     1,-0.1     2,-0.1   0.967  37.1 137.9  73.8 115.1  -21.0   47.3   25.6               
   65   65 A A        -     0   0  105      0, 0.0    -1,-0.1     0, 0.0     0, 0.0  -0.426  44.5-113.9-170.6 138.9  -18.0   47.3   23.6               
   66   66 A A        +     0   0  107     -2,-0.1     0, 0.0     1,-0.0     0, 0.0  -0.031  55.6  62.1 -54.4 147.4  -17.7   46.6   19.8               
   67   67 A G        -     0   0   81      0, 0.0    -1,-0.0     0, 0.0     0, 0.0   0.930  62.9 -37.4 106.4  92.3  -16.1   43.9   17.7               
   68   68 A G        +     0   0   81      2,-0.0    -2,-0.0     0, 0.0     0, 0.0   0.982  57.3  48.6  82.1 106.3  -16.1   40.3   16.8               
   69   69 A G        -     0   0   84      2,-0.0     0, 0.0     0, 0.0     0, 0.0   0.955  44.2-107.4  77.9 102.2  -16.3   36.6   17.9               
   70   70 A G        -     0   0   72      1,-0.1    -2,-0.0     2,-0.0     0, 0.0   0.215  31.5 -45.3 105.9  74.9  -17.9   34.4   19.5               
   71   71 A R        +     0   0  236      1,-0.1    -1,-0.1     2,-0.0    -2,-0.0   0.870  66.9  41.9  53.3 124.6  -18.5   32.0   22.3               
   72   72 A N        +     0   0  158      1,-0.3    -1,-0.1     0, 0.0    -2,-0.0   0.881  26.1 154.6  81.3  61.9  -16.8   29.3   24.5               
   73   73 A R        -     0   0  242      0, 0.0    -1,-0.3     0, 0.0     2,-0.2  -0.932  52.4-122.6 -82.3 123.3  -13.4   29.3   26.1               
   74   74 A P        -     0   0  108      0, 0.0     0, 0.0     0, 0.0     0, 0.0  -0.494  30.8-110.2 -61.4 131.3  -14.0   26.9   29.0               
   75   75 A A    >   -     0   0   64     -2,-0.2     3,-2.2     1,-0.1     0, 0.0  -0.421  28.9-108.1 -61.9 146.4  -13.1   28.8   32.2               
   76   76 A P  T 3  S+     0   0  121      0, 0.0    -1,-0.1     0, 0.0     0, 0.0   0.419 117.2  46.2 -63.6   4.2   -9.8   27.5   33.9               
   77   77 A Y  T 3  S+     0   0  219      2,-0.1     2,-0.7     0, 0.0    -2,-0.1   0.114  74.6 122.2-133.6  17.2  -12.0   26.0   36.7               
   78   78 A S    <   -     0   0   67     -3,-2.2     3,-0.1     1,-0.0     0, 0.0  -0.789  67.7-120.1 -81.8 115.1  -14.9   24.2   34.9               
   79   79 A R        -     0   0  230     -2,-0.7     2,-0.1     1,-0.1    -2,-0.1  -0.268  32.9-105.2 -47.0 129.7  -14.8   20.5   36.0               
   80   80 A P        -     0   0  126      0, 0.0     2,-0.4     0, 0.0    -1,-0.1  -0.413  33.1-117.9 -58.7 129.9  -14.2   18.2   32.9               
   81   81 A K        -     0   0  194     -2,-0.1     2,-0.3    -3,-0.1    -3,-0.0  -0.662  36.0-108.2 -64.1 122.5  -17.5   16.4   31.9               
   82   82 A Q        -     0   0  198     -2,-0.4    -1,-0.1     1,-0.0    -3,-0.0  -0.437  30.7-146.3 -50.4 109.4  -16.8   12.7   32.4               
   83   83 A L        -     0   0  159     -2,-0.3     2,-0.3     3,-0.0    -1,-0.0  -0.769  32.0-102.2 -75.6 131.4  -16.7   11.4   28.8               
   84   84 A P        -     0   0  109      0, 0.0     2,-2.0     0, 0.0    -1,-0.0  -0.509  60.2 -61.8 -67.7 124.4  -18.1    7.8   28.9               
   85   85 A D  S    S+     0   0  170     -2,-0.3     2,-1.0     1,-0.1    -3,-0.0   0.160  87.8 129.8  32.0   8.4  -15.6    4.9   28.8               
   86   86 A K        -     0   0  153     -2,-2.0     2,-0.8     2,-0.0    -1,-0.1  -0.773  53.7-142.1 -98.6  99.7  -14.0    5.5   25.3               
   87   87 A W        +     0   0  250     -2,-1.0     2,-0.5     2,-0.0    -2,-0.0  -0.482  31.0 171.6 -52.5  99.9  -10.2    5.5   25.6               
   88   88 A Q        -     0   0  124     -2,-0.8     2,-0.3     5,-0.0     5,-0.1  -0.996  33.6-124.9-118.8 118.9   -9.5    8.3   23.1               
   89   89 A H    >   -     0   0  124     -2,-0.5     3,-2.8     1,-0.1     4,-0.3  -0.547  14.3-128.6 -71.9 129.7   -5.8    9.3   23.1               
   90   90 A D  G >  S+     0   0  143      1,-0.3     3,-0.8    -2,-0.3     4,-0.3   0.677 105.4  66.9 -58.1 -21.9   -5.3   13.1   23.8               
   91   91 A L  G 3  S+     0   0  145      1,-0.2    -1,-0.3     2,-0.1     3,-0.1   0.583 101.8  50.9 -69.5  -9.5   -3.0   13.5   20.7               
   92   92 A F  G <  S+     0   0  167     -3,-2.8    -1,-0.2     1,-0.1    -2,-0.2   0.453  89.6  76.7-107.6  -4.4   -6.1   12.7   18.5               
   93   93 A D  S <  S+     0   0  141     -3,-0.8     2,-0.8    -4,-0.3    -2,-0.1   0.531  73.7  82.8 -94.2  -6.2   -8.7   15.2   19.9               
   94   94 A S  S    S-     0   0  103     -4,-0.3     3,-0.2    -3,-0.1    -1,-0.1  -0.875  97.1-106.8 -97.2 108.4   -7.4   18.4   18.2               
   95   95 A G        -     0   0   74     -2,-0.8     2,-2.3     1,-0.2    -2,-0.1   0.028  32.3-103.6 -36.3 130.7   -8.9   18.3   14.7               
   96   96 A F        +     0   0  196     -4,-0.2     2,-0.8     1,-0.0    -1,-0.2  -0.408  54.5 178.7 -61.0  74.1   -6.4   17.5   11.9               
   97   97 A G        -     0   0   72     -2,-2.3     3,-0.1    -3,-0.2    -1,-0.0  -0.843  46.8 -36.6 -85.4 106.4   -6.0   21.1   10.7               
   98   98 A G        +     0   0   75     -2,-0.8     2,-1.2     1,-0.2    -1,-0.1   0.699  46.3 166.0  67.6  52.4   -3.7   21.7    7.9               
   99   99 A G    >   -     0   0   43      3,-0.1     3,-1.8    -3,-0.1     2,-1.1  -0.787  29.2-163.5 -80.5  85.7   -0.4   19.8    7.5               
  100  100 A A  T 3  S+     0   0  114     -2,-1.2    -1,-0.1     1,-0.3     3,-0.1   0.115  79.0  44.1 -64.3  22.8   -0.3   21.2    3.9               
  101  101 A G  T 3  S+     0   0   75     -2,-1.1     2,-0.6     1,-0.1    -1,-0.3   0.320  84.2  92.4-152.3   4.4    2.3   18.6    2.9               
  102  102 A V  S <  S-     0   0   79     -3,-1.8     2,-0.2     2,-0.0    -3,-0.1  -0.959  94.2-104.6 -99.5 117.2    1.2   15.2    4.3               
  103  103 A E        -     0   0  128     -2,-0.6    80,-0.1     1,-0.2     4,-0.1  -0.193  30.8-159.5 -42.5  99.6   -0.8   13.6    1.6               
  104  104 A T        +     0   0  117     -2,-0.2    52,-0.7     2,-0.1    -1,-0.2   0.578  68.5  87.1 -67.7  -5.6   -4.3   14.1    3.1               
  105  105 A G  S    S-     0   0   17     50,-0.2     2,-0.6    51,-0.1    49,-0.2  -0.315  89.6-104.3 -80.5 166.2   -5.4   11.2    0.8               
  106  106 A G        -     0   0    3     47,-0.3    47,-3.0    49,-0.3     2,-0.5  -0.901  29.9-155.1 -92.5 121.2   -5.3    7.5    1.4               
  107  107 A K  E     -AB 152 181A  53     74,-0.7    74,-2.7    -2,-0.6     2,-0.4  -0.861  11.5-165.5 -91.3 127.5   -2.4    5.7   -0.4               
  108  108 A L  E     -AB 151 180A   0     43,-3.2    43,-2.7    -2,-0.5     2,-0.5  -0.912  11.9-151.4-108.7 141.9   -3.0    2.0   -1.1               
  109  109 A L  E     -AB 150 179A  52     70,-3.0    70,-2.9    -2,-0.4     2,-0.4  -0.978  14.2-160.7-107.7 119.4   -0.4   -0.6   -2.2               
  110  110 A V  E     +AB 149 178A   0     39,-3.1    39,-2.3    -2,-0.5     2,-0.3  -0.852  13.5 180.0-101.8 133.4   -1.9   -3.3   -4.3               
  111  111 A S  E     +AB 148 177A  26     66,-2.7    66,-2.8    -2,-0.4    37,-0.2  -0.927  52.4  38.7-133.2 159.9    0.0   -6.6   -4.5               
  112  112 A N  S    S+     0   0   62     35,-0.7    36,-0.2    -2,-0.3     2,-0.2   0.795  73.4 158.4  65.0  35.3   -0.4  -10.0   -6.3               
  113  113 A L        -     0   0    2     34,-2.3    -1,-0.2    -3,-0.1     2,-0.1  -0.495  47.4-100.3 -76.4 153.0   -1.9   -8.5   -9.5               
  114  114 A D    >   -     0   0   47     60,-0.2     3,-1.1    -2,-0.2    33,-0.2  -0.363  28.1-120.1 -66.9 152.7   -1.9  -10.4  -12.8               
  115  115 A F  T 3  S+     0   0  123      1,-0.2    30,-0.4    31,-0.1    -1,-0.1   0.707 111.2  62.0 -72.5 -19.3    0.9   -9.4  -15.3               
  116  116 A G  T 3  S+     0   0   60     56,-0.1     2,-0.4     2,-0.1    -1,-0.2   0.564  77.8 110.0 -77.6 -12.2   -1.8   -8.4  -17.9               
  117  117 A V    <   -     0   0    4     -3,-1.1    30,-0.2    54,-0.1     2,-0.1  -0.537  54.5-161.7 -73.3 120.6   -3.3   -5.7  -15.6               
  118  118 A S     >  -     0   0   35     -2,-0.4     4,-1.8     1,-0.1     5,-0.2  -0.364  34.5-103.4 -92.3 170.7   -2.5   -2.2  -16.9               
  119  119 A D  H  > S+     0   0   82      2,-0.2     4,-2.1     1,-0.2     5,-0.1   0.867 122.7  56.0 -61.3 -34.0   -2.6    1.2  -15.2               
  120  120 A A  H  > S+     0   0   43      2,-0.2     4,-2.7     1,-0.2     5,-0.2   0.934 105.2  50.2 -64.2 -45.5   -5.9    1.9  -17.0               
  121  121 A D  H  > S+     0   0   77      1,-0.2     4,-2.7     2,-0.2     5,-0.2   0.907 112.4  47.1 -62.6 -42.6   -7.6   -1.3  -15.5               
  122  122 A I  H  X S+     0   0    0     -4,-1.8     4,-2.1     2,-0.2    -1,-0.2   0.905 112.0  51.0 -63.9 -42.0   -6.4   -0.3  -11.9               
  123  123 A Q  H  X S+     0   0  108     -4,-2.1     4,-1.5     2,-0.2    -2,-0.2   0.938 114.0  43.5 -62.3 -45.6   -7.7    3.2  -12.5               
  124  124 A E  H  X S+     0   0  146     -4,-2.7     4,-0.7     2,-0.2    -2,-0.2   0.938 114.3  49.9 -64.1 -46.9  -11.2    2.0  -13.7               
  125  125 A L  H  < S+     0   0   39     -4,-2.7     3,-0.4     1,-0.2    -1,-0.2   0.880 117.4  38.7 -61.7 -43.8  -11.5   -0.7  -10.9               
  126  126 A F  H >X S+     0   0    0     -4,-2.1     3,-1.3    -5,-0.2     4,-0.7   0.699  99.2  77.0 -84.7 -17.5  -10.6    1.7   -8.1               
  127  127 A A  H 3< S+     0   0   54     -4,-1.5     3,-0.3     1,-0.2    -1,-0.2   0.767  83.0  68.6 -62.5 -24.5  -12.6    4.7   -9.6               
  128  128 A E  T 3< S+     0   0  151     -4,-0.7    -1,-0.2    -3,-0.4    -2,-0.1   0.778  99.4  49.1 -63.5 -26.4  -15.8    3.0   -8.4               
  129  129 A F  T <4 S-     0   0   26     -3,-1.3     2,-0.3     1,-0.3    -1,-0.2   0.784 123.9 -56.9 -88.1 -29.1  -14.8    3.7   -4.7               
  130  130 A G  S  < S-     0   0   16     -4,-0.7     2,-0.4    -3,-0.3    -1,-0.3  -0.975  76.6 -33.9 169.3-176.4  -13.9    7.4   -5.0               
  131  131 A T        -     0   0   74     -2,-0.3    23,-2.6    -3,-0.1     2,-0.4  -0.527  53.2-147.9 -73.8 122.0  -11.8   10.2   -6.6               
  132  132 A L  E     -C  153   0A  44     -2,-0.4    21,-0.3    21,-0.2     3,-0.1  -0.735  18.9-173.3 -88.0 137.1   -8.3    9.0   -7.6               
  133  133 A K  E    S-     0   0A 134     19,-3.2     2,-0.3    -2,-0.4    20,-0.2   0.739  78.6  -5.8 -87.4 -36.5   -5.3   11.4   -7.5               
  134  134 A K  E     -C  152   0A 122     18,-1.4    18,-3.3   -11,-0.0    -1,-0.4  -0.935  53.3-174.8-159.5 140.4   -3.0    8.8   -9.1               
  135  135 A A  E     +C  151   0A  18     -2,-0.3     2,-0.3    16,-0.2    16,-0.2  -0.988  19.4 165.5-133.1 128.5   -3.0    5.1  -10.1               
  136  136 A A  E     -C  150   0A  27     14,-2.1    14,-2.6    -2,-0.4     2,-0.3  -0.973  27.6-143.7-144.8 135.3    0.2    3.4  -11.4               
  137  137 A V  E     -C  149   0A  13     -2,-0.3     2,-0.5    12,-0.2    12,-0.3  -0.728  29.4-120.8 -85.9 140.9    1.4   -0.2  -11.9               
  138  138 A H  E     -     0   0A  67     10,-3.0     8,-3.1    -2,-0.3    10,-0.5  -0.768  31.0-168.8 -85.7 127.0    5.0   -0.9  -11.2               
  139  139 A Y  E     -C  145   0A 100     -2,-0.5     6,-0.2     6,-0.3     2,-0.1  -0.865  19.2-122.1-112.8 144.1    7.0   -2.2  -14.1               
  140  140 A D    >   -     0   0   54      4,-3.2     3,-2.5    -2,-0.3     4,-0.0  -0.363  39.3 -97.9 -68.0 164.0   10.5   -3.7  -14.2               
  141  141 A R  T 3  S+     0   0  249      1,-0.3    -1,-0.1     2,-0.1    -2,-0.0   0.719 126.6  62.6 -55.9 -22.7   13.3   -2.2  -16.4               
  142  142 A S  T 3  S-     0   0   82      2,-0.2    -1,-0.3     1,-0.0     3,-0.1   0.317 120.9-109.0 -81.2  -0.4   12.4   -4.9  -18.9               
  143  143 A G  S <  S+     0   0   57     -3,-2.5     2,-0.4     1,-0.3    -2,-0.1   0.517  76.4 136.1  77.8   7.3    8.8   -3.5  -19.3               
  144  144 A R        -     0   0  173      1,-0.1    -4,-3.2    -4,-0.0    -1,-0.3  -0.746  61.7-110.6 -87.0 134.2    7.3   -6.5  -17.4               
  145  145 A S  E     - C   0 139A  18     -2,-0.4    -6,-0.3   -30,-0.4    -1,-0.1  -0.341  14.4-149.6 -59.1 133.9    4.6   -5.8  -14.7               
  146  146 A L  E     -     0   0A  98     -8,-3.1   -34,-0.2     2,-0.3    -1,-0.1   0.496  40.8-115.7 -79.5  -5.2    5.9   -6.5  -11.1               
  147  147 A G  E    S+     0   0A   4     -9,-0.4   -34,-2.3     1,-0.3   -35,-0.7   0.736  84.3 105.8  71.0  23.1    2.3   -7.4  -10.2               
  148  148 A T  E     -A  111   0A  39    -10,-0.5   -10,-3.0   -37,-0.2     2,-0.3  -0.987  45.2-178.4-131.3 146.2    2.2   -4.4   -7.8               
  149  149 A A  E     -AC 110 137A   0    -39,-2.3   -39,-3.1    -2,-0.3     2,-0.4  -0.977  19.9-138.5-140.8 150.7    0.4   -1.0   -8.0               
  150  150 A D  E     -AC 109 136A  17    -14,-2.6   -14,-2.1    -2,-0.3     2,-0.5  -0.953  17.5-168.9-110.8 132.2    0.1    2.2   -6.0               
  151  151 A V  E     -AC 108 135A   0    -43,-2.7   -43,-3.2    -2,-0.4     2,-0.6  -0.973   3.8-162.6-124.5 117.9   -3.4    3.9   -5.8               
  152  152 A H  E     -AC 107 134A  25    -18,-3.3   -19,-3.2    -2,-0.5   -18,-1.4  -0.905   8.4-164.3-104.8 114.3   -3.7    7.5   -4.3               
  153  153 A F  E     - C   0 132A   1    -47,-3.0   -47,-0.3    -2,-0.6   -21,-0.2  -0.643  25.3-133.4 -89.1 152.1   -7.2    8.5   -3.2               
  154  154 A E  S    S+     0   0  101    -23,-2.6     2,-0.4    -2,-0.2    -1,-0.1   0.897  96.8  40.5 -65.5 -38.5   -8.2   12.1   -2.5               
  155  155 A R  S  > S-     0   0  142    -24,-0.4     4,-1.5   -50,-0.2     3,-0.3  -0.919  71.9-142.4-116.3 137.2   -9.9   10.9    0.7               
  156  156 A K  H  > S+     0   0  109    -52,-0.7     4,-2.0    -2,-0.4     5,-0.1   0.798 102.0  63.0 -62.5 -30.3   -8.6    8.3    3.3               
  157  157 A A  H  > S+     0   0   68      2,-0.2     4,-1.7     1,-0.2    -1,-0.2   0.912 102.3  48.1 -63.0 -41.7  -12.2    7.1    3.7               
  158  158 A D  H  > S+     0   0   16     -3,-0.3     4,-2.7     2,-0.2     5,-0.2   0.931 110.2  52.5 -67.7 -41.6  -12.5    6.0    0.1               
  159  159 A A  H  X S+     0   0    0     -4,-1.5     4,-2.6     1,-0.2    -1,-0.2   0.900 109.2  49.6 -58.5 -43.4   -9.1    4.2    0.3               
  160  160 A L  H  X S+     0   0   61     -4,-2.0     4,-1.8     2,-0.2    -1,-0.2   0.850 111.0  50.1 -65.5 -35.8  -10.3    2.3    3.5               
  161  161 A K  H  X S+     0   0  117     -4,-1.7     4,-1.8     2,-0.2    -2,-0.2   0.957 112.0  46.9 -65.8 -49.4  -13.6    1.3    1.6               
  162  162 A A  H  X S+     0   0    0     -4,-2.7     4,-2.8     1,-0.2     5,-0.4   0.920 111.5  51.9 -59.1 -45.4  -11.6   -0.0   -1.4               
  163  163 A M  H  X S+     0   0   44     -4,-2.6     4,-1.4     1,-0.2    -1,-0.2   0.907 111.7  46.2 -57.3 -45.5   -9.2   -1.9    0.9               
  164  164 A K  H  < S+     0   0  158     -4,-1.8    -1,-0.2    -5,-0.2    -2,-0.2   0.813 119.1  40.0 -68.8 -32.9  -12.1   -3.7    2.8               
  165  165 A Q  H  < S+     0   0  124     -4,-1.8    -2,-0.2    -3,-0.2    -3,-0.2   0.878 123.8  33.7 -86.3 -41.9  -14.0   -4.6   -0.4               
  166  166 A Y  H >< S+     0   0   30     -4,-2.8     3,-1.8    -5,-0.2     2,-0.6   0.576  83.8 111.3 -97.0 -11.1  -11.2   -5.7   -2.8               
  167  167 A N  T 3< S+     0   0   81     -4,-1.4    10,-0.2    -5,-0.4   -57,-0.0  -0.540  96.3   7.7 -66.7 116.0   -8.7   -7.2   -0.3               
  168  168 A G  T 3  S+     0   0   47      8,-3.1    -1,-0.3    -2,-0.6     9,-0.1   0.271  94.5 136.7  92.3  -4.4   -8.8  -11.0   -1.2               
  169  169 A V    <   -     0   0   55     -3,-1.8     7,-2.8     7,-0.2     2,-0.5  -0.562  58.4-118.9 -73.5 130.0  -11.0  -10.6   -4.3               
  170  170 A P  E     -D  175   0B  91      0, 0.0     2,-0.4     0, 0.0    -1,-0.1  -0.612  29.7-174.3 -70.5 123.0   -9.7  -12.7   -7.3               
  171  171 A L  E >  S-D  174   0B  42      3,-2.8     3,-2.4    -2,-0.5   -57,-0.1  -0.985  78.4 -13.6-113.3 123.3   -8.7  -10.6  -10.3               
  172  172 A D  T 3  S-     0   0  112     -2,-0.4    -1,-0.1     1,-0.3   -56,-0.1   0.796 132.5 -52.4  51.8  34.2   -7.8  -12.8  -13.4               
  173  173 A G  T 3  S+     0   0   72      1,-0.2    -1,-0.3   -59,-0.1     0, 0.0   0.427 121.0 103.8  84.1   2.3   -7.7  -15.9  -11.1               
  174  174 A R  E <  S-D  171   0B  68     -3,-2.4    -3,-2.8    -5,-0.1     2,-0.4  -0.956  73.4-123.2-116.3 126.8   -5.2  -14.2   -8.5               
  175  175 A P  E     -D  170   0B  70      0, 0.0     2,-0.2     0, 0.0    -6,-0.1  -0.534  29.2-129.9 -69.6 122.0   -6.4  -12.9   -5.1               
  176  176 A M        -     0   0    3     -7,-2.8    -8,-3.1    -2,-0.4     2,-0.5  -0.454  13.7-151.8 -70.3 140.1   -5.6   -9.2   -4.8               
  177  177 A N  E     -B  111   0A  65    -66,-2.8   -66,-2.7   -10,-0.2     2,-0.5  -0.968  13.6-169.2-114.0 120.8   -3.8   -8.0   -1.6               
  178  178 A I  E     -B  110   0A   5     -2,-0.5     2,-0.4   -68,-0.2   -68,-0.2  -0.945   4.8-176.6-119.3 124.9   -4.4   -4.4   -0.6               
  179  179 A Q  E     -B  109   0A  99    -70,-2.9   -70,-3.0    -2,-0.5     2,-0.6  -0.951  26.4-126.6-120.2 134.4   -2.5   -2.5    2.1               
  180  180 A L  E     -B  108   0A  46     -2,-0.4     2,-1.0   -72,-0.2   -72,-0.2  -0.711  22.4-146.0 -75.7 118.9   -3.1    1.0    3.4               
  181  181 A V  E     -B  107   0A  57    -74,-2.7   -74,-0.7    -2,-0.6     2,-0.4  -0.767  16.1-171.8 -86.1  99.9    0.2    3.0    3.1               
  182  182 A T        -     0   0   52     -2,-1.0     4,-0.2     2,-0.3   -76,-0.1  -0.789  34.4-122.3 -79.2 138.5    0.3    5.3    6.1               
  183  183 A S  S    S+     0   0  107     -2,-0.4     2,-0.6   -80,-0.1    -1,-0.1   0.236  91.2  99.0 -66.4  16.7    3.3    7.7    5.8               
  184  184 A Q  S    S-     0   0  139      2,-0.0     2,-1.8     0, 0.0    -2,-0.3  -0.961  79.6-135.4-102.3 113.5    4.2    6.2    9.2               
  185  185 A I        -     0   0  157     -2,-0.6     2,-1.4     1,-0.1    -2,-0.1  -0.613  19.9-169.0 -54.7  87.3    6.8    3.5    9.0               
  186  186 A D        +     0   0  105     -2,-1.8     2,-1.6    -4,-0.2     3,-0.2  -0.508  16.4 172.0 -75.3  58.4    5.0    1.2   11.4               
  187  187 A A        -     0   0   70     -2,-1.4     3,-0.2     1,-0.2    -2,-0.1  -0.713  63.2 -40.5 -64.0  91.8    8.2   -0.8   11.4               
  188  188 A Q        -     0   0  145     -2,-1.6     2,-2.5     1,-0.2    -1,-0.2   0.894  39.9-150.4  53.5  89.5    7.0   -3.0   14.1               
  189  189 A R        -     0   0  228     -3,-0.2    -1,-0.2     3,-0.0    -3,-0.0  -0.572  33.3-177.2 -63.1  70.4    5.1   -2.1   17.2               
  190  190 A R        -     0   0  190     -2,-2.5     2,-0.3    -3,-0.2    -3,-0.0  -0.696  44.8 -99.2 -52.1 128.8    6.8   -5.0   18.6               
  191  191 A P        -     0   0  112      0, 0.0     2,-0.8     0, 0.0    -1,-0.1  -0.534  39.8-116.7 -52.2 116.6    5.2   -5.0   22.1               
  192  192 A A        -     0   0   97     -2,-0.3     2,-1.2     1,-0.1    -3,-0.0  -0.620  28.3-128.8 -53.4 104.2    8.0   -3.2   24.0               
  193  193 A Q        -     0   0  173     -2,-0.8     2,-1.1     1,-0.1    -1,-0.1  -0.692  20.0-132.3 -58.5  99.3    8.7   -6.1   26.3               
  194  194 A S        -     0   0   93     -2,-1.2     2,-1.5     1,-0.1    -1,-0.1  -0.612  17.1-140.7 -48.5  93.8    8.5   -4.0   29.4               
  195  195 A V        -     0   0  111     -2,-1.1     2,-2.4     1,-0.1    -1,-0.1  -0.766   6.9-142.5 -62.1  96.4   11.7   -5.3   30.9               
  196  196 A N        -     0   0  145     -2,-1.5     2,-1.8     1,-0.0    -1,-0.1  -0.631  19.7-167.7 -51.8  75.1   10.4   -5.6   34.4               
  197  197 A R        -     0   0  220     -2,-2.4    -2,-0.1     2,-0.0     3,-0.1  -0.773  29.9-128.0 -74.3  83.3   13.9   -4.4   35.3               
  198  198 A G        -     0   0   56     -2,-1.8     2,-1.5     1,-0.2    -2,-0.0  -0.189   8.3-115.1 -41.5 124.0   12.9   -5.4   38.8               
  199  199 A G        -     0   0   79      1,-0.1     2,-1.0     2,-0.1    -1,-0.2  -0.605  38.9-176.2 -57.5  89.6   13.5   -2.7   41.4               
  200  200 A M        -     0   0  135     -2,-1.5     2,-1.6     2,-0.1    -1,-0.1  -0.705   4.8-177.5 -97.0  73.9   16.2   -4.7   43.3               
  201  201 A T        -     0   0  131     -2,-1.0     2,-1.3     1,-0.1    -2,-0.1  -0.668  12.2-165.8 -62.9  87.4   16.7   -2.3   46.1               
  202  202 A R        -     0   0  201     -2,-1.6     2,-1.2     2,-0.0    -1,-0.1  -0.700  11.9-177.7 -88.0  82.3   19.5   -4.5   47.6               
  203  203 A N        +     0   0  151     -2,-1.3     2,-0.1     1,-0.0    -2,-0.1  -0.771  31.6 138.4 -60.8  96.0   19.9   -3.1   51.0               
  204  204 A R        -     0   0  230     -2,-1.2    -2,-0.0     0, 0.0    -1,-0.0  -0.434  41.7 -86.8-160.5 103.5   22.7   -5.4   52.0               
  205  205 A G        -     0   0   63     -2,-0.1    -2,-0.0     1,-0.0    -3,-0.0   0.809  38.7 -48.8  62.9 104.3   25.8   -4.9   53.9               
  206  206 A A        -     0   0  106      0, 0.0    -1,-0.0     0, 0.0     0, 0.0   0.686  47.3 -25.7  51.4 106.6   29.3   -4.0   54.1               
  207  207 A G        +     0   0   84      0, 0.0     0, 0.0     0, 0.0     0, 0.0   0.926  33.0 107.7  91.9 128.3   32.7   -4.5   52.8               
  208  208 A G        -     0   0   66      0, 0.0     0, 0.0     0, 0.0     0, 0.0   0.988  24.1-137.7 108.8  81.7   35.7   -5.8   51.3               
  209  209 A F        +     0   0  213      0, 0.0     0, 0.0     0, 0.0     0, 0.0   0.592  28.0 118.3  32.0 134.9   38.2   -5.9   48.6               
  210  210 A G        -     0   0   83      0, 0.0     2,-0.0     0, 0.0     0, 0.0   0.612  20.7-158.9  92.1 131.8   40.2   -8.2   46.4               
  211  211 A G        +     0   0   81      0, 0.0     0, 0.0     0, 0.0     0, 0.0   0.382  24.2  67.2 120.9 114.2   41.4   -9.8   43.8               
  212  212 A G        +     0   0   85     -2,-0.0     0, 0.0     1,-0.0     0, 0.0   0.579  19.9 133.3  97.1 143.1   43.1  -12.5   41.9               
  213  213 A G        -     0   0   85      0, 0.0     2,-0.1     0, 0.0    -1,-0.0   0.678  16.9-165.7 103.7 114.0   43.4  -16.1   40.5               
  214  214 A G        +     0   0   67      0, 0.0     0, 0.0     0, 0.0     0, 0.0   0.184  20.0  33.6 108.2 102.0   44.1  -17.9   38.0               
  215  215 A T        +     0   0  131     -2,-0.1     0, 0.0     0, 0.0     0, 0.0   0.946  18.5 137.6  75.3 123.1   44.1  -21.1   36.0               
  216  216 A R        -     0   0  227      0, 0.0     0, 0.0     0, 0.0     0, 0.0   0.388  25.3-144.6 157.2 102.1   42.9  -24.4   34.9               
  217  217 A R        +     0   0  252      2,-0.0     0, 0.0     0, 0.0     0, 0.0   0.458  19.7 164.6  65.9 111.2   42.6  -26.1   31.9               
  218  218 A G        +     0   0   73      0, 0.0     2,-0.2     0, 0.0     0, 0.0   0.130   7.5 175.0 173.1  59.4   40.1  -28.6   30.5               
  219  219 A T        +     0   0  146      2,-0.0    -2,-0.0     1,-0.0     0, 0.0  -0.545  34.3  96.9 -50.8 128.5   39.9  -29.5   26.8               
  220  220 A R        -     0   0  235     -2,-0.2    -1,-0.0     2,-0.0     0, 0.0   0.313  56.9-130.1 158.0 115.2   37.6  -32.1   25.5               
  221  221 A G        +     0   0   83      0, 0.0     2,-0.2     0, 0.0    -2,-0.0  -0.203  34.0 162.2 -55.7 141.4   34.1  -31.9   23.9               
  222  222 A G        -     0   0   72      2,-0.1    -2,-0.0     0, 0.0     0, 0.0  -0.689  31.9 -76.5-172.7 111.9   31.3  -34.0   25.3               
  223  223 A A        +     0   0   89     -2,-0.2     2,-0.1     2,-0.0     0, 0.0   0.674  43.7 135.0  34.9 122.3   27.5  -34.0   25.1               
  224  224 A R        +     0   0  258      1,-0.2    -2,-0.1     0, 0.0     0, 0.0  -0.106  33.5  72.0 173.0 135.8   24.4  -32.3   26.3               
  225  225 A G        +     0   0   71     -2,-0.1     2,-0.2     0, 0.0    -1,-0.2   0.643  26.5 173.0 114.5  90.5   21.1  -31.0   25.1               
  226  226 A R        +     0   0  260      0, 0.0     2,-0.0     0, 0.0     0, 0.0  -0.292  30.8 125.2  52.0 103.4   18.5  -32.7   24.0               
  227  227 A G        +     0   0   71     -2,-0.2     0, 0.0     0, 0.0     0, 0.0   0.241  17.7  58.3 110.3 135.5   15.3  -30.5   23.3               
  228  228 A R        -     0   0  254      2,-0.0     0, 0.0    -2,-0.0     0, 0.0   0.772  42.9 -87.6-155.5 137.7   12.9  -29.4   21.5               
  229  229 A G        -     0   0   72      1,-0.1     2,-0.1     2,-0.0     0, 0.0   0.742   1.1-146.7  81.2  87.2   10.0  -29.9   19.6               
  230  230 A A        +     0   0  110      1,-0.1    -1,-0.1     2,-0.0    -2,-0.0   0.134  60.2  65.7  50.1 114.4    8.1  -30.6   16.8               
  231  231 A G        -     0   0   76      1,-0.2     2,-1.5    -2,-0.1    -1,-0.1   0.974  33.0-171.4  87.9  72.2    4.7  -29.2   15.9               
  232  232 A R        -     0   0  258      3,-0.0     2,-0.3     2,-0.0    -1,-0.2  -0.733  32.2-167.5 -76.4  86.9    3.6  -25.6   15.3               
  233  233 A N        -     0   0  148     -2,-1.5     2,-0.1     1,-0.1     0, 0.0  -0.618  32.1 -85.7 -77.4 139.9   -0.1  -26.7   15.3               
  234  234 A S        -     0   0   95     -2,-0.3     2,-1.1     1,-0.1    -1,-0.1  -0.265  36.7-128.6 -51.6 119.1   -2.6  -24.1   14.0               
  235  235 A K        -     0   0  204     -2,-0.1     2,-0.2    -3,-0.1    -1,-0.1  -0.662  20.7-145.4 -73.1  97.8   -3.8  -21.6   16.6               
  236  236 A Q        -     0   0  166     -2,-1.1     2,-0.9     1,-0.1    -1,-0.0  -0.508  25.3-114.1 -55.7 128.3   -7.6  -21.7   16.3               
  237  237 A Q        -     0   0  193     -2,-0.2     2,-0.2     1,-0.0    -1,-0.1  -0.723  28.6-141.8 -73.0 102.3   -8.7  -18.1   17.0               
  238  238 A L        -     0   0   83     -2,-0.9     2,-0.0     1,-0.1    -3,-0.0  -0.518  24.7-114.4 -59.1 134.5  -10.7  -18.4   20.3               
  239  239 A S    >>  -     0   0   59     -2,-0.2     4,-1.4     1,-0.1     3,-0.5  -0.294  23.3-107.8 -68.7 157.9  -13.7  -16.1   20.1               
  240  240 A A  H 3> S+     0   0   71      1,-0.2     4,-2.1     2,-0.2     5,-0.2   0.870 120.1  59.3 -55.8 -33.6  -13.9  -13.0   22.5               
  241  241 A E  H 3> S+     0   0  161      1,-0.2     4,-2.3     2,-0.2    -1,-0.2   0.864 103.0  50.3 -66.6 -36.0  -16.7  -14.9   24.4               
  242  242 A E  H <> S+     0   0  103     -3,-0.5     4,-1.4     2,-0.2    -1,-0.2   0.816 110.1  51.3 -71.7 -29.9  -14.3  -17.8   25.2               
  243  243 A L  H  X S+     0   0   87     -4,-1.4     4,-1.5     2,-0.2    -2,-0.2   0.887 110.8  47.8 -72.2 -38.7  -11.7  -15.3   26.5               
  244  244 A D  H  X S+     0   0   98     -4,-2.1     4,-2.5     2,-0.2     3,-0.3   0.943 110.3  51.5 -68.2 -44.0  -14.2  -13.6   28.8               
  245  245 A A  H  X S+     0   0   61     -4,-2.3     4,-2.2     1,-0.2    -1,-0.2   0.859 109.2  51.4 -61.1 -35.8  -15.4  -17.0   30.2               
  246  246 A Q  H  X S+     0   0  123     -4,-1.4     4,-1.5     2,-0.2    -1,-0.2   0.857 109.8  49.7 -68.6 -35.4  -11.8  -17.9   30.9               
  247  247 A L  H  X S+     0   0   99     -4,-1.5     4,-2.5    -3,-0.3    -2,-0.2   0.929 111.9  47.4 -67.8 -43.8  -11.2  -14.6   32.8               
  248  248 A D  H  X S+     0   0  113     -4,-2.5     4,-2.8     1,-0.2     5,-0.2   0.919 111.5  50.5 -65.1 -41.8  -14.4  -15.1   34.9               
  249  249 A A  H  X S+     0   0   66     -4,-2.2     4,-1.2    -5,-0.2    -1,-0.2   0.850 112.3  48.1 -63.6 -34.5  -13.4  -18.7   35.7               
  250  250 A Y  H  X S+     0   0  135     -4,-1.5     4,-1.2     2,-0.2    -2,-0.2   0.914 112.4  47.6 -71.8 -41.7  -10.0  -17.4   36.8               
  251  251 A N  H >X S+     0   0   81     -4,-2.5     4,-1.7     1,-0.2     3,-0.7   0.946 110.5  52.0 -65.6 -43.5  -11.4  -14.6   39.0               
  252  252 A A  H 3< S+     0   0   64     -4,-2.8    -1,-0.2     1,-0.3     4,-0.2   0.824 109.4  51.3 -61.5 -32.0  -13.9  -17.0   40.6               
  253  253 A R  H 3< S+     0   0  183     -4,-1.2     3,-0.4    -5,-0.2    -1,-0.3   0.769 109.2  50.5 -72.2 -30.2  -10.9  -19.3   41.4               
  254  254 A M  H X< S+     0   0   96     -4,-1.2     3,-0.7    -3,-0.7    -2,-0.2   0.759 102.4  58.8 -83.6 -23.8   -9.0  -16.5   43.0               
  255  255 A D  T 3< S+     0   0  146     -4,-1.7    -1,-0.2     1,-0.2    -2,-0.1   0.463  98.8  61.8 -82.6  -1.2  -11.8  -15.3   45.4               
  256  256 A T  T 3         0   0  114     -3,-0.4    -1,-0.2    -4,-0.2    -2,-0.1   0.003 360.0 360.0-113.6  25.6  -12.0  -18.8   47.1               
  257  257 A S    <         0   0  170     -3,-0.7    -2,-0.1     0, 0.0    -3,-0.1   0.487 360.0 360.0-135.9 360.0   -8.4  -18.9   48.6               
