==== Secondary Structure Definition by the program DSSP, CMBI version 2.0                          ==== DATE=2026-03-08        .
REFERENCE W. KABSCH AND C.SANDER, BIOPOLYMERS 22 (1983) 2577-2637                                                              .
HEADER                                            01-AUG-25                                                                    .
COMPND    MOL_ID: 1; MOLECULE: ZINC FINGER CCCH DOMAIN-CONTAINING PROTEIN 8; CHA                                               .
SOURCE    MOL_ID: 1; ORGANISM_SCIENTIFIC: HOMO SAPIENS; ORGANISM_TAXID: 9606                                                   .
AUTHOR                                                                                                                         .
  291  1  0  0  0 TOTAL NUMBER OF RESIDUES, NUMBER OF CHAINS, NUMBER OF SS-BRIDGES(TOTAL,INTRACHAIN,INTERCHAIN)                .
 35631.9   ACCESSIBLE SURFACE OF PROTEIN (ANGSTROM**2)                                                                         .
  128 44.0   TOTAL NUMBER OF HYDROGEN BONDS OF TYPE O(I)-->H-N(J)  , SAME NUMBER PER 100 RESIDUES                              .
    9  3.1   TOTAL NUMBER OF HYDROGEN BONDS IN     PARALLEL BRIDGES, SAME NUMBER PER 100 RESIDUES                              .
    5  1.7   TOTAL NUMBER OF HYDROGEN BONDS IN ANTIPARALLEL BRIDGES, SAME NUMBER PER 100 RESIDUES                              .
    0  0.0   TOTAL NUMBER OF HYDROGEN BONDS OF TYPE O(I)-->H-N(I-5), SAME NUMBER PER 100 RESIDUES                              .
    0  0.0   TOTAL NUMBER OF HYDROGEN BONDS OF TYPE O(I)-->H-N(I-4), SAME NUMBER PER 100 RESIDUES                              .
    1  0.3   TOTAL NUMBER OF HYDROGEN BONDS OF TYPE O(I)-->H-N(I-3), SAME NUMBER PER 100 RESIDUES                              .
    0  0.0   TOTAL NUMBER OF HYDROGEN BONDS OF TYPE O(I)-->H-N(I-2), SAME NUMBER PER 100 RESIDUES                              .
    0  0.0   TOTAL NUMBER OF HYDROGEN BONDS OF TYPE O(I)-->H-N(I-1), SAME NUMBER PER 100 RESIDUES                              .
    0  0.0   TOTAL NUMBER OF HYDROGEN BONDS OF TYPE O(I)-->H-N(I+0), SAME NUMBER PER 100 RESIDUES                              .
    0  0.0   TOTAL NUMBER OF HYDROGEN BONDS OF TYPE O(I)-->H-N(I+1), SAME NUMBER PER 100 RESIDUES                              .
   46 15.8   TOTAL NUMBER OF HYDROGEN BONDS OF TYPE O(I)-->H-N(I+2), SAME NUMBER PER 100 RESIDUES                              .
   19  6.5   TOTAL NUMBER OF HYDROGEN BONDS OF TYPE O(I)-->H-N(I+3), SAME NUMBER PER 100 RESIDUES                              .
   45 15.5   TOTAL NUMBER OF HYDROGEN BONDS OF TYPE O(I)-->H-N(I+4), SAME NUMBER PER 100 RESIDUES                              .
    3  1.0   TOTAL NUMBER OF HYDROGEN BONDS OF TYPE O(I)-->H-N(I+5), SAME NUMBER PER 100 RESIDUES                              .
  1  2  3  4  5  6  7  8  9 10 11 12 13 14 15 16 17 18 19 20 21 22 23 24 25 26 27 28 29 30     *** HISTOGRAMS OF ***           .
  0  0  0  2  1  0  1  0  0  0  0  0  0  0  0  0  1  0  0  0  1  0  0  0  0  0  0  0  0  0    RESIDUES PER ALPHA HELIX         .
  2  1  0  0  0  0  0  0  0  0  0  0  0  0  0  0  0  0  0  0  0  0  0  0  0  0  0  0  0  0    PARALLEL BRIDGES PER LADDER      .
  0  0  0  1  0  0  0  0  0  0  0  0  0  0  0  0  0  0  0  0  0  0  0  0  0  0  0  0  0  0    ANTIPARALLEL BRIDGES PER LADDER  .
  1  1  0  0  0  0  0  0  0  0  0  0  0  0  0  0  0  0  0  0  0  0  0  0  0  0  0  0  0  0    LADDERS PER SHEET                .
  #  RESIDUE AA STRUCTURE BP1 BP2  ACC     N-H-->O    O-->H-N    N-H-->O    O-->H-N    TCO  KAPPA ALPHA  PHI   PSI    X-CA   Y-CA   Z-CA            CHAIN
    1    1 A M              0   0  228      0, 0.0     0, 0.0     0, 0.0     0, 0.0   0.000 360.0 360.0 360.0  69.0   39.1  -12.4   15.1               
    2    2 A D        -     0   0  153      1,-0.2     2,-0.3     2,-0.1     3,-0.1   0.637 360.0-166.9  50.2  95.0   35.5  -12.1   14.2               
    3    3 A F        +     0   0  177      1,-0.1    -1,-0.2     2,-0.0     0, 0.0  -0.771  56.9  55.2 -89.2 149.0   32.3  -11.5   16.0               
    4    4 A E        +     0   0  157     -2,-0.3    -1,-0.1     1,-0.1    -2,-0.1   0.952  26.2 136.2  89.4  92.5   28.9  -12.2   14.2               
    5    5 A N        +     0   0  163     -3,-0.1     2,-0.3     3,-0.0     3,-0.1  -0.358  41.6 128.6-134.0  55.1   27.4  -15.2   12.5               
    6    6 A L        +     0   0  148      1,-0.2    -1,-0.0     2,-0.0     0, 0.0  -0.466  37.1  93.3-107.7  56.8   23.9  -14.8   14.1               
    7    7 A F        +     0   0  204     -2,-0.3     2,-1.0     2,-0.1    -1,-0.2  -0.287  38.6 154.5-140.4  58.3   21.6  -14.9   11.1               
    8    8 A S        -     0   0  118     -3,-0.1    -3,-0.0     0, 0.0    -2,-0.0  -0.761  35.0-148.1 -76.2 103.8   20.4  -18.5   10.8               
    9    9 A K        -     0   0  192     -2,-1.0    -2,-0.1     1,-0.1     0, 0.0  -0.581  18.3-117.4 -65.5 134.6   17.0  -18.1    9.1               
   10   10 A P        -     0   0  118      0, 0.0     2,-0.3     0, 0.0    -1,-0.1  -0.511  32.0-106.0 -73.1 147.4   14.6  -20.9   10.1               
   11   11 A P        -     0   0  125      0, 0.0     0, 0.0     0, 0.0     0, 0.0  -0.548  27.0-130.4 -75.3 135.2   13.4  -23.3    7.3               
   12   12 A N        -     0   0  162     -2,-0.3     2,-0.6     1,-0.0     0, 0.0  -0.765  27.7-132.9 -84.9 122.5    9.8  -22.8    6.1               
   13   13 A P        -     0   0  109      0, 0.0    -1,-0.0     0, 0.0     0, 0.0  -0.778  29.5 -75.2 -92.4 123.0    7.8  -26.1    6.0               
   14   14 A A        -     0   0   91     -2,-0.6     2,-0.2     1,-0.0     0, 0.0   0.705  24.6-172.4  46.8 115.3    5.6  -27.6    3.3               
   15   15 A L        -     0   0  185      0, 0.0     2,-0.0     0, 0.0    -1,-0.0  -0.682  37.0-103.7-153.7 134.8    2.4  -27.6    1.4               
   16   16 A G        -     0   0   71     -2,-0.2     0, 0.0     1,-0.2     0, 0.0  -0.172  10.8-115.5 132.4  71.7    1.6  -29.8   -0.8               
   17   17 A K        -     0   0  207     -2,-0.0     2,-0.3     1,-0.0    -1,-0.2   0.082  15.5-178.4 -19.9 132.5    1.0  -31.0   -4.4               
   18   18 A T        -     0   0  145      2,-0.0     2,-0.4     0, 0.0    -1,-0.0  -0.944  15.6-160.2-134.3 130.9   -2.1  -31.9   -6.3               
   19   19 A A        -     0   0   96     -2,-0.3     2,-0.3     2,-0.0     0, 0.0  -0.853  13.1-179.9 -95.5 137.9   -1.7  -33.0   -9.9               
   20   20 A T        -     0   0  147     -2,-0.4     2,-0.2     2,-0.0    -2,-0.0  -0.880  17.3-152.6-140.2 113.1   -4.4  -33.1  -12.5               
   21   21 A D        +     0   0  145     -2,-0.3     2,-0.1     2,-0.0    -2,-0.0  -0.479  25.0 157.6 -65.5 135.2   -3.4  -34.3  -16.0               
   22   22 A S        -     0   0  119     -2,-0.2     2,-0.2     2,-0.0    -2,-0.0  -0.376  23.2-154.6-166.9  98.2   -5.0  -33.3  -19.3               
   23   23 A D        +     0   0  139     -2,-0.1     2,-0.2     2,-0.0    -2,-0.0  -0.443  19.7 166.0 -41.3 123.8   -3.1  -33.5  -22.6               
   24   24 A E        -     0   0  188     -2,-0.2     2,-0.6     2,-0.0    -2,-0.0  -0.771  16.1-163.0-146.2 124.1   -4.0  -31.3  -25.5               
   25   25 A R        +     0   0  211     -2,-0.2     2,-0.4     2,-0.0    -2,-0.0  -0.859  13.9 170.7 -94.8 114.0   -1.5  -31.1  -28.3               
   26   26 A I        -     0   0  139     -2,-0.6     2,-0.7     2,-0.0    -2,-0.0  -0.903  10.3-170.8-129.5 100.5   -1.9  -28.2  -30.8               
   27   27 A D        +     0   0  131     -2,-0.4     2,-0.3     2,-0.0    -2,-0.0  -0.856  13.3 167.0 -76.0 113.4    1.0  -28.0  -33.2               
   28   28 A D        -     0   0  138     -2,-0.7     2,-0.7     2,-0.0    -2,-0.0  -0.844  17.8-162.3-135.4 102.2    0.8  -24.7  -35.1               
   29   29 A E        +     0   0  179     -2,-0.3     2,-0.4     2,-0.0    -2,-0.0  -0.731  12.3 176.5 -72.4 106.5    4.0  -23.9  -37.0               
   30   30 A I        -     0   0  140     -2,-0.7     2,-0.5     2,-0.0    -2,-0.0  -0.853   5.3-175.3-120.8  94.9    4.0  -20.2  -38.0               
   31   31 A D        +     0   0  140     -2,-0.4     2,-0.1     2,-0.0    -2,-0.0  -0.743  10.1 174.5 -66.3 124.1    7.2  -19.3  -39.6               
   32   32 A T        -     0   0  109     -2,-0.5    -2,-0.0     0, 0.0    -1,-0.0  -0.587  25.9-116.1-149.8  89.7    7.2  -15.5  -40.3               
   33   33 A E        -     0   0  172      1,-0.2    -2,-0.0    -2,-0.1     0, 0.0   0.376  28.9 -79.5  38.3  97.2   10.0  -13.8  -41.6               
   34   34 A V        -     0   0  123      1,-0.0     2,-0.3     2,-0.0    -1,-0.2   0.135  27.1-173.3  16.0 108.4   12.4  -11.2  -40.5               
   35   35 A E        -     0   0  171      2,-0.0     2,-0.8     0, 0.0    -1,-0.0  -0.887  11.0-171.1-131.4 107.6   11.8   -7.5  -40.5               
   36   36 A E        +     0   0  177     -2,-0.3     2,-0.4     2,-0.0    -2,-0.0  -0.855  11.4 174.4 -88.6 103.3   15.0   -5.8  -39.6               
   37   37 A T        -     0   0  104     -2,-0.8    -2,-0.0     1,-0.1    -1,-0.0  -0.794  33.9 -64.3-132.9 102.4   14.4   -2.0  -39.1               
   38   38 A Q        -     0   0  184     -2,-0.4     2,-0.8     1,-0.2    -1,-0.1   0.877  16.0-143.8  67.1  94.9   16.9    0.4  -37.9               
   39   39 A E        -     0   0  202      2,-0.0     2,-0.7     1,-0.0    -1,-0.2  -0.731  30.8-150.6 -67.5 107.4   19.0    1.3  -34.9               
   40   40 A E        -     0   0  174     -2,-0.8     2,-0.7     2,-0.0    -1,-0.0  -0.804   8.9-139.2 -89.1 113.4   18.9    5.2  -35.0               
   41   41 A K        -     0   0  194     -2,-0.7     2,-0.7     2,-0.0    -2,-0.0  -0.631  16.7-171.7 -64.9 112.7   22.1    6.6  -33.4               
   42   42 A I        +     0   0  159     -2,-0.7     2,-0.3     0, 0.0    -2,-0.0  -0.928  21.5 171.3-105.1 104.5   21.5    9.6  -31.2               
   43   43 A K        +     0   0  164     -2,-0.7    -2,-0.0     1,-0.1     0, 0.0  -0.927  17.5  61.0-111.4 145.6   25.1   10.8  -30.5               
   44   44 A L        +     0   0  116     -2,-0.3    -1,-0.1     2,-0.0     0, 0.0   0.621  48.3  44.1  74.9 137.2   26.3   14.0  -28.8               
   45   45 A E        +     0   0  158      0, 0.0     2,-0.7     0, 0.0    -2,-0.0   0.656  13.9 150.6-159.6 136.3   26.7   16.1  -26.5               
   46   46 A C        -     0   0  121      2,-0.0     2,-0.3     0, 0.0    -2,-0.0  -0.926  40.1-148.2-104.9  99.2   27.4   16.5  -22.7               
   47   47 A E        -     0   0  176     -2,-0.7     2,-0.3     1,-0.1     0, 0.0  -0.581  18.3-120.4 -76.3 134.0   29.1   19.9  -22.4               
   48   48 A Q        -     0   0  182     -2,-0.3    -1,-0.1     1,-0.0    -2,-0.0  -0.564  12.4-137.2 -85.2 129.9   31.6   20.1  -19.6               
   49   49 A I        -     0   0  155     -2,-0.3     2,-0.6     2,-0.0    -1,-0.0  -0.713  14.2-156.5 -75.3 130.2   31.5   22.5  -16.6               
   50   50 A P        -     0   0  115      0, 0.0     2,-0.5     0, 0.0    -2,-0.0  -0.940   5.2-157.8-108.2 121.4   34.8   24.1  -15.6               
   51   51 A K        +     0   0  194     -2,-0.6     2,-0.2     2,-0.0    -2,-0.0  -0.838  19.0 166.0 -83.6 123.4   35.1   25.3  -11.9               
   52   52 A K        -     0   0  198     -2,-0.5     2,-0.0     2,-0.0     0, 0.0  -0.734  16.3-153.6-155.1 101.5   37.7   28.0  -11.1               
   53   53 A F        +     0   0  158     -2,-0.2     2,-0.1     0, 0.0    -2,-0.0   0.128  22.4 158.8  55.0 107.2   37.9   29.9   -8.2               
   54   54 A R        -     0   0  232     -2,-0.0     2,-0.1     0, 0.0    -2,-0.0  -0.297  18.1-155.5-178.0 151.6   39.1   33.1   -6.8               
   55   55 A H        +     0   0  142     -2,-0.1     0, 0.0     2,-0.0     0, 0.0  -0.295  19.2 144.7 -86.2 161.6   38.3   35.3   -3.7               
   56   56 A S        -     0   0  112     -2,-0.1     0, 0.0     0, 0.0     0, 0.0   0.480  17.1-159.9 143.9 102.3   38.2   38.6   -2.0               
   57   57 A A        +     0   0   89      0, 0.0     2,-0.1     0, 0.0    -2,-0.0   0.448  19.4 150.9  67.8 113.1   36.4   40.5    0.2               
   58   58 A I        -     0   0  177      0, 0.0     0, 0.0     0, 0.0     0, 0.0   0.002  28.8-131.3 166.1 138.2   35.6   43.8    1.7               
   59   59 A S        -     0   0  104      1,-0.1     0, 0.0    -2,-0.1     0, 0.0  -0.014  21.3 -69.1 -95.4-166.1   32.4   45.4    3.3               
   60   60 A P        +     0   0   97      0, 0.0    -1,-0.1     0, 0.0     0, 0.0   0.636  25.5  78.2-132.1-175.0   30.1   48.0    3.5               
   61   61 A K        +     0   0  190      0, 0.0    -2,-0.0     0, 0.0     0, 0.0   0.988  25.0  82.4  72.0 114.1   27.6   50.9    3.9               
   62   62 A S        -     0   0  110      0, 0.0     0, 0.0     0, 0.0     0, 0.0   0.524  32.3 -57.9 152.9 134.9   26.0   53.9    3.1               
   63   63 A S        +     0   0  100      0, 0.0     0, 0.0     0, 0.0     0, 0.0   0.896  32.4 104.8  54.8 127.2   23.5   56.3    1.4               
   64   64 A L        -     0   0  160      0, 0.0     0, 0.0     0, 0.0     0, 0.0   0.571  36.0-120.8-169.3 133.7   21.9   58.0   -0.9               
   65   65 A H        +     0   0  137      1,-0.0     2,-0.2     0, 0.0     0, 0.0   0.461  25.3 161.5  31.6 102.8   18.6   58.3   -2.8               
   66   66 A R        -     0   0  248      2,-0.0     2,-0.2     0, 0.0    -1,-0.0  -0.739  26.5-147.3-150.1 116.7   17.7   58.1   -6.4               
   67   67 A K        +     0   0  168     -2,-0.2     2,-0.1     2,-0.0     0, 0.0  -0.508  32.5 136.9 -65.3 128.1   14.1   57.4   -7.4               
   68   68 A S        -     0   0  115     -2,-0.2    -2,-0.0     2,-0.0     0, 0.0  -0.390  43.7 -62.2-172.8 122.3   13.0   55.5  -10.5               
   69   69 A R        +     0   0  242     -2,-0.1     2,-0.0     0, 0.0    -2,-0.0   0.742  49.9 114.3  43.2 105.8   10.5   52.8  -11.4               
   70   70 A S        -     0   0  118      0, 0.0    -2,-0.0     0, 0.0     0, 0.0   0.162  47.0 -91.4 170.2 123.0    9.4   49.4  -10.9               
   71   71 A K        -     0   0  183      1,-0.2     0, 0.0    -2,-0.0     0, 0.0   0.516  49.7 -75.0  36.8  92.5    6.7   47.2   -9.5               
   72   72 A D        +     0   0  148      1,-0.1     2,-0.3     2,-0.0    -1,-0.2   0.335  41.9 161.9  22.3  90.1    6.0   45.6   -6.2               
   73   73 A Y        -     0   0  222      2,-0.0     2,-0.7     0, 0.0    -1,-0.1  -0.872  29.8-148.9-126.3 103.8    7.8   42.6   -4.9               
   74   74 A D        -     0   0  149     -2,-0.3     2,-1.1     1,-0.1    -2,-0.0  -0.626  12.4-137.6 -65.8 112.2    7.2   42.5   -1.1               
   75   75 A V        -     0   0  134     -2,-0.7     2,-1.0     1,-0.0    -1,-0.1  -0.701  14.2-142.6 -67.7  98.1   10.4   40.9    0.4               
   76   76 A Y        -     0   0  216     -2,-1.1     2,-1.4     1,-0.1    -1,-0.0  -0.646  12.6-139.2 -62.6 102.7    8.9   38.5    2.9               
   77   77 A S        -     0   0   99     -2,-1.0     2,-1.7     1,-0.1    -1,-0.1  -0.677  12.6-151.8 -64.1  90.6   11.4   38.9    5.7               
   78   78 A D        +     0   0  147     -2,-1.4    -1,-0.1     1,-0.2    -2,-0.0  -0.605  54.8 124.1 -69.6  79.3   11.5   35.2    6.7               
   79   79 A N        +     0   0  138     -2,-1.7     2,-1.3     2,-0.1    -1,-0.2  -0.272  24.9 154.4-137.0  45.9   12.5   35.9   10.3               
   80   80 A D        -     0   0  146      2,-0.0     2,-0.8     3,-0.0    -2,-0.1  -0.720  37.8-147.4 -76.1  95.6    9.7   34.1   12.1               
   81   81 A I        -     0   0  147     -2,-1.3     2,-1.1     1,-0.1    -2,-0.1  -0.611  23.6-128.6 -48.9 100.8   11.2   33.2   15.4               
   82   82 A C        -     0   0  122     -2,-0.8     2,-0.2     1,-0.1    -1,-0.1  -0.607  25.4-126.6 -64.4  96.8    9.2   30.0   15.8               
   83   83 A S    >   -     0   0   71     -2,-1.1     2,-1.0     1,-0.2     3,-0.7  -0.397   6.8-138.7 -52.8 118.3    7.8   30.6   19.3               
   84   84 A Q  T 3  S+     0   0  164     -2,-0.2     4,-0.4     1,-0.2     3,-0.2   0.033  77.6 104.3 -63.2  23.4    8.7   27.6   21.4               
   85   85 A E  T 3>  +     0   0  150     -2,-1.0     4,-0.6     1,-0.2    -1,-0.2   0.515  55.9  72.0-100.7  -6.5    5.2   27.8   23.0               
   86   86 A S  H <> S+     0   0   96     -3,-0.7     4,-0.8     2,-0.1    -1,-0.2   0.805  95.9  51.3 -81.8 -25.6    3.3   24.9   21.3               
   87   87 A E  H  > S+     0   0  155     -3,-0.2     4,-1.5     1,-0.2    -1,-0.1   0.858 104.1  56.5 -82.4 -32.5    5.0   22.1   23.2               
   88   88 A D  H  > S+     0   0   95     -4,-0.4     4,-1.5     1,-0.2    -1,-0.2   0.756 101.6  57.5 -70.6 -26.5    4.4   23.5   26.7               
   89   89 A N  H  X S+     0   0  111     -4,-0.6     4,-2.1     2,-0.2    -1,-0.2   0.923 106.1  48.1 -73.7 -39.5    0.6   23.6   26.2               
   90   90 A F  H  X S+     0   0  140     -4,-0.8     4,-2.5     2,-0.2     5,-0.2   0.901 109.3  53.0 -67.6 -40.6    0.3   19.9   25.5               
   91   91 A A  H  X S+     0   0   52     -4,-1.5     4,-1.9     2,-0.2    -1,-0.2   0.915 111.3  46.9 -61.4 -41.5    2.5   18.9   28.5               
   92   92 A K  H  X S+     0   0  128     -4,-1.5     4,-2.1     2,-0.2    -2,-0.2   0.908 111.9  49.9 -66.9 -42.8    0.2   21.0   30.8               
   93   93 A E  H  X S+     0   0  124     -4,-2.1     4,-2.0     2,-0.2    -2,-0.2   0.920 111.2  49.1 -63.7 -42.2   -3.0   19.5   29.3               
   94   94 A L  H  X S+     0   0   89     -4,-2.5     4,-2.0     2,-0.2    -1,-0.2   0.901 110.4  51.0 -63.7 -40.6   -1.7   15.9   29.7               
   95   95 A Q  H  X S+     0   0  142     -4,-1.9     4,-2.4     2,-0.2    -2,-0.2   0.910 108.5  51.8 -65.1 -40.7   -0.8   16.6   33.4               
   96   96 A Q  H  X S+     0   0  133     -4,-2.1     4,-2.5     1,-0.2    -2,-0.2   0.900 109.0  51.1 -61.5 -40.9   -4.3   18.0   34.1               
   97   97 A Y  H  X S+     0   0  159     -4,-2.0     4,-1.9     2,-0.2    -2,-0.2   0.912 110.4  48.1 -64.0 -43.2   -5.9   14.9   32.6               
   98   98 A I  H  X S+     0   0   80     -4,-2.0     4,-2.2     2,-0.2    -2,-0.2   0.953 113.3  48.1 -61.4 -47.2   -3.7   12.5   34.8               
   99   99 A Q  H  X S+     0   0  118     -4,-2.4     4,-2.6     1,-0.2     5,-0.2   0.913 109.8  51.4 -63.2 -43.6   -4.5   14.5   38.0               
  100  100 A A  H  X S+     0   0   59     -4,-2.5     4,-2.0     1,-0.2    -1,-0.2   0.892 111.4  48.9 -60.3 -39.0   -8.3   14.6   37.2               
  101  101 A R  H  X S+     0   0  162     -4,-1.9     4,-1.5     2,-0.2    -2,-0.2   0.886 110.8  49.4 -68.0 -41.2   -8.2   10.7   36.8               
  102  102 A E  H  X S+     0   0  126     -4,-2.2     4,-2.3     2,-0.2     3,-0.2   0.937 111.5  49.2 -64.4 -43.1   -6.2   10.2   40.1               
  103  103 A M  H  X S+     0   0  128     -4,-2.6     4,-1.3     1,-0.2    -2,-0.2   0.889 109.4  52.2 -63.2 -39.2   -8.7   12.5   42.0               
  104  104 A A  H  < S+     0   0   62     -4,-2.0    -1,-0.2    -5,-0.2    -2,-0.2   0.820 112.6  45.3 -67.0 -31.1  -11.7   10.5   40.5               
  105  105 A N  H >< S+     0   0  111     -4,-1.5     3,-0.9    -3,-0.2    -2,-0.2   0.837 112.1  51.3 -78.8 -33.5  -10.1    7.2   41.7               
  106  106 A A  H 3< S+     0   0   85     -4,-2.3    -2,-0.2     1,-0.2    -1,-0.2   0.693  98.6  67.4 -74.9 -20.9   -9.3    8.7   45.2               
  107  107 A A  T 3< S+     0   0   74     -4,-1.3    -1,-0.2    -5,-0.2    -2,-0.1   0.396  72.1 104.9 -82.8   1.2  -12.9    9.9   45.6               
  108  108 A Q  S <  S-     0   0  147     -3,-0.9     2,-0.4    -4,-0.0    -3,-0.0  -0.776  74.8-130.9 -79.0 115.2  -14.3    6.3   45.8               
  109  109 A P        -     0   0  110      0, 0.0     2,-0.9     0, 0.0    -2,-0.1  -0.561  13.0-121.5 -71.1 124.9  -15.1    5.7   49.6               
  110  110 A E        -     0   0  182     -2,-0.4     2,-1.2     1,-0.1    -2,-0.0  -0.545  31.2-135.6 -55.4  98.6  -13.7    2.5   51.1               
  111  111 A E        -     0   0  184     -2,-0.9     2,-0.6     1,-0.0    -1,-0.1  -0.569  25.4-165.2 -70.8  96.2  -17.1    1.1   52.2               
  112  112 A S        -     0   0  112     -2,-1.2     2,-0.6     2,-0.0    -1,-0.0  -0.789  10.6-168.8 -87.9 116.7  -16.2   -0.2   55.7               
  113  113 A T        -     0   0  135     -2,-0.6     2,-0.0     2,-0.0    -2,-0.0  -0.944  21.9-143.1-108.2 112.6  -18.7   -2.6   57.4               
  114  114 A K        +     0   0  199     -2,-0.6     2,-0.1     0, 0.0    -2,-0.0  -0.293  29.2 158.1 -53.9 147.0  -17.9   -3.1   61.1               
  115  115 A K        -     0   0  183     -2,-0.0    -2,-0.0     0, 0.0     0, 0.0  -0.198  33.8 -65.5-173.0 120.2  -17.9   -5.7   63.6               
  116  116 A E        -     0   0  185     -2,-0.1     0, 0.0     0, 0.0     0, 0.0   0.729  33.1-154.7  39.9 133.3  -16.2   -6.4   66.9               
  117  117 A G        -     0   0   68      0, 0.0     0, 0.0     0, 0.0     0, 0.0   0.899  21.4-168.6 167.2 169.8  -13.7   -7.0   69.0               
  118  118 A V        -     0   0  135      0, 0.0     0, 0.0     0, 0.0     0, 0.0   0.893  33.7 -97.8  84.0  97.3  -11.0   -7.9   71.7               
  119  119 A K        +     0   0  180      0, 0.0     0, 0.0     0, 0.0     0, 0.0   0.832  34.7 115.0  75.2 133.6   -7.6   -7.3   72.7               
  120  120 A D        -     0   0  122      2,-0.0     0, 0.0     0, 0.0     0, 0.0   0.801  34.2 -98.6-158.8 128.6   -4.3   -7.2   73.5               
  121  121 A T        -     0   0  124      1,-0.1     2,-0.2     0, 0.0     0, 0.0   0.974  18.5-123.2  91.2 132.5   -1.1   -5.4   73.0               
  122  122 A P        -     0   0  112      0, 0.0     2,-0.1     0, 0.0    -1,-0.1  -0.563  12.5-174.5-109.3 164.3    2.3   -5.1   71.2               
  123  123 A Q        -     0   0  190     -2,-0.2     0, 0.0     1,-0.0     0, 0.0  -0.538  23.4 -34.3-169.8 135.9    6.1   -4.9   71.4               
  124  124 A A        -     0   0   86     -2,-0.1    -1,-0.0     0, 0.0     0, 0.0   0.949  35.0  -8.5  72.4 108.8    9.3   -4.4   69.7               
  125  125 A A        +     0   0   91      0, 0.0    -2,-0.0     0, 0.0     0, 0.0   0.992  25.3  43.7  97.8 121.8   11.9   -4.5   67.3               
  126  126 A K        -     0   0  181      0, 0.0     0, 0.0     0, 0.0     0, 0.0   0.995  26.2 -89.4  87.2 102.1   14.3   -4.9   64.5               
  127  127 A Q        +     0   0  151      0, 0.0     0, 0.0     0, 0.0     0, 0.0   0.946  23.0  57.4  77.2 119.4   15.5   -5.1   61.1               
  128  128 A K        +     0   0  173      0, 0.0     0, 0.0     0, 0.0     0, 0.0   0.983  26.3  42.1  92.7 119.4   16.5   -6.0   57.8               
  129  129 A N        -     0   0  122      0, 0.0     0, 0.0     0, 0.0     0, 0.0   0.974  28.2-121.0  98.8  97.6   16.8   -7.2   54.3               
  130  130 A K        +     0   0  183      1,-0.0     0, 0.0     2,-0.0     0, 0.0   0.725  37.1  52.8  57.7 116.9   15.6   -7.8   50.9               
  131  131 A N        -     0   0  144      1,-0.1    -1,-0.0     2,-0.0     0, 0.0   0.932  38.7-128.7  75.4  81.0   14.6   -9.8   48.0               
  132  132 A L        -     0   0  170      1,-0.1     2,-0.4     2,-0.0    -1,-0.1   0.224  13.9-167.1  33.9  93.7   12.6  -12.5   46.8               
  133  133 A K        -     0   0  199      1,-0.2    -1,-0.1     2,-0.0    -2,-0.0  -0.935  40.8 -45.5-100.6 147.1   13.5  -15.6   44.8               
  134  134 A A        +     0   0  105     -2,-0.4    -1,-0.2     0, 0.0    -2,-0.0   0.926  42.7 154.1  58.9 139.1   11.1  -17.9   43.2               
  135  135 A G        -     0   0   69      0, 0.0    -2,-0.0     0, 0.0     0, 0.0   0.549  17.8-146.5 141.4  96.4    8.0  -20.0   43.4               
  136  136 A H        +     0   0  173      0, 0.0     2,-0.1     0, 0.0     0, 0.0   0.319  18.3 156.3  12.8 133.2    5.3  -21.6   41.4               
  137  137 A K        -     0   0  202      2,-0.0     0, 0.0     0, 0.0     0, 0.0  -0.186  29.6-126.7 175.7 146.2    1.8  -22.4   41.6               
  138  138 A N        -     0   0  168     -2,-0.1     2,-0.3     1,-0.0     0, 0.0  -0.106  16.8-165.3 -50.9 144.8   -1.3  -23.1   39.5               
  139  139 A G        -     0   0   77      0, 0.0     2,-0.0     0, 0.0    -2,-0.0  -0.941  21.9-124.6-146.2 116.0   -4.7  -21.3   39.9               
  140  140 A K        -     0   0  203     -2,-0.3     0, 0.0     1,-0.1     0, 0.0  -0.250  28.5 -76.1 -68.1 140.8   -7.9  -22.7   38.3               
  141  141 A Q        -     0   0  188      1,-0.1     2,-0.3    -2,-0.0    -1,-0.1   0.343  25.9-164.0   9.1 123.9  -10.6  -21.5   36.0               
  142  142 A K        -     0   0  206      2,-0.0     2,-0.5     0, 0.0    -1,-0.1  -0.858   8.0-160.5-132.8 107.1  -13.6  -19.1   36.6               
  143  143 A K        -     0   0  213     -2,-0.3     2,-0.8     2,-0.0     0, 0.0  -0.700  14.8-143.2 -67.6 122.2  -16.3  -19.2   33.9               
  144  144 A M        -     0   0  186     -2,-0.5     2,-0.7     2,-0.0    -2,-0.0  -0.855  15.9-170.9 -92.2 108.7  -18.4  -16.0   34.3               
  145  145 A K        -     0   0  188     -2,-0.8     2,-0.7     2,-0.0    -2,-0.0  -0.905  11.4-153.1 -95.7 103.5  -22.1  -16.8   33.5               
  146  146 A R        -     0   0  234     -2,-0.7     2,-0.5     2,-0.0    -2,-0.0  -0.765   8.2-164.6 -78.6 112.1  -23.9  -13.4   33.3               
  147  147 A K        -     0   0  184     -2,-0.7    -2,-0.0     0, 0.0     0, 0.0  -0.895  15.4-136.6 -87.6 126.6  -27.6  -13.9   34.3               
  148  148 A W        -     0   0  245     -2,-0.5     2,-0.5     1,-0.0    -2,-0.0  -0.721  19.7-124.0 -76.3 131.9  -29.8  -11.0   33.3               
  149  149 A P        -     0   0  119      0, 0.0    -1,-0.0     0, 0.0     0, 0.0  -0.704  19.9-140.5 -74.9 125.3  -32.3   -9.9   36.0               
  150  150 A G        -     0   0   69     -2,-0.5     2,-0.5     1,-0.0     0, 0.0  -0.636  23.2-113.0 -76.0 144.6  -36.0   -9.9   34.8               
  151  151 A P        -     0   0  136      0, 0.0     2,-0.4     0, 0.0    -1,-0.0  -0.720  34.3-148.7 -84.5 123.2  -38.1   -7.0   36.1               
  152  152 A G        -     0   0   73     -2,-0.5     0, 0.0     1,-0.1     0, 0.0  -0.831  28.1 -31.7 -91.9 134.6  -40.9   -8.1   38.5               
  153  153 A N        +     0   0  157     -2,-0.4    -1,-0.1     2,-0.0     0, 0.0   0.964  42.0 109.1  70.7 121.2  -44.3   -6.8   39.2               
  154  154 A K        +     0   0  201      0, 0.0    -2,-0.0     0, 0.0     0, 0.0   0.584  30.7  51.1 152.8 125.2  -47.1   -4.5   39.6               
  155  155 A G        -     0   0   65      0, 0.0    -2,-0.0     0, 0.0     0, 0.0   0.736  47.7 -58.5 130.5  96.9  -50.4   -3.0   38.6               
  156  156 A S        -     0   0  117      1,-0.0     0, 0.0     0, 0.0     0, 0.0   0.981  27.3-104.6  77.6 110.0  -53.9   -3.2   37.7               
  157  157 A N        +     0   0  165      2,-0.0    -1,-0.0     1,-0.0     2,-0.0   0.017  29.3 153.4 -22.2 134.8  -56.8   -4.4   35.5               
  158  158 A A        -     0   0   99      2,-0.0     2,-0.2     0, 0.0    -1,-0.0  -0.223  15.3-171.0-170.3 107.4  -59.0   -2.7   33.1               
  159  159 A L        +     0   0  169     -2,-0.0     2,-0.2     2,-0.0    -2,-0.0  -0.594  17.5 157.1 -55.7 137.0  -60.7   -4.5   30.2               
  160  160 A L        -     0   0  181     -2,-0.2     2,-0.1     0, 0.0    -2,-0.0  -0.665  20.8-152.6-165.1 138.6  -62.4   -2.4   27.6               
  161  161 A R        +     0   0  223     -2,-0.2    -2,-0.0     2,-0.0     0, 0.0  -0.237  22.1 112.2 -82.4 172.7  -63.3   -3.4   24.0               
  162  162 A N        -     0   0  136     -2,-0.1     0, 0.0     0, 0.0     0, 0.0   0.627  25.0-108.6  82.9 147.7  -63.9   -2.0   20.5               
  163  163 A S        +     0   0  109      0, 0.0    -2,-0.0     0, 0.0     0, 0.0   0.658  20.4 152.0 175.8 147.1  -63.4   -1.5   17.3               
  164  164 A G        -     0   0   65      0, 0.0     0, 0.0     0, 0.0     0, 0.0   0.387  25.9-135.0 129.7  92.7  -62.7   -0.1   13.8               
  165  165 A S        +     0   0  114      2,-0.0     2,-0.0     0, 0.0     0, 0.0   0.304  30.5 139.2  73.3  97.3  -61.5   -1.0   10.7               
  166  166 A Q        -     0   0  189      0, 0.0     2,-0.4     0, 0.0     0, 0.0   0.071  11.3-176.7-177.7 124.1  -59.7   -0.7    7.7               
  167  167 A E        +     0   0  187     -2,-0.0     2,-0.3     2,-0.0    -2,-0.0  -0.790  11.4 172.0 -79.2 132.0  -57.8   -3.2    5.6               
  168  168 A E        -     0   0  181     -2,-0.4     0, 0.0     2,-0.0     0, 0.0  -0.883  29.4-127.4-141.6 118.0  -55.8   -1.8    2.6               
  169  169 A D        +     0   0  164     -2,-0.3    -2,-0.0     1,-0.1     0, 0.0  -0.195  45.4 135.4 -43.6 138.5  -53.5   -4.2    0.7               
  170  170 A G        -     0   0   71      3,-0.0     3,-0.2     0, 0.0    -1,-0.1   0.382  51.7 -78.0 160.0  75.1  -49.9   -3.3    0.0               
  171  171 A K        -     0   0  185      1,-0.2     2,-1.4     2,-0.0     0, 0.0   0.929  40.3 -98.7  63.9 121.3  -46.6   -5.3    0.3               
  172  172 A P        -     0   0  128      0, 0.0     2,-0.7     0, 0.0    -1,-0.2  -0.509  34.8-159.3 -71.9  93.6  -44.3   -6.3    3.2               
  173  173 A K        -     0   0  193     -2,-1.4    -2,-0.0    -3,-0.2    -3,-0.0  -0.743  39.2-100.6 -65.8 112.2  -41.5   -3.7    3.1               
  174  174 A E        -     0   0  160     -2,-0.7     2,-2.4     1,-0.2    -1,-0.1  -0.170  32.2-122.1 -34.2 111.8  -38.8   -5.6    5.0               
  175  175 A K        -     0   0  204      3,-0.0     2,-0.3     2,-0.0    -1,-0.2  -0.515  29.0-164.1 -67.6  76.2  -38.9   -4.2    8.6               
  176  176 A Q        -     0   0  156     -2,-2.4     2,-0.3     1,-0.1    -3,-0.0  -0.545  40.0-101.0 -52.9 119.3  -35.3   -3.1    8.7               
  177  177 A Q        -     0   0  141     -2,-0.3     2,-1.8     1,-0.1    -1,-0.1  -0.461  42.2-118.2 -49.5 110.0  -34.8   -2.6   12.5               
  178  178 A H        -     0   0  183     -2,-0.3     2,-0.2    -3,-0.0    -1,-0.1  -0.454  35.3-169.6 -67.9  83.6  -35.2    1.2   12.5               
  179  179 A L        -     0   0   46     -2,-1.8     5,-0.0     1,-0.1    -3,-0.0  -0.560  38.7 -95.2 -61.3 138.6  -31.8    2.2   13.8               
  180  180 A S    >>  -     0   0   65     -2,-0.2     4,-2.1     1,-0.1     3,-0.6  -0.366  27.4-121.5 -58.5 142.4  -32.0    5.9   14.6               
  181  181 A Q  H 3> S+     0   0  115      1,-0.3     4,-2.7     2,-0.2     5,-0.2   0.863 116.3  57.8 -54.9 -33.3  -30.7    8.1   11.7               
  182  182 A A  H 3> S+     0   0   72      2,-0.2     4,-1.6     1,-0.2    -1,-0.3   0.899 105.5  48.0 -61.9 -42.1  -28.1    9.4   14.3               
  183  183 A F  H <> S+     0   0   73     -3,-0.6     4,-1.5     2,-0.2    -2,-0.2   0.895 113.3  48.4 -66.9 -40.4  -26.8    5.8   14.9               
  184  184 A I  H >X S+     0   0   33     -4,-2.1     4,-2.2     1,-0.2     3,-1.1   0.998 113.1  46.4 -59.3 -60.1  -26.5    5.2   11.2               
  185  185 A N  H 3< S+     0   0  107     -4,-2.7    -2,-0.2     1,-0.3    -1,-0.2   0.727 114.0  49.5 -57.9 -28.5  -24.7    8.5   10.5               
  186  186 A Q  H 3< S+     0   0  129     -4,-1.6    -1,-0.3    -5,-0.2    -2,-0.2   0.815 123.8  27.4 -77.3 -33.7  -22.3    7.9   13.5               
  187  187 A H  H << S+     0   0   31     -4,-1.5    11,-2.8    -3,-1.1    12,-0.5   0.452 114.5  64.2-115.1  -3.1  -21.3    4.3   12.5               
  188  188 A T  E  <  -A  197   0A  11     -4,-2.2     2,-0.4     9,-0.3     9,-0.2  -0.787  54.4-156.2-119.1 159.9  -21.8    4.3    8.7               
  189  189 A V  E     -A  196   0A  50      7,-2.0     7,-2.4    -2,-0.3     2,-0.5  -0.989  25.3-131.6-127.6 128.4  -20.3    6.0    5.6               
  190  190 A E  E     +A  195   0A 125     -2,-0.4     2,-0.3     5,-0.2     5,-0.2  -0.689  35.0 162.9 -81.3 121.5  -22.5    6.1    2.5               
  191  191 A R  E >  S-A  194   0A 162      3,-2.2     3,-2.2    -2,-0.5    -2,-0.1  -0.987  70.1  -7.3-135.6 136.3  -20.8    5.0   -0.7               
  192  192 A K  T 3  S-     0   0  168     -2,-0.3     3,-0.1     1,-0.3    -1,-0.1   0.809 128.7 -58.6  52.6  33.4  -22.5    3.9   -4.0               
  193  193 A G  T 3  S+     0   0   62      1,-0.2     2,-0.3     0, 0.0    -1,-0.3   0.521 113.8 117.5  74.4   8.1  -25.9    4.2   -2.1               
  194  194 A K  E <   -A  191   0A 114     -3,-2.2    -3,-2.2    -5,-0.1     2,-1.0  -0.865  67.7-127.5-107.9 142.4  -24.8    1.5    0.5               
  195  195 A Q  E     -A  190   0A  55     -2,-0.3    19,-2.1    -5,-0.2     2,-0.3  -0.756  34.5-165.7 -90.7  98.7  -24.4    2.1    4.3               
  196  196 A I  E     -Ab 189 214A   5     -7,-2.4    -7,-2.0    -2,-1.0     2,-0.3  -0.668  27.0-104.0 -93.9 138.7  -20.9    0.8    4.9               
  197  197 A C  E >>  -A  188   0A   2     17,-1.9     4,-2.0    -2,-0.3     3,-0.7  -0.398  21.6-148.7 -60.1 120.8  -19.5    0.1    8.4               
  198  198 A K  H 3> S+     0   0   89    -11,-2.8     4,-1.4    -2,-0.3    -1,-0.2   0.899 100.6  51.3 -55.3 -40.9  -17.2    3.0    9.4               
  199  199 A Y  H 34>S+     0   0   96    -12,-0.5     5,-2.5     2,-0.2     6,-1.2   0.754 104.5  56.6 -71.2 -25.7  -15.1    0.4   11.5               
  200  200 A F  H X45S+     0   0   37     -3,-0.7     3,-1.8     4,-0.2    -2,-0.2   0.934 104.4  51.7 -71.0 -41.9  -14.9   -1.9    8.5               
  201  201 A L  H 3<5S+     0   0   43     -4,-2.0    -2,-0.2     1,-0.3    -1,-0.2   0.853 113.6  45.3 -58.6 -35.0  -13.3    0.8    6.4               
  202  202 A E  T 3<5S-     0   0   83     -4,-1.4    -1,-0.3    -5,-0.2    -2,-0.2   0.424 112.3-125.1 -82.6  -1.9  -10.8    1.2    9.3               
  203  203 A R  T < 5S+     0   0  135     -3,-1.8    -3,-0.2    -5,-0.1    -2,-0.1   0.662  86.0 108.5  56.2  23.1  -10.4   -2.7    9.5               
  204  204 A K      < +     0   0  137     -5,-2.5     2,-0.7    -6,-0.1    -4,-0.2   0.308  36.5 125.9-102.4   0.2  -11.4   -2.4   13.3               
  205  205 A C    >   -     0   0   26     -6,-1.2     3,-0.6     1,-0.2     6,-0.1  -0.551  35.2-176.8 -68.6 112.1  -14.9   -4.0   12.9               
  206  206 A I  T 3  S+     0   0  169     -2,-0.7    -1,-0.2     1,-0.2     4,-0.1   0.482  73.8  73.8 -81.4  -8.3  -15.1   -6.9   15.4               
  207  207 A K  T >  S+     0   0  118      1,-0.2     3,-2.2     2,-0.1    -1,-0.2   0.702  70.6 177.6 -80.7 -20.6  -18.6   -7.8   14.1               
  208  208 A G  G X  S-     0   0   32     -3,-0.6     3,-1.6     1,-0.3    -1,-0.2  -0.240  73.8  -6.7  49.5-131.0  -17.4   -9.4   10.8               
  209  209 A D  G 3  S+     0   0  168      1,-0.3    -1,-0.3     3,-0.1    -2,-0.1   0.596 131.2  69.4 -69.6 -11.4  -20.4  -10.8    8.8               
  210  210 A Q  G <  S+     0   0  175     -3,-2.2    -1,-0.3    -4,-0.1     2,-0.2   0.294  72.4 122.6 -86.6   6.1  -22.7  -10.0   11.8               
  211  211 A C    <   -     0   0   19     -3,-1.6     4,-0.1     1,-0.1   -14,-0.0  -0.526  64.5-140.1 -67.1 138.8  -22.3   -6.3   11.2               
  212  212 A K  S    S+     0   0  124     -2,-0.2     2,-0.3     2,-0.1    -1,-0.1   0.385  86.1  65.3 -74.4  -0.2  -25.6   -4.4   10.6               
  213  213 A F  S    S-     0   0   23    -26,-0.1   -17,-0.2   -19,-0.0    -2,-0.1  -0.924  99.8 -83.7-128.4 152.9  -23.8   -2.4    7.9               
  214  214 A D  B     +b  196   0A  64    -19,-2.1   -17,-1.9    -2,-0.3   -14,-0.1  -0.243  32.2 177.2 -65.0 133.9  -22.3   -3.4    4.6               
  215  215 A H        +     0   0   25    -19,-0.2    -1,-0.1    -4,-0.1   -19,-0.1   0.427  66.1  90.0-106.2  -5.9  -18.7   -4.8    4.5               
  216  216 A D        +     0   0  140      2,-0.1     2,-1.0     3,-0.0    -1,-0.1   0.135  52.2 133.0 -82.6  21.0  -18.9   -5.4    0.7               
  217  217 A A        -     0   0   20     -3,-0.1     2,-0.7   -20,-0.1   -25,-0.0  -0.714  63.0-132.0 -68.5 107.6  -17.5   -1.9    0.1               
  218  218 A E        -     0   0  152     -2,-1.0     2,-1.9     1,-0.1    -2,-0.1  -0.539  21.9-138.3 -50.7 100.8  -14.8   -2.4   -2.5               
  219  219 A I        -     0   0   31     -2,-0.7    -1,-0.1     1,-0.0     2,-0.1  -0.672  19.8-134.7 -73.4  86.9  -12.3   -0.3   -0.4               
  220  220 A E        -     0   0  128     -2,-1.9     2,-0.1     1,-0.1     3,-0.1  -0.314  22.8-115.3 -47.8 110.1  -11.0    1.4   -3.6               
  221  221 A K        -     0   0   85      1,-0.1    21,-0.2    -2,-0.1    -1,-0.1  -0.385  35.5-106.1 -50.8 122.3   -7.2    1.2   -3.0               
  222  222 A K  E     -c  242   0B 109     19,-2.6     2,-2.3     1,-0.2    21,-0.7  -0.440  29.1-120.6 -52.5 128.9   -6.2    4.9   -2.6               
  223  223 A K  E    S+     0   0B  87     19,-0.1     2,-0.3    -2,-0.1    -1,-0.2  -0.186  84.2  98.3 -73.0  44.7   -4.4    5.6   -5.9               
  224  224 A E  E    S-     0   0B 114     -2,-2.3    19,-2.0    17,-0.2     2,-0.2  -0.969  80.5-103.4-133.3 145.8   -1.3    6.5   -3.9               
  225  225 A M  E     -c  243   0B  34     -2,-0.3     2,-0.7    17,-0.2    19,-0.2  -0.475  39.1-108.2 -71.2 139.0    1.9    4.5   -3.1               
  226  226 A C    >>  -     0   0    0     17,-2.1     4,-2.1    -2,-0.2     3,-0.6  -0.532  22.5-156.5 -69.2 112.0    2.1    3.1    0.5               
  227  227 A K  H 3> S+     0   0  167     -2,-0.7     4,-1.7     1,-0.3    -1,-0.2   0.890  95.8  50.4 -55.5 -40.3    4.9    5.1    2.3               
  228  228 A F  H 3>>S+     0   0   94      2,-0.2     5,-2.1     1,-0.2     6,-0.9   0.789 107.0  54.5 -69.6 -29.8    5.4    2.2    4.7               
  229  229 A Y  H X45S+     0   0   55     -3,-0.6     3,-0.7     4,-0.2    -2,-0.2   0.947 106.5  50.1 -69.8 -45.7    5.8   -0.3    1.8               
  230  230 A V  H 3<5S+     0   0   54     -4,-2.1    -2,-0.2     1,-0.3    -1,-0.2   0.911 115.1  44.9 -55.9 -43.4    8.5    1.8    0.1               
  231  231 A Q  H 3<5S-     0   0  124     -4,-1.7    -1,-0.3    -5,-0.2    -2,-0.2   0.641 115.3-118.1 -75.3 -17.7   10.3    1.9    3.5               
  232  232 A G  T <<5S+     0   0   58     -4,-0.8    -3,-0.2    -3,-0.7    -2,-0.1   0.512  88.0 103.8  89.4  10.2    9.7   -1.9    4.2               
  233  233 A Y      < +     0   0  172     -5,-2.1     2,-0.8    -6,-0.2    -4,-0.2   0.161  38.2 130.2-107.1  11.9    7.6   -1.4    7.4               
  234  234 A C        +     0   0   25     -6,-0.9     3,-0.5     1,-0.2     6,-0.1  -0.611  28.2 177.9 -74.8 111.5    4.1   -2.1    5.9               
  235  235 A T        +     0   0  128     -2,-0.8    -1,-0.2     1,-0.2    -6,-0.0   0.459  69.7  75.7 -85.4  -4.4    2.3   -4.7    8.2               
  236  236 A R  S >  S+     0   0  115      1,-0.2     3,-1.6     2,-0.1    -1,-0.2   0.680  70.1 179.8 -84.0 -19.2   -0.9   -4.6    6.1               
  237  237 A G  G >  S-     0   0   36     -3,-0.5     3,-1.2     1,-0.3    -1,-0.2  -0.263  71.3  -9.5  54.6-132.8    0.4   -6.7    3.1               
  238  238 A E  G 3  S+     0   0  184      1,-0.3    -1,-0.3     3,-0.0     6,-0.1   0.721 132.8  67.5 -66.7 -21.2   -2.3   -7.1    0.4               
  239  239 A N  G <  S+     0   0  106     -3,-1.6    -1,-0.3     2,-0.0     2,-0.2   0.256  74.2 126.6 -83.9   9.4   -4.9   -5.6    2.7               
  240  240 A C    <   -     0   0    8     -3,-1.2     4,-0.1     1,-0.1   -14,-0.0  -0.516  63.5-138.4 -69.2 139.0   -3.2   -2.2    2.6               
  241  241 A L  S    S+     0   0   66     -2,-0.2   -19,-2.6   -20,-0.1     2,-0.3   0.533  88.6  62.9 -67.2 -10.6   -5.3    0.8    1.6               
  242  242 A Y  E    S-c  222   0B  73    -21,-0.2   -17,-0.2   -19,-0.1   -19,-0.1  -0.868  98.9 -87.8-120.3 154.3   -2.4    2.0   -0.6               
  243  243 A L  E     -c  225   0B  16    -19,-2.0   -17,-2.1   -21,-0.7     2,-0.4  -0.359  33.3-167.2 -69.9 135.8   -0.7    0.4   -3.7               
  244  244 A H  S    S-     0   0   29    -19,-0.2     2,-0.9    -4,-0.1    22,-0.1  -0.992  75.2 -23.4-117.0 128.1    2.2   -2.1   -3.2               
  245  245 A N  S    S+     0   0   83     20,-0.7    -2,-0.1    -2,-0.4   -20,-0.0   0.181 121.3  87.2  54.1 -14.1    4.3   -3.1   -6.3               
  246  246 A E        +     0   0   87     -2,-0.9    -1,-0.2    20,-0.1    20,-0.1   0.617  61.1 102.6 -83.9 -17.2    1.3   -2.1   -8.6               
  247  247 A Y  S    S-     0   0   25     18,-0.3    20,-2.5     1,-0.1    -2,-0.1  -0.578  83.7-107.1 -74.6 127.9    2.4    1.6   -8.7               
  248  248 A P  B     -d  267   0C   4      0, 0.0     2,-0.7     0, 0.0    20,-0.2  -0.192  26.8-114.7 -65.2 138.6    4.1    2.4  -12.1               
  249  249 A C     >  -     0   0    1     18,-2.9     4,-2.1     1,-0.2     5,-0.3  -0.593  19.1-154.1 -70.8 113.8    7.8    2.9  -12.2               
  250  250 A K  H  > S+     0   0   64     -2,-0.7     4,-1.8     2,-0.2     6,-0.3   0.907  93.2  48.7 -52.3 -47.4    8.5    6.5  -13.3               
  251  251 A F  H  4>S+     0   0  113      2,-0.2     5,-1.6     1,-0.2     3,-0.5   0.965 110.2  48.8 -63.0 -53.1   11.9    5.7  -14.7               
  252  252 A Y  H >45S+     0   0  122      1,-0.2     3,-0.6     2,-0.2    -1,-0.2   0.852 119.4  38.0 -55.8 -42.7   10.7    2.6  -16.8               
  253  253 A H  H 3<5S+     0   0   50     -4,-2.1    -1,-0.2     1,-0.2    -2,-0.2   0.677 107.8  62.1 -88.5 -17.5    7.8    4.5  -18.4               
  254  254 A T  T 3<5S-     0   0   73     -4,-1.8    -1,-0.2    -3,-0.5    -2,-0.2   0.390 120.4-102.0 -85.0   2.6    9.5    8.0  -18.8               
  255  255 A G  T < 5S+     0   0   73     -3,-0.6     2,-0.4    -4,-0.4    -3,-0.2   0.435  87.1 120.7  88.4   3.0   12.0    6.3  -21.2               
  256  256 A T  S   <S-     0   0   71     -5,-1.6    -1,-0.3    -6,-0.3    -2,-0.2  -0.809  72.2-107.6 -94.2 136.2   14.9    6.2  -18.6               
  257  257 A K        -     0   0  178     -2,-0.4     2,-0.8    -3,-0.1    -5,-0.1  -0.412  27.9-129.6 -63.0 128.0   16.3    2.7  -17.8               
  258  258 A C    >   -     0   0   23     -2,-0.2     3,-1.2     1,-0.1    -1,-0.1  -0.723  15.3-161.3 -77.7 112.8   15.2    1.5  -14.3               
  259  259 A Y  T 3  S+     0   0  217     -2,-0.8    -1,-0.1     1,-0.2    -2,-0.1   0.582  82.0  72.3 -72.0  -9.9   18.5    0.4  -12.6               
  260  260 A Q  T >  S+     0   0  121      1,-0.2     3,-1.9     2,-0.1    -1,-0.2   0.594  73.6 178.8 -82.2 -12.0   16.5   -1.6  -10.0               
  261  261 A G  G X  S-     0   0   38     -3,-1.2     3,-0.9     1,-0.3    -1,-0.2  -0.209  71.2  -7.4  51.3-125.0   15.6   -4.3  -12.5               
  262  262 A E  G 3  S+     0   0  188      1,-0.2    -1,-0.3     3,-0.0    -2,-0.1   0.685 133.3  65.0 -74.2 -20.5   13.5   -7.1  -10.8               
  263  263 A Y  G <  S+     0   0  204     -3,-1.9     2,-0.3     2,-0.0    -1,-0.2   0.272  72.6 132.6 -86.0  10.0   14.1   -5.5   -7.3               
  264  264 A C    <   -     0   0   16     -3,-0.9     4,-0.1    -4,-0.2   -15,-0.0  -0.493  53.0-151.3 -63.4 124.2   12.1   -2.4   -8.4               
  265  265 A K  S    S+     0   0   90     -2,-0.3   -20,-0.7     2,-0.1     2,-0.3   0.421  81.0  70.1 -71.6  -2.0    9.6   -1.5   -5.7               
  266  266 A F  S    S-     0   0   69    -20,-0.1     2,-0.2   -22,-0.1   -20,-0.1  -0.892  95.2 -96.1-118.9 150.5    7.5   -0.1   -8.6               
  267  267 A S  B     -d  248   0C  25    -20,-2.5   -18,-2.9    -2,-0.3   -21,-0.1  -0.419  22.2-173.3 -68.5 134.8    5.6   -1.9  -11.4               
  268  268 A H        +     0   0   53    -20,-0.2    -1,-0.1    -2,-0.2     3,-0.1   0.184  52.4 121.7 -99.9   7.1    7.2   -2.4  -14.9               
  269  269 A A  S    S-     0   0   52      1,-0.1   -20,-0.1   -23,-0.0     3,-0.1  -0.350  80.6 -79.0 -64.6 153.3    3.9   -3.9  -16.1               
  270  270 A P        -     0   0  120      0, 0.0     2,-0.4     0, 0.0    -1,-0.1  -0.244  57.8-100.4 -50.8 135.9    2.2   -2.1  -19.1               
  271  271 A L        -     0   0   55     -3,-0.1    -3,-0.0     4,-0.1     0, 0.0  -0.479  31.9-153.4 -66.1 118.2    0.3    1.1  -18.0               
  272  272 A T     >  -     0   0   71     -2,-0.4     4,-2.7     1,-0.1     5,-0.2  -0.561  36.1-103.2 -73.7 156.8   -3.4    0.7  -17.6               
  273  273 A P  H  > S+     0   0  109      0, 0.0     4,-1.6     0, 0.0     5,-0.1   0.856 124.6  51.5 -54.3 -34.0   -5.4    3.9  -18.1               
  274  274 A E  H  > S+     0   0  111      2,-0.2     4,-1.2     1,-0.2    -3,-0.1   0.941 111.6  43.8 -67.1 -48.4   -5.7    4.2  -14.3               
  275  275 A T  H  > S+     0   0   24      2,-0.2     4,-2.2     1,-0.2    -1,-0.2   0.862 109.3  58.1 -68.3 -33.1   -2.0    3.7  -13.6               
  276  276 A Q  H  X S+     0   0  117     -4,-2.7     4,-2.6     1,-0.2    -1,-0.2   0.911 103.6  52.8 -60.6 -42.0   -1.1    6.2  -16.4               
  277  277 A E  H  X S+     0   0   93     -4,-1.6     4,-2.3    -5,-0.2    -1,-0.2   0.858 108.6  51.3 -61.2 -35.2   -3.2    8.8  -14.6               
  278  278 A L  H  X S+     0   0    7     -4,-1.2     4,-1.7     2,-0.2    -2,-0.2   0.921 110.5  47.0 -69.0 -43.1   -1.1    8.1  -11.4               
  279  279 A L  H  X S+     0   0   13     -4,-2.2     4,-2.4     2,-0.2    -2,-0.2   0.932 111.9  51.3 -62.8 -45.1    2.2    8.5  -13.2               
  280  280 A A  H  X S+     0   0   45     -4,-2.6     4,-2.6     1,-0.2     5,-0.2   0.932 107.2  53.3 -58.3 -46.6    0.9   11.8  -14.9               
  281  281 A K  H  X S+     0   0  104     -4,-2.3     4,-2.0     1,-0.2    -1,-0.2   0.874 110.7  47.1 -56.4 -42.0   -0.1   13.2  -11.5               
  282  282 A V  H  X S+     0   0   41     -4,-1.7     4,-2.4     2,-0.2     5,-0.2   0.950 111.6  49.3 -66.9 -47.6    3.4   12.6  -10.0               
  283  283 A L  H  X S+     0   0   57     -4,-2.4     4,-2.3     1,-0.2    -2,-0.2   0.885 112.4  49.3 -59.3 -39.1    5.2   14.1  -13.1               
  284  284 A D  H  X S+     0   0   87     -4,-2.6     4,-1.7     2,-0.2    -1,-0.2   0.886 110.0  50.2 -67.9 -40.9    2.9   17.2  -12.8               
  285  285 A T  H  X S+     0   0   86     -4,-2.0     4,-2.0    -5,-0.2    -2,-0.2   0.922 112.5  47.3 -64.0 -40.2    3.5   17.6   -9.1               
  286  286 A E  H  X S+     0   0   75     -4,-2.4     4,-0.9     2,-0.2    -2,-0.2   0.928 110.8  51.4 -67.1 -42.4    7.3   17.4   -9.6               
  287  287 A K  H  < S+     0   0  151     -4,-2.3    -1,-0.2     1,-0.2     3,-0.2   0.827 112.0  48.0 -62.8 -33.9    7.1   19.9  -12.6               
  288  288 A K  H >< S+     0   0  154     -4,-1.7     3,-1.2     1,-0.2    -1,-0.2   0.855 106.8  56.0 -73.0 -36.8    5.2   22.3  -10.3               
  289  289 A S  H 3< S+     0   0   97     -4,-2.0    -2,-0.2     1,-0.2    -1,-0.2   0.619 102.6  57.1 -71.0 -15.1    7.7   21.9   -7.4               
  290  290 A C  T 3<        0   0  117     -4,-0.9    -1,-0.2    -3,-0.2    -2,-0.2   0.285 360.0 360.0 -98.4   4.3   10.6   23.0   -9.7               
  291  291 A K    <         0   0  238     -3,-1.2    -2,-0.2     0, 0.0    -1,-0.1   0.696 360.0 360.0-105.9 360.0    8.9   26.4  -10.6               
