==== Secondary Structure Definition by the program DSSP, CMBI version 2.0                          ==== DATE=2026-03-08        .
REFERENCE W. KABSCH AND C.SANDER, BIOPOLYMERS 22 (1983) 2577-2637                                                              .
HEADER                                            01-AUG-25                                                                    .
COMPND    MOL_ID: 1; MOLECULE: CUGBP ELAV-LIKE FAMILY MEMBER 5; CHAIN: A                                                       .
SOURCE    MOL_ID: 1; ORGANISM_SCIENTIFIC: HOMO SAPIENS; ORGANISM_TAXID: 9606                                                   .
AUTHOR                                                                                                                         .
  485  1  0  0  0 TOTAL NUMBER OF RESIDUES, NUMBER OF CHAINS, NUMBER OF SS-BRIDGES(TOTAL,INTRACHAIN,INTERCHAIN)                .
 45299.3   ACCESSIBLE SURFACE OF PROTEIN (ANGSTROM**2)                                                                         .
  215 44.3   TOTAL NUMBER OF HYDROGEN BONDS OF TYPE O(I)-->H-N(J)  , SAME NUMBER PER 100 RESIDUES                              .
    0  0.0   TOTAL NUMBER OF HYDROGEN BONDS IN     PARALLEL BRIDGES, SAME NUMBER PER 100 RESIDUES                              .
   64 13.2   TOTAL NUMBER OF HYDROGEN BONDS IN ANTIPARALLEL BRIDGES, SAME NUMBER PER 100 RESIDUES                              .
    2  0.4   TOTAL NUMBER OF HYDROGEN BONDS OF TYPE O(I)-->H-N(I-5), SAME NUMBER PER 100 RESIDUES                              .
    1  0.2   TOTAL NUMBER OF HYDROGEN BONDS OF TYPE O(I)-->H-N(I-4), SAME NUMBER PER 100 RESIDUES                              .
    1  0.2   TOTAL NUMBER OF HYDROGEN BONDS OF TYPE O(I)-->H-N(I-3), SAME NUMBER PER 100 RESIDUES                              .
    0  0.0   TOTAL NUMBER OF HYDROGEN BONDS OF TYPE O(I)-->H-N(I-2), SAME NUMBER PER 100 RESIDUES                              .
    0  0.0   TOTAL NUMBER OF HYDROGEN BONDS OF TYPE O(I)-->H-N(I-1), SAME NUMBER PER 100 RESIDUES                              .
    0  0.0   TOTAL NUMBER OF HYDROGEN BONDS OF TYPE O(I)-->H-N(I+0), SAME NUMBER PER 100 RESIDUES                              .
    0  0.0   TOTAL NUMBER OF HYDROGEN BONDS OF TYPE O(I)-->H-N(I+1), SAME NUMBER PER 100 RESIDUES                              .
   43  8.9   TOTAL NUMBER OF HYDROGEN BONDS OF TYPE O(I)-->H-N(I+2), SAME NUMBER PER 100 RESIDUES                              .
   31  6.4   TOTAL NUMBER OF HYDROGEN BONDS OF TYPE O(I)-->H-N(I+3), SAME NUMBER PER 100 RESIDUES                              .
   64 13.2   TOTAL NUMBER OF HYDROGEN BONDS OF TYPE O(I)-->H-N(I+4), SAME NUMBER PER 100 RESIDUES                              .
    2  0.4   TOTAL NUMBER OF HYDROGEN BONDS OF TYPE O(I)-->H-N(I+5), SAME NUMBER PER 100 RESIDUES                              .
  1  2  3  4  5  6  7  8  9 10 11 12 13 14 15 16 17 18 19 20 21 22 23 24 25 26 27 28 29 30     *** HISTOGRAMS OF ***           .
  0  0  0  0  0  0  0  2  1  0  3  0  0  0  1  0  0  0  0  0  0  0  0  0  0  0  0  0  0  0    RESIDUES PER ALPHA HELIX         .
  0  0  0  0  0  0  0  0  0  0  0  0  0  0  0  0  0  0  0  0  0  0  0  0  0  0  0  0  0  0    PARALLEL BRIDGES PER LADDER      .
  0  1  0  3  2  3  1  0  0  0  0  0  0  0  0  0  0  0  0  0  0  0  0  0  0  0  0  0  0  0    ANTIPARALLEL BRIDGES PER LADDER  .
  1  0  3  0  0  0  0  0  0  0  0  0  0  0  0  0  0  0  0  0  0  0  0  0  0  0  0  0  0  0    LADDERS PER SHEET                .
  #  RESIDUE AA STRUCTURE BP1 BP2  ACC     N-H-->O    O-->H-N    N-H-->O    O-->H-N    TCO  KAPPA ALPHA  PHI   PSI    X-CA   Y-CA   Z-CA            CHAIN
    1    1 A M              0   0  252      0, 0.0     0, 0.0     0, 0.0     0, 0.0   0.000 360.0 360.0 360.0 118.1  -10.5   24.6  -52.0               
    2    2 A A        +     0   0   92      1,-0.0     2,-0.6     0, 0.0     0, 0.0   0.709 360.0 175.0-138.7 139.0  -12.9   23.0  -50.3               
    3    3 A R        -     0   0  250      2,-0.0     2,-0.4     0, 0.0    -1,-0.0  -0.914  17.2-171.2 -86.5 116.5  -16.1   24.1  -48.5               
    4    4 A L        -     0   0  154     -2,-0.6     2,-0.2     2,-0.0     0, 0.0  -0.965  33.1-105.8-113.9 132.3  -17.9   21.0  -47.3               
    5    5 A T    >   -     0   0   87     -2,-0.4     3,-1.1     1,-0.1     4,-0.2  -0.392   6.9-136.0 -87.0 137.3  -21.3   21.9  -46.1               
    6    6 A E  T 3  S+     0   0  194      1,-0.2     4,-0.3    -2,-0.2    -1,-0.1   0.312  88.3  93.9 -54.0   4.6  -23.1   22.4  -42.7               
    7    7 A S  T 3  S+     0   0   78      1,-0.2    -1,-0.2     2,-0.1     4,-0.2   0.639  72.5  58.8 -86.0 -13.7  -26.1   20.5  -44.3               
    8    8 A E  S X  S+     0   0  148     -3,-1.1     3,-0.9     1,-0.2     4,-0.5   0.826  92.6  65.3 -87.8 -26.0  -25.2   16.9  -43.1               
    9    9 A A  T 3  S+     0   0   87      1,-0.2     3,-0.2    -4,-0.2     4,-0.2   0.725  98.5  54.4 -71.3 -19.5  -25.2   17.6  -39.3               
   10   10 A R  T 3  S+     0   0  222     -4,-0.3     3,-0.5     1,-0.2    -1,-0.2   0.635  93.7  68.6 -90.3 -11.9  -29.0   18.4  -39.2               
   11   11 A R  S X  S+     0   0  206     -3,-0.9     3,-0.6    -4,-0.2     4,-0.3   0.736  89.8  61.2 -82.6 -18.9  -30.4   15.2  -40.9               
   12   12 A Q  T 3  S+     0   0  184     -4,-0.5    -1,-0.2    -3,-0.2     3,-0.2   0.644  97.2  58.7 -81.4 -10.9  -29.5   12.8  -38.0               
   13   13 A Q  T 3  S+     0   0  179     -3,-0.5    -1,-0.2    -4,-0.2    -2,-0.1   0.360 100.5  52.1-101.6   6.7  -31.7   14.5  -35.3               
   14   14 A Q  S <  S+     0   0  181     -3,-0.6     2,-0.4    -4,-0.1     3,-0.2   0.378  78.4 112.0-131.9   5.6  -35.2   14.2  -37.1               
   15   15 A Q  S    S-     0   0  159     -4,-0.3    -1,-0.1    -3,-0.2     3,-0.0  -0.977  70.1  -8.8-107.4 131.1  -35.6   10.5  -38.0               
   16   16 A L        +     0   0  114     -2,-0.4     2,-1.3    -3,-0.0    -1,-0.2   0.284  30.8 164.0-166.8 101.4  -37.7    8.8  -36.6               
   17   17 A L        +     0   0  184     -3,-0.2    -3,-0.0     2,-0.0     0, 0.0  -0.723  51.7 131.4 -61.0  91.9  -40.2    8.6  -33.7               
   18   18 A Q        -     0   0  145     -2,-1.3     2,-0.4    -3,-0.0    -3,-0.0  -0.853  48.0-145.6-147.6 124.5  -42.2    5.6  -35.0               
   19   19 A P        -     0   0  136      0, 0.0    -2,-0.0     0, 0.0     0, 0.0  -0.707  16.0-162.3 -81.9 135.0  -43.2    2.4  -33.0               
   20   20 A R        -     0   0  244     -2,-0.4     2,-0.1     0, 0.0    -2,-0.0  -0.969  20.2-114.6-121.9 136.8  -43.2   -0.8  -35.1               
   21   21 A P        -     0   0  120      0, 0.0     0, 0.0     0, 0.0     0, 0.0  -0.303  19.6-119.8 -84.3 155.8  -45.0   -4.0  -33.9               
   22   22 A S        -     0   0  117     -2,-0.1     2,-0.4     1,-0.0     0, 0.0  -0.594  16.2-135.1 -84.0 143.9  -43.8   -7.5  -32.8               
   23   23 A P        -     0   0  128      0, 0.0     2,-0.3     0, 0.0    -1,-0.0  -0.836  22.4-135.3 -96.2 142.7  -44.6  -10.9  -34.3               
   24   24 A V        +     0   0  153     -2,-0.4     0, 0.0     1,-0.0     0, 0.0  -0.708  40.1  81.4 -86.9 139.8  -45.5  -13.9  -32.1               
   25   25 A G        +     0   0   61     -2,-0.3    -1,-0.0     0, 0.0     0, 0.0   0.587  36.4  42.6 129.1 124.1  -44.4  -17.5  -32.1               
   26   26 A S        -     0   0  116      2,-0.0    -2,-0.0     0, 0.0     0, 0.0   0.915  47.9-103.2 108.8  81.2  -42.4  -20.6  -31.6               
   27   27 A S        +     0   0  126      1,-0.0     0, 0.0     3,-0.0     0, 0.0   0.602  38.3 141.5  44.4 101.9  -40.3  -22.3  -29.1               
   28   28 A G        -     0   0   60      2,-0.0     2,-1.3     0, 0.0    -1,-0.0  -0.885  56.7-101.6-156.9 147.7  -36.6  -23.0  -28.3               
   29   29 A P        -     0   0  142      0, 0.0    -2,-0.0     0, 0.0     0, 0.0  -0.566  41.6-166.0 -71.7  95.4  -35.0  -23.0  -24.8               
   30   30 A E        -     0   0  179     -2,-1.3     3,-0.1     1,-0.1    -3,-0.0  -0.641  28.0-109.1 -71.4 137.2  -33.3  -19.5  -24.6               
   31   31 A P        -     0   0  105      0, 0.0     2,-0.3     0, 0.0     3,-0.2  -0.445  55.1 -78.8 -63.5 144.8  -30.8  -19.1  -21.8               
   32   32 A P        -     0   0  131      0, 0.0     3,-0.2     0, 0.0     0, 0.0  -0.352  68.0 -68.4 -62.8 115.0  -32.2  -16.8  -19.1               
   33   33 A G        -     0   0   62     -2,-0.3     2,-1.2     1,-0.2     0, 0.0   0.642  33.7-116.0  41.9 103.2  -32.1  -13.1  -19.7               
   34   34 A G        -     0   0   87     -3,-0.2    -1,-0.2     2,-0.1     0, 0.0  -0.622  35.9-164.0 -60.6  96.0  -29.2  -10.7  -19.8               
   35   35 A Q        -     0   0  170     -2,-1.2     2,-1.0    -3,-0.2     0, 0.0  -0.801  10.4-147.3 -78.1 127.8  -30.2   -8.6  -16.8               
   36   36 A P        +     0   0  115      0, 0.0     2,-0.5     0, 0.0    -2,-0.1  -0.632  43.6 142.6 -97.0  73.1  -28.1   -5.3  -17.0               
   37   37 A D        -     0   0  128     -2,-1.0     2,-2.1     2,-0.1    -2,-0.1  -0.943  49.3-140.2-130.9 119.1  -27.6   -4.6  -13.2               
   38   38 A G        +     0   0   80     -2,-0.5     2,-0.8     2,-0.1    -1,-0.0  -0.211  49.9 138.5 -70.3  46.0  -24.5   -3.1  -11.6               
   39   39 A M        -     0   0  157     -2,-2.1     2,-0.9     0, 0.0    -2,-0.1  -0.851  52.5-139.1 -83.4 108.8  -24.4   -5.3   -8.5               
   40   40 A K        -     0   0  142     -2,-0.8    -2,-0.1     1,-0.1    54,-0.0  -0.711  36.3-113.7 -59.1 108.1  -20.7   -6.2   -8.0               
   41   41 A D    >   -     0   0   88     -2,-0.9     3,-2.7     1,-0.2    -1,-0.1  -0.250  15.7-123.7 -47.3 131.5  -21.5   -9.8   -7.0               
   42   42 A L  T 3  S+     0   0  133      1,-0.3    -1,-0.2     3,-0.0    53,-0.1   0.680 113.7  57.6 -53.5 -18.1  -20.4  -10.3   -3.3               
   43   43 A D  T 3  S+     0   0   55     51,-0.3     2,-0.5     2,-0.1    -1,-0.3   0.307  74.3 126.0 -97.7   6.2  -18.2  -13.1   -4.7               
   44   44 A A    <   -     0   0   28     -3,-2.7     2,-0.5    51,-0.2    50,-0.2  -0.531  44.3-161.9 -70.5 119.4  -16.3  -10.9   -7.1               
   45   45 A I  E     -A   93   0A  48     48,-0.9    48,-2.3    -2,-0.5     2,-0.5  -0.900   7.7-147.6-110.9 126.4  -12.5  -11.4   -6.4               
   46   46 A K  E     -A   92   0A  69     -2,-0.5    78,-2.6    46,-0.2     2,-0.3  -0.792  16.9-167.9 -91.0 130.1   -9.8   -9.0   -7.6               
   47   47 A L  E     -AB  91 123A   1     44,-3.5    44,-2.6    -2,-0.5     2,-0.5  -0.875  18.6-135.3-114.6 143.0   -6.4  -10.4   -8.5               
   48   48 A F  E     -AB  90 122A  63     74,-3.0    74,-2.9    -2,-0.3     2,-0.6  -0.912  19.8-161.8 -93.1 127.1   -3.1   -8.7   -9.2               
   49   49 A V  E     +AB  89 121A   0     40,-3.1    40,-2.6    -2,-0.5    72,-0.2  -0.949  14.3 178.8-114.3 108.6   -1.4  -10.2  -12.2               
   50   50 A G  E     +AB  88 120A   3     70,-2.7    70,-2.1    -2,-0.6    38,-0.2  -0.564  51.7  49.0-101.4 173.4    2.4   -9.4  -12.4               
   51   51 A Q        +     0   0   59     36,-0.7    61,-0.4     1,-0.2    37,-0.2   0.895  69.7 157.1  61.0  46.1    5.1  -10.3  -15.0               
   52   52 A I        -     0   0    0     35,-2.5    -1,-0.2    -3,-0.2    62,-0.0  -0.882  48.8-108.8 -97.8 129.1    3.1   -9.3  -18.1               
   53   53 A P    >   -     0   0    2      0, 0.0     3,-2.1     0, 0.0    34,-0.1  -0.297  26.3-125.7 -50.0 132.6    5.0   -8.4  -21.3               
   54   54 A R  T 3  S+     0   0  131      1,-0.3    31,-0.5    31,-0.1    33,-0.1   0.539 107.7  57.0 -65.6 -10.2    4.8   -4.7  -22.0               
   55   55 A H  T 3  S+     0   0  128     29,-0.1     2,-0.5     2,-0.1    -1,-0.3   0.434  86.3  92.6 -96.9  -9.3    3.3   -5.3  -25.5               
   56   56 A L    <   -     0   0   31     -3,-2.1     2,-0.2     4,-0.1    -4,-0.0  -0.810  57.8-171.5 -89.7 128.4    0.3   -7.4  -24.3               
   57   57 A D    >>  -     0   0   48     -2,-0.5     4,-2.0    28,-0.0     3,-1.1  -0.471  44.9 -82.0-105.6 180.0   -2.9   -5.5  -23.7               
   58   58 A E  H 3> S+     0   0   60      1,-0.2     4,-2.6     2,-0.2    17,-0.0   0.853 127.5  58.2 -50.3 -39.1   -6.3   -6.4  -22.1               
   59   59 A K  H 34 S+     0   0  150      1,-0.2    -1,-0.2     2,-0.2    -3,-0.0   0.808 109.8  42.0 -63.2 -33.6   -7.4   -7.9  -25.5               
   60   60 A D  H <4 S+     0   0   74     -3,-1.1     4,-0.4     2,-0.1    -1,-0.2   0.788 119.7  43.4 -86.2 -31.8   -4.4  -10.4  -25.5               
   61   61 A L  H  X S+     0   0    2     -4,-2.0     4,-1.3     2,-0.1     3,-0.5   0.803  97.6  74.2 -82.2 -33.6   -4.7  -11.3  -21.8               
   62   62 A K  H >X S+     0   0   98     -4,-2.6     4,-2.9    -5,-0.2     3,-0.9   0.909  95.9  48.5 -53.4 -49.2   -8.6  -11.6  -21.7               
   63   63 A P  H 3> S+     0   0   80      0, 0.0     4,-0.9     0, 0.0    -1,-0.2   0.831 108.5  55.7 -60.9 -33.6   -8.7  -15.0  -23.5               
   64   64 A L  H 34 S+     0   0   24     -3,-0.5    -2,-0.2    -4,-0.4    -3,-0.1   0.797 119.1  31.6 -66.6 -32.2   -5.9  -16.4  -21.2               
   65   65 A F  H X< S+     0   0    0     -4,-1.3     3,-2.2    -3,-0.9     4,-0.5   0.775 104.9  71.6 -96.1 -31.9   -8.0  -15.6  -18.1               
   66   66 A E  H >< S+     0   0   96     -4,-2.9     3,-1.0     1,-0.3    -2,-0.1   0.799  85.5  70.2 -62.3 -26.1  -11.6  -16.1  -19.5               
   67   67 A Q  T 3< S+     0   0  134     -4,-0.9    -1,-0.3     1,-0.2    -2,-0.1   0.687  96.6  52.8 -60.5 -21.6  -11.0  -19.9  -19.6               
   68   68 A F  T <  S-     0   0   31     -3,-2.2     2,-0.2     1,-0.3    -1,-0.2   0.634 127.1 -61.8 -91.3 -15.6  -11.1  -19.9  -15.7               
   69   69 A G  S <  S-     0   0   20     -3,-1.0    -1,-0.3    -4,-0.5     2,-0.3  -0.878  76.3 -33.0 155.0 179.0  -14.4  -18.1  -15.5               
   70   70 A R        -     0   0  200     -2,-0.2    24,-2.6    -3,-0.1     2,-0.5  -0.427  54.6-139.8 -66.4 122.0  -16.4  -14.9  -16.3               
   71   71 A I  E     -C   93   0A  25     -2,-0.3    22,-0.3    22,-0.2     3,-0.1  -0.741  17.7-174.1 -83.6 123.5  -14.2  -11.7  -16.1               
   72   72 A Y  E    S-     0   0A  94     20,-2.3     2,-0.3    -2,-0.5    21,-0.2   0.889  75.4  -6.5 -76.7 -46.9  -16.0   -8.7  -14.5               
   73   73 A E  E     -C   92   0A  83     19,-1.7    19,-3.4     2,-0.0     2,-0.4  -0.977  53.6-172.0-152.8 135.9  -13.0   -6.4  -15.2               
   74   74 A L  E     +C   91   0A  25     -2,-0.3     2,-0.5    17,-0.2    17,-0.2  -0.969  16.9 174.6-128.9 117.9   -9.5   -6.7  -16.7               
   75   75 A T  E     -C   90   0A  56     15,-2.9    15,-3.1    -2,-0.4     2,-0.3  -0.974  22.4-143.6-129.4 115.1   -7.4   -3.5  -16.5               
   76   76 A V  E     -C   89   0A   7     -2,-0.5     2,-0.9    13,-0.3    13,-0.3  -0.587  25.4-120.1 -73.6 133.8   -3.7   -3.3  -17.5               
   77   77 A L  E     +     0   0A  44     11,-2.3     9,-3.2    -2,-0.3    11,-0.5  -0.660  40.2 179.2 -78.1 109.6   -1.7   -1.0  -15.3               
   78   78 A K  E     -C   85   0A  79     -2,-0.9     7,-0.2     7,-0.3     6,-0.1  -0.740  38.1-104.9-104.1 149.3   -0.3    1.7  -17.6               
   79   79 A D     >  -     0   0   32      5,-2.7     4,-2.1    -2,-0.3     5,-0.1  -0.714  30.7-139.3 -67.8 124.4    1.9    4.6  -16.6               
   80   80 A P  T  4 S+     0   0   98      0, 0.0    -1,-0.1     0, 0.0    -2,-0.0   0.694  97.1  42.1 -68.1 -19.1   -0.5    7.6  -16.7               
   81   81 A Y  T  4 S+     0   0  129      3,-0.1    -2,-0.0     1,-0.1    -3,-0.0   0.832 127.2  27.1 -92.6 -41.3    2.1    9.9  -18.4               
   82   82 A T  T  4 S-     0   0   84      2,-0.1     3,-0.1     0, 0.0    -1,-0.1   0.526  90.5-134.2 -97.2 -13.3    3.7    7.6  -20.9               
   83   83 A G     <  +     0   0   49     -4,-2.1     2,-0.2     1,-0.2     0, 0.0   0.410  57.6 146.4  66.7  -0.7    0.8    5.2  -21.5               
   84   84 A M        -     0   0   89     -5,-0.1    -5,-2.7    -6,-0.1    -1,-0.2  -0.445  57.6-104.8 -74.8 138.2    3.4    2.4  -21.2               
   85   85 A H  E     - C   0  78A   6    -31,-0.5    -7,-0.3    -7,-0.2    -1,-0.1  -0.276  19.3-149.7 -54.9 129.7    2.5   -0.9  -19.6               
   86   86 A K  E     -     0   0A  83     -9,-3.2    -1,-0.1     2,-0.3    -8,-0.1   0.550  48.5-102.8 -80.5  -6.6    3.9   -1.3  -16.0               
   87   87 A G  E    S+     0   0A  14    -10,-0.4   -35,-2.5     1,-0.3   -36,-0.7   0.607  93.6  77.3  91.5  16.8    4.2   -5.1  -16.5               
   88   88 A C  E     -A   50   0A  16    -11,-0.5   -11,-2.3   -38,-0.2    -2,-0.3  -0.970  54.1-163.3-150.8 162.7    1.1   -5.9  -14.5               
   89   89 A A  E     -AC  49  76A   0    -40,-2.6   -40,-3.1    -2,-0.3     2,-0.5  -0.944  21.1-125.5-140.5 157.8   -2.8   -5.9  -14.6               
   90   90 A F  E     -AC  48  75A  64    -15,-3.1   -15,-2.9    -2,-0.3     2,-0.4  -0.964  27.4-169.9-103.2 132.8   -5.7   -6.1  -12.2               
   91   91 A L  E     -AC  47  74A   0    -44,-2.6   -44,-3.5    -2,-0.5     2,-0.5  -0.989   5.1-167.9-124.3 126.1   -8.2   -8.9  -13.0               
   92   92 A T  E     -AC  46  73A  13    -19,-3.4   -20,-2.3    -2,-0.4   -19,-1.7  -0.973   5.9-160.1-114.8 121.1  -11.6   -9.2  -11.3               
   93   93 A Y  E     -AC  45  71A   0    -48,-2.3   -48,-0.9    -2,-0.5   -22,-0.2  -0.714  23.0-131.0 -89.9 152.2  -13.7  -12.4  -11.7               
   94   94 A C  S    S+     0   0   19    -24,-2.6     2,-0.3    -2,-0.3   -51,-0.3   0.767  94.0  41.4 -67.6 -27.8  -17.5  -12.5  -11.1               
   95   95 A A  S  > S-     0   0   31    -25,-0.4     4,-1.5   -50,-0.1     3,-0.4  -0.957  73.8-135.6-128.5 145.2  -17.0  -15.5   -8.8               
   96   96 A R  H  > S+     0   0  126     -2,-0.3     4,-2.5     1,-0.2     5,-0.2   0.886 105.7  59.4 -65.1 -39.8  -14.4  -16.5   -6.2               
   97   97 A D  H  > S+     0   0  105      1,-0.2     4,-2.5     2,-0.2    -1,-0.2   0.853 104.4  51.6 -57.8 -36.6  -14.1  -20.1   -7.5               
   98   98 A S  H  > S+     0   0   16     -3,-0.4     4,-2.4     2,-0.2    -1,-0.2   0.916 110.3  48.2 -67.9 -41.0  -13.0  -18.6  -10.9               
   99   99 A A  H  X S+     0   0    2     -4,-1.5     4,-2.4     2,-0.2    -2,-0.2   0.910 112.3  48.4 -65.6 -41.9  -10.3  -16.5   -9.2               
  100  100 A I  H  X S+     0   0   85     -4,-2.5     4,-2.9     2,-0.2     5,-0.3   0.952 111.8  49.8 -63.7 -48.2   -9.0  -19.5   -7.1               
  101  101 A K  H  X S+     0   0  128     -4,-2.5     4,-2.3     1,-0.2    -2,-0.2   0.913 113.0  46.9 -55.5 -46.5   -8.9  -21.7  -10.3               
  102  102 A A  H  X S+     0   0    0     -4,-2.4     4,-1.9     2,-0.2     5,-0.4   0.898 113.4  48.3 -63.8 -42.7   -6.9  -18.9  -12.1               
  103  103 A Q  H  X S+     0   0   59     -4,-2.4     4,-2.3     2,-0.2    18,-0.2   0.958 114.6  44.8 -62.6 -50.4   -4.5  -18.4   -9.2               
  104  104 A T  H  < S+     0   0  105     -4,-2.9    -2,-0.2     1,-0.2    -1,-0.2   0.866 119.6  41.9 -62.4 -39.1   -3.8  -22.2   -8.8               
  105  105 A A  H  < S+     0   0   46     -4,-2.3    -1,-0.2    -5,-0.3    -2,-0.2   0.743 128.7  24.1 -82.0 -27.4   -3.4  -22.8  -12.5               
  106  106 A L  H >X S+     0   0    6     -4,-1.9     3,-1.5    -5,-0.2     4,-1.4   0.748  84.8 108.2-112.2 -32.9   -1.3  -19.6  -13.5               
  107  107 A H  T 3< S-     0   0   43     -4,-2.3    13,-0.2    -5,-0.4    12,-0.1  -0.352 111.4 -23.3 -61.4 113.5    0.6  -18.3  -10.4               
  108  108 A E  T 34 S+     0   0  106     11,-3.0    -1,-0.3    -2,-0.3    12,-0.1   0.503 125.6  91.9  59.9  12.3    4.3  -19.1  -10.9               
  109  109 A Q  T <4 S+     0   0  142     -3,-1.5     2,-0.5    10,-0.3    -2,-0.2   0.761  79.0  47.6-100.1 -34.2    3.2  -21.9  -13.4               
  110  110 A K     <  -     0   0   94     -4,-1.4     9,-3.1     9,-0.3     2,-0.6  -0.946  62.2-156.1-121.9 122.4    3.1  -20.1  -16.8               
  111  111 A T        -     0   0   75     -2,-0.5     3,-0.1     7,-0.3   -59,-0.1  -0.826  21.7-135.4 -92.4 122.0    5.8  -17.9  -18.3               
  112  112 A L    >   -     0   0   10     -2,-0.6     3,-2.1     5,-0.4     5,-0.1  -0.518  38.3 -85.7 -70.9 144.8    4.4  -15.5  -20.9               
  113  113 A P  T 3  S+     0   0  103      0, 0.0    -1,-0.1     0, 0.0     3,-0.1  -0.249 117.4  21.6 -53.0 130.0    6.4  -15.1  -24.2               
  114  114 A G  T 3  S+     0   0   76      1,-0.3     2,-0.4    -3,-0.1    -2,-0.0   0.430  99.0 113.1  85.7   2.0    9.2  -12.5  -23.7               
  115  115 A M    <   -     0   0   52     -3,-2.1    -1,-0.3     1,-0.1     4,-0.1  -0.858  54.7-156.9-101.0 141.8    9.2  -12.7  -19.9               
  116  116 A A  S    S+     0   0  105     -2,-0.4    -1,-0.1    -3,-0.1    -5,-0.0   0.530  82.4  50.1 -84.5 -12.1   12.2  -14.1  -17.9               
  117  117 A R  S    S-     0   0  160     -5,-0.1    -5,-0.4   -66,-0.1     3,-0.1  -0.954  92.7-100.3-130.3 148.1    9.9  -15.0  -14.9               
  118  118 A P        -     0   0   39      0, 0.0    -7,-0.3     0, 0.0    -2,-0.1  -0.213  52.3 -82.9 -66.8 157.3    6.5  -16.8  -14.6               
  119  119 A I        -     0   0    1     -9,-3.1   -11,-3.0   -13,-0.2     2,-0.8  -0.322  39.8-141.0 -60.9 136.7    3.2  -14.9  -14.4               
  120  120 A Q  E     +B   50   0A  50    -70,-2.1   -70,-2.7   -13,-0.2     2,-0.7  -0.811  21.6 178.6-109.6  94.6    2.4  -13.8  -10.8               
  121  121 A V  E     +B   49   0A   0     -2,-0.8   -72,-0.2   -72,-0.2   -14,-0.1  -0.854  16.8 157.9 -93.3 111.7   -1.3  -14.1  -10.0               
  122  122 A K  E     -B   48   0A  99    -74,-2.9   -74,-3.0    -2,-0.7     2,-0.1  -0.935  52.0 -87.1-126.2 155.2   -2.0  -13.0   -6.4               
  123  123 A P  E     -B   47   0A  80      0, 0.0     2,-0.3     0, 0.0   -76,-0.3  -0.406  54.1-116.3 -51.8 127.5   -5.1  -11.8   -4.5               
  124  124 A A        -     0   0   12    -78,-2.6     2,-1.9   -33,-0.2   -78,-0.2  -0.606  22.3-112.8 -67.5 136.3   -5.2   -8.0   -5.1               
  125  125 A D    >   -     0   0  118     -2,-0.3     3,-1.0     1,-0.2     4,-0.1  -0.543  42.0-179.1 -65.6  84.1   -4.7   -6.0   -1.9               
  126  126 A S  G >>> +     0   0   58     -2,-1.9     4,-1.6     1,-0.2     5,-1.2   0.594  67.3  77.9 -72.1  -8.6   -8.3   -4.8   -2.3               
  127  127 A E  G 34>S+     0   0  107      1,-0.2     5,-0.7     3,-0.2     4,-0.3   0.899  78.1  73.0 -63.7 -36.1   -7.9   -2.7    0.9               
  128  128 A S  G <45S-     0   0   70     -3,-1.0    -1,-0.2     1,-0.2    -2,-0.1   0.608 122.3  -4.4 -67.2 -14.4   -5.9   -0.1   -1.0               
  129  129 A R  T <45S+     0   0  210     -3,-0.8     4,-0.3    -4,-0.1    -1,-0.2   0.553 135.8  40.8-144.6 -27.1   -9.0    1.4   -2.9               
  130  130 A G  T  <5S+     0   0   35     -4,-1.6    -3,-0.2     2,-0.1    -2,-0.1   0.659 109.0  55.2-101.8 -22.7  -12.2   -0.5   -2.2               
  131  131 A G  T >><S+     0   0    4     -5,-1.2     3,-1.5    -4,-0.3     4,-1.2   0.807  95.3  70.3 -75.2 -28.8  -12.0   -1.2    1.6               
  132  132 A R  T 34<S+     0   0  117     -5,-0.7     3,-0.3     1,-0.3    80,-0.3   0.876  99.2  44.6 -58.6 -42.2  -11.5    2.6    2.4               
  133  133 A D  T 34 S+     0   0   81     -4,-0.3    -1,-0.3     1,-0.2    55,-0.1   0.207 114.4  50.4 -93.1  13.2  -15.0    3.7    1.6               
  134  134 A R  T <4 S+     0   0   56     -3,-1.5    47,-2.3    53,-0.1     2,-0.6   0.554  87.7  85.9-122.7 -19.9  -16.7    0.7    3.4               
  135  135 A K  E  <  -D  180   0B  50     -4,-1.2    77,-3.0    -3,-0.3     2,-0.4  -0.805  62.4-162.3 -90.7 121.7  -14.9    0.7    6.9               
  136  136 A L  E     -DE 179 211B   0     43,-3.5    43,-2.1    -2,-0.6     2,-0.5  -0.837  14.9-140.3-102.0 138.1  -16.6    3.0    9.4               
  137  137 A F  E     -DE 178 210B  68     73,-2.9    73,-2.2    -2,-0.4     2,-0.6  -0.899  17.2-162.7 -88.7 126.8  -15.2    4.4   12.6               
  138  138 A V  E     +DE 177 209B   0     39,-3.1    39,-2.5    -2,-0.5     3,-0.3  -0.948  16.6 176.8-113.4 103.7  -17.9    4.4   15.3               
  139  139 A G  E     +DE 176 208B   4     69,-3.1    69,-2.4    -2,-0.6    37,-0.2  -0.629  51.3  42.6-102.5 169.6  -16.9    6.7   18.2               
  140  140 A M  S    S+     0   0   91     35,-0.6    65,-0.4     1,-0.2    60,-0.3   0.746  72.2 156.1  62.5  29.9  -18.7    7.7   21.4               
  141  141 A L        -     0   0   10     34,-2.4    -1,-0.2    -3,-0.3    63,-0.2  -0.548  53.4-101.4 -71.0 147.0  -20.0    4.2   22.2               
  142  142 A N    >   -     0   0   19     -2,-0.2     3,-2.2     1,-0.1    33,-0.2  -0.505  30.8-122.3 -62.0 138.0  -20.8    3.4   25.8               
  143  143 A K  T 3  S+     0   0  155     59,-0.3    30,-0.5     1,-0.3    -1,-0.1   0.614 111.6  62.3 -62.4 -14.2  -17.9    1.4   27.3               
  144  144 A Q  T 3  S+     0   0  169     28,-0.1     2,-0.3     2,-0.1    -1,-0.3   0.553  78.7 112.4 -83.4 -12.6  -20.4   -1.4   28.1               
  145  145 A Q    <   -     0   0   30     -3,-2.2     2,-0.2     4,-0.1    30,-0.2  -0.488  54.1-156.2 -69.7 126.3  -21.3   -1.9   24.4               
  146  146 A S     >  -     0   0   37     -2,-0.3     4,-2.1     1,-0.1     3,-0.2  -0.449  34.1-100.9 -89.7 167.7  -20.1   -5.2   22.9               
  147  147 A E  H  > S+     0   0   64      1,-0.2     4,-2.6     2,-0.2     5,-0.1   0.871 125.2  55.1 -54.1 -37.9  -19.4   -6.1   19.2               
  148  148 A E  H  > S+     0   0  109      2,-0.2     4,-2.4     1,-0.2    -1,-0.2   0.840 105.8  49.8 -68.0 -38.3  -22.9   -7.8   19.2               
  149  149 A D  H  > S+     0   0   42      2,-0.2     4,-1.7    -3,-0.2    -2,-0.2   0.931 113.5  46.3 -67.0 -42.4  -24.6   -4.5   20.4               
  150  150 A V  H  X S+     0   0    0     -4,-2.1     4,-1.7     2,-0.2    -2,-0.2   0.918 111.5  52.2 -64.8 -42.4  -22.8   -2.6   17.6               
  151  151 A L  H  X S+     0   0   53     -4,-2.6     4,-2.6     1,-0.2     3,-0.5   0.956 109.2  49.2 -60.2 -48.3  -23.7   -5.2   15.0               
  152  152 A R  H  < S+     0   0  136     -4,-2.4    -1,-0.2     1,-0.2    -2,-0.2   0.827 110.9  51.1 -59.3 -35.7  -27.4   -5.1   15.9               
  153  153 A L  H  < S+     0   0   32     -4,-1.7    -1,-0.2     1,-0.2    -2,-0.2   0.841 119.4  34.7 -69.0 -35.7  -27.3   -1.2   15.7               
  154  154 A F  H >< S+     0   0    0     -4,-1.7     3,-2.0    -3,-0.5     4,-0.4   0.694  95.1  85.5 -96.0 -21.6  -25.7   -1.3   12.2               
  155  155 A Q  G >< S+     0   0  117     -4,-2.6     3,-1.2     1,-0.3    -1,-0.1   0.790  80.6  63.6 -53.9 -35.8  -27.4   -4.5   10.7               
  156  156 A P  G 3  S+     0   0  104      0, 0.0    -1,-0.3     0, 0.0    -2,-0.1   0.684 100.1  55.3 -63.2 -17.6  -30.5   -2.5    9.5               
  157  157 A F  G <  S-     0   0   59     -3,-2.0     2,-0.3     1,-0.3    33,-0.2   0.556 122.2 -60.7 -94.1 -11.1  -28.3   -0.5    7.0               
  158  158 A G  S <  S-     0   0   18     -3,-1.2     2,-0.4    -4,-0.4    -1,-0.3  -0.922  73.3 -36.8 155.7-177.8  -26.7   -3.4    5.2               
  159  159 A V        -     0   0   82     -2,-0.3    23,-2.5    -3,-0.1     2,-0.6  -0.597  51.5-143.9 -77.0 127.5  -24.5   -6.6    5.3               
  160  160 A I  E     -F  181   0B  33     -2,-0.4    21,-0.3    21,-0.2     3,-0.1  -0.851  19.1-178.9 -97.4 118.9  -21.6   -6.3    7.8               
  161  161 A D  E    S+     0   0B  91     19,-2.3     2,-0.3    -2,-0.6    20,-0.2   0.774  74.9   9.6 -79.4 -35.5  -18.4   -8.0    6.7               
  162  162 A E  E     -F  180   0B  68     18,-1.4    18,-3.1     2,-0.0     2,-0.4  -0.977  56.2-177.3-151.3 134.9  -16.5   -7.1   10.0               
  163  163 A C  E     +F  179   0B  26     -2,-0.3     2,-0.4    16,-0.2    16,-0.2  -0.981  13.7 170.6-134.8 124.2  -17.3   -5.6   13.4               
  164  164 A T  E     -F  178   0B  59     14,-2.7    14,-2.7    -2,-0.4     2,-0.4  -0.958  22.4-148.6-139.4 118.0  -14.6   -4.9   16.0               
  165  165 A V  E     -F  177   0B   7     -2,-0.4     2,-0.6    12,-0.3    12,-0.3  -0.678  27.0-122.9 -82.9 132.3  -14.8   -3.0   19.3               
  166  166 A L  E     -F  176   0B  41     10,-2.7     8,-3.2    -2,-0.4    10,-0.5  -0.666  34.3-171.6 -80.3 122.0  -11.6   -1.2   20.2               
  167  167 A R  E     -F  173   0B 107     -2,-0.6     6,-0.2     6,-0.3     5,-0.1  -0.702  19.4-119.9-113.2 153.7  -10.3   -2.3   23.7               
  168  168 A G    >   -     0   0   16      4,-2.8     3,-1.8    -2,-0.2    -1,-0.1  -0.309  41.6 -95.2 -73.7 171.8   -7.4   -1.1   26.0               
  169  169 A P  T 3  S+     0   0  146      0, 0.0    -1,-0.1     0, 0.0    -2,-0.0   0.730 130.3  57.9 -62.7 -21.4   -4.5   -3.2   27.1               
  170  170 A D  T 3  S-     0   0  116      2,-0.1     3,-0.1     1,-0.0     0, 0.0   0.349 121.4-111.3 -82.4  -1.6   -6.7   -3.9   30.2               
  171  171 A G  S <  S+     0   0   40     -3,-1.8     2,-0.1     1,-0.3    -1,-0.0   0.252  73.8 138.7  81.9  -7.8   -9.5   -5.3   28.0               
  172  172 A S        -     0   0   64     -5,-0.1    -4,-2.8     1,-0.1    -1,-0.3  -0.380  61.8-103.9 -67.4 139.5  -11.7   -2.3   28.8               
  173  173 A S  E     - F   0 167B   8    -30,-0.5    -6,-0.3    -6,-0.2    -1,-0.1  -0.413  16.2-148.5 -63.4 134.7  -13.7   -0.8   25.8               
  174  174 A K  E     -     0   0B 128     -8,-3.2   -34,-0.2     2,-0.3    -1,-0.1   0.423  47.7-107.4 -77.3  -0.7  -12.3    2.5   24.4               
  175  175 A G  E    S+     0   0B   8     -9,-0.3   -34,-2.4     1,-0.3   -35,-0.6   0.778  89.9  92.5  72.8  27.8  -15.9    3.5   23.6               
  176  176 A C  E     -DF 139 166B  15    -10,-0.5   -10,-2.7   -37,-0.2    -2,-0.3  -0.987  48.1-177.2-147.3 159.0  -15.2    3.0   19.8               
  177  177 A A  E     -DF 138 165B   0    -39,-2.5   -39,-3.1    -2,-0.3     2,-0.4  -0.940  23.5-125.4-144.0 162.9  -15.6    0.3   17.1               
  178  178 A F  E     -DF 137 164B  21    -14,-2.7   -14,-2.7    -2,-0.3     2,-0.4  -0.981  22.9-172.5-110.0 134.9  -14.9   -0.4   13.4               
  179  179 A V  E     -DF 136 163B   0    -43,-2.1   -43,-3.5    -2,-0.4     2,-0.5  -0.996   5.1-162.3-125.4 125.7  -17.8   -1.6   11.2               
  180  180 A K  E     -DF 135 162B  37    -18,-3.1   -19,-2.3    -2,-0.4   -18,-1.4  -0.958   8.2-156.8-111.0 119.0  -17.1   -2.8    7.6               
  181  181 A F  E     - F   0 160B   0    -47,-2.3   -21,-0.2    -2,-0.5   -23,-0.0  -0.563  25.3-123.9 -87.0 158.5  -20.1   -3.0    5.2               
  182  182 A S  S    S+     0   0   17    -23,-2.5     2,-0.3    -2,-0.2   -22,-0.1   0.889  96.9  32.8 -65.4 -35.7  -20.2   -5.1    2.1               
  183  183 A S  S  > S-     0   0   45    -24,-0.3     4,-2.0   -49,-0.1    -2,-0.1  -0.853  71.8-131.4-125.1 152.7  -21.0   -2.0    0.0               
  184  184 A H  H  > S+     0   0   74     -2,-0.3     4,-2.6     2,-0.2     5,-0.2   0.881 110.5  56.9 -63.9 -38.0  -20.0    1.7    0.1               
  185  185 A T  H  > S+     0   0  101      2,-0.2     4,-2.4     1,-0.2    -1,-0.2   0.906 107.7  46.9 -64.0 -41.2  -23.7    2.7   -0.3               
  186  186 A E  H  > S+     0   0   41      2,-0.2     4,-2.7     1,-0.2    -2,-0.2   0.936 112.6  50.1 -64.0 -45.7  -24.7    0.7    2.8               
  187  187 A A  H  X S+     0   0    0     -4,-2.0     4,-2.1     1,-0.2    -2,-0.2   0.902 112.6  47.1 -58.9 -42.4  -21.8    2.3    4.7               
  188  188 A Q  H  X S+     0   0   78     -4,-2.6     4,-2.6     2,-0.2    -2,-0.2   0.903 110.5  51.7 -68.9 -40.5  -22.9    5.8    3.6               
  189  189 A A  H  X S+     0   0   44     -4,-2.4     4,-2.1     2,-0.2     5,-0.2   0.931 110.2  49.9 -60.3 -44.0  -26.6    5.0    4.5               
  190  190 A A  H  X S+     0   0    0     -4,-2.7     4,-2.7     2,-0.2     5,-0.4   0.904 111.3  48.8 -61.9 -42.7  -25.4    4.0    8.0               
  191  191 A I  H  X S+     0   0   21     -4,-2.1     4,-2.3     1,-0.2    -2,-0.2   0.953 112.4  48.2 -59.3 -51.1  -23.3    7.3    8.4               
  192  192 A H  H  < S+     0   0  144     -4,-2.6    -2,-0.2     1,-0.2    -1,-0.2   0.837 120.6  36.6 -61.3 -36.7  -26.3    9.4    7.3               
  193  193 A A  H  < S+     0   0   44     -4,-2.1    -1,-0.2    -5,-0.2    -2,-0.2   0.843 126.7  32.3 -84.8 -38.7  -28.7    7.7    9.7               
  194  194 A L  H >X S+     0   0    4     -4,-2.7     3,-1.2    -5,-0.2     4,-0.7   0.769  86.5 102.4 -98.0 -28.2  -26.5    7.0   12.7               
  195  195 A H  T 3< S-     0   0   77     -4,-2.3    13,-0.2    -5,-0.4    12,-0.1  -0.411 109.1 -13.0 -64.4 118.1  -24.0   10.0   12.8               
  196  196 A G  T 34 S+     0   0   45     11,-2.9    -1,-0.3    -2,-0.3    12,-0.1   0.363 110.6 108.9  75.0  -2.9  -25.2   12.4   15.5               
  197  197 A S  T <4 S+     0   0   60     -3,-1.2     2,-0.4    10,-0.2    -2,-0.1   0.858  75.2  25.5 -74.1 -41.3  -28.6   10.6   15.7               
  198  198 A Q     <  -     0   0   96     -4,-0.7     9,-2.7     9,-0.1     2,-0.6  -0.983  50.7-155.4-136.5 136.7  -28.5    8.8   19.1               
  199  199 A T        -     0   0   78     -2,-0.4     7,-0.2     7,-0.3     3,-0.1  -0.964  32.6-137.1-102.4 111.2  -26.8    9.2   22.5               
  200  200 A M    >   -     0   0   36     -2,-0.6     3,-2.7     5,-0.4     5,-0.1  -0.416  35.2 -86.6 -64.2 145.4  -26.7    5.6   24.0               
  201  201 A P  T 3  S+     0   0  114      0, 0.0    -1,-0.1     0, 0.0     3,-0.1  -0.319 119.2  14.3 -53.1 125.9  -27.6    5.5   27.7               
  202  202 A G  T 3  S+     0   0   68      1,-0.3   -59,-0.3    -3,-0.1     2,-0.2   0.409  97.4 127.5  80.2   0.5  -24.3    6.0   29.6               
  203  203 A A    <   -     0   0   18     -3,-2.7    -1,-0.3   -61,-0.2   -61,-0.1  -0.604  63.1-132.8 -80.5 150.2  -22.5    7.3   26.5               
  204  204 A S  S    S-     0   0  114     -2,-0.2     2,-0.3   -63,-0.2    -1,-0.1   0.654  80.5  -9.5 -75.4 -20.2  -20.7   10.7   26.9               
  205  205 A S  S    S-     0   0   62    -65,-0.4    -5,-0.4    -5,-0.1     3,-0.1  -0.964  91.4 -59.2-165.1 170.1  -22.1   12.1   23.6               
  206  206 A S  S    S-     0   0   47     -2,-0.3    -7,-0.3    -7,-0.2    -9,-0.1  -0.260  72.9 -78.5 -59.0 151.3  -24.1   11.2   20.4               
  207  207 A L        -     0   0    1     -9,-2.7   -11,-2.9   -13,-0.2     2,-0.8  -0.217  36.7-147.1 -56.6 132.8  -22.6    8.5   18.1               
  208  208 A V  E     +E  139   0B  37    -69,-2.4   -69,-3.1   -13,-0.2     2,-0.5  -0.874  23.1 175.7-102.8 101.9  -19.7    9.6   15.8               
  209  209 A V  E     +E  138   0B   0     -2,-0.8     2,-0.3   -71,-0.2   -71,-0.2  -0.948  16.5 138.5-112.2 117.4  -20.0    7.5   12.6               
  210  210 A K  E     -E  137   0B 111    -73,-2.2   -73,-2.9    -2,-0.5     3,-0.1  -0.954  60.0 -74.8-145.1 163.9  -17.5    8.4    9.8               
  211  211 A F  E     -E  136   0B  75     -2,-0.3     2,-0.3   -75,-0.3   -75,-0.3  -0.396  61.5-104.3 -58.4 138.4  -15.3    6.6    7.3               
  212  212 A A        -     0   0   19    -77,-3.0   -77,-0.1   -80,-0.3     2,-0.1  -0.549  31.0-118.0 -70.3 130.4  -12.3    5.1    9.0               
  213  213 A D        -     0   0   52     -2,-0.3    -1,-0.1     1,-0.1    -3,-0.0  -0.425  33.8-112.1 -60.1 138.5   -9.0    6.9    8.7               
  214  214 A T     >  -     0   0   35     -2,-0.1     4,-3.0     1,-0.1     5,-0.3  -0.305  28.1-106.2 -64.1 157.8   -6.3    4.8    6.9               
  215  215 A D  H  > S+     0   0  114      1,-0.2     4,-2.5     2,-0.2     5,-0.2   0.866 124.7  55.0 -54.3 -33.2   -3.3    3.7    9.0               
  216  216 A K  H  > S+     0   0  177      2,-0.2     4,-2.5     1,-0.2    -1,-0.2   0.936 110.9  42.5 -63.9 -47.8   -1.3    6.3    7.0               
  217  217 A E  H  > S+     0   0   89      2,-0.2     4,-2.8     1,-0.2    -2,-0.2   0.896 114.3  51.3 -68.3 -39.5   -3.7    9.1    8.0               
  218  218 A R  H  X S+     0   0  109     -4,-3.0     4,-2.7     2,-0.2    -2,-0.2   0.922 112.3  46.7 -61.1 -45.4   -3.9    7.8   11.6               
  219  219 A T  H  X S+     0   0   95     -4,-2.5     4,-2.4    -5,-0.3    -2,-0.2   0.935 113.8  48.4 -62.0 -44.5   -0.1    7.8   11.8               
  220  220 A L  H  X S+     0   0   92     -4,-2.5     4,-2.4     2,-0.2    -2,-0.2   0.872 113.0  47.3 -65.2 -38.8   -0.0   11.3   10.2               
  221  221 A R  H  X S+     0   0  134     -4,-2.8     4,-2.6     2,-0.2    -2,-0.2   0.916 111.6  50.5 -67.3 -42.7   -2.7   12.6   12.8               
  222  222 A R  H  X S+     0   0  175     -4,-2.7     4,-1.4     2,-0.2    -2,-0.2   0.895 112.1  48.2 -61.7 -39.7   -0.8   11.0   15.7               
  223  223 A M  H  X S+     0   0  113     -4,-2.4     4,-1.5     2,-0.2     3,-0.3   0.935 111.9  48.8 -64.5 -46.4    2.4   12.7   14.4               
  224  224 A Q  H  X S+     0   0  114     -4,-2.4     4,-1.7     1,-0.2    -2,-0.2   0.881 108.0  54.6 -62.9 -38.3    0.5   16.1   14.1               
  225  225 A Q  H  X S+     0   0  151     -4,-2.6     4,-0.8     1,-0.2    -1,-0.2   0.842 106.0  52.6 -66.1 -31.6   -0.9   15.8   17.6               
  226  226 A M  H  X S+     0   0  118     -4,-1.4     4,-0.5    -3,-0.3     3,-0.4   0.863 107.0  52.5 -70.3 -33.7    2.7   15.3   19.0               
  227  227 A V  H >< S+     0   0  104     -4,-1.5     3,-0.8     1,-0.2    -2,-0.2   0.875 104.9  56.6 -69.2 -34.2    3.8   18.6   17.2               
  228  228 A G  H >< S+     0   0   57     -4,-1.7     3,-0.7     1,-0.2    -1,-0.2   0.747 100.1  57.4 -69.6 -23.9    0.9   20.5   18.8               
  229  229 A Q  H 3< S+     0   0  162     -4,-0.8     3,-0.3    -3,-0.4    -1,-0.2   0.658 101.2  56.8 -84.4 -13.3    1.9   19.6   22.4               
  230  230 A L  T << S+     0   0  155     -3,-0.8     3,-0.5    -4,-0.5    -1,-0.2   0.376  85.5  84.7 -93.9   3.0    5.4   21.2   22.0               
  231  231 A G    <   +     0   0   67     -3,-0.7     3,-0.2     1,-0.2    -1,-0.2   0.217  63.2  87.8 -89.1  11.5    4.0   24.6   21.0               
  232  232 A I  S    S+     0   0  136     -3,-0.3    -1,-0.2     1,-0.2     2,-0.1   0.353  72.9  71.6 -98.7   6.5    3.5   26.1   24.6               
  233  233 A L  S    S+     0   0  156     -3,-0.5    -1,-0.2     1,-0.1    -2,-0.0  -0.397  71.5  75.7-131.4  59.9    7.0   27.6   25.2               
  234  234 A T        +     0   0  131     -3,-0.2     2,-0.2    -2,-0.1    -1,-0.1  -0.479  42.7 177.7-156.0 100.2    7.8   30.8   23.2               
  235  235 A P        +     0   0  110      0, 0.0    -3,-0.0     0, 0.0    -2,-0.0  -0.643  57.3  29.5 -73.7 153.7    6.4   34.2   24.0               
  236  236 A S        +     0   0  104     -2,-0.2     0, 0.0     1,-0.0     0, 0.0   0.980  58.9 108.0  61.7  95.8    7.7   37.0   21.8               
  237  237 A L        +     0   0  179     -3,-0.1     2,-0.6     2,-0.0    -1,-0.0  -0.126  34.2 179.3-169.4  97.8    8.9   37.3   18.3               
  238  238 A T        +     0   0  129      2,-0.0     0, 0.0     0, 0.0     0, 0.0  -0.813  16.1 144.8 -80.7 119.9    6.5   39.0   15.9               
  239  239 A L        -     0   0  171     -2,-0.6     2,-0.0     2,-0.0    -2,-0.0  -0.898  35.3-129.5-153.9 152.3    7.4   39.4   12.2               
  240  240 A P        +     0   0   98      0, 0.0    -2,-0.0     0, 0.0     0, 0.0  -0.059  33.3 128.8-113.3-176.1    4.9   39.2    9.4               
  241  241 A F        +     0   0  192     -2,-0.0    -2,-0.0     1,-0.0     0, 0.0   0.525  41.9  39.7  95.0 126.7    3.3   38.1    6.0               
  242  242 A S        -     0   0  100      0, 0.0     2,-0.6     0, 0.0    -1,-0.0   0.700  45.3-142.3-161.6 172.8    0.8   36.9    4.4               
  243  243 A P        +     0   0  109      0, 0.0     0, 0.0     0, 0.0     0, 0.0  -0.740  47.5  97.5-127.5  94.0   -2.9   37.4    4.4               
  244  244 A Y  S    S+     0   0  238     -2,-0.6     0, 0.0     0, 0.0     0, 0.0   0.002  79.4  42.9-162.6  51.7   -6.1   35.2    4.0               
  245  245 A S  S >  S+     0   0  106      0, 0.0     3,-0.9     0, 0.0     4,-0.2   0.398  78.8  89.8-157.5  -3.1   -7.8   34.0    7.1               
  246  246 A A  G >> S+     0   0   82      1,-0.2     4,-0.6     2,-0.1     3,-0.6   0.555  71.5  76.6 -79.7  -6.0   -8.0   36.8    9.8               
  247  247 A Y  G 34 S+     0   0  192      1,-0.2    -1,-0.2     2,-0.2     4,-0.2   0.772  89.4  57.3 -76.9 -20.5  -11.4   38.3    8.6               
  248  248 A A  G <4 S+     0   0   94     -3,-0.9    -1,-0.2     1,-0.2    -2,-0.1   0.597 108.9  43.9 -87.4  -9.5  -13.5   35.4   10.3               
  249  249 A Q  T <4 S+     0   0  178     -3,-0.6     3,-0.4    -4,-0.2    -1,-0.2   0.516 101.4  65.8-110.3  -5.2  -12.1   36.0   13.9               
  250  250 A A  S  < S+     0   0   68     -4,-0.6     3,-0.3     1,-0.2    -2,-0.1   0.424  88.1  67.5 -98.2   1.5  -12.3   39.8   14.1               
  251  251 A L  S    S+     0   0  135     -4,-0.2    -1,-0.2     1,-0.2    -2,-0.1   0.266  91.4  61.9-104.9  11.8  -16.1   40.2   13.9               
  252  252 A M  S    S+     0   0  176     -3,-0.4    -1,-0.2     1,-0.1     3,-0.1  -0.331  92.8  58.6-132.3  47.0  -16.8   38.6   17.4               
  253  253 A Q        +     0   0  189     -3,-0.3     2,-0.9     1,-0.0    -2,-0.1   0.339  68.7 102.3-152.0   7.9  -15.1   40.9   19.9               
  254  254 A Q        +     0   0  187     -4,-0.1     2,-0.2     1,-0.1     3,-0.1  -0.581  49.7 100.8 -98.1  71.4  -16.6   44.4   19.4               
  255  255 A Q        +     0   0  184     -2,-0.9    -1,-0.1     1,-0.1    -3,-0.0  -0.661  64.1  54.2-143.9  97.4  -19.0   44.7   22.4               
  256  256 A T        +     0   0  136     -2,-0.2     2,-0.2     1,-0.1    -1,-0.1   0.358  49.4 128.0 158.1  93.4  -17.7   46.8   25.3               
  257  257 A T        +     0   0  138     -3,-0.1     2,-0.2     0, 0.0    -1,-0.1  -0.762  27.7 121.3-142.9 101.6  -16.3   50.4   25.1               
  258  258 A V        +     0   0  139     -2,-0.2     2,-0.1     1,-0.0     0, 0.0  -0.682  19.4 130.6-157.3 118.3  -17.7   53.0   27.4               
  259  259 A L        +     0   0  164     -2,-0.2    -1,-0.0     1,-0.1     0, 0.0  -0.457  39.5  47.8-177.3 125.7  -15.9   55.2   30.0               
  260  260 A S        +     0   0   96     -2,-0.1    -1,-0.1     2,-0.0     0, 0.0   0.875  48.8  29.1-163.7 149.0  -16.0   58.5   30.6               
  261  261 A T        -     0   0  126      0, 0.0    -2,-0.0     0, 0.0     0, 0.0   0.384  51.2 -12.1 171.4 148.5  -17.1   61.9   31.1               
  262  262 A S        +     0   0  127      0, 0.0    -2,-0.0     0, 0.0     0, 0.0   0.855  57.0  57.9  80.5 123.0  -19.7   64.4   32.4               
  263  263 A G        -     0   0   64      0, 0.0     0, 0.0     0, 0.0     0, 0.0   0.861  44.4-132.1 108.1  57.8  -23.1   65.0   33.6               
  264  264 A S        +     0   0   86      0, 0.0     0, 0.0     0, 0.0     0, 0.0   0.943  29.6 104.1  73.5 137.7  -25.4   64.1   36.3               
  265  265 A Y        +     0   0  210      0, 0.0     0, 0.0     0, 0.0     0, 0.0   0.947  43.6  13.3  94.8 107.7  -28.7   63.0   38.0               
  266  266 A L        -     0   0  159      0, 0.0     0, 0.0     0, 0.0     0, 0.0   0.991  46.2-109.4  78.7  95.5  -30.8   60.2   39.7               
  267  267 A S        +     0   0  111      0, 0.0     0, 0.0     0, 0.0     0, 0.0   0.798  20.2  62.9  72.3 151.9  -30.9   57.0   41.1               
  268  268 A P        +     0   0  129      0, 0.0     0, 0.0     0, 0.0     0, 0.0   0.703  22.2  59.6-138.4 167.5  -31.2   53.9   42.1               
  269  269 A G        -     0   0   68      0, 0.0     0, 0.0     0, 0.0     0, 0.0   0.547  47.9 -46.2 146.5  95.8  -31.3   50.1   42.9               
  270  270 A V        -     0   0  144      0, 0.0     0, 0.0     0, 0.0     0, 0.0   0.933  36.5-140.2  57.6 101.0  -29.1   46.9   43.6               
  271  271 A A        +     0   0   78      0, 0.0     2,-0.0     0, 0.0     0, 0.0   0.644  27.6 163.7  75.0 119.8  -26.3   44.8   42.9               
  272  272 A F        -     0   0  207      2,-0.0     0, 0.0     0, 0.0     0, 0.0   0.255  34.3-141.7-157.2 167.4  -24.2   42.3   42.4               
  273  273 A S        -     0   0   94     -2,-0.0     2,-0.2     0, 0.0     0, 0.0   0.280  36.5-164.9 -66.1 162.0  -20.7   42.0   40.7               
  274  274 A P        -     0   0  134      0, 0.0     2,-0.0     0, 0.0    -2,-0.0  -0.763  48.8-124.5-128.3 145.7  -17.9   40.9   38.9               
  275  275 A C        -     0   0  129     -2,-0.2     2,-0.1     1,-0.1     0, 0.0  -0.205  21.4-115.5 -73.6 157.2  -14.8   43.0   39.8               
  276  276 A H        -     0   0  159      1,-0.1     2,-0.1    -2,-0.0    -1,-0.1  -0.288  24.4 -92.5 -91.1 159.5  -12.4   44.9   37.5               
  277  277 A I        +     0   0  139     -2,-0.1     2,-0.3     0, 0.0    -1,-0.1  -0.448  40.2 177.0 -56.9 137.8   -8.8   45.0   36.4               
  278  278 A Q        -     0   0  186     -2,-0.1     2,-0.0     0, 0.0     0, 0.0  -0.857  14.1-151.8-150.8 130.5   -6.3   47.1   38.3               
  279  279 A Q        +     0   0  166     -2,-0.3     0, 0.0     1,-0.0     0, 0.0  -0.134  51.0  50.2 -54.9 171.4   -2.6   47.5   37.8               
  280  280 A I        +     0   0  172      1,-0.0    -1,-0.0    -2,-0.0     0, 0.0   0.971  38.8 128.1  67.7 116.1    0.1   48.3   40.4               
  281  281 A G        +     0   0   74      2,-0.0     2,-0.4     0, 0.0    -1,-0.0   0.034  15.9 175.1 169.5  76.4    1.2   47.1   43.8               
  282  282 A A        -     0   0  105      0, 0.0     2,-0.4     0, 0.0     0, 0.0  -0.706  13.7-164.8 -69.0 135.4    4.7   46.1   44.7               
  283  283 A V        -     0   0  144     -2,-0.4     2,-0.0     2,-0.0    -2,-0.0  -0.998  15.5-141.8-126.1 126.4    5.1   45.2   48.4               
  284  284 A S        +     0   0  113     -2,-0.4     2,-0.1     0, 0.0     0, 0.0  -0.236  25.6 179.7 -64.1 156.7    8.6   45.0   49.9               
  285  285 A L        -     0   0  169      1,-0.1    -2,-0.0    -2,-0.0     0, 0.0  -0.464  51.6 -42.0-157.3 119.1   10.7   43.2   52.2               
  286  286 A N        +     0   0  162     -2,-0.1    -1,-0.1     1,-0.0     0, 0.0   0.983  67.5  94.8  69.1 119.7   14.4   44.0   52.8               
  287  287 A G        -     0   0   70      0, 0.0    -1,-0.0     0, 0.0     0, 0.0   0.482  51.8-118.3 165.9  -3.9   17.7   45.0   51.3               
  288  288 A L        -     0   0  173      0, 0.0     2,-0.0     0, 0.0     0, 0.0   0.440  31.6-151.3  69.2 156.1   19.2   48.6   50.8               
  289  289 A P        -     0   0  117      0, 0.0     0, 0.0     0, 0.0     0, 0.0   0.002  24.3-175.0-130.3-171.2   20.3   50.8   48.0               
  290  290 A A        -     0   0   85     -2,-0.0     0, 0.0     2,-0.0     0, 0.0   0.700  32.5 -16.7  92.1 132.1   21.8   53.4   45.5               
  291  291 A T        +     0   0  134      1,-0.1     2,-0.3     0, 0.0     0, 0.0   0.804  18.0 158.8-171.9 145.4   21.9   54.9   42.6               
  292  292 A P        -     0   0  118      0, 0.0     2,-0.2     0, 0.0    -1,-0.1  -0.819  13.1-176.5-117.3 163.5   21.4   55.7   38.8               
  293  293 A I        -     0   0  175     -2,-0.3     0, 0.0     1,-0.0     0, 0.0  -0.574  27.4 -62.0 178.4 144.5   21.5   58.8   36.3               
  294  294 A A        -     0   0   85     -2,-0.2     2,-0.2     1,-0.1    -1,-0.0   0.820  15.1-140.3-168.9 162.0   20.8   59.3   33.1               
  295  295 A P        -     0   0  128      0, 0.0     2,-0.2     0, 0.0    -1,-0.1  -0.659  13.6-175.2-110.8 163.9   20.7   59.3   29.2               
  296  296 A A        -     0   0   94     -2,-0.2     0, 0.0     2,-0.0     0, 0.0  -0.598  13.1-134.8 177.2 156.5   20.3   61.5   26.0               
  297  297 A S        +     0   0  123     -2,-0.2     0, 0.0     0, 0.0     0, 0.0   0.571  22.5 144.6 173.4 148.4   20.1   61.4   22.6               
  298  298 A G        -     0   0   60      0, 0.0    -2,-0.0     0, 0.0     0, 0.0   0.535  18.5-130.0 115.1 105.0   20.4   62.0   18.8               
  299  299 A L        +     0   0  158      0, 0.0     0, 0.0     0, 0.0     0, 0.0   0.689  17.5 138.4  66.9 130.0   20.5   61.0   15.4               
  300  300 A H        -     0   0  161      2,-0.0     0, 0.0     0, 0.0     0, 0.0   0.796  24.5 -94.6-178.2 144.2   21.5   60.6   12.2               
  301  301 A S        -     0   0  117      0, 0.0     0, 0.0     0, 0.0     0, 0.0   0.930  23.5-146.7  64.2 139.3   22.2   58.9    8.8               
  302  302 A P        +     0   0  119      0, 0.0    -2,-0.0     0, 0.0     0, 0.0  -0.066  14.6 116.5-104.1-154.7   24.8   57.2    6.4               
  303  303 A P        +     0   0  110      0, 0.0     0, 0.0     0, 0.0     0, 0.0   0.771  14.3  56.0-134.1-164.6   26.4   56.1    3.5               
  304  304 A L        +     0   0  144      2,-0.0     0, 0.0     0, 0.0     0, 0.0   0.590  29.5  59.1 114.5 136.9   28.9   55.4    0.6               
  305  305 A L        +     0   0  159      0, 0.0     0, 0.0     0, 0.0     0, 0.0   0.780  29.6  68.5  72.7 139.4   32.1   54.2   -1.2               
  306  306 A G        -     0   0   55      0, 0.0    -2,-0.0     0, 0.0     0, 0.0   0.838  17.7-164.7-163.5 151.0   34.5   52.2   -2.2               
  307  307 A T        +     0   0  120      0, 0.0     0, 0.0     0, 0.0     0, 0.0   0.725  17.7  73.5  78.6 122.3   36.3   49.5   -3.9               
  308  308 A T        +     0   0  137      0, 0.0     0, 0.0     0, 0.0     0, 0.0   0.818  23.6  47.8  68.3 142.7   39.1   47.1   -4.6               
  309  309 A A        -     0   0   93      0, 0.0     0, 0.0     0, 0.0     0, 0.0   0.836  19.7-137.8-163.8 166.5   41.3   44.5   -4.6               
  310  310 A V        +     0   0  134      1,-0.1     0, 0.0     0, 0.0     0, 0.0   0.236  21.9  66.3 -50.0-173.9   42.8   40.9   -4.4               
  311  311 A P        -     0   0  121      0, 0.0    -1,-0.1     0, 0.0     0, 0.0   0.701  26.5 -46.2-137.1 168.8   45.0   38.6   -3.4               
  312  312 A G        +     0   0   70      1,-0.1     2,-0.1     0, 0.0     0, 0.0   0.796  13.3 149.7  99.0 122.0   47.4   36.0   -1.9               
  313  313 A L        -     0   0  178      2,-0.0    -1,-0.1     0, 0.0     2,-0.1  -0.482  24.5-144.6-174.6 146.6   49.9   34.4    0.3               
  314  314 A V        +     0   0  130     -2,-0.1     0, 0.0     2,-0.0     0, 0.0  -0.318  27.5 125.6 -68.7 148.4   50.8   30.9    1.5               
  315  315 A A        -     0   0   91     -2,-0.1     2,-0.1     2,-0.0    -2,-0.0  -0.079  22.2-159.1 158.9 155.9   52.0   29.0    4.4               
  316  316 A P        -     0   0  118      0, 0.0     2,-0.4     0, 0.0    -2,-0.0  -0.351  15.0-131.7-114.1 174.1   51.3   26.1    6.9               
  317  317 A I        -     0   0  178     -2,-0.1     2,-0.2     2,-0.0    -2,-0.0  -0.994  27.5-164.7-137.7 136.5   51.9   24.4   10.2               
  318  318 A T        +     0   0  125     -2,-0.4     2,-0.1     2,-0.0     0, 0.0  -0.561  22.1 166.2 -97.7 154.8   52.7   20.7   10.7               
  319  319 A N        +     0   0  166     -2,-0.2     2,-0.1     2,-0.0    -2,-0.0  -0.405  23.3 153.9-166.0 125.1   52.9   18.0   13.2               
  320  320 A G        -     0   0   70     -2,-0.1     2,-0.2     0, 0.0    -2,-0.0  -0.433  29.8-144.3-109.0-176.4   53.2   14.3   12.3               
  321  321 A F        -     0   0  217     -2,-0.1    -2,-0.0     0, 0.0     0, 0.0  -0.814  33.6-103.1-160.3 156.2   54.4   10.9   13.4               
  322  322 A A        +     0   0   81     -2,-0.2     0, 0.0     1,-0.0     0, 0.0   0.091  46.8 133.5 -81.4 164.7   55.9    8.1   11.3               
  323  323 A G        -     0   0   77      0, 0.0    -1,-0.0     0, 0.0     2,-0.0   0.353  35.5-178.8 160.5  63.0   55.5    4.8    9.5               
  324  324 A V        +     0   0  133      2,-0.0    -2,-0.0     0, 0.0     0, 0.0  -0.234  20.4 105.5 -61.3 151.2   56.9    4.4    5.9               
  325  325 A V        -     0   0  128     -2,-0.0     0, 0.0     0, 0.0     0, 0.0   0.447  39.2 -79.1-176.1 177.3   57.3    2.2    3.1               
  326  326 A P        -     0   0   98      0, 0.0    -2,-0.0     0, 0.0     0, 0.0   0.094  14.7-121.5-131.2 168.4   55.9    1.6   -0.2               
  327  327 A F        +     0   0  199      0, 0.0     0, 0.0     0, 0.0     0, 0.0   0.723   7.7 166.1  19.4 173.9   54.3    1.0   -3.7               
  328  328 A P        -     0   0  119      0, 0.0     0, 0.0     0, 0.0     0, 0.0   0.772   7.2 -32.2-141.7 176.6   53.6    0.1   -6.8               
  329  329 A G        +     0   0   82      0, 0.0     0, 0.0     0, 0.0     0, 0.0   0.731  27.1  65.6 124.3 125.2   52.2   -0.7  -10.2               
  330  330 A G        -     0   0   72      2,-0.0     0, 0.0     0, 0.0     0, 0.0   0.925  29.1-138.1 122.8  74.3   50.4   -1.8  -13.3               
  331  331 A H        -     0   0  188      1,-0.1     2,-0.0     2,-0.0     0, 0.0   0.873  19.8-105.1  42.2 160.7   47.5   -0.9  -15.5               
  332  332 A P        +     0   0  109      0, 0.0    -1,-0.1     0, 0.0    -2,-0.0   0.035  28.3  80.3-122.7-175.3   44.6   -2.2  -17.5               
  333  333 A A        +     0   0   87      1,-0.0     2,-0.1    -2,-0.0    -2,-0.0   0.973  17.0 117.7  71.9 116.5   42.1   -3.4  -20.2               
  334  334 A L        -     0   0  148      0, 0.0    -1,-0.0     0, 0.0     0, 0.0  -0.173  31.4 -89.9 179.2 145.2   40.6   -5.7  -22.6               
  335  335 A E        -     0   0  161     -2,-0.1     0, 0.0     0, 0.0     0, 0.0   0.660  26.7 -23.4  24.8 153.5   37.6   -7.7  -23.7               
  336  336 A T        +     0   0  102      0, 0.0     0, 0.0     0, 0.0     0, 0.0   0.948  24.2 101.2 178.8 162.0   35.4  -10.3  -24.1               
  337  337 A V        -     0   0  116      0, 0.0     0, 0.0     0, 0.0     0, 0.0   0.896  26.8-121.0  99.1 105.2   33.5  -13.6  -24.5               
  338  338 A Y        +     0   0  221      0, 0.0     2,-0.1     0, 0.0     0, 0.0   0.401  16.9 170.5  21.0 132.3   31.2  -16.2  -23.1               
  339  339 A A        -     0   0  104      2,-0.0     2,-0.0     0, 0.0     0, 0.0  -0.417  17.2-142.5-176.9 149.2   30.8  -19.7  -22.1               
  340  340 A N        +     0   0  170     -2,-0.1     2,-0.0     0, 0.0     0, 0.0  -0.180  16.9 167.2 -71.4 161.6   28.1  -21.8  -20.3               
  341  341 A G        -     0   0   67     -2,-0.0    -2,-0.0     2,-0.0     0, 0.0  -0.077  11.6-168.7 164.3  96.1   27.9  -24.8  -17.9               
  342  342 A L        +     0   0  169     -2,-0.0     0, 0.0     0, 0.0     0, 0.0   0.305  17.2 149.4  40.9 126.2   25.3  -26.3  -15.9               
  343  343 A V        -     0   0  135      2,-0.0    -2,-0.0     0, 0.0     0, 0.0   0.142  29.3-107.7-167.1-174.1   24.5  -28.5  -13.4               
  344  344 A P        -     0   0  114      0, 0.0     0, 0.0     0, 0.0     0, 0.0   0.197   5.3-128.5-119.1 175.5   21.9  -28.9  -10.7               
  345  345 A Y        -     0   0  220      2,-0.0     2,-0.2     0, 0.0    -2,-0.0  -0.326   9.7-163.4 -68.0 165.2   20.0  -29.1   -7.3               
  346  346 A P        -     0   0  124      0, 0.0     2,-0.2     0, 0.0     0, 0.0  -0.721  13.8-148.7-140.4 155.9   17.9  -31.3   -5.6               
  347  347 A A        -     0   0   86     -2,-0.2     2,-0.2     2,-0.0    -2,-0.0  -0.475  10.7-174.5 -75.9 153.5   15.6  -30.4   -2.6               
  348  348 A Q        +     0   0  203     -2,-0.2     0, 0.0     0, 0.0     0, 0.0  -0.779  20.1 146.3-151.0 118.4   14.5  -32.4    0.4               
  349  349 A S        +     0   0  111     -2,-0.2     2,-0.0     1,-0.0    -2,-0.0  -0.835   6.3 131.7-123.2 161.0   12.0  -31.2    3.0               
  350  350 A P        -     0   0  112      0, 0.0    -1,-0.0     0, 0.0     0, 0.0   0.150  24.4 -49.6-159.0-175.9    9.6  -32.0    5.1               
  351  351 A T        +     0   0  115     -2,-0.0     0, 0.0     0, 0.0     0, 0.0   0.896  31.2  68.2  82.2 140.0    7.6  -32.2    8.4               
  352  352 A V        +     0   0  140      0, 0.0     0, 0.0     0, 0.0     0, 0.0   0.845  28.4  52.4  62.7 142.2    6.6  -32.7   12.1               
  353  353 A A        -     0   0   84      0, 0.0     0, 0.0     0, 0.0     0, 0.0   0.867  19.4-151.6-161.7 140.7    6.5  -32.1   15.5               
  354  354 A E        +     0   0  183      0, 0.0     2,-0.0     0, 0.0     0, 0.0   0.313  16.2 155.2  54.4 103.2    5.9  -30.5   18.7               
  355  355 A T        -     0   0  126      2,-0.0     0, 0.0     0, 0.0     0, 0.0  -0.023  22.5-123.4 178.5 119.5    6.9  -30.4   22.3               
  356  356 A L        +     0   0  135      2,-0.0     0, 0.0    -2,-0.0     0, 0.0   0.470  30.3 109.6  35.7 115.9    7.1  -28.1   25.3               
  357  357 A H        -     0   0  165      0, 0.0     2,-0.2     0, 0.0    -2,-0.0   0.331  13.5-177.2 157.4 145.8    8.8  -26.5   27.9               
  358  358 A P        -     0   0  121      0, 0.0     2,-0.2     0, 0.0    -2,-0.0  -0.702  16.2-163.9-105.8 159.6   10.3  -23.3   29.8               
  359  359 A A        -     0   0   91     -2,-0.2     0, 0.0     1,-0.1     0, 0.0  -0.849  14.3 -92.0-160.4 117.9   12.3  -22.7   33.0               
  360  360 A F        +     0   0  202     -2,-0.2    -1,-0.1     0, 0.0     0, 0.0   0.809  29.7 139.0  71.6 130.6   13.3  -20.2   35.4               
  361  361 A S        +     0   0  110      0, 0.0    -2,-0.0     0, 0.0     0, 0.0   0.835  28.9  97.7-166.5 165.7   14.8  -17.8   37.3               
  362  362 A G        -     0   0   62      0, 0.0     0, 0.0     0, 0.0     0, 0.0   0.849  19.1-165.4 170.9 167.7   14.3  -15.0   39.1               
  363  363 A V        +     0   0  137      0, 0.0     0, 0.0     0, 0.0     0, 0.0   0.902  21.1  54.4  57.2 138.0   13.8  -12.3   41.8               
  364  364 A Q        -     0   0  155      0, 0.0     0, 0.0     0, 0.0     0, 0.0   0.817  20.3-159.4-158.3 149.0   13.1   -9.4   43.4               
  365  365 A Q        +     0   0  133      0, 0.0     2,-0.0     0, 0.0     0, 0.0   0.479  13.5 149.0  15.9 138.1   11.0   -6.3   44.4               
  366  366 A Y        -     0   0  204      0, 0.0     0, 0.0     0, 0.0     0, 0.0   0.262  22.8-132.5-171.1 163.3   10.6   -3.1   45.6               
  367  367 A T        -     0   0  126      1,-0.0     0, 0.0    -2,-0.0     0, 0.0  -0.033  30.3  -9.3 -60.7 148.5    8.3    0.0   45.4               
  368  368 A A        +     0   0   83      0, 0.0    -1,-0.0     0, 0.0     2,-0.0   0.971  30.8 112.5  61.8 127.2    8.2    3.9   45.1               
  369  369 A M        -     0   0  186      0, 0.0     0, 0.0     0, 0.0     0, 0.0   0.249  29.1-134.1 166.4 137.5    9.0    7.3   44.9               
  370  370 A Y        +     0   0  228      1,-0.0     0, 0.0    -2,-0.0     0, 0.0  -0.202  26.9  55.6 -70.2-176.2    9.2   10.4   42.5               
  371  371 A P        +     0   0  109      0, 0.0    -1,-0.0     0, 0.0     0, 0.0   0.850  28.6  51.4-129.6-177.8   10.8   13.1   41.4               
  372  372 A T        -     0   0  128      0, 0.0     0, 0.0     0, 0.0     0, 0.0   0.543  39.1 -27.5 125.6 125.3   13.2   15.7   39.8               
  373  373 A A        -     0   0   87      0, 0.0     0, 0.0     0, 0.0     0, 0.0   0.966  41.9 -44.7  60.0 118.9   15.6   17.1   37.3               
  374  374 A A        +     0   0   90      1,-0.0     2,-0.1     0, 0.0     0, 0.0   0.895  25.1 145.1  59.6 117.5   18.0   16.9   34.5               
  375  375 A I        -     0   0  165      2,-0.0    -1,-0.0     0, 0.0     0, 0.0  -0.186  32.0-152.4-168.4 131.0   20.8   15.9   32.6               
  376  376 A T        -     0   0  119     -2,-0.1     2,-0.3     2,-0.0     0, 0.0  -0.294  14.6-160.7 -56.0 148.7   20.9   15.8   28.8               
  377  377 A P        -     0   0  123      0, 0.0     2,-0.5     0, 0.0    -2,-0.0  -0.961  27.5-133.4-122.2 135.6   22.7   13.9   26.2               
  378  378 A I        +     0   0  148     -2,-0.3     2,-0.2     1,-0.0    -2,-0.0  -0.613  30.8 171.2 -69.0 115.5   22.6   15.7   22.9               
  379  379 A A        -     0   0   93     -2,-0.5    -1,-0.0     0, 0.0     0, 0.0  -0.695  33.9-115.4-141.7  84.8   21.7   13.3   20.0               
  380  380 A H        -     0   0  162     -2,-0.2     2,-0.2     1,-0.2    -2,-0.0   0.349  20.9-110.9  14.0 110.8   21.0   15.0   16.7               
  381  381 A S        -     0   0  117      1,-0.0    -1,-0.2     2,-0.0     0, 0.0  -0.398  22.8-159.3 -49.9 125.6   17.8   15.1   14.8               
  382  382 A V        -     0   0  128     -2,-0.2     2,-0.4     2,-0.0    -1,-0.0  -0.986  19.1-133.7-109.9 122.7   17.6   13.2   11.5               
  383  383 A P        -     0   0  120      0, 0.0    -2,-0.0     0, 0.0     0, 0.0  -0.642  13.7-145.6 -75.9 123.4   14.8   14.5    9.2               
  384  384 A Q        -     0   0  189     -2,-0.4    -2,-0.0     1,-0.0     0, 0.0  -0.800  22.2-123.5 -89.6 134.0   12.6   11.7    7.7               
  385  385 A P        -     0   0  111      0, 0.0     3,-0.1     0, 0.0    -1,-0.0  -0.308  25.0 -94.5 -82.9 157.1   11.4   12.5    4.1               
  386  386 A P        -     0   0  109      0, 0.0     2,-0.2     0, 0.0     0, 0.0  -0.294  53.6 -86.9 -66.5 152.0    7.8   12.6    2.8               
  387  387 A P        -     0   0  120      0, 0.0     2,-2.1     0, 0.0     0, 0.0  -0.415  46.8-105.3 -68.3 132.0    6.3    9.5    1.1               
  388  388 A L        -     0   0  164     -2,-0.2     2,-0.6    -3,-0.1     0, 0.0  -0.368  37.0-178.9 -62.1  76.2    7.1    9.1   -2.6               
  389  389 A L        -     0   0  152     -2,-2.1     2,-0.1     1,-0.1     3,-0.0  -0.773  60.1 -91.1 -54.4 117.3    3.9    9.9   -4.4               
  390  390 A Q        -     0   0  117     -2,-0.6     2,-0.7     1,-0.2    -1,-0.1  -0.318  56.9-109.6 -34.0  97.9    5.3    9.4   -7.9               
  391  391 A Q        -     0   0   90     38,-0.1     2,-0.6    -2,-0.1    -1,-0.2  -0.362  23.0-149.3 -60.4  99.3    6.3   13.1   -8.1               
  392  392 A Q        -     0   0  142     -2,-0.7     2,-0.8     1,-0.1    -1,-0.1  -0.714  44.0-105.7 -54.8 107.1    3.9   14.6  -10.6               
  393  393 A Q        -     0   0   64     -2,-0.6     2,-1.2     1,-0.1    -1,-0.1  -0.422  38.2-153.6 -53.6  95.0    6.7   17.0  -11.6               
  394  394 A R        -     0   0  192     -2,-0.8     2,-0.2    33,-0.2    53,-0.1  -0.744  12.2-150.2 -81.0  97.4    5.1   20.0   -9.8               
  395  395 A E        -     0   0  100     -2,-1.2     3,-0.1     1,-0.1     6,-0.1  -0.563   8.5-129.9 -70.1 135.7    6.6   22.7  -11.9               
  396  396 A G        -     0   0   10     -2,-0.2     5,-0.1     1,-0.2    53,-0.1  -0.217  44.4 -64.6 -70.0 175.7    7.1   26.0  -10.1               
  397  397 A P  S >  S-     0   0   73      0, 0.0     3,-2.2     0, 0.0     4,-0.4  -0.054  75.0 -68.5 -52.8 162.9    5.9   29.3  -11.6               
  398  398 A E  T 3  S+     0   0  178      1,-0.3     0, 0.0     2,-0.2     0, 0.0  -0.249 127.7  25.1 -53.5 140.7    7.4   30.7  -14.8               
  399  399 A G  T 3  S+     0   0   33     77,-0.3    -1,-0.3     2,-0.1    56,-0.1   0.375 106.4  83.9  77.7  -2.9   11.0   31.7  -14.2               
  400  400 A C    <   +     0   0    0     -3,-2.2    48,-2.7    -4,-0.1     2,-0.5   0.508  66.7  92.6-103.8  -9.7   11.3   29.2  -11.3               
  401  401 A N  E     -G  447   0C  17     -4,-0.4    75,-3.1    46,-0.2     2,-0.3  -0.796  58.0-163.3 -96.3 121.9   12.1   26.0  -13.3               
  402  402 A L  E     -GH 446 475C   0     44,-3.5    44,-1.6    -2,-0.5     2,-0.5  -0.771  10.9-152.5-103.1 147.1   15.8   25.1  -13.9               
  403  403 A F  E     -GH 445 474C  41     71,-3.2    71,-2.3    -2,-0.3     2,-0.4  -0.988  16.8-165.2-118.6 123.6   17.3   22.7  -16.4               
  404  404 A I  E     -GH 444 473C   0     40,-2.9    40,-2.4    -2,-0.5     2,-0.3  -0.949   6.3-175.8-119.1 126.6   20.6   21.1  -15.3               
  405  405 A Y  E     +GH 443 472C  90     67,-2.4    67,-2.0    -2,-0.4    38,-0.2  -0.800  58.9  37.2-116.0 164.6   23.1   19.3  -17.5               
  406  406 A H        +     0   0   98     36,-1.1    37,-0.2    -2,-0.3    -1,-0.1   0.728  69.5 166.9  63.3  31.4   26.4   17.4  -17.0               
  407  407 A L        -     0   0    0     35,-1.9    -1,-0.2    -3,-0.2    63,-0.1  -0.401  46.8 -96.6 -59.1 144.2   25.3   15.9  -13.7               
  408  408 A P    >   -     0   0    9      0, 0.0     3,-1.2     0, 0.0    34,-0.2  -0.289  31.2-118.3 -56.1 152.3   27.6   13.1  -12.5               
  409  409 A Q  T 3  S+     0   0   94      1,-0.3    31,-0.6    -3,-0.1    33,-0.1   0.806 114.8  57.3 -70.2 -26.4   26.3    9.6  -13.4               
  410  410 A E  T 3  S+     0   0  148     29,-0.1     2,-0.5     2,-0.0    -1,-0.3   0.468  83.6 108.0 -78.1  -9.1   26.1    8.8   -9.7               
  411  411 A F    <   +     0   0   35     -3,-1.2    31,-0.2     4,-0.1     2,-0.1  -0.656  45.1 175.5 -79.8 124.6   23.8   11.8   -9.0               
  412  412 A G     >  -     0   0   22     -2,-0.5     4,-2.2    28,-0.1     5,-0.2  -0.353  51.7 -76.9-105.9-169.8   20.1   11.0   -8.3               
  413  413 A D  H  > S+     0   0   63      1,-0.2     4,-2.1     2,-0.2     5,-0.1   0.867 128.9  53.7 -58.7 -38.0   17.1   13.1   -7.2               
  414  414 A T  H  > S+     0   0   89      2,-0.2     4,-2.7     1,-0.2    -1,-0.2   0.940 109.7  45.0 -65.3 -48.8   18.4   13.3   -3.6               
  415  415 A E  H  > S+     0   0   73      1,-0.2     4,-2.2     2,-0.2    -2,-0.2   0.898 113.2  51.4 -66.1 -40.4   21.9   14.6   -4.5               
  416  416 A L  H  X S+     0   0    0     -4,-2.2     4,-1.3     2,-0.2    -1,-0.2   0.905 111.8  48.0 -61.4 -41.6   20.3   17.1   -7.0               
  417  417 A T  H >X S+     0   0   38     -4,-2.1     4,-1.9    -5,-0.2     3,-0.5   0.958 111.9  48.0 -63.7 -51.3   17.9   18.3   -4.2               
  418  418 A Q  H 3< S+     0   0  136     -4,-2.7    -2,-0.2     1,-0.2    -1,-0.2   0.872 110.2  53.0 -58.8 -39.8   20.7   18.7   -1.6               
  419  419 A M  H 3< S+     0   0   38     -4,-2.2    -1,-0.2     1,-0.2    -2,-0.2   0.816 118.1  35.0 -65.5 -33.9   22.9   20.6   -4.0               
  420  420 A F  H X< S+     0   0    0     -4,-1.3     3,-1.6    -3,-0.5     4,-0.5   0.597  92.5  90.3-100.1 -13.2   20.1   23.2   -4.8               
  421  421 A L  G >< S+     0   0  100     -4,-1.9     3,-1.2     1,-0.3    -1,-0.1   0.812  78.1  63.9 -53.8 -37.1   18.5   23.4   -1.4               
  422  422 A P  G 3  S+     0   0  105      0, 0.0    -1,-0.3     0, 0.0    -2,-0.1   0.696  97.8  57.0 -64.3 -19.2   20.8   26.3   -0.2               
  423  423 A F  G <  S-     0   0   48     -3,-1.6     2,-0.3     1,-0.3    -2,-0.2   0.644 122.2 -64.6 -86.6 -16.9   19.3   28.7   -2.9               
  424  424 A G  S <  S-     0   0   22     -3,-1.2     2,-0.5    -4,-0.5    -1,-0.3  -0.940  73.6 -31.9 157.8-176.0   15.7   28.3   -1.8               
  425  425 A N        -     0   0   99     -2,-0.3    24,-1.7    -3,-0.1     2,-0.6  -0.566  54.6-143.4 -76.1 120.5   12.6   26.1   -1.3               
  426  426 A I  E     -I  448   0C  24     -2,-0.5    22,-0.3    22,-0.2     3,-0.1  -0.766  18.6-175.5 -90.4 120.5   12.4   23.3   -3.9               
  427  427 A I  E    S-     0   0C  61     20,-2.5     2,-0.3    -2,-0.6   -33,-0.2   0.860  76.3  -4.7 -74.9 -43.6    8.9   22.4   -5.2               
  428  428 A S  E     -I  447   0C   5     19,-1.5    19,-3.3   -35,-0.1     2,-0.3  -0.988  56.8-174.5-154.4 148.8   10.3   19.5   -7.3               
  429  429 A S  E     +I  446   0C   7     -2,-0.3     2,-0.3    17,-0.2    17,-0.2  -0.995  12.9 172.8-143.3 135.1   13.7   18.0   -8.3               
  430  430 A K  E     -I  445   0C  72     15,-2.6    15,-2.4    -2,-0.3     2,-0.4  -0.876  20.2-158.3-153.6 123.8   14.2   15.1  -10.8               
  431  431 A V  E     -I  444   0C   4     -2,-0.3     2,-0.6    13,-0.3    13,-0.3  -0.767  27.8-129.8 -90.9 134.8   17.2   13.4  -12.5               
  432  432 A F  E     -     0   0C  59     11,-2.7     9,-2.9    -2,-0.4    11,-0.5  -0.802  23.9-163.3 -93.1 125.4   16.4   11.6  -15.7               
  433  433 A M  E     -I  440   0C 112     -2,-0.6     2,-0.6     7,-0.3     7,-0.3  -0.758  26.2-111.9-104.6 147.1   17.6    8.0  -16.0               
  434  434 A D     >  -     0   0   56      5,-3.5     4,-1.9    -2,-0.3     5,-0.4  -0.715  24.3-151.5 -72.7 119.9   18.0    5.8  -19.1               
  435  435 A R  T  4 S+     0   0  122     -2,-0.6    -1,-0.1     1,-0.2    -2,-0.0   0.656  91.0  51.9 -73.0 -20.2   15.3    3.1  -18.6               
  436  436 A A  T  4 S+     0   0   88      3,-0.1    -1,-0.2     1,-0.1    -2,-0.0   0.885 125.3  22.4 -80.7 -43.0   17.3    0.4  -20.7               
  437  437 A T  T  4 S-     0   0   76      2,-0.2    -2,-0.2     0, 0.0     3,-0.1   0.541  93.2-129.6-100.6 -11.7   20.6    0.7  -18.7               
  438  438 A N     <  +     0   0  131     -4,-1.9     2,-0.3     1,-0.2    -3,-0.2   0.691  65.7 136.4  54.5  25.0   19.3    2.2  -15.4               
  439  439 A Q        -     0   0   90     -5,-0.4    -5,-3.5     1,-0.1    -1,-0.2  -0.740  63.9-101.3 -96.8 146.3   22.1    4.8  -15.9               
  440  440 A S  E     - I   0 433C  15    -31,-0.6    -7,-0.3    -2,-0.3    -1,-0.1  -0.440  16.5-142.5 -61.0 133.0   21.7    8.6  -15.3               
  441  441 A K  E     -     0   0C 116     -9,-2.9   -35,-0.2     2,-0.2    -1,-0.1   0.368  43.4-118.1 -72.5   5.1   21.2   10.6  -18.5               
  442  442 A C  E    S+     0   0C  25    -10,-0.2   -35,-1.9     1,-0.2   -36,-1.1   0.718  82.8  94.0  61.5  26.0   23.3   13.2  -16.7               
  443  443 A F  E     +G  405   0C  43    -11,-0.5   -11,-2.7   -38,-0.2     2,-0.3  -0.988  44.0 160.9-141.4 155.2   20.5   15.8  -16.7               
  444  444 A G  E     -GI 404 431C   0    -40,-2.4   -40,-2.9    -2,-0.3     2,-0.4  -0.942  28.9-116.5-158.2 175.9   17.7   16.9  -14.4               
  445  445 A F  E     -GI 403 430C  33    -15,-2.4   -15,-2.6    -2,-0.3     2,-0.4  -0.960  15.2-168.4-123.1 144.7   15.2   19.6  -13.4               
  446  446 A V  E     -GI 402 429C   0    -44,-1.6   -44,-3.5    -2,-0.4     2,-0.5  -0.996   6.9-163.4-131.0 126.1   14.8   21.7  -10.2               
  447  447 A S  E     -GI 401 428C   4    -19,-3.3   -20,-2.5    -2,-0.4   -19,-1.5  -0.957   6.4-163.2-112.0 119.1   11.7   23.8   -9.6               
  448  448 A F  E     - I   0 426C   0    -48,-2.7   -22,-0.2    -2,-0.5   -48,-0.1  -0.515  27.2-125.9 -88.6 164.2   11.8   26.6   -7.0               
  449  449 A D  S    S+     0   0   67    -24,-1.7   -23,-0.1    -2,-0.2    -1,-0.1   0.608  96.0  34.9 -80.7 -12.9    8.8   28.3   -5.4               
  450  450 A N  S  > S-     0   0   49    -25,-0.3     4,-1.3   -50,-0.2     3,-0.1  -0.987  73.9-130.5-144.0 150.2   10.2   31.7   -6.4               
  451  451 A P  H  > S+     0   0   72      0, 0.0     4,-2.2     0, 0.0     5,-0.2   0.762 103.8  64.0 -74.6 -23.8   12.2   33.2   -9.3               
  452  452 A A  H  > S+     0   0   68      2,-0.2     4,-2.6     1,-0.2     5,-0.2   0.941 103.7  47.6 -65.9 -43.7   14.8   34.9   -7.1               
  453  453 A S  H  > S+     0   0   15      2,-0.2     4,-2.5     1,-0.2    -1,-0.2   0.893 110.6  52.8 -60.4 -41.3   16.0   31.5   -5.8               
  454  454 A A  H  X S+     0   0    0     -4,-1.3     4,-2.0     2,-0.2    -2,-0.2   0.915 111.6  45.2 -63.2 -42.2   16.1   30.1   -9.4               
  455  455 A Q  H  X S+     0   0   81     -4,-2.2     4,-2.6     2,-0.2    -2,-0.2   0.922 112.4  50.8 -67.6 -43.2   18.4   33.1  -10.5               
  456  456 A A  H  X S+     0   0   41     -4,-2.6     4,-2.1     1,-0.2     5,-0.2   0.926 110.6  50.1 -59.5 -43.6   20.6   32.8   -7.4               
  457  457 A A  H  X S+     0   0    0     -4,-2.5     4,-2.7     2,-0.2     5,-0.4   0.897 110.9  49.0 -61.9 -42.0   21.0   29.1   -8.2               
  458  458 A I  H  X S+     0   0   27     -4,-2.0     4,-2.0     2,-0.2    -2,-0.2   0.945 111.6  49.1 -62.0 -47.8   21.9   29.9  -11.8               
  459  459 A Q  H  < S+     0   0  161     -4,-2.6    -2,-0.2     1,-0.2    -1,-0.2   0.850 122.0  33.6 -62.6 -36.1   24.5   32.5  -10.8               
  460  460 A A  H  < S+     0   0   54     -4,-2.1    -2,-0.2    -5,-0.2    -1,-0.2   0.843 127.6  33.6 -86.9 -39.2   26.2   30.2   -8.3               
  461  461 A M  H >< S+     0   0   16     -4,-2.7     3,-2.0    -5,-0.2     2,-0.5   0.655  87.2  99.9-101.5 -20.0   25.8   26.7   -9.9               
  462  462 A N  T 3< S+     0   0   77     -4,-2.0    10,-0.2    -5,-0.4   -58,-0.0  -0.584 100.9  13.5 -68.2 121.0   26.1   27.5  -13.6               
  463  463 A G  T 3  S+     0   0   25      8,-2.7    -1,-0.3    -2,-0.5     2,-0.2   0.449  90.3 154.3  87.6   3.2   29.7   26.6  -14.5               
  464  464 A F    <   -     0   0   95     -3,-2.0     7,-2.9     7,-0.2     2,-0.5  -0.430  41.5-130.4 -65.6 130.3   30.3   24.7  -11.1               
  465  465 A Q  E     +J  470   0D 117      5,-0.2     2,-0.4    -2,-0.2     5,-0.2  -0.764  28.5 176.3 -89.0 124.3   33.0   22.1  -11.5               
  466  466 A I  E >   -J  469   0D  32      3,-2.6     3,-2.2    -2,-0.5     2,-0.2  -0.980  64.1 -49.0-130.2 113.5   32.2   18.5  -10.3               
  467  467 A G  T 3  S-     0   0   66     -2,-0.4    -2,-0.0     1,-0.3     0, 0.0  -0.422 122.4 -22.8  57.0-121.5   34.9   15.9  -10.9               
  468  468 A M  T 3  S+     0   0  195     -2,-0.2    -1,-0.3    -3,-0.1     2,-0.3   0.341 126.6  79.9 -94.0   0.3   35.9   16.2  -14.6               
  469  469 A K  E <   -J  466   0D  93     -3,-2.2    -3,-2.6   -63,-0.1     2,-0.5  -0.735  67.0-139.7-112.3 159.0   32.6   17.9  -15.6               
  470  470 A R  E     -J  465   0D 137     -2,-0.3    -5,-0.2    -5,-0.2    -6,-0.1  -0.987  25.3-124.1-120.2 121.6   31.1   21.4  -15.4               
  471  471 A L        -     0   0    3     -7,-2.9    -8,-2.7    -2,-0.5     2,-0.5  -0.337  15.7-153.4 -61.3 138.8   27.4   21.9  -14.5               
  472  472 A K  E     -H  405   0C 102    -67,-2.0   -67,-2.4   -10,-0.2     2,-0.5  -0.961  15.3-175.8-116.8 110.8   25.3   23.8  -17.0               
  473  473 A V  E     +H  404   0C   1     -2,-0.5     2,-0.3   -69,-0.2   -69,-0.2  -0.931  13.4 155.5-113.3 121.7   22.3   25.4  -15.2               
  474  474 A Q  E     -H  403   0C  68    -71,-2.3   -71,-3.2    -2,-0.5     2,-0.2  -0.953  48.2 -87.8-137.8 159.5   19.7   27.3  -17.3               
  475  475 A L  E     -H  402   0C  71     -2,-0.3   -73,-0.3   -73,-0.2     2,-0.3  -0.498  51.0-109.8 -62.3 135.4   16.1   28.4  -17.1               
  476  476 A K        -     0   0   52    -75,-3.1   -77,-0.3    -2,-0.2   -75,-0.2  -0.532  35.2-116.8 -63.2 129.7   13.7   25.7  -18.4               
  477  477 A R        -     0   0  212     -2,-0.3    -1,-0.1     1,-0.1    -3,-0.0  -0.518  33.3-103.3 -66.3 137.0   12.2   26.8  -21.8               
  478  478 A P        -     0   0  107      0, 0.0     2,-1.1     0, 0.0    -1,-0.1  -0.356  35.9-118.9 -56.6 136.8    8.4   27.2  -21.6               
  479  479 A K        -     0   0  185     -3,-0.1    -3,-0.0     2,-0.0    -2,-0.0  -0.781  23.2-143.8 -83.3 100.7    6.9   24.2  -23.4               
  480  480 A D    >   -     0   0  130     -2,-1.1     3,-1.0     1,-0.1    -3,-0.0  -0.494   9.5-137.5 -57.9 128.4    4.9   25.7  -26.3               
  481  481 A P  T 3  S+     0   0  136      0, 0.0    -1,-0.1     0, 0.0    -2,-0.0   0.487  90.7  77.1 -67.8  -0.6    1.7   23.5  -26.7               
  482  482 A G  T 3  S+     0   0   56      1,-0.2    -2,-0.0     2,-0.0    -3,-0.0   0.386  81.0  62.7 -98.8  -0.1    2.2   23.6  -30.5               
  483  483 A H    <   -     0   0  171     -3,-1.0     2,-0.3     2,-0.0    -1,-0.2  -0.850  55.2-169.2-132.1 100.0    5.1   21.1  -31.2               
  484  484 A P              0   0  124      0, 0.0    -2,-0.0     0, 0.0     0, 0.0  -0.671 360.0 360.0 -70.2 137.9    4.8   17.3  -30.4               
  485  485 A Y              0   0  302     -2,-0.3    -2,-0.0     0, 0.0     0, 0.0  -0.358 360.0 360.0 -58.6 360.0    8.3   15.7  -30.8               
