==== Secondary Structure Definition by the program DSSP, CMBI version 2.0                          ==== DATE=2026-03-08        .
REFERENCE W. KABSCH AND C.SANDER, BIOPOLYMERS 22 (1983) 2577-2637                                                              .
HEADER                                            01-AUG-25                                                                    .
COMPND    MOL_ID: 1; MOLECULE: SPLICING FACTOR U2AF 26 KDA SUBUNIT; CHAIN: A                                                   .
SOURCE    MOL_ID: 1; ORGANISM_SCIENTIFIC: HOMO SAPIENS; ORGANISM_TAXID: 9606                                                   .
AUTHOR                                                                                                                         .
  220  1  0  0  0 TOTAL NUMBER OF RESIDUES, NUMBER OF CHAINS, NUMBER OF SS-BRIDGES(TOTAL,INTRACHAIN,INTERCHAIN)                .
 16949.8   ACCESSIBLE SURFACE OF PROTEIN (ANGSTROM**2)                                                                         .
  136 61.8   TOTAL NUMBER OF HYDROGEN BONDS OF TYPE O(I)-->H-N(J)  , SAME NUMBER PER 100 RESIDUES                              .
    4  1.8   TOTAL NUMBER OF HYDROGEN BONDS IN     PARALLEL BRIDGES, SAME NUMBER PER 100 RESIDUES                              .
   24 10.9   TOTAL NUMBER OF HYDROGEN BONDS IN ANTIPARALLEL BRIDGES, SAME NUMBER PER 100 RESIDUES                              .
    0  0.0   TOTAL NUMBER OF HYDROGEN BONDS OF TYPE O(I)-->H-N(I-5), SAME NUMBER PER 100 RESIDUES                              .
    1  0.5   TOTAL NUMBER OF HYDROGEN BONDS OF TYPE O(I)-->H-N(I-4), SAME NUMBER PER 100 RESIDUES                              .
    1  0.5   TOTAL NUMBER OF HYDROGEN BONDS OF TYPE O(I)-->H-N(I-3), SAME NUMBER PER 100 RESIDUES                              .
    0  0.0   TOTAL NUMBER OF HYDROGEN BONDS OF TYPE O(I)-->H-N(I-2), SAME NUMBER PER 100 RESIDUES                              .
    0  0.0   TOTAL NUMBER OF HYDROGEN BONDS OF TYPE O(I)-->H-N(I-1), SAME NUMBER PER 100 RESIDUES                              .
    0  0.0   TOTAL NUMBER OF HYDROGEN BONDS OF TYPE O(I)-->H-N(I+0), SAME NUMBER PER 100 RESIDUES                              .
    0  0.0   TOTAL NUMBER OF HYDROGEN BONDS OF TYPE O(I)-->H-N(I+1), SAME NUMBER PER 100 RESIDUES                              .
   29 13.2   TOTAL NUMBER OF HYDROGEN BONDS OF TYPE O(I)-->H-N(I+2), SAME NUMBER PER 100 RESIDUES                              .
   21  9.5   TOTAL NUMBER OF HYDROGEN BONDS OF TYPE O(I)-->H-N(I+3), SAME NUMBER PER 100 RESIDUES                              .
   51 23.2   TOTAL NUMBER OF HYDROGEN BONDS OF TYPE O(I)-->H-N(I+4), SAME NUMBER PER 100 RESIDUES                              .
    3  1.4   TOTAL NUMBER OF HYDROGEN BONDS OF TYPE O(I)-->H-N(I+5), SAME NUMBER PER 100 RESIDUES                              .
  1  2  3  4  5  6  7  8  9 10 11 12 13 14 15 16 17 18 19 20 21 22 23 24 25 26 27 28 29 30     *** HISTOGRAMS OF ***           .
  0  0  0  3  0  1  1  1  0  0  1  0  0  0  0  0  0  0  0  0  0  1  0  0  0  0  0  0  0  0    RESIDUES PER ALPHA HELIX         .
  2  0  0  0  0  0  0  0  0  0  0  0  0  0  0  0  0  0  0  0  0  0  0  0  0  0  0  0  0  0    PARALLEL BRIDGES PER LADDER      .
  2  1  0  2  1  0  0  0  0  0  0  0  0  0  0  0  0  0  0  0  0  0  0  0  0  0  0  0  0  0    ANTIPARALLEL BRIDGES PER LADDER  .
  1  0  1  0  0  0  0  0  0  0  0  0  0  0  0  0  0  0  0  0  0  0  0  0  0  0  0  0  0  0    LADDERS PER SHEET                .
  #  RESIDUE AA STRUCTURE BP1 BP2  ACC     N-H-->O    O-->H-N    N-H-->O    O-->H-N    TCO  KAPPA ALPHA  PHI   PSI    X-CA   Y-CA   Z-CA            CHAIN
    1    1 A M     >        0   0  193      0, 0.0     4,-2.3     0, 0.0     5,-0.2   0.000 360.0 360.0 360.0 -56.5  -30.8   -2.2  -18.7               
    2    2 A A  H  >  +     0   0   76      1,-0.2     4,-2.8     2,-0.2     5,-0.2   0.891 360.0  51.5 -59.1 -43.1  -31.6   -0.8  -15.2               
    3    3 A E  H  > S+     0   0  172      2,-0.2     4,-2.2     1,-0.2    -1,-0.2   0.910 111.6  47.2 -61.7 -42.8  -31.0   -4.2  -13.4               
    4    4 A Y  H  > S+     0   0  145      2,-0.2     4,-1.2     1,-0.2    -2,-0.2   0.941 112.9  48.9 -63.7 -45.8  -27.6   -4.5  -15.0               
    5    5 A L  H >X S+     0   0   90     -4,-2.3     4,-1.5     1,-0.2     3,-0.6   0.918 111.9  49.2 -60.6 -42.9  -26.6   -0.9  -14.2               
    6    6 A A  H 3< S+     0   0   74     -4,-2.8    -1,-0.2     1,-0.2    -2,-0.2   0.878 109.0  53.7 -62.2 -37.7  -27.8   -1.5  -10.5               
    7    7 A S  H 3< S+     0   0   80     -4,-2.2    -1,-0.2     1,-0.2    -2,-0.2   0.702 115.9  37.9 -71.3 -22.5  -25.7   -4.7  -10.4               
    8    8 A I  H X< S+     0   0   12     -4,-1.2     3,-2.4    -3,-0.6     6,-0.6   0.602  84.0 123.2-101.6 -16.4  -22.5   -2.9  -11.5               
    9    9 A F  T 3< S+     0   0  165     -4,-1.5     3,-0.1     1,-0.3     4,-0.0  -0.204  87.1   5.8 -53.9 127.3  -22.9    0.4   -9.6               
   10   10 A G  T 3  S+     0   0   35      1,-0.3    -1,-0.3     2,-0.0     2,-0.2   0.317 111.0 107.7  77.2  -5.0  -19.9    1.0   -7.3               
   11   11 A T  S X  S-     0   0   47     -3,-2.4     3,-1.5     1,-0.1     6,-0.3  -0.515  87.1-105.7 -93.0 167.5  -18.0   -2.1   -8.8               
   12   12 A E  T 3  S+     0   0   68      1,-0.2     7,-0.1    -2,-0.2    -1,-0.1   0.663 116.7  69.6 -61.4 -18.4  -15.0   -2.2  -11.1               
   13   13 A K  T 3  S+     0   0  143     -5,-0.2     2,-0.6    -4,-0.0    -1,-0.2   0.662  76.2  95.7 -77.6 -17.4  -17.4   -3.2  -13.9               
   14   14 A D  S X  S-     0   0   23     -3,-1.5     3,-1.5    -6,-0.6    -9,-0.0  -0.653  73.0-147.6 -72.4 119.4  -18.9    0.3  -13.8               
   15   15 A K  T 3  S+     0   0  188     -2,-0.6    -1,-0.1     1,-0.3     4,-0.1   0.646  94.4  65.4 -67.6 -16.3  -17.1    2.2  -16.6               
   16   16 A V  T 3  S+     0   0   80     19,-0.1    20,-2.8     2,-0.1    -1,-0.3   0.763  89.7  85.0 -72.7 -25.6  -17.3    5.5  -14.5               
   17   17 A N  B <  S-a   36   0A   4     -3,-1.5     2,-0.9    -6,-0.3    20,-0.2  -0.473  87.9-115.6 -82.7 142.0  -15.0    3.9  -11.9               
   18   18 A C     >  -     0   0    7     18,-2.8     4,-2.6    -2,-0.2     5,-0.2  -0.666  22.4-157.3 -72.0 110.5  -11.2    4.0  -12.0               
   19   19 A S  H  > S+     0   0   39     -2,-0.9     4,-1.9     1,-0.2    -1,-0.2   0.823  91.1  50.3 -61.0 -33.7  -10.3    0.3  -12.3               
   20   20 A F  H  > S+     0   0   58      2,-0.2     4,-2.4     1,-0.2     6,-0.5   0.939 110.5  47.4 -73.2 -44.5   -6.8    1.0  -10.9               
   21   21 A Y  H  > S+     0   0   12      1,-0.2     4,-2.2     3,-0.2    -2,-0.2   0.934 113.8  49.6 -61.0 -42.7   -8.0    3.0   -7.9               
   22   22 A F  H  < S+     0   0   71     -4,-2.6    -2,-0.2     1,-0.2    -1,-0.2   0.926 120.3  35.2 -59.8 -45.7  -10.6    0.2   -7.2               
   23   23 A K  H  < S+     0   0   63     -4,-1.9    -1,-0.2    -5,-0.2    -2,-0.2   0.714 134.8  21.5 -79.4 -28.5   -8.0   -2.6   -7.4               
   24   24 A I  H  < S-     0   0    1     -4,-2.4    -3,-0.2     2,-0.2    -2,-0.2   0.478  91.5-124.8-123.3 -14.3   -4.9   -0.9   -5.9               
   25   25 A G  S  < S+     0   0    4     -4,-2.2     2,-0.3    -5,-0.5    -4,-0.2   0.375  87.9  72.4  73.5  -2.3   -6.3    2.0   -3.8               
   26   26 A V        -     0   0   15     -6,-0.5     2,-0.3   144,-0.1    -2,-0.2  -0.946  61.2-160.4-138.5 157.7   -4.1    4.4   -5.8               
   27   27 A C    >   -     0   0   13     -2,-0.3     3,-2.1    -3,-0.1     6,-0.1  -0.989  25.2-132.9-140.9 133.5   -4.0    5.9   -9.3               
   28   28 A R  T 3  S+     0   0  122     -2,-0.3    -1,-0.1     1,-0.3    79,-0.0   0.661 110.8  52.9 -55.2 -21.9   -1.1    7.5  -11.2               
   29   29 A H  T >  S-     0   0   95      1,-0.2     3,-1.9     2,-0.0    -1,-0.3   0.575  86.4-174.8 -90.1 -12.2   -3.5   10.4  -12.2               
   30   30 A G  G X  S-     0   0   30     -3,-2.1     3,-1.6     1,-0.3    -1,-0.2  -0.189  70.3  -9.7  50.0-134.9   -4.5   11.1   -8.5               
   31   31 A D  G 3  S+     0   0  159      1,-0.3    -1,-0.3     3,-0.0     6,-0.1   0.616 132.5  68.1 -67.9 -13.0   -7.2   13.8   -8.3               
   32   32 A R  G <  S+     0   0  228     -3,-1.9    -1,-0.3     2,-0.0    -2,-0.2   0.277  71.4 129.6 -87.3   6.8   -6.8   14.5  -12.0               
   33   33 A C    <   -     0   0   23     -3,-1.6     4,-0.1     1,-0.1   -15,-0.1  -0.462  58.5-144.2 -61.9 134.6   -8.2   11.1  -12.9               
   34   34 A S  S    S+     0   0  123     -2,-0.2     2,-0.3     2,-0.1    -1,-0.1   0.485  83.7  67.0 -74.4  -5.2  -11.0   11.3  -15.6               
   35   35 A R  S    S-     0   0  119      1,-0.0   -18,-0.2   -18,-0.0     2,-0.2  -0.828  96.8 -90.0-115.8 159.1  -12.7    8.4  -13.7               
   36   36 A L  B     -a   17   0A  95    -20,-2.8   -18,-2.8    -2,-0.3     2,-0.7  -0.438  25.1-154.3 -74.1 134.2  -14.3    8.3  -10.2               
   37   37 A H        -     0   0   40     -2,-0.2     2,-1.2   -20,-0.2    -1,-0.1  -0.926  11.3-154.8-103.6 102.4  -12.2    7.3   -7.1               
   38   38 A N        -     0   0   64     -2,-0.7    -2,-0.0   -20,-0.1   -21,-0.0  -0.688   8.0-154.2 -80.7  94.7  -14.7    5.8   -4.6               
   39   39 A K        -     0   0  121     -2,-1.2   106,-0.1     1,-0.1     2,-0.1  -0.586  22.2-121.6 -64.8 123.5  -12.9    6.4   -1.2               
   40   40 A P        -     0   0   33      0, 0.0   104,-0.2     0, 0.0     3,-0.1  -0.403  10.7-151.1 -67.1 146.5  -14.3    3.7    1.2               
   41   41 A T  S    S+     0   0  112      1,-0.3     2,-0.3    -2,-0.1    -2,-0.0   0.751  87.7  17.2 -84.2 -27.5  -16.0    4.9    4.4               
   42   42 A F  S    S+     0   0  116     81,-0.0    -1,-0.3   102,-0.0     2,-0.3  -0.970  74.5 160.3-139.9 144.6  -15.0    1.7    6.2               
   43   43 A S        -     0   0    9     77,-0.5    80,-0.2    -2,-0.3    81,-0.2  -0.908  42.9-141.9-162.8 144.6  -12.2   -0.8    5.3               
   44   44 A Q  S    S+     0   0   56     -2,-0.3    73,-3.0    79,-0.1     2,-0.5   0.762  92.5  71.5 -65.4 -29.5  -10.1   -3.6    6.8               
   45   45 A T  E     -B  116   0B   1    100,-0.5   100,-3.0    71,-0.3     2,-0.3  -0.805  60.4-179.5-102.5 132.3   -7.3   -2.3    4.5               
   46   46 A I  E     -BC 115 144B   0     69,-2.8    69,-2.3    -2,-0.5     2,-0.4  -0.833  15.5-144.9-116.1 158.8   -5.4    0.9    4.9               
   47   47 A V  E     -BC 114 143B   2     96,-2.7    96,-2.5    -2,-0.3     2,-0.7  -0.998   0.1-156.9-123.3 129.4   -2.6    2.4    2.7               
   48   48 A L  E >   -BC 113 142B   2     65,-3.0    65,-2.5    -2,-0.4     3,-0.9  -0.937  29.5-132.1-100.8 108.4    0.4    4.4    4.2               
   49   49 A L  E 3  S- C   0 141B  41     92,-2.9    92,-0.5    -2,-0.7    63,-0.1  -0.476  70.7 -21.4 -73.2 128.8    1.5    6.5    1.2               
   50   50 A N  T 3  S+     0   0   48     60,-0.3    62,-0.3    -2,-0.2    -1,-0.2   0.763  88.3 139.4  47.8  36.2    5.3    6.6    0.4               
   51   51 A L    <   +     0   0   11     60,-0.9     2,-0.4    -3,-0.9    61,-0.2   0.895  51.7  69.9 -77.3 -41.5    6.2    5.6    4.0               
   52   52 A Y        -     0   0    6     59,-2.5     2,-0.6    -4,-0.3    26,-0.0  -0.640  65.4-162.4 -80.2 131.4    9.0    3.2    3.1               
   53   53 A R        -     0   0  134     -2,-0.4    -2,-0.0    58,-0.0     3,-0.0  -0.930  13.0-145.0-113.0 104.9   12.3    4.8    1.7               
   54   54 A N    >>  -     0   0    8     -2,-0.6     3,-1.4     1,-0.1     4,-1.2  -0.605   7.6-143.1 -67.6 120.3   14.4    2.2   -0.2               
   55   55 A P  H 3> S+     0   0   24      0, 0.0     4,-1.4     0, 0.0     3,-0.2   0.828  99.6  61.6 -53.4 -34.1   18.1    3.1    0.5               
   56   56 A Q  H 34 S+     0   0   74      1,-0.2    11,-0.1     2,-0.2    -2,-0.0   0.811 104.4  47.6 -64.1 -30.5   18.9    2.0   -3.1               
   57   57 A N  H <4 S+     0   0   68     -3,-1.4    -1,-0.2     1,-0.2     3,-0.2   0.779 117.2  41.9 -80.5 -28.8   16.6    4.7   -4.5               
   58   58 A T  H  < S+     0   0   88     -4,-1.2     2,-0.5    -3,-0.2    -2,-0.2   0.567  82.8 103.7 -92.4 -12.3   18.1    7.5   -2.2               
   59   59 A A     <  +     0   0    9     -4,-1.4     8,-1.4    -5,-0.2     2,-1.0   0.193  45.6 116.5 -65.6  17.1   21.8    6.4   -2.6               
   60   60 A Q  B     -E   66   0C 154     -2,-0.5     6,-0.2    -3,-0.2     2,-0.1  -0.795  52.8-160.1 -82.9 102.5   22.5    9.4   -5.0               
   61   61 A T    >   -     0   0   57      4,-1.6     3,-2.2    -2,-1.0    -2,-0.0  -0.460  34.0-104.9 -69.7 159.3   25.0   11.5   -3.2               
   62   62 A A  T 3  S+     0   0  112      1,-0.3    -1,-0.1     2,-0.1    -2,-0.0   0.777 124.1  57.5 -56.1 -26.5   25.4   15.2   -4.4               
   63   63 A D  T 3  S-     0   0  151      2,-0.1    -1,-0.3     1,-0.0     3,-0.1   0.290 118.6-112.6 -85.8   5.2   28.7   14.1   -6.1               
   64   64 A G  S <  S+     0   0   59     -3,-2.2     2,-0.4     1,-0.3    -2,-0.1   0.538  70.4 143.5  71.0   7.3   26.8   11.4   -8.2               
   65   65 A S        -     0   0   67      1,-0.0    -4,-1.6    -5,-0.0     2,-0.7  -0.657  49.8-132.6 -78.2 125.7   28.6    8.6   -6.3               
   66   66 A H  B     -E   60   0C 143     -2,-0.4     2,-1.2    -6,-0.2    -6,-0.2  -0.712   8.5-140.6 -69.6 114.6   26.4    5.5   -5.6               
   67   67 A C        -     0   0   65     -8,-1.4     2,-2.1    -2,-0.7    -8,-0.1  -0.742  24.0-141.8 -65.7 101.9   26.8    4.5   -2.0               
   68   68 A H        -     0   0  173     -2,-1.2     2,-0.3     3,-0.0    -1,-0.1  -0.555  21.0-168.9 -73.9  77.1   26.7    0.8   -3.1               
   69   69 A V        -     0   0   42     -2,-2.1     2,-0.1     1,-0.1   -10,-0.0  -0.571  26.6-115.4 -62.6 127.8   24.7   -0.5   -0.1               
   70   70 A S     >  -     0   0   41     -2,-0.3     4,-2.3     1,-0.1     5,-0.2  -0.351  16.8-114.9 -66.4 153.2   24.9   -4.3   -0.3               
   71   71 A D  H  > S+     0   0  118      1,-0.2     4,-1.9     2,-0.2    -1,-0.1   0.814 118.4  56.2 -57.9 -28.6   21.7   -6.3   -0.9               
   72   72 A V  H  > S+     0   0   95      2,-0.2     4,-2.6     1,-0.2    -1,-0.2   0.960 107.6  45.2 -67.3 -51.4   22.2   -7.7    2.6               
   73   73 A E  H  > S+     0   0  102      1,-0.2     4,-2.5     2,-0.2    -2,-0.2   0.870 113.0  52.2 -62.4 -37.1   22.2   -4.3    4.3               
   74   74 A V  H  X S+     0   0    0     -4,-2.3     4,-2.2     2,-0.2    -1,-0.2   0.909 111.0  47.1 -64.1 -42.4   19.2   -3.3    2.1               
   75   75 A Q  H  X S+     0   0   47     -4,-1.9     4,-2.9    -5,-0.2    -2,-0.2   0.909 112.2  49.4 -67.2 -41.5   17.3   -6.4    3.3               
   76   76 A E  H  X S+     0   0  126     -4,-2.6     4,-2.6     2,-0.2    -2,-0.2   0.928 112.4  48.2 -62.6 -44.0   18.2   -5.8    7.0               
   77   77 A H  H  X S+     0   0   82     -4,-2.5     4,-2.3     2,-0.2    -2,-0.2   0.904 114.3  47.2 -60.2 -43.2   17.0   -2.1    6.7               
   78   78 A Y  H  X S+     0   0    1     -4,-2.2     4,-2.7     2,-0.2    -2,-0.2   0.937 112.7  47.5 -64.4 -47.5   13.8   -3.4    5.0               
   79   79 A D  H  X S+     0   0   25     -4,-2.9     4,-2.7     2,-0.2    -2,-0.2   0.912 112.4  50.4 -62.1 -42.5   13.2   -6.1    7.7               
   80   80 A S  H  X S+     0   0   73     -4,-2.6     4,-2.2     2,-0.2    -2,-0.2   0.938 113.0  46.2 -59.6 -48.6   13.9   -3.6   10.5               
   81   81 A F  H  X S+     0   0   12     -4,-2.3     4,-2.4    -5,-0.2     5,-0.3   0.920 113.5  48.9 -58.1 -47.4   11.4   -1.1    8.9               
   82   82 A F  H  X S+     0   0    4     -4,-2.7     4,-2.7     1,-0.2     5,-0.2   0.917 111.7  48.5 -63.6 -44.4    8.8   -3.9    8.4               
   83   83 A E  H  X S+     0   0   68     -4,-2.7     4,-2.6     2,-0.2     5,-0.3   0.907 112.3  49.0 -61.3 -44.0    9.1   -5.2   12.0               
   84   84 A E  H  X S+     0   0   84     -4,-2.2     4,-2.5     2,-0.2     5,-0.2   0.964 116.3  40.9 -61.8 -53.2    8.8   -1.6   13.5               
   85   85 A V  H  X S+     0   0    7     -4,-2.4     4,-2.5     1,-0.2     5,-0.3   0.926 117.4  49.1 -62.8 -45.7    5.7   -0.7   11.4               
   86   86 A F  H  X S+     0   0    1     -4,-2.7     4,-2.4    -5,-0.3    -2,-0.2   0.936 115.0  42.8 -60.5 -50.0    4.0   -4.1   11.9               
   87   87 A T  H  X S+     0   0   45     -4,-2.6     4,-2.5    -5,-0.2     5,-0.2   0.936 115.9  48.2 -65.2 -45.8    4.6   -4.2   15.7               
   88   88 A E  H  X S+     0   0   48     -4,-2.5     4,-1.8    -5,-0.3     5,-0.3   0.919 115.3  43.6 -63.0 -46.0    3.5   -0.6   16.2               
   89   89 A L  H  X>S+     0   0    4     -4,-2.5     4,-2.6    -5,-0.2     5,-1.3   0.906 115.5  49.2 -66.4 -40.1    0.3   -0.9   14.1               
   90   90 A Q  H  <5S+     0   0   70     -4,-2.4    -2,-0.2    -5,-0.3    -1,-0.2   0.891 113.7  44.6 -67.8 -40.9   -0.6   -4.3   15.6               
   91   91 A E  H  <5S+     0   0  158     -4,-2.5    -1,-0.2    -5,-0.2    -2,-0.2   0.836 125.1  32.0 -72.2 -34.0   -0.1   -3.2   19.3               
   92   92 A K  H  <5S+     0   0  101     -4,-1.8    -2,-0.2    -5,-0.2    -3,-0.2   0.838 132.7  20.5 -91.8 -39.9   -2.0    0.2   18.8               
   93   93 A Y  T  <5S-     0   0    2     -4,-2.6     2,-0.3    -5,-0.3    -3,-0.2   0.840 109.7 -77.1-111.3 -39.9   -4.7   -0.5   16.2               
   94   94 A G      < -     0   0   13     -5,-1.3    -1,-0.3    -4,-0.1     2,-0.2  -0.909  59.6 -35.7 158.6 172.4   -5.4   -4.2   15.9               
   95   95 A E        -     0   0   89     -2,-0.3    23,-2.8    -4,-0.1     2,-0.5  -0.390  56.0-138.0 -59.7 123.8   -4.6   -7.7   14.7               
   96   96 A I  E     -D  117   0B   8     21,-0.2    21,-0.3    -2,-0.2     3,-0.1  -0.762  21.1-176.5 -88.3 125.3   -2.9   -7.6   11.3               
   97   97 A E  E    S-     0   0B  94     19,-2.6     2,-0.3    -2,-0.5    20,-0.2   0.885  75.1  -5.4 -79.9 -46.5   -4.1  -10.2    8.7               
   98   98 A E  E     -D  116   0B  67     18,-1.6    18,-3.2     2,-0.0     2,-0.4  -0.989  57.2-167.7-153.6 137.6   -1.6   -9.1    6.0               
   99   99 A M  E     -D  115   0B   3     -2,-0.3     2,-0.3    16,-0.2    16,-0.2  -0.997  13.8-179.7-130.6 132.4    1.0   -6.3    5.6               
  100  100 A N  E     -D  114   0B  24     14,-2.7    14,-3.1    -2,-0.4     2,-0.4  -0.972  14.3-154.4-134.9 139.0    2.7   -5.5    2.2               
  101  101 A V  E     -D  113   0B   0     74,-0.4    74,-2.7    -2,-0.3     2,-0.6  -0.961  19.8-129.4-119.4 131.6    5.3   -2.9    1.0               
  102  102 A C  B     -F  174   0D   1     10,-2.7     9,-2.1    -2,-0.4    72,-0.2  -0.706  17.8-174.5 -84.3 122.3    5.5   -1.7   -2.6               
  103  103 A D        +     0   0   26     70,-3.2     7,-0.1    -2,-0.6    71,-0.1  -0.024  42.4 138.4 -94.0  19.1    9.0   -1.8   -4.3               
  104  104 A N        -     0   0    1     69,-0.3     7,-0.2     5,-0.3    63,-0.1  -0.421  51.9-147.1 -60.9 149.1    7.5   -0.0   -7.3               
  105  105 A L        +     0   0  102     61,-0.3     2,-0.3     5,-0.1    62,-0.2   0.573  69.4 101.4 -90.9 -15.1    9.5    2.8   -8.9               
  106  106 A G  S >> S-     0   0    7     60,-0.3     3,-2.6    63,-0.2     4,-2.6  -0.633  78.7-127.1 -77.8 134.9    6.4    4.8   -9.9               
  107  107 A D  T 34 S+     0   0  138     -2,-0.3    -1,-0.1     1,-0.3   -57,-0.1   0.749 106.8  58.0 -50.8 -35.8    5.6    7.8   -7.6               
  108  108 A H  T 34 S+     0   0   36      1,-0.2    -1,-0.3   -59,-0.1   -81,-0.1   0.599 123.7  20.7 -72.0 -15.4    2.0    6.7   -7.1               
  109  109 A L  T X4 S+     0   0    0     -3,-2.6     3,-2.1    58,-0.1    -5,-0.3   0.563  86.9 123.1-125.3 -26.1    3.1    3.3   -5.6               
  110  110 A V  T 3< S-     0   0   31     -4,-2.6   -60,-0.3     1,-0.3    -7,-0.2  -0.216  91.9  -7.9 -54.6 121.4    6.8    3.6   -4.5               
  111  111 A G  T 3  S+     0   0    2     -9,-2.1   -59,-2.5    -7,-0.2   -60,-0.9   0.568  89.3 156.0  70.0   9.7    7.2    2.8   -0.8               
  112  112 A N    <   -     0   0    0     -3,-2.1   -10,-2.7   -62,-0.3     2,-0.5  -0.513  31.6-149.2 -64.8 134.3    3.4    2.4   -0.1               
  113  113 A V  E     -BD  48 101B   0    -65,-2.5   -65,-3.0   -12,-0.2     2,-0.4  -0.940   7.8-161.1-107.5 119.8    2.6    0.2    2.9               
  114  114 A Y  E     -BD  47 100B   0    -14,-3.1   -14,-2.7    -2,-0.5     2,-0.4  -0.878   7.9-173.5 -99.8 133.4   -0.7   -1.7    2.7               
  115  115 A V  E     -BD  46  99B   0    -69,-2.3   -69,-2.8    -2,-0.4     2,-0.6  -0.986   8.9-164.2-132.7 117.2   -2.0   -3.1    6.0               
  116  116 A K  E     -BD  45  98B  25    -18,-3.2   -19,-2.6    -2,-0.4   -18,-1.6  -0.926  13.2-160.2-101.2 112.7   -5.1   -5.3    6.2               
  117  117 A F  E     - D   0  96B   0    -73,-3.0   -21,-0.2    -2,-0.6   -22,-0.1  -0.535  27.5-120.8 -81.6 158.1   -6.5   -5.6    9.7               
  118  118 A R  S    S+     0   0  145    -23,-2.8     2,-0.3    -2,-0.2   -22,-0.1   0.764  99.9  44.2 -64.4 -28.9   -8.8   -8.4   10.9               
  119  119 A R  S  > S-     0   0  158    -24,-0.3     4,-1.0   -75,-0.2     3,-0.4  -0.946  72.7-139.5-125.2 142.7  -11.5   -5.7   11.7               
  120  120 A E  H  > S+     0   0   80     -2,-0.3     4,-2.0     1,-0.2   -77,-0.5   0.872 104.0  59.9 -68.4 -35.0  -12.7   -2.7    9.7               
  121  121 A E  H  > S+     0   0  119      1,-0.2     4,-2.2     2,-0.2    -1,-0.2   0.778 100.5  55.8 -65.5 -28.2  -13.0   -0.6   12.9               
  122  122 A D  H  > S+     0   0   14     -3,-0.4     4,-2.3     2,-0.2    -1,-0.2   0.882 106.8  50.3 -72.6 -35.7   -9.2   -1.1   13.5               
  123  123 A G  H  X S+     0   0    0     -4,-1.0     4,-2.4    -3,-0.3    -2,-0.2   0.930 111.8  47.1 -65.8 -45.5   -8.5    0.4   10.0               
  124  124 A E  H  X S+     0   0   84     -4,-2.0     4,-2.4     2,-0.2    -2,-0.2   0.940 113.6  48.1 -60.5 -47.8  -10.7    3.4   10.6               
  125  125 A R  H  X S+     0   0  101     -4,-2.2     4,-2.0     1,-0.2     5,-0.2   0.910 110.6  52.7 -59.7 -43.5   -9.0    4.0   14.0               
  126  126 A A  H  X S+     0   0    0     -4,-2.3     4,-3.0     2,-0.2     5,-0.2   0.942 111.1  44.9 -58.6 -50.2   -5.5    3.6   12.4               
  127  127 A V  H  X S+     0   0   24     -4,-2.4     4,-1.5     1,-0.2    15,-0.2   0.912 112.2  52.3 -62.6 -43.2   -6.2    6.3    9.7               
  128  128 A A  H  < S+     0   0   69     -4,-2.4    -1,-0.2    -5,-0.2    -2,-0.2   0.885 120.2  33.3 -60.6 -40.7   -7.8    8.7   12.2               
  129  129 A E  H >< S+     0   0   98     -4,-2.0     3,-1.4    -5,-0.2    -2,-0.2   0.873 112.8  58.3 -85.9 -38.8   -4.8    8.5   14.6               
  130  130 A L  H >< S+     0   0    8     -4,-3.0     3,-2.4     1,-0.3    10,-0.4   0.794  88.0  76.6 -65.1 -28.3   -1.9    8.0   12.0               
  131  131 A S  T 3< S+     0   0   68     -4,-1.5    -1,-0.3     1,-0.3    -2,-0.1   0.675  99.7  44.0 -56.1 -20.4   -2.8   11.3   10.2               
  132  132 A N  T <  S+     0   0  139     -3,-1.4    -1,-0.3    -4,-0.1     2,-0.2   0.141  99.4 101.0-107.6  13.8   -1.1   13.2   13.1               
  133  133 A R    <   -     0   0   71     -3,-2.4     7,-2.7     7,-0.3     2,-0.4  -0.677  55.2-148.6-108.3 157.7    2.0   10.9   13.4               
  134  134 A W  E     -G  139   0E 185      5,-0.3     2,-0.4    -2,-0.2     5,-0.2  -0.960   7.0-169.5-123.6 142.1    5.6   11.1   12.2               
  135  135 A F  E >  S-G  138   0E  21      3,-2.9     3,-2.3    -2,-0.4    -2,-0.0  -0.998  75.8 -18.2-134.1 122.4    8.0    8.3   11.1               
  136  136 A N  T 3  S-     0   0  130     -2,-0.4     3,-0.1     1,-0.3    -1,-0.1   0.826 129.1 -50.2  47.3  41.2   11.7    8.9   10.6               
  137  137 A G  T 3  S+     0   0   67      1,-0.2     2,-0.4     0, 0.0    -1,-0.3   0.485 119.4 106.9  78.5   5.8   11.2   12.7   10.3               
  138  138 A Q  E <  S-G  135   0E  52     -3,-2.3    -3,-2.9   -87,-0.1    -1,-0.2  -0.900  74.3-112.9-111.2 143.1    8.3   12.3    7.7               
  139  139 A A  E     -G  134   0E  32     -2,-0.4     2,-0.6    -5,-0.2    -5,-0.3  -0.477  33.4-120.1 -65.4 139.9    4.6   12.9    8.2               
  140  140 A V        -     0   0    9     -7,-2.7     2,-0.8   -10,-0.4    -7,-0.3  -0.767  22.0-161.0 -86.5 121.0    2.5    9.6    7.9               
  141  141 A H  E     +C   49   0B 111     -2,-0.6   -92,-2.9   -92,-0.5     2,-0.4  -0.849  18.0 176.1-105.0  94.2   -0.1    9.8    5.2               
  142  142 A G  E     +C   48   0B   8     -2,-0.8     2,-0.3   -94,-0.2   -94,-0.2  -0.853   4.6 172.6-100.0 137.1   -2.7    7.1    5.9               
  143  143 A E  E     -C   47   0B  64    -96,-2.5   -96,-2.7    -2,-0.4     2,-0.3  -0.975  39.5-102.5-132.8 152.9   -5.9    6.5    3.9               
  144  144 A L  E     -C   46   0B  26     -2,-0.3   -98,-0.3   -98,-0.2  -100,-0.1  -0.570  42.4-144.8 -65.7 135.2   -8.6    3.8    3.9               
  145  145 A S        -     0   0    0   -100,-3.0  -100,-0.5    -2,-0.3  -101,-0.1  -0.880  16.7-146.4-109.3 135.6   -8.0    1.5    0.9               
  146  146 A P        +     0   0   23      0, 0.0     2,-0.4     0, 0.0    -1,-0.1   0.502  65.7 119.8 -71.9  -5.5  -10.7   -0.2   -1.3               
  147  147 A V        +     0   0    2      1,-0.2  -102,-0.1  -102,-0.1     3,-0.1  -0.513  26.4 160.0 -69.2 118.9   -8.2   -3.2   -1.7               
  148  148 A T        +     0   0  101     -2,-0.4     2,-0.4     1,-0.3    -1,-0.2   0.696  69.4  36.4-109.7 -28.2   -9.8   -6.4   -0.3               
  149  149 A D    >>  -     0   0   47   -126,-0.1     3,-1.1     1,-0.1     4,-0.6  -0.942  60.2-165.5-131.0 109.6   -7.6   -9.1   -2.1               
  150  150 A F  H >> S+     0   0    4     -2,-0.4     4,-1.9     1,-0.2     3,-0.5   0.766  83.6  72.9 -64.8 -23.8   -3.9   -8.4   -2.6               
  151  151 A R  H 34 S+     0   0  185      1,-0.3    -1,-0.2     2,-0.2     5,-0.1   0.801 100.1  45.1 -64.6 -29.5   -3.6  -11.2   -5.2               
  152  152 A E  H <4 S+     0   0  114     -3,-1.1    -1,-0.3     1,-0.1    -2,-0.2   0.686 114.1  50.4 -82.5 -20.2   -5.6   -9.2   -7.7               
  153  153 A S  H << S+     0   0    1     -4,-0.6    19,-2.5    -3,-0.5    -2,-0.2   0.717  92.8  95.2 -85.9 -26.6   -3.5   -6.1   -6.9               
  154  154 A C  B  < S-h  172   0F  10     -4,-1.9     2,-1.2    17,-0.2    19,-0.2  -0.353  81.2-117.6 -72.7 142.8   -0.1   -7.9   -7.3               
  155  155 A C    >>  -     0   0    3     17,-2.8     4,-2.2     1,-0.2     3,-1.0  -0.672  21.9-163.9 -79.4 100.4    1.9   -7.8  -10.5               
  156  156 A R  H 3> S+     0   0  185     -2,-1.2     4,-1.5     1,-0.3    -1,-0.2   0.837  90.2  55.7 -53.1 -37.0    2.1  -11.4  -11.6               
  157  157 A Q  H 34>S+     0   0   75      2,-0.2     5,-2.9     1,-0.2     6,-0.8   0.846 107.8  48.4 -66.1 -34.0    4.9  -10.6  -14.0               
  158  158 A Y  H X45S+     0   0   68     -3,-1.0     3,-1.7     4,-0.3    -2,-0.2   0.919 107.1  54.9 -73.4 -40.4    7.0   -9.1  -11.1               
  159  159 A E  H 3<5S+     0   0  130     -4,-2.2    -2,-0.2     1,-0.3    -1,-0.2   0.843 111.5  46.5 -56.3 -34.2    6.3  -12.2   -8.9               
  160  160 A M  T 3<5S-     0   0  120     -4,-1.5    -1,-0.3    -5,-0.2    -2,-0.2   0.451 116.8-116.8 -84.8  -3.4    7.8  -14.2  -11.9               
  161  161 A G  T < 5S+     0   0   71     -3,-1.7    -3,-0.2    -4,-0.1    -2,-0.1   0.637  90.6 104.2  75.9  16.8   10.8  -11.8  -12.2               
  162  162 A E      < +     0   0  125     -5,-2.9     2,-0.9    -6,-0.2    -4,-0.3   0.262  34.8 128.2-114.5   4.0    9.7  -10.7  -15.7               
  163  163 A C        +     0   0   26     -6,-0.8     3,-0.4     1,-0.2     6,-0.1  -0.552  23.4 170.6 -73.2 109.5    8.1   -7.3  -15.2               
  164  164 A T        +     0   0  136     -2,-0.9    -1,-0.2     1,-0.2    -6,-0.0   0.304  53.4  96.1 -96.8   6.8    9.7   -4.9  -17.7               
  165  165 A R    >   -     0   0  108      1,-0.2     3,-2.3     2,-0.1    -1,-0.2   0.636  59.0-179.8 -74.6 -15.8    7.3   -1.9  -17.0               
  166  166 A G  G >  S-     0   0   32     -3,-0.4     3,-1.6     1,-0.3   -61,-0.3  -0.176  71.1  -3.8  50.4-132.1    9.7   -0.2  -14.5               
  167  167 A G  G 3  S+     0   0   32      1,-0.3    -1,-0.3   -62,-0.2   -58,-0.1   0.541 130.2  68.3 -65.2  -7.3    8.1    3.0  -13.1               
  168  168 A F  G <   +     0   0  170     -3,-2.3     2,-0.3   -62,-0.1    -1,-0.3   0.414  69.6 115.7 -94.3  -1.2    5.1    2.5  -15.4               
  169  169 A C    <   -     0   0    1     -3,-1.6   -63,-0.2     1,-0.1     4,-0.1  -0.564  44.2-170.7 -68.0 132.3    3.7   -0.6  -13.6               
  170  170 A N        +     0   0   16     -2,-0.3     2,-0.3     2,-0.1  -144,-0.1   0.226  62.8  83.2-104.9   5.3    0.3    0.1  -12.0               
  171  171 A F  S    S-     0   0   57      1,-0.0   -17,-0.2  -147,-0.0     2,-0.2  -0.851  93.6 -89.1-108.5 151.9    0.2   -3.3  -10.1               
  172  172 A M  B     -h  154   0F   1    -19,-2.5   -17,-2.8    -2,-0.3     2,-0.7  -0.370  27.2-158.8 -66.0 125.7    1.9   -3.8   -6.7               
  173  173 A H        -     0   0   12    -19,-0.2   -70,-3.2    -2,-0.2     2,-0.4  -0.942  24.5-149.3 -95.7 101.9    5.6   -5.0   -6.8               
  174  174 A L  B     -F  102   0D  35     -2,-0.7   -72,-0.2   -72,-0.2   -74,-0.0  -0.681   5.7-139.2 -84.1 128.6    5.8   -6.5   -3.3               
  175  175 A R        -     0   0   44    -74,-2.7   -74,-0.4    -2,-0.4     2,-0.2  -0.729  25.1-132.0 -78.0 119.4    9.1   -6.5   -1.4               
  176  176 A P        -     0   0   88      0, 0.0     2,-0.2     0, 0.0     3,-0.1  -0.522  12.8-138.3 -73.1 136.9    9.5   -9.9    0.3               
  177  177 A I        -     0   0   25     -2,-0.2  -102,-0.0     1,-0.1     2,-0.0  -0.500  39.0 -82.3 -76.8 160.5   10.5   -9.9    4.0               
  178  178 A S     >  -     0   0   32   -103,-0.2     4,-2.9    -2,-0.2     5,-0.2  -0.325  34.7-119.7 -61.8 148.6   13.0  -12.5    5.2               
  179  179 A Q  H  > S+     0   0  151      1,-0.2     4,-1.7     2,-0.2    -1,-0.1   0.777 115.6  55.7 -59.8 -27.8   11.7  -16.0    6.0               
  180  180 A N  H  > S+     0   0  106      2,-0.2     4,-2.0     3,-0.1    -1,-0.2   0.959 109.8  43.6 -68.7 -49.1   12.9  -15.5    9.6               
  181  181 A L  H  > S+     0   0    9      2,-0.2     4,-2.7     1,-0.2     5,-0.3   0.921 111.7  54.5 -63.4 -42.4   10.9  -12.2   10.1               
  182  182 A Q  H  X>S+     0   0  103     -4,-2.9     4,-2.2     1,-0.2     5,-0.6   0.923 111.2  44.9 -57.1 -46.1    7.8  -13.8    8.4               
  183  183 A R  H  X5S+     0   0  164     -4,-1.7     4,-0.8    -5,-0.2    -1,-0.2   0.849 114.0  51.2 -65.3 -35.8    7.9  -16.7   10.9               
  184  184 A Q  H  <5S+     0   0   71     -4,-2.0     4,-0.4     3,-0.2    -2,-0.2   0.910 118.5  34.0 -67.4 -45.3    8.5  -14.3   13.8               
  185  185 A L  H  <5S+     0   0   19     -4,-2.7    -2,-0.2     2,-0.1    -3,-0.2   0.939 133.3  24.7 -81.0 -47.5    5.5  -11.9   13.0               
  186  186 A Y  H  <5S+     0   0   85     -4,-2.2    -3,-0.2    -5,-0.3    -2,-0.1   0.691 115.3  61.9 -95.2 -22.0    2.9  -14.4   11.5               
  187  187 A G  S  <<S+     0   0   60     -4,-0.8     2,-1.6    -5,-0.6    -3,-0.2   0.677  81.7  89.9 -80.8 -16.2    4.0  -17.6   13.2               
  188  188 A R  S    S-     0   0  133     -4,-0.4     3,-0.2    -5,-0.2    -1,-0.2  -0.619  71.2-155.8 -79.3  84.0    3.4  -16.2   16.7               
  189  189 A G        -     0   0   52     -2,-1.6     3,-0.1     1,-0.2    -2,-0.1  -0.290  55.9 -55.4 -47.9 147.9   -0.3  -17.2   17.2               
  190  190 A P        -     0   0  116      0, 0.0     2,-1.2     0, 0.0    -1,-0.2  -0.040  57.3-123.8 -50.2 118.0   -1.6  -14.7   19.8               
  191  191 A R        -     0   0  195     -3,-0.2     2,-0.8     1,-0.1    -3,-0.0  -0.528  21.5-141.6 -55.8  95.9    0.5  -14.7   23.0               
  192  192 A R        -     0   0  234     -2,-1.2     2,-0.9    -3,-0.1    -1,-0.1  -0.629  21.5-126.5 -52.9 103.7   -2.2  -15.5   25.5               
  193  193 A R        -     0   0  235     -2,-0.8    -1,-0.1     1,-0.0    -2,-0.0  -0.634  25.9-128.1 -53.3 100.4   -0.7  -13.2   28.2               
  194  194 A S        -     0   0  108     -2,-0.9     3,-0.1     1,-0.1    -1,-0.0  -0.564  30.1-112.8 -53.4 117.5   -0.7  -16.0   30.8               
  195  195 A P        -     0   0  107      0, 0.0    -1,-0.1     0, 0.0    -3,-0.0  -0.314  45.8 -81.2 -54.7 145.8   -2.5  -14.2   33.6               
  196  196 A P        -     0   0  108      0, 0.0     2,-1.2     0, 0.0    -3,-0.0  -0.295  48.0-116.6 -50.6 123.2   -0.2  -13.5   36.5               
  197  197 A R        -     0   0  223     -3,-0.1     2,-1.2     1,-0.1    -3,-0.0  -0.596  24.8-145.2 -62.0  98.4   -0.0  -16.8   38.5               
  198  198 A F        -     0   0  181     -2,-1.2     2,-2.2     1,-0.1    -1,-0.1  -0.666   7.2-148.3 -60.6  99.3   -1.5  -15.6   41.8               
  199  199 A H        -     0   0  174     -2,-1.2     2,-1.0     3,-0.0    -1,-0.1  -0.633  15.8-168.9 -65.8  75.3    0.6  -17.8   44.1               
  200  200 A T        -     0   0  124     -2,-2.2     3,-0.1     1,-0.1    -2,-0.0  -0.755  33.8-114.5 -65.7 104.8   -2.3  -18.0   46.6               
  201  201 A G        -     0   0   59     -2,-1.0     2,-0.5     1,-0.2    -1,-0.1  -0.133  30.3 -90.5 -47.1 137.6   -0.1  -19.5   49.3               
  202  202 A H        -     0   0  188      1,-0.0    -1,-0.2     2,-0.0    -3,-0.0  -0.395  36.7-176.1 -44.7 105.9   -0.7  -23.1   50.5               
  203  203 A H        -     0   0  176     -2,-0.5     2,-0.7    -3,-0.1    -1,-0.0  -0.975  28.4-137.8 -95.2 110.1   -3.1  -23.2   53.4               
  204  204 A P        -     0   0  119      0, 0.0     2,-0.5     0, 0.0     3,-0.0  -0.614  14.3-155.4 -68.6 111.2   -2.9  -27.0   54.0               
  205  205 A R        -     0   0  246     -2,-0.7     3,-0.1     1,-0.1    -2,-0.0  -0.851  34.5 -94.3 -91.8 130.8   -6.5  -28.1   54.7               
  206  206 A E        -     0   0  177     -2,-0.5     2,-1.5     1,-0.2    -1,-0.1   0.068  27.2-103.6 -57.8 145.9   -6.3  -31.2   56.8               
  207  207 A R        -     0   0  211      1,-0.1     2,-1.8    -3,-0.0    -1,-0.2  -0.537  29.5-166.3 -59.0  90.3   -6.4  -34.9   55.9               
  208  208 A N        -     0   0  162     -2,-1.5     2,-0.5    -3,-0.1    -1,-0.1  -0.663  20.8-175.1 -77.8  80.2   -9.9  -36.0   56.8               
  209  209 A H        +     0   0  119     -2,-1.8    -2,-0.0     1,-0.1    -3,-0.0  -0.759  26.4   7.5 -67.1 128.6   -8.9  -39.6   56.5               
  210  210 A R        +     0   0  227     -2,-0.5    -1,-0.1     1,-0.0     2,-0.1   0.981  45.3 105.4  74.1 111.9  -11.7  -42.2   56.9               
  211  211 A C        -     0   0  135      2,-0.0    -1,-0.0     0, 0.0     0, 0.0  -0.016  31.8-151.0-170.4 138.6  -14.7  -43.6   57.2               
  212  212 A S        -     0   0  114      1,-0.1     2,-0.4    -2,-0.1     0, 0.0  -0.134  30.5-100.3 -64.1 160.0  -16.8  -45.6   54.7               
  213  213 A P        +     0   0  112      0, 0.0    -1,-0.1     0, 0.0     2,-0.1  -0.728  48.2 151.5 -87.7 131.4  -20.7  -45.8   54.6               
  214  214 A D        +     0   0  158     -2,-0.4    -2,-0.0     1,-0.1     0, 0.0  -0.461  25.1  67.3-171.0 106.9  -22.7  -48.8   55.9               
  215  215 A H        -     0   0  187     -2,-0.1     2,-0.2     0, 0.0    -1,-0.1   0.240  37.6-174.6 178.8 125.6  -25.8  -49.5   57.3               
  216  216 A W        -     0   0  211      1,-0.1     0, 0.0     2,-0.0     0, 0.0  -0.569  32.3 -29.3 -74.9 142.5  -29.4  -49.4   55.9               
  217  217 A H        -     0   0  144     -2,-0.2    -1,-0.1     0, 0.0     0, 0.0   0.920  40.8 -82.8  63.8 123.1  -32.8  -49.9   57.4               
  218  218 A G        +     0   0   78      0, 0.0    -2,-0.0     0, 0.0     0, 0.0   0.666  17.5 135.2  74.7 160.2  -35.4  -51.1   59.7               
  219  219 A R              0   0  207      0, 0.0     0, 0.0     0, 0.0     0, 0.0   0.652 360.0 360.0-172.0 138.6  -37.8  -52.4   61.6               
  220  220 A F              0   0  251      0, 0.0     0, 0.0     0, 0.0     0, 0.0   0.897 360.0 360.0  73.7 360.0  -39.8  -53.4   64.7               
