==== Secondary Structure Definition by the program DSSP, CMBI version 2.0                          ==== DATE=2026-03-08        .
REFERENCE W. KABSCH AND C.SANDER, BIOPOLYMERS 22 (1983) 2577-2637                                                              .
HEADER                                            01-AUG-25                                                                    .
COMPND    MOL_ID: 1; MOLECULE: HETEROGENEOUS NUCLEAR RIBONUCLEOPROTEIN L-LIKE; C                                               .
SOURCE    MOL_ID: 1; ORGANISM_SCIENTIFIC: HOMO SAPIENS; ORGANISM_TAXID: 9606                                                   .
AUTHOR                                                                                                                         .
  542  1  0  0  0 TOTAL NUMBER OF RESIDUES, NUMBER OF CHAINS, NUMBER OF SS-BRIDGES(TOTAL,INTRACHAIN,INTERCHAIN)                .
 42830.0   ACCESSIBLE SURFACE OF PROTEIN (ANGSTROM**2)                                                                         .
  293 54.1   TOTAL NUMBER OF HYDROGEN BONDS OF TYPE O(I)-->H-N(J)  , SAME NUMBER PER 100 RESIDUES                              .
    0  0.0   TOTAL NUMBER OF HYDROGEN BONDS IN     PARALLEL BRIDGES, SAME NUMBER PER 100 RESIDUES                              .
  104 19.2   TOTAL NUMBER OF HYDROGEN BONDS IN ANTIPARALLEL BRIDGES, SAME NUMBER PER 100 RESIDUES                              .
    2  0.4   TOTAL NUMBER OF HYDROGEN BONDS OF TYPE O(I)-->H-N(I-5), SAME NUMBER PER 100 RESIDUES                              .
    2  0.4   TOTAL NUMBER OF HYDROGEN BONDS OF TYPE O(I)-->H-N(I-4), SAME NUMBER PER 100 RESIDUES                              .
    4  0.7   TOTAL NUMBER OF HYDROGEN BONDS OF TYPE O(I)-->H-N(I-3), SAME NUMBER PER 100 RESIDUES                              .
    0  0.0   TOTAL NUMBER OF HYDROGEN BONDS OF TYPE O(I)-->H-N(I-2), SAME NUMBER PER 100 RESIDUES                              .
    1  0.2   TOTAL NUMBER OF HYDROGEN BONDS OF TYPE O(I)-->H-N(I-1), SAME NUMBER PER 100 RESIDUES                              .
    0  0.0   TOTAL NUMBER OF HYDROGEN BONDS OF TYPE O(I)-->H-N(I+0), SAME NUMBER PER 100 RESIDUES                              .
    0  0.0   TOTAL NUMBER OF HYDROGEN BONDS OF TYPE O(I)-->H-N(I+1), SAME NUMBER PER 100 RESIDUES                              .
   71 13.1   TOTAL NUMBER OF HYDROGEN BONDS OF TYPE O(I)-->H-N(I+2), SAME NUMBER PER 100 RESIDUES                              .
   37  6.8   TOTAL NUMBER OF HYDROGEN BONDS OF TYPE O(I)-->H-N(I+3), SAME NUMBER PER 100 RESIDUES                              .
   71 13.1   TOTAL NUMBER OF HYDROGEN BONDS OF TYPE O(I)-->H-N(I+4), SAME NUMBER PER 100 RESIDUES                              .
    2  0.4   TOTAL NUMBER OF HYDROGEN BONDS OF TYPE O(I)-->H-N(I+5), SAME NUMBER PER 100 RESIDUES                              .
  1  2  3  4  5  6  7  8  9 10 11 12 13 14 15 16 17 18 19 20 21 22 23 24 25 26 27 28 29 30     *** HISTOGRAMS OF ***           .
  0  0  0  1  0  0  0  3  0  1  3  0  1  0  0  0  0  0  0  0  0  0  0  0  0  0  0  0  0  0    RESIDUES PER ALPHA HELIX         .
  0  0  0  0  0  0  0  0  0  0  0  0  0  0  0  0  0  0  0  0  0  0  0  0  0  0  0  0  0  0    PARALLEL BRIDGES PER LADDER      .
  2  3  3  3  4  5  0  0  0  0  0  0  0  0  0  0  0  0  0  0  0  0  0  0  0  0  0  0  0  0    ANTIPARALLEL BRIDGES PER LADDER  .
  3  0  2  1  0  1  0  0  0  0  0  0  0  0  0  0  0  0  0  0  0  0  0  0  0  0  0  0  0  0    LADDERS PER SHEET                .
  #  RESIDUE AA STRUCTURE BP1 BP2  ACC     N-H-->O    O-->H-N    N-H-->O    O-->H-N    TCO  KAPPA ALPHA  PHI   PSI    X-CA   Y-CA   Z-CA            CHAIN
    1    1 A M              0   0  232      0, 0.0     0, 0.0     0, 0.0     0, 0.0   0.000 360.0 360.0 360.0  87.6   -4.1  -20.6   64.4               
    2    2 A S        +     0   0  117      2,-0.0     0, 0.0     0, 0.0     0, 0.0   0.506 360.0  90.5  60.7 119.9   -3.9  -22.7   61.6               
    3    3 A S        +     0   0  116      1,-0.0     2,-0.1     0, 0.0     0, 0.0   0.718   5.5 168.3-172.4 144.8   -4.7  -24.2   58.9               
    4    4 A S        -     0   0  121      2,-0.0     2,-0.3     0, 0.0    -2,-0.0  -0.380  14.2-164.2 -67.5 154.3   -4.6  -24.5   55.0               
    5    5 A S        -     0   0  126     -2,-0.1     2,-0.2     2,-0.0     0, 0.0  -0.905  15.3-172.7-146.5 134.3   -5.5  -27.5   52.9               
    6    6 A S        -     0   0  111     -2,-0.3    -2,-0.0     0, 0.0     0, 0.0  -0.726  15.6-177.6-113.2 155.5   -4.4  -27.6   49.2               
    7    7 A S        -     0   0  122     -2,-0.2    -2,-0.0     0, 0.0     2,-0.0  -0.876  35.1 -75.6-170.1 156.1   -5.0  -29.8   46.1               
    8    8 A P        -     0   0  118      0, 0.0     0, 0.0     0, 0.0     0, 0.0  -0.026  20.0 -79.8-122.8 169.4   -3.4  -29.3   42.8               
    9    9 A R        -     0   0  231      1,-0.1     2,-0.3    -2,-0.0     0, 0.0   0.293   9.8-177.7  -0.2 124.8   -2.2  -28.2   39.3               
   10   10 A E        -     0   0  157      2,-0.0     2,-0.5     0, 0.0    -1,-0.1  -0.955  17.3-167.0-127.9 121.7   -3.3  -28.8   35.9               
   11   11 A T        -     0   0  105     -2,-0.3     2,-0.5     2,-0.1     0, 0.0  -0.931   5.9-174.5 -96.7 119.2   -0.9  -27.2   33.4               
   12   12 A Y        +     0   0  178     -2,-0.5     2,-0.8     2,-0.0    -2,-0.0  -0.869  11.8 166.5-118.2  90.5   -2.1  -26.8   29.8               
   13   13 A E        +     0   0  181     -2,-0.5     2,-0.3     3,-0.0    -2,-0.1  -0.938  31.7 126.2 -87.0  97.7    0.7  -25.5   27.7               
   14   14 A E        +     0   0  171     -2,-0.8    -2,-0.0     1,-0.0     3,-0.0  -0.897  34.9  65.0-156.6 137.4   -0.8  -26.3   24.2               
   15   15 A D        +     0   0  165     -2,-0.3     2,-0.2     0, 0.0     3,-0.2   0.360  66.7 101.0 120.9  17.5   -1.3  -23.9   21.1               
   16   16 A R  S    S+     0   0  245      1,-0.1     3,-0.0     2,-0.0    -3,-0.0  -0.498  70.7  68.7-107.3  60.9    2.2  -22.9   20.1               
   17   17 A E        +     0   0  162     -2,-0.2    -1,-0.1     1,-0.0     3,-0.1  -0.029  60.4  91.1-169.8  62.4    2.5  -25.3   17.1               
   18   18 A Y  S    S+     0   0  239     -3,-0.2     3,-0.0     1,-0.0    -1,-0.0  -0.068  78.6  53.9-148.7  47.8    0.4  -24.7   13.9               
   19   19 A E  S    S+     0   0  200     -3,-0.0     3,-0.1     3,-0.0    -1,-0.0  -0.011  76.0  95.8-157.8  47.5    2.3  -22.5   11.4               
   20   20 A S        +     0   0   94      1,-0.1     3,-0.0    -3,-0.1     0, 0.0  -0.303  59.3  84.1-132.0  51.3    5.7  -24.3   10.9               
   21   21 A Q        +     0   0  185      1,-0.1     2,-0.2    -3,-0.0    -1,-0.1  -0.255  42.7 106.8-153.5  64.9    5.2  -26.4    7.7               
   22   22 A A        -     0   0  106     -3,-0.1     2,-0.6     0, 0.0    -1,-0.1  -0.682  58.6-166.6-123.6  75.1    5.8  -24.6    4.4               
   23   23 A K        -     0   0  187     -2,-0.2    -3,-0.0     1,-0.2    -2,-0.0  -0.644  23.4 -62.1 -68.7 115.8    9.2  -26.2    3.6               
   24   24 A R        +     0   0  210     -2,-0.6     2,-0.4     1,-0.1    -1,-0.2   0.644  33.8 169.6  61.5  85.4   11.5  -25.1    1.1               
   25   25 A L        -     0   0  165      2,-0.1     2,-0.7     0, 0.0    -1,-0.1  -0.946  26.3-164.6-115.4 109.3   11.8  -24.5   -2.6               
   26   26 A K        -     0   0  165     -2,-0.4     2,-0.5     2,-0.0     0, 0.0  -0.866   8.7-177.8 -76.4 117.4   15.1  -22.6   -2.9               
   27   27 A T        -     0   0  103     -2,-0.7     2,-1.0     2,-0.1    -2,-0.1  -0.997  22.1-142.3-109.6 113.3   15.3  -21.1   -6.4               
   28   28 A E        +     0   0  183     -2,-0.5     2,-0.6     2,-0.0    -2,-0.0  -0.727  26.0 175.3 -67.9 100.4   18.6  -19.3   -6.6               
   29   29 A E        -     0   0  178     -2,-1.0     2,-0.2     3,-0.0    -2,-0.1  -0.965  29.5-131.6-109.3 106.8   17.9  -16.2   -8.6               
   30   30 A G        -     0   0   69     -2,-0.6     2,-0.7     1,-0.1    -2,-0.0  -0.424  11.0-123.1 -60.3 125.5   21.1  -14.2   -8.6               
   31   31 A E        -     0   0  197     -2,-0.2     2,-1.1     1,-0.1    -1,-0.1  -0.615  25.8-145.3 -62.1 104.0   20.9  -10.5   -7.7               
   32   32 A I        -     0   0  119     -2,-0.7     2,-0.5     2,-0.0    -1,-0.1  -0.779  11.0-146.7 -81.6 101.5   22.4   -8.9  -10.8               
   33   33 A D        -     0   0  127     -2,-1.1     2,-0.3     1,-0.1    -3,-0.0  -0.595  13.0-169.0 -64.6 114.7   24.3   -5.9   -9.4               
   34   34 A Y        +     0   0  176     -2,-0.5     2,-0.8     2,-0.0    -1,-0.1  -0.531  26.9 150.2-108.4  60.3   24.1   -3.1  -12.0               
   35   35 A S        +     0   0   91     -2,-0.3     2,-0.4     2,-0.0    -2,-0.1  -0.864  10.3 164.1 -87.2 104.9   26.6   -0.7  -10.5               
   36   36 A A        -     0   0   96     -2,-0.8    -2,-0.0     0, 0.0     0, 0.0  -0.993  44.5-103.6-123.9 124.4   28.2    1.3  -13.4               
   37   37 A E        -     0   0  199     -2,-0.4     2,-1.1     1,-0.1    -2,-0.0  -0.119  16.4-132.0 -62.8 129.8   30.0    4.3  -12.1               
   38   38 A E        -     0   0  195      1,-0.0     2,-0.9     2,-0.0    -1,-0.1  -0.708  22.0-169.8 -74.0  99.6   28.7    7.9  -12.3               
   39   39 A G        -     0   0   74     -2,-1.1     2,-0.3     2,-0.0    -1,-0.0  -0.848  14.1-149.8 -87.0  96.6   31.7    9.9  -13.6               
   40   40 A E        +     0   0  185     -2,-0.9     2,-0.3     1,-0.1    -2,-0.0  -0.502  18.7 179.6 -56.9 125.4   30.6   13.6  -13.1               
   41   41 A N        -     0   0  158     -2,-0.3     2,-0.5     2,-0.0    -1,-0.1  -0.725   8.1-167.8-132.9  90.4   32.1   15.9  -15.7               
   42   42 A R        -     0   0  200     -2,-0.3     2,-0.8     1,-0.0    -2,-0.0  -0.618   5.8-157.6 -63.7 116.0   30.8   19.4  -15.1               
   43   43 A R        -     0   0  248     -2,-0.5     2,-0.4     2,-0.0    -2,-0.0  -0.884  10.9-173.9-100.9  97.2   31.6   21.7  -18.0               
   44   44 A E        -     0   0  145     -2,-0.8     2,-0.4     2,-0.0    -2,-0.0  -0.742  23.8-124.9 -78.5 136.8   31.5   25.3  -16.7               
   45   45 A A        +     0   0   99     -2,-0.4    -2,-0.0     2,-0.0    -1,-0.0  -0.748  36.8 161.3 -85.0 130.6   31.9   27.8  -19.5               
   46   46 A T        -     0   0  136     -2,-0.4     2,-0.3     0, 0.0    -2,-0.0  -0.969  28.1-134.9-138.8 137.4   34.6   30.6  -19.6               
   47   47 A P        -     0   0  121      0, 0.0    -2,-0.0     0, 0.0     0, 0.0  -0.735  32.1 -42.7 -95.4 144.8   35.6   32.4  -22.8               
   48   48 A R        -     0   0  253     -2,-0.3     0, 0.0     0, 0.0     0, 0.0   0.443  40.8-130.1  14.8 134.6   38.8   33.4  -24.6               
   49   49 A G        -     0   0   84      2,-0.0     0, 0.0     0, 0.0     0, 0.0   0.909  10.7-140.9 156.1 162.0   41.8   34.7  -24.5               
   50   50 A G        +     0   0   81      0, 0.0     0, 0.0     0, 0.0     0, 0.0   0.385  35.2   6.4 142.6 105.0   45.1   36.7  -25.1               
   51   51 A G        -     0   0   84      0, 0.0    -2,-0.0     0, 0.0     0, 0.0   0.744  30.5 -76.4  71.8 150.6   48.9   36.5  -25.2               
   52   52 A D        +     0   0  172      0, 0.0     0, 0.0     0, 0.0     0, 0.0   0.799  21.4 102.9-173.3 157.2   52.0   35.7  -25.3               
   53   53 A G        -     0   0   63      0, 0.0     0, 0.0     0, 0.0     0, 0.0   0.923  33.3 -30.6 110.5  94.3   55.7   34.7  -25.0               
   54   54 A G        -     0   0   87      0, 0.0     0, 0.0     0, 0.0     0, 0.0   0.903  22.6-108.9  59.3 139.2   58.4   32.1  -25.4               
   55   55 A G        +     0   0   79      0, 0.0     0, 0.0     0, 0.0     0, 0.0   0.815  16.6 131.1 160.7 148.6   60.3   29.6  -25.6               
   56   56 A G        -     0   0   87      0, 0.0     2,-0.1     0, 0.0     0, 0.0   0.740  21.3-141.6  79.7 123.9   62.7   26.5  -25.8               
   57   57 A G        +     0   0   70      0, 0.0     2,-0.1     0, 0.0     0, 0.0   0.151  20.7 155.4 115.6  99.4   63.3   23.4  -26.2               
   58   58 A R        -     0   0  256     -2,-0.1     2,-0.0     0, 0.0     0, 0.0  -0.305  24.5-135.1 168.4 148.8   64.8   20.0  -25.6               
   59   59 A S        +     0   0   96     -2,-0.1     0, 0.0     0, 0.0     0, 0.0  -0.136  31.0  94.5 -86.8 172.4   63.9   16.3  -26.1               
   60   60 A F        +     0   0  200     -2,-0.0     0, 0.0     0, 0.0     0, 0.0   0.767  40.6  23.3  74.9 130.7   63.9   12.7  -24.6               
   61   61 A S        -     0   0  108      0, 0.0     0, 0.0     0, 0.0     0, 0.0   0.815  28.9-163.6-167.7 150.9   62.5   10.2  -23.1               
   62   62 A Q        -     0   0  170      0, 0.0     2,-0.2     0, 0.0     0, 0.0   0.009   9.0-170.5 -57.0 159.8   59.4    8.2  -21.9               
   63   63 A P        -     0   0  125      0, 0.0     0, 0.0     0, 0.0     0, 0.0  -0.748  37.1-104.5-139.1 166.1   58.1    5.8  -19.8               
   64   64 A E        +     0   0  179     -2,-0.2     2,-0.2     1,-0.0     0, 0.0  -0.094  31.3 169.9 -60.1 143.6   54.5    4.4  -20.0               
   65   65 A A        -     0   0  105      2,-0.0     2,-0.2     0, 0.0    -1,-0.0  -0.708  23.2-161.0-147.1  97.8   51.3    4.9  -18.2               
   66   66 A G        +     0   0   88     -2,-0.2     2,-0.3     2,-0.0    -2,-0.0  -0.520  15.3 175.4 -70.5 142.5   48.4    3.2  -20.1               
   67   67 A G        -     0   0   71     -2,-0.2     2,-0.4     2,-0.0    -2,-0.0  -0.809  29.8-130.3-150.0 102.1   44.7    4.1  -19.4               
   68   68 A S        -     0   0   94     -2,-0.3     2,-0.6     1,-0.1    -2,-0.0  -0.408   1.2-139.7 -66.6 116.8   42.2    2.4  -21.7               
   69   69 A H        -     0   0  182     -2,-0.4     2,-1.7     1,-0.1    -1,-0.1  -0.608  31.9-125.0 -58.5 112.7   39.5    4.3  -23.6               
   70   70 A H        -     0   0  171     -2,-0.6     2,-0.9     1,-0.0    -1,-0.1  -0.513  30.9-172.5 -69.0  85.1   36.6    1.7  -23.3               
   71   71 A K        -     0   0  201     -2,-1.7     2,-0.2     0, 0.0    -1,-0.0  -0.776  20.1-138.5 -75.0 106.8   35.7    1.2  -27.0               
   72   72 A V        -     0   0   70     -2,-0.9    75,-0.1     1,-0.1     3,-0.1  -0.524  24.6-113.8 -64.1 128.5   32.5   -0.9  -26.7               
   73   73 A S        -     0   0   72     -2,-0.2    -1,-0.1     1,-0.1     0, 0.0  -0.411  40.7 -85.7 -63.8 145.4   32.7   -3.6  -29.5               
   74   74 A V        -     0   0   55     -2,-0.1    -1,-0.1    73,-0.1    47,-0.1  -0.193  55.4-178.1 -51.6 133.2   30.1   -3.4  -32.3               
   75   75 A S        -     0   0    0      2,-0.1    73,-0.1    46,-0.1    76,-0.1  -0.985  41.5-131.4-135.4 145.3   26.8   -5.2  -31.3               
   76   76 A P  S    S+     0   0   28      0, 0.0    42,-2.7     0, 0.0     2,-0.5   0.614  96.6  81.1 -66.2 -12.7   23.5   -5.9  -33.1               
   77   77 A V  E    S-A  117   0A   0     73,-0.5    71,-2.9    40,-0.2     2,-0.4  -0.874  70.9-159.7 -97.3 124.0   22.0   -4.4  -29.8               
   78   78 A V  E     -AB 116 147A   0     38,-3.0    38,-2.7    -2,-0.5     2,-0.6  -0.848  10.9-139.5-103.5 131.1   21.9   -0.6  -29.6               
   79   79 A H  E     -AB 115 146A  41     67,-3.2    67,-2.1    -2,-0.4     2,-0.4  -0.856  18.6-160.7 -88.8 118.7   21.7    1.2  -26.2               
   80   80 A V  E     +AB 114 145A   0     34,-2.9    34,-2.3    -2,-0.6     2,-0.3  -0.876  12.7 178.9-104.0 129.1   19.3    4.2  -26.5               
   81   81 A R  E     +AB 113 144A  98     63,-2.5    63,-2.8    -2,-0.4    32,-0.2  -0.900  52.0  45.3-126.5 159.0   19.5    6.9  -23.8               
   82   82 A G        +     0   0   27     30,-1.0    31,-0.2    29,-0.3    -1,-0.1   0.687  68.6 159.7  82.8  21.7   17.7   10.3  -23.1               
   83   83 A L        -     0   0    5     29,-2.0    -1,-0.2    -3,-0.2     2,-0.1  -0.419  40.6-117.8 -69.8 146.5   14.2    9.0  -23.8               
   84   84 A C    >   -     0   0   31     54,-0.3     3,-1.3    57,-0.1    -1,-0.1  -0.380  30.0-105.5 -75.0 165.6   11.2   11.0  -22.3               
   85   85 A E  T 3  S+     0   0  147      1,-0.2    -1,-0.1    -2,-0.1    27,-0.1   0.712 118.9  55.6 -68.5 -19.6    8.9    9.3  -19.8               
   86   86 A S  T 3  S+     0   0   79     53,-0.1    -1,-0.2     2,-0.0     2,-0.2   0.482  77.5 122.4 -89.6  -7.0    6.1    8.8  -22.4               
   87   87 A V    <   -     0   0   11     -3,-1.3     2,-0.2    51,-0.1    25,-0.1  -0.409  41.1-172.3 -63.1 129.3    8.3    6.9  -24.9               
   88   88 A V     >  -     0   0   12     -2,-0.2     4,-1.3   139,-0.1     3,-0.2  -0.601  40.9 -97.4-110.3 171.4    6.9    3.5  -25.8               
   89   89 A E  H  > S+     0   0   57      1,-0.2     4,-2.0    -2,-0.2     3,-0.2   0.880 121.2  59.4 -54.9 -38.8    8.3    0.6  -27.8               
   90   90 A A  H  > S+     0   0   26      1,-0.2     4,-3.0     2,-0.2     5,-0.2   0.895 100.3  53.8 -62.9 -40.1    6.3    1.8  -30.9               
   91   91 A D  H  > S+     0   0   44     -3,-0.2     4,-1.9     1,-0.2    -1,-0.2   0.860 111.0  47.1 -62.2 -38.2    8.1    5.2  -31.0               
   92   92 A L  H  X S+     0   0    0     -4,-1.3     4,-1.4     2,-0.2    -1,-0.2   0.880 112.9  49.0 -69.3 -39.5   11.5    3.4  -31.0               
   93   93 A V  H  X S+     0   0   50     -4,-2.0     4,-2.3     2,-0.2     3,-0.4   0.968 113.3  46.2 -64.6 -50.0   10.3    1.1  -33.8               
   94   94 A E  H  < S+     0   0  144     -4,-3.0     4,-0.4     1,-0.2    -2,-0.2   0.881 116.8  44.4 -59.4 -42.1    8.9    3.9  -36.0               
   95   95 A A  H  < S+     0   0   23     -4,-1.9    -1,-0.2    -5,-0.2    -2,-0.2   0.776 122.9  35.2 -74.2 -27.1   12.1    6.1  -35.5               
   96   96 A L  H >X S+     0   0    0     -4,-1.4     3,-2.1    -3,-0.4     4,-0.6   0.588  88.7  88.6-109.7 -12.7   14.6    3.2  -36.1               
   97   97 A E  G >< S+     0   0  125     -4,-2.3     3,-0.9     1,-0.3    -3,-0.1   0.796  78.6  71.3 -58.2 -26.8   12.8    1.0  -38.8               
   98   98 A K  G 34 S+     0   0  131     -4,-0.4    -1,-0.3     1,-0.2    -2,-0.1   0.701  97.9  48.6 -60.9 -23.3   14.6    3.2  -41.4               
   99   99 A F  G <4 S-     0   0   11     -3,-2.1    -1,-0.2     1,-0.3     2,-0.2   0.598 127.8 -72.8 -90.7 -18.7   17.9    1.6  -40.4               
  100  100 A G    <<  -     0   0   20     -3,-0.9    -1,-0.3    -4,-0.6     2,-0.2  -0.804  69.6 -30.2 148.0 177.0   16.5   -2.0  -40.7               
  101  101 A T        -     0   0   86     -2,-0.2    18,-2.7    -3,-0.1     2,-0.5  -0.365  51.7-141.3 -63.5 127.5   14.3   -4.7  -39.1               
  102  102 A I  E     -C  118   0A  32     16,-0.2    16,-0.3    -2,-0.2     3,-0.1  -0.796  15.7-174.1 -93.2 122.9   14.0   -4.6  -35.3               
  103  103 A C  E     -     0   0A  58     14,-2.6     2,-0.3    -2,-0.5    15,-0.2   0.782  67.5  -9.0 -81.6 -37.9   14.0   -8.0  -33.6               
  104  104 A Y  E     -C  117   0A  69     13,-1.4    13,-3.1     2,-0.0     2,-0.4  -0.941  51.5-152.7-163.6 146.2   13.3   -6.9  -30.1               
  105  105 A V  E     -C  116   0A   6     -2,-0.3     2,-0.6    11,-0.2    11,-0.2  -0.990   6.7-165.0-124.3 129.1   13.0   -3.8  -27.8               
  106  106 A M  E     -C  115   0A  54      9,-3.0     9,-2.4    -2,-0.4     2,-0.3  -0.934  15.5-151.1-111.3 109.4   13.6   -3.8  -24.1               
  107  107 A M  E     -C  114   0A  50     -2,-0.6     7,-0.2     7,-0.2     3,-0.1  -0.558  17.1-175.0 -75.3 139.8   12.3   -0.6  -22.4               
  108  108 A M  E > > +C  113   0A  49      5,-2.8     5,-1.7    -2,-0.3     3,-1.5  -0.629  14.8 168.6-126.5  70.2   14.0    0.7  -19.2               
  109  109 A P  G > 5S+     0   0   72      0, 0.0     3,-1.8     0, 0.0    -1,-0.1   0.876  71.5  58.3 -60.7 -40.0   11.6    3.6  -18.4               
  110  110 A F  G 3 5S+     0   0  214      1,-0.3   -25,-0.0     2,-0.1    -2,-0.0   0.731 113.6  40.3 -60.7 -25.4   12.9    4.3  -14.9               
  111  111 A K  G < 5S-     0   0  120     -3,-1.5   -29,-0.3     2,-0.2    -1,-0.3   0.400 110.6-121.4 -98.3  -1.8   16.4    5.0  -16.4               
  112  112 A R  T < 5S+     0   0  124     -3,-1.8   -29,-2.0    -4,-0.5   -30,-1.0   0.904  77.9 111.9  55.5  43.7   14.9    6.8  -19.5               
  113  113 A Q  E   < -AC  81 108A  48     -5,-1.7    -5,-2.8   -32,-0.2     2,-0.3  -0.910  46.7-169.2-138.5 163.7   16.7    4.2  -21.6               
  114  114 A A  E     -AC  80 107A   0    -34,-2.3   -34,-2.9    -2,-0.3     2,-0.4  -0.978  19.0-135.0-148.4 160.4   16.1    1.2  -24.0               
  115  115 A L  E     -AC  79 106A  22     -9,-2.4    -9,-3.0    -2,-0.3     2,-0.5  -0.990  21.1-165.4-111.2 132.6   17.9   -1.7  -25.7               
  116  116 A V  E     -AC  78 105A   0    -38,-2.7   -38,-3.0    -2,-0.4     2,-0.6  -0.981   4.7-157.3-121.2 116.8   17.1   -2.2  -29.4               
  117  117 A E  E     -AC  77 104A   9    -13,-3.1   -14,-2.6    -2,-0.5   -13,-1.4  -0.882  10.7-157.9 -94.0 115.1   18.1   -5.5  -31.1               
  118  118 A F  E     - C   0 102A   3    -42,-2.7   -16,-0.2    -2,-0.6   -17,-0.1  -0.594  22.4-128.0 -82.9 153.4   18.4   -5.3  -34.9               
  119  119 A E  S    S+     0   0  114    -18,-2.7     2,-0.4    -2,-0.2    -1,-0.1   0.917  97.3  41.3 -62.4 -42.5   18.2   -8.4  -37.2               
  120  120 A N  S  > S-     0   0   87    -19,-0.4     4,-1.4     1,-0.1     3,-0.3  -0.872  73.3-140.1-114.0 139.0   21.5   -7.4  -38.9               
  121  121 A I  H  > S+     0   0   68     -2,-0.4     4,-1.8     1,-0.2   -46,-0.1   0.800 105.0  61.0 -63.0 -28.6   24.6   -6.0  -37.2               
  122  122 A D  H  > S+     0   0   97      2,-0.2     4,-2.7     1,-0.2    -1,-0.2   0.897  99.9  53.8 -70.9 -34.2   25.0   -3.6  -40.2               
  123  123 A S  H  > S+     0   0   14     -3,-0.3     4,-2.5     1,-0.2    -2,-0.2   0.905 108.8  49.8 -62.2 -40.8   21.6   -1.9  -39.4               
  124  124 A A  H  X S+     0   0    0     -4,-1.4     4,-2.2     2,-0.2    -1,-0.2   0.878 111.2  49.7 -65.5 -36.9   22.9   -1.4  -35.8               
  125  125 A K  H  X S+     0   0   77     -4,-1.8     4,-2.8     2,-0.2     5,-0.2   0.944 110.9  48.3 -64.4 -48.4   26.1    0.2  -37.3               
  126  126 A E  H  X S+     0   0  114     -4,-2.7     4,-2.9     1,-0.2     5,-0.2   0.925 112.3  50.2 -59.2 -44.0   24.1    2.5  -39.6               
  127  127 A C  H  X S+     0   0    1     -4,-2.5     4,-2.3     1,-0.2    -1,-0.2   0.924 115.0  41.5 -58.4 -50.2   21.9    3.6  -36.7               
  128  128 A V  H  X S+     0   0   18     -4,-2.2     4,-0.6     2,-0.2    -2,-0.2   0.875 116.8  48.5 -70.6 -37.9   24.9    4.4  -34.4               
  129  129 A T  H >X S+     0   0   83     -4,-2.8     4,-1.1     2,-0.2     3,-1.0   0.948 113.2  47.2 -66.5 -46.8   26.9    6.1  -37.2               
  130  130 A F  H >X S+     0   0   65     -4,-2.9     4,-2.9     1,-0.2     3,-0.8   0.928 110.8  52.0 -59.3 -45.8   23.9    8.2  -38.3               
  131  131 A A  H 3< S+     0   0   24     -4,-2.3    -1,-0.2    -5,-0.2     5,-0.2   0.593 104.3  58.0 -69.5 -13.9   23.2    9.2  -34.6               
  132  132 A A  H << S+     0   0   81     -3,-1.0    -1,-0.2    -4,-0.6    -2,-0.2   0.788 117.2  31.9 -80.3 -30.8   26.9   10.3  -34.2               
  133  133 A D  H << S+     0   0  136     -4,-1.1    -2,-0.2    -3,-0.8    -3,-0.1   0.824 126.3  35.1 -94.8 -39.0   26.6   12.8  -37.1               
  134  134 A E  S  < S-     0   0  112     -4,-2.9     2,-0.4    -5,-0.2    -1,-0.2  -0.939  85.2-111.1-122.7 138.2   22.9   13.9  -36.8               
  135  135 A P        -     0   0   68      0, 0.0     2,-0.5     0, 0.0     9,-0.1  -0.503  30.8-150.3 -67.4 123.4   20.6   14.3  -33.7               
  136  136 A V  E     -D  143   0B   9      7,-0.6     7,-2.9    -2,-0.4     2,-0.4  -0.830   8.1-153.2 -96.6 128.1   17.9   11.6  -33.6               
  137  137 A Y  E     -D  142   0B 135     -2,-0.5     2,-0.5     5,-0.3     5,-0.2  -0.886   9.6-169.2-105.9 130.7   14.6   12.6  -32.0               
  138  138 A I  E >  S-D  141   0B   2      3,-2.8     3,-2.1    -2,-0.4   -54,-0.3  -0.987  82.7 -16.1-117.3 120.5   12.2   10.0  -30.3               
  139  139 A A  T 3  S-     0   0   60     -2,-0.5    -1,-0.1     1,-0.3   -53,-0.1   0.851 130.2 -54.3  49.2  38.5    8.8   11.5  -29.4               
  140  140 A G  T 3  S+     0   0   66      1,-0.2     2,-0.4    -3,-0.0    -1,-0.3   0.330 118.1 109.7  80.7  -4.1   10.3   15.0  -29.8               
  141  141 A Q  E <  S-D  138   0B 100     -3,-2.1    -3,-2.8   -57,-0.0     2,-0.3  -0.852  75.8-113.1-103.4 133.9   13.2   14.4  -27.4               
  142  142 A Q  E     -D  137   0B  76     -2,-0.4     2,-0.3    -5,-0.2    -5,-0.3  -0.503  36.7-160.6 -64.8 123.9   16.9   14.0  -28.5               
  143  143 A A  E     -D  136   0B   4     -7,-2.9    -7,-0.6    -2,-0.3     2,-0.4  -0.740   8.3-138.3-106.1 153.7   18.0   10.4  -27.9               
  144  144 A F  E     -B   81   0A  97    -63,-2.8   -63,-2.5    -2,-0.3     2,-0.4  -0.951  14.4-155.6-117.5 135.1   21.7    9.1  -27.8               
  145  145 A F  E     +B   80   0A  13     -2,-0.4     2,-0.3   -65,-0.2   -65,-0.2  -0.911  20.4 157.3-120.2 128.1   22.8    5.8  -29.4               
  146  146 A N  E     -B   79   0A  76    -67,-2.1   -67,-3.2    -2,-0.4     2,-0.2  -0.970  47.6 -91.3-137.0 157.5   25.7    3.6  -28.4               
  147  147 A Y  E     -B   78   0A  43     -2,-0.3   -69,-0.2   -69,-0.2     2,-0.2  -0.477  44.0-126.6 -62.8 137.6   26.5   -0.1  -29.0               
  148  148 A S        -     0   0    9    -71,-2.9   -71,-0.2     2,-0.2    -1,-0.1  -0.561   8.1-130.6 -76.7 151.0   25.3   -2.3  -26.1               
  149  149 A T  S    S+     0   0  120     -2,-0.2     2,-0.3   -77,-0.1    -1,-0.1   0.715  90.2  87.9 -68.0 -20.2   27.8   -4.7  -24.3               
  150  150 A S        -     0   0   47      1,-0.1   -73,-0.5   -73,-0.1    -2,-0.2  -0.623  64.5-159.2 -82.2 137.5   25.0   -7.3  -24.9               
  151  151 A K  S    S+     0   0  105     -2,-0.3     2,-0.3     1,-0.2    -1,-0.1   0.621  83.2  10.7 -87.2 -17.4   25.0   -9.3  -28.2               
  152  152 A R  S    S-     0   0  165    -76,-0.1     2,-0.5   -77,-0.1    -1,-0.2  -0.955  85.1-104.6-151.3 156.3   21.2  -10.2  -27.7               
  153  153 A I        -     0   0    9     -2,-0.3     2,-0.4    -3,-0.1   -48,-0.0  -0.753  36.1-120.6 -87.0 125.2   18.5   -9.0  -25.4               
  154  154 A T        -     0   0  119     -2,-0.5    -1,-0.0     1,-0.1    -4,-0.0  -0.506  26.2-147.4 -63.9 116.7   17.6  -11.5  -22.6               
  155  155 A R        -     0   0  127     -2,-0.4     2,-0.8     1,-0.0     3,-0.2  -0.807  19.1-118.3 -88.8 119.6   13.9  -12.3  -23.0               
  156  156 A P        -     0   0  104      0, 0.0    -1,-0.0     0, 0.0    -2,-0.0  -0.508  61.6 -58.0 -64.2 104.5   12.2  -13.1  -19.7               
  157  157 A G  S    S+     0   0   68     -2,-0.8     2,-0.5     1,-0.1    -3,-0.0   0.434  78.2 139.3  56.4  32.5   10.8  -16.6  -19.6               
  158  158 A N        +     0   0   93     -3,-0.2     2,-1.1     0, 0.0    -1,-0.1  -0.669  18.5 174.8-116.4  76.8    8.4  -17.2  -22.5               
  159  159 A T        +     0   0  133     -2,-0.5     2,-0.1     2,-0.1    -2,-0.0  -0.808  51.1  84.8 -61.2  95.0    9.0  -20.7  -23.9               
  160  160 A D  S    S-     0   0  137     -2,-1.1    -1,-0.0     0, 0.0     4,-0.0   0.008  88.6-100.0 169.1 120.9    6.2  -20.9  -26.4               
  161  161 A D    >   -     0   0  124      1,-0.2     3,-1.3     2,-0.1    -2,-0.1  -0.088  25.3-167.3 -40.5 103.0    6.2  -19.5  -30.0               
  162  162 A P  T 3  S+     0   0   84      0, 0.0    -1,-0.2     0, 0.0     4,-0.2   0.441  78.7  84.1 -77.0   2.5    4.4  -16.0  -30.1               
  163  163 A S  T 3  S+     0   0   97      1,-0.1     2,-1.1     2,-0.1    -2,-0.1   0.733  70.2  86.1 -71.0 -24.9    4.5  -16.4  -33.9               
  164  164 A G  S <  S-     0   0   53     -3,-1.3    -1,-0.1     1,-0.0     0, 0.0  -0.677  89.8-130.2 -77.8  96.1    1.3  -18.5  -33.5               
  165  165 A G        -     0   0   22     -2,-1.1     2,-0.3     1,-0.1    50,-0.1  -0.188  19.2-152.9 -50.4 133.6   -1.4  -15.8  -33.5               
  166  166 A N        -     0   0   17     -4,-0.2    48,-0.1     2,-0.1    76,-0.1  -0.838  18.8-136.2-102.3 147.7   -4.0  -15.9  -30.7               
  167  167 A K  S    S+     0   0   55     -2,-0.3    45,-3.1    78,-0.1     2,-0.5   0.541  91.2  74.9 -73.6 -10.0   -7.5  -14.5  -31.0               
  168  168 A V  E     -E  211   0C   0     43,-0.2    74,-2.2    74,-0.2     2,-0.4  -0.944  66.7-166.6-108.1 126.2   -7.0  -13.1  -27.4               
  169  169 A L  E     -EF 210 241C   1     41,-2.5    41,-2.4    -2,-0.5     2,-0.6  -0.865  15.8-140.2-106.5 143.2   -4.8  -10.0  -26.9               
  170  170 A L  E     -EF 209 240C  36     70,-3.0    70,-2.7    -2,-0.4     2,-0.5  -0.939  19.8-164.5 -98.7 112.7   -3.4   -8.7  -23.6               
  171  171 A L  E     -EF 208 239C   1     37,-3.4    37,-3.0    -2,-0.6     2,-0.5  -0.891   3.9-165.0 -95.8 121.3   -3.6   -4.9  -23.6               
  172  172 A S  E     -EF 207 238C  24     66,-3.1    66,-2.9    -2,-0.5     2,-0.6  -0.965  15.6-143.9-104.1 120.6   -1.5   -3.2  -20.9               
  173  173 A I  E     -EF 206 237C  10     33,-3.1    33,-0.6    -2,-0.5     2,-0.2  -0.790  13.6-161.6 -92.5 118.8   -2.6    0.5  -20.5               
  174  174 A Q  E    S+ F   0 236C  79     62,-3.0    62,-0.9    -2,-0.6    61,-0.4  -0.651  71.3  13.8 -94.5 152.4    0.2    2.9  -19.8               
  175  175 A N  S    S-     0   0   74     -2,-0.2     2,-2.3    60,-0.2    60,-2.2   0.920  75.9-167.1  47.9  54.8   -0.4    6.5  -18.3               
  176  176 A P        +     0   0   61      0, 0.0    -1,-0.2     0, 0.0     4,-0.1  -0.391  28.9 149.8 -76.8  69.9   -4.1    5.6  -17.4               
  177  177 A L        +     0   0  118     -2,-2.3    -2,-0.1    -3,-0.2    57,-0.0   0.789  62.7  49.7 -71.4 -29.0   -5.3    9.3  -16.7               
  178  178 A Y  S    S-     0   0  132     -3,-0.3     2,-0.3    53,-0.1    53,-0.0  -0.836 102.5 -89.3-112.1 149.7   -8.9    8.5  -17.8               
  179  179 A P        -     0   0  103      0, 0.0     2,-0.7     0, 0.0     5,-0.1  -0.376  36.4-148.1 -59.6 121.2  -11.2    5.6  -16.7               
  180  180 A I        +     0   0    2     -2,-0.3     2,-0.2    -4,-0.1    -7,-0.0  -0.820  26.5 171.0 -91.4 114.5  -10.8    2.6  -19.0               
  181  181 A T     >  -     0   0   32     -2,-0.7     4,-2.3     1,-0.0     5,-0.2  -0.717  50.3-102.0-112.2 168.0  -14.1    0.7  -19.2               
  182  182 A V  H  > S+     0   0    0     72,-1.7     4,-2.2    -2,-0.2     5,-0.1   0.850 123.5  54.7 -55.5 -34.6  -15.2   -2.2  -21.5               
  183  183 A D  H  > S+     0   0   82      2,-0.2     4,-2.5     3,-0.2    -1,-0.2   0.892 107.3  48.4 -70.4 -40.6  -17.1    0.4  -23.6               
  184  184 A V  H  > S+     0   0   27      2,-0.2     4,-1.9     1,-0.2    -2,-0.2   0.969 114.9  44.9 -62.3 -51.5  -13.9    2.5  -24.2               
  185  185 A L  H  X S+     0   0    0     -4,-2.3     4,-2.9     1,-0.2     5,-0.3   0.864 113.0  51.3 -63.6 -36.5  -11.9   -0.6  -25.2               
  186  186 A Y  H  X S+     0   0   70     -4,-2.2     4,-2.5    -5,-0.2    -1,-0.2   0.931 108.4  51.7 -64.3 -43.1  -14.8   -1.9  -27.4               
  187  187 A T  H  < S+     0   0   99     -4,-2.5    -2,-0.2     1,-0.2    -1,-0.2   0.864 117.9  38.8 -61.2 -36.3  -14.9    1.6  -29.1               
  188  188 A V  H  < S+     0   0   36     -4,-1.9     4,-0.4    -5,-0.1    -2,-0.2   0.904 125.7  33.8 -79.5 -45.2  -11.1    1.4  -29.8               
  189  189 A C  H >X S+     0   0    1     -4,-2.9     4,-2.0    -5,-0.2     3,-0.8   0.853 105.8  66.0 -84.6 -37.6  -10.8   -2.3  -30.7               
  190  190 A N  T 3< S+     0   0   46     -4,-2.5    -1,-0.2    -5,-0.3    -3,-0.1   0.828  95.6  56.4 -63.5 -36.1  -14.1   -3.2  -32.4               
  191  191 A P  T 34 S+     0   0  105      0, 0.0    -1,-0.2     0, 0.0     3,-0.1   0.824 113.5  42.2 -61.8 -31.2  -13.5   -1.0  -35.6               
  192  192 A V  T <4 S-     0   0   48     -3,-0.8     2,-0.3    -4,-0.4    -2,-0.2   0.832 136.6  -4.5 -84.7 -35.0  -10.2   -2.8  -36.2               
  193  193 A G  S  < S-     0   0    6     -4,-2.0    -1,-0.3    27,-0.1     2,-0.2  -0.934  83.9 -93.9-160.6 139.2  -11.6   -6.3  -35.5               
  194  194 A K        -     0   0  114     -2,-0.3    19,-2.3    -3,-0.1     2,-0.4  -0.303  42.6-142.7 -59.8 119.2  -14.9   -7.7  -34.2               
  195  195 A V  E     +G  212   0C   5     17,-0.2    17,-0.3    -2,-0.2     3,-0.1  -0.675  24.6 176.2 -88.7 131.0  -14.7   -8.0  -30.4               
  196  196 A Q  E     +     0   0C  41     15,-3.1    63,-1.9    -2,-0.4    64,-0.9   0.842  68.3   4.2 -93.1 -47.5  -16.4  -11.0  -28.6               
  197  197 A R  E     -GH 211 258C   7     14,-1.3    14,-2.9    61,-0.2     2,-0.4  -0.998  54.9-164.2-147.3 141.9  -15.4  -10.5  -25.0               
  198  198 A I  E     -GH 210 257C   0     59,-2.4    59,-2.6    -2,-0.3     2,-0.4  -0.990   5.8-178.8-127.0 136.6  -13.5   -8.0  -22.8               
  199  199 A V  E     -GH 209 256C  21     10,-2.3    10,-3.1    -2,-0.4     2,-0.4  -0.975  12.4-155.9-133.9 123.6  -12.1   -8.5  -19.3               
  200  200 A I  E     -G  208   0C  14     55,-3.4     2,-0.5    -2,-0.4     8,-0.3  -0.841   4.5-164.7-101.8 131.2  -10.3   -5.7  -17.5               
  201  201 A F  E     -G  207   0C  72      6,-3.3     6,-2.9    -2,-0.4     3,-0.2  -0.975  10.9-176.6-118.1 120.1   -7.8   -6.5  -14.7               
  202  202 A K        +     0   0  118     -2,-0.5     4,-0.2     4,-0.2     3,-0.2  -0.401  55.0 104.2-109.6  44.6   -6.7   -3.7  -12.3               
  203  203 A R  S    S+     0   0  220      2,-0.3     2,-0.2     1,-0.2    -1,-0.1   0.869  93.6  14.6 -93.8 -45.8   -4.1   -5.8  -10.3               
  204  204 A N  S    S-     0   0  142      1,-0.6    -1,-0.2    -3,-0.2     2,-0.1  -0.674 137.2 -50.5-129.4  64.6   -0.7   -4.6  -11.7               
  205  205 A G  S    S-     0   0   53     -2,-0.2     2,-0.8    -3,-0.2    -1,-0.6  -0.354  98.2 -41.2  81.1-176.1   -1.8   -1.4  -13.4               
  206  206 A I  E     +E  173   0C  28    -33,-0.6   -33,-3.1    -4,-0.2     2,-0.3  -0.795  69.8 166.2 -87.4 113.5   -4.7   -1.4  -15.9               
  207  207 A Q  E     -EG 172 201C  57     -6,-2.9    -6,-3.3    -2,-0.8     2,-0.4  -0.930  12.4-169.8-119.4 151.5   -4.6   -4.5  -18.1               
  208  208 A A  E     -EG 171 200C   0    -37,-3.0   -37,-3.4    -2,-0.3     2,-0.5  -0.999  15.2-146.9-139.9 139.4   -7.4   -5.9  -20.4               
  209  209 A M  E     -EG 170 199C  26    -10,-3.1   -10,-2.3    -2,-0.4     2,-0.5  -0.935  17.4-167.3-102.0 130.0   -7.8   -9.1  -22.3               
  210  210 A V  E     -EG 169 198C   0    -41,-2.4   -41,-2.5    -2,-0.5     2,-0.6  -0.976   6.6-156.1-120.7 117.0   -9.8   -8.7  -25.6               
  211  211 A E  E     -EG 168 197C   0    -14,-2.9   -15,-3.1    -2,-0.5   -14,-1.3  -0.877  13.8-159.8 -93.1 121.7  -11.1  -11.7  -27.4               
  212  212 A F  E     - G   0 195C   1    -45,-3.1   -17,-0.2    -2,-0.6   -18,-0.1  -0.513  29.5-111.7 -93.6 162.3  -11.6  -11.2  -31.2               
  213  213 A E  S    S+     0   0   94    -19,-2.3     2,-0.3    -2,-0.2   -18,-0.1   0.849  98.1  11.6 -62.4 -34.9  -13.8  -13.2  -33.6               
  214  214 A S  S  > S-     0   0   44    -20,-0.2     4,-1.8   -47,-0.1     5,-0.1  -0.946  72.9-114.8-141.0 160.6  -10.7  -14.5  -35.5               
  215  215 A V  H  > S+     0   0   60     -2,-0.3     4,-2.6     1,-0.2     5,-0.2   0.887 118.1  57.9 -60.8 -36.8   -6.9  -14.7  -35.2               
  216  216 A L  H  > S+     0   0  103      1,-0.2     4,-2.2     2,-0.2    -1,-0.2   0.880 104.9  49.8 -62.7 -39.7   -6.7  -12.5  -38.3               
  217  217 A C  H  > S+     0   0   25      2,-0.2     4,-2.6     1,-0.2    -1,-0.2   0.915 111.2  49.0 -64.2 -42.2   -8.8   -9.8  -36.5               
  218  218 A A  H  X S+     0   0    0     -4,-1.8     4,-2.8     2,-0.2    -2,-0.2   0.899 109.8  51.8 -65.5 -39.4   -6.4  -10.0  -33.4               
  219  219 A Q  H  X S+     0   0   79     -4,-2.6     4,-2.4     2,-0.2    -2,-0.2   0.942 112.6  45.4 -60.2 -47.3   -3.4   -9.7  -35.7               
  220  220 A K  H  X S+     0   0  122     -4,-2.2     4,-2.2     2,-0.2    -2,-0.2   0.918 113.4  50.0 -61.2 -45.2   -4.9   -6.5  -37.4               
  221  221 A A  H  X S+     0   0    1     -4,-2.6     4,-2.1     2,-0.2     5,-0.3   0.917 111.8  47.7 -61.9 -44.3   -5.8   -5.1  -33.9               
  222  222 A K  H  X S+     0   0   64     -4,-2.8     4,-1.7     1,-0.2    -2,-0.2   0.929 113.7  47.5 -60.4 -47.5   -2.3   -5.7  -32.6               
  223  223 A A  H  < S+     0   0   89     -4,-2.4    -2,-0.2     1,-0.2    -1,-0.2   0.840 120.2  37.0 -64.8 -36.1   -0.6   -4.1  -35.7               
  224  224 A A  H  < S+     0   0   62     -4,-2.2    -1,-0.2    -5,-0.2    -2,-0.2   0.730 125.2  34.6 -87.8 -28.4   -2.9   -1.0  -35.6               
  225  225 A L  H >< S+     0   0   18     -4,-2.1     3,-1.7    -5,-0.2     2,-0.4   0.537  80.6 111.9-110.9 -13.2   -3.3   -0.4  -31.9               
  226  226 A N  T 3< S+     0   0   48     -4,-1.7    12,-0.2    -5,-0.3     3,-0.1  -0.572  96.9   8.1 -67.9 121.4    0.1   -1.4  -30.3               
  227  227 A G  T 3  S+     0   0   18     10,-3.4    -1,-0.3    -2,-0.4     2,-0.2   0.227 101.8 133.5  86.7  -7.1    1.7    1.9  -29.1               
  228  228 A A    <   -     0   0   37     -3,-1.7     9,-2.6     9,-0.2     2,-0.4  -0.495  55.1-126.4 -78.6 143.3   -1.6    3.9  -29.8               
  229  229 A D  E     -I  236   0C  73      7,-0.3     7,-0.2    -2,-0.2     6,-0.2  -0.684   6.2-156.8 -81.0 131.9   -3.1    6.4  -27.3               
  230  230 A I  E    S+     0   0C  27      5,-1.1     2,-0.4     4,-0.6     5,-0.2   0.879  92.9  23.8 -69.7 -39.3   -6.8    5.9  -26.4               
  231  231 A Y  E >  S-I  234   0C  78      3,-1.6     3,-2.8    -3,-0.1    -1,-0.3  -0.996 113.6 -83.2-127.5 134.3   -6.8    9.6  -25.5               
  232  232 A A  T 3  S-     0   0  110     -2,-0.4     3,-0.1     1,-0.3    -2,-0.0  -0.072 114.5  -0.1 -45.4 115.9   -4.3   12.1  -27.0               
  233  233 A G  T 3  S+     0   0   53      1,-0.2     2,-0.3  -147,-0.0    -1,-0.3   0.484 127.3  57.5  82.9   5.2   -1.1   11.9  -24.9               
  234  234 A C  E <  S+ I   0 231C   4     -3,-2.8    -3,-1.6     1,-0.1    -4,-0.6  -0.981  74.8  46.7-156.4 172.9   -2.3    9.2  -22.4               
  235  235 A C  E    S-     0   0C   0    -60,-2.2    -5,-1.1   -61,-0.4   -60,-0.2   0.888  70.9-169.6  56.7  41.4   -3.8    5.6  -21.9               
  236  236 A T  E     -FI 174 229C  13    -62,-0.9   -62,-3.0    -7,-0.2     2,-0.6  -0.380  15.9-126.6 -66.3 132.0   -1.1    4.2  -24.4               
  237  237 A L  E     -F  173   0C   1     -9,-2.6   -10,-3.4   -12,-0.3     2,-0.6  -0.731  20.7-171.2 -88.9 120.7   -1.7    0.6  -25.4               
  238  238 A K  E     -F  172   0C  66    -66,-2.9   -66,-3.1    -2,-0.6     2,-0.5  -0.943  20.7-163.3-102.1 117.1    1.0   -2.1  -25.0               
  239  239 A I  E     +F  171   0C   4     -2,-0.6     2,-0.3   -68,-0.2   -68,-0.2  -0.893  17.2 163.5-116.7 120.2   -0.4   -5.2  -26.8               
  240  240 A E  E     -F  170   0C  83    -70,-2.7   -70,-3.0    -2,-0.5     2,-0.4  -0.801  46.9 -92.5-122.1 160.3    0.8   -8.8  -26.5               
  241  241 A Y  E     -F  169   0C  52     -2,-0.3   -72,-0.2   -72,-0.2     2,-0.1  -0.655  48.2-127.1 -71.2 127.7   -0.7  -12.2  -27.4               
  242  242 A A        -     0   0    8    -74,-2.2   -74,-0.2    -2,-0.4    -1,-0.0  -0.409   6.0-127.5 -72.4 154.1   -2.5  -13.4  -24.3               
  243  243 A R  S    S+     0   0  206     -2,-0.1     2,-0.2   -77,-0.0    -1,-0.1   0.927  90.4  68.6 -66.1 -47.9   -1.8  -16.9  -22.9               
  244  244 A P        -     0   0   54      0, 0.0   -76,-0.1     0, 0.0    -2,-0.1  -0.545  68.8-150.9 -76.1 143.5   -5.5  -18.1  -22.8               
  245  245 A T  S    S+     0   0   97     -2,-0.2     2,-0.3     1,-0.2   -78,-0.1   0.501  82.5  33.4 -84.7  -7.0   -7.3  -18.7  -26.2               
  246  246 A R  S    S-     0   0  160    -78,-0.0     2,-0.3   -35,-0.0    -1,-0.2  -0.977  74.3-132.7-152.7 139.6  -10.7  -17.8  -24.7               
  247  247 A L        -     0   0   11     -2,-0.3     2,-0.6    -3,-0.1   -49,-0.0  -0.722  13.6-140.7 -94.5 138.6  -12.0  -15.4  -22.0               
  248  248 A N        -     0   0  133     -2,-0.3     2,-0.5   -51,-0.0    -2,-0.0  -0.881  17.7-171.9 -98.4 116.4  -14.5  -16.4  -19.3               
  249  249 A V        +     0   0   13     -2,-0.6     3,-0.1     1,-0.1   -50,-0.1  -0.944  11.8 175.5-111.1 117.9  -17.1  -13.6  -18.6               
  250  250 A I  S    S+     0   0  145     -2,-0.5     2,-0.3     1,-0.3    -1,-0.1   0.730  70.6  10.6 -92.4 -28.7  -19.3  -14.3  -15.5               
  251  251 A R  S    S-     0   0  151      2,-0.0     2,-0.6    14,-0.0    -1,-0.3  -0.969  72.2-117.9-147.4 154.5  -21.3  -11.0  -15.6               
  252  252 A N        +     0   0   18     -2,-0.3     5,-0.2     5,-0.1     2,-0.2  -0.914  60.1 119.8 -99.2 113.3  -21.7   -8.0  -17.9               
  253  253 A D  B >  S-J  256   0C  31      3,-2.9     3,-0.5    -2,-0.6   -71,-0.1  -0.859  78.5 -67.3-154.2-172.0  -20.4   -4.8  -16.3               
  254  254 A N  T 3  S+     0   0  101     -2,-0.2   -72,-1.7     1,-0.2   -71,-0.1   0.606 131.2  38.6 -66.3 -14.1  -17.8   -1.9  -16.7               
  255  255 A D  T 3  S+     0   0   56      1,-0.3   -55,-3.4   -74,-0.2     2,-0.3   0.523 124.6  29.1-111.6 -16.4  -14.9   -4.4  -16.1               
  256  256 A S  E <   +HJ 199 253C  17     -3,-0.5    -3,-2.9   -57,-0.2     2,-0.3  -0.961  63.6 170.2-149.6 130.8  -16.1   -7.5  -18.0               
  257  257 A W  E     -H  198   0C  67    -59,-2.6   -59,-2.4    -2,-0.3     2,-0.6  -0.992  22.6-157.1-146.0 134.7  -18.5   -7.9  -21.0               
  258  258 A D  E >   -H  197   0C   6     -2,-0.3     3,-1.4     3,-0.3     6,-0.2  -0.906   6.8-173.2-108.1 102.3  -19.6  -10.7  -23.3               
  259  259 A Y  T 3  S+     0   0   49    -63,-1.9   -62,-0.2    -2,-0.6    -1,-0.1   0.666  87.1  60.4 -70.8 -14.9  -20.9   -9.1  -26.6               
  260  260 A T  T 3  S+     0   0   76    -64,-0.9    -1,-0.3     1,-0.2   -63,-0.1   0.627 115.6  34.6 -81.8 -13.9  -22.0  -12.6  -27.7               
  261  261 A K    X   +     0   0  110     -3,-1.4     3,-1.7     1,-0.1    -3,-0.3  -0.489  66.4 163.2-137.9  66.6  -24.3  -12.7  -24.6               
  262  262 A P  G >  S+     0   0   65      0, 0.0     3,-0.6     0, 0.0    -1,-0.1   0.771  71.1  67.5 -60.7 -23.3  -25.6   -9.1  -24.0               
  263  263 A Y  G >   +     0   0  212      1,-0.2     3,-1.0     2,-0.1   -11,-0.0   0.381  65.6 101.7 -82.0   6.0  -28.4  -10.5  -21.7               
  264  264 A L  G <  S+     0   0   75     -3,-1.7    -1,-0.2    -6,-0.2     3,-0.1   0.580  76.5  60.4 -66.5  -7.0  -26.1  -11.7  -18.9               
  265  265 A G  G <  S+     0   0   54     -3,-0.6     2,-0.7     1,-0.2    -1,-0.2   0.579  84.1  76.0-103.0 -11.3  -26.9   -8.6  -16.8               
  266  266 A R    <   +     0   0  234     -3,-1.0     2,-1.4     2,-0.0    -1,-0.2  -0.601  46.6 163.8-105.9  74.1  -30.8   -8.8  -16.2               
  267  267 A R        -     0   0  242     -2,-0.7     2,-0.1    -3,-0.1    -3,-0.0  -0.792  29.5-151.4 -76.5  92.9  -31.4  -11.4  -13.6               
  268  268 A D        -     0   0  136     -2,-1.4     2,-2.3     1,-0.1    -2,-0.0  -0.445  24.2-117.7 -38.8 125.7  -34.9  -10.5  -12.8               
  269  269 A R  S    S+     0   0  260     -2,-0.1     2,-0.5     2,-0.0    -1,-0.1  -0.532  70.6 142.7 -71.9  66.8  -35.4  -11.5   -9.2               
  270  270 A G        -     0   0   52     -2,-2.3    -2,-0.1     1,-0.1     0, 0.0  -0.991  53.8 -76.8-113.8 117.9  -38.1  -13.8  -10.7               
  271  271 A K        -     0   0  211     -2,-0.5    -1,-0.1     1,-0.0    -3,-0.0   0.455  67.9 -15.4  15.0 119.0  -38.6  -17.3   -9.2               
  272  272 A G        +     0   0   71      1,-0.1     2,-0.1     0, 0.0    -1,-0.0   0.946  16.2 169.3  70.4 106.7  -36.7  -20.5   -9.5               
  273  273 A R        -     0   0  245      2,-0.0     2,-0.2     0, 0.0    -1,-0.1  -0.607  34.0-168.1-134.0  87.6  -34.3  -22.7  -11.1               
  274  274 A Q        -     0   0  137     -2,-0.1     2,-0.7     1,-0.1     0, 0.0  -0.476  28.0-120.7 -47.8 126.0  -34.2  -25.4   -8.5               
  275  275 A R        -     0   0  245     -2,-0.2     2,-0.3     1,-0.0    -1,-0.1  -0.781  37.2-119.3 -64.0 114.4  -31.2  -27.7   -9.1               
  276  276 A Q        -     0   0  185     -2,-0.7     2,-0.4     1,-0.1    -1,-0.0  -0.503  23.5-127.3 -56.2 120.5  -33.2  -30.9   -9.5               
  277  277 A A    >   -     0   0   58     -2,-0.3     3,-1.4     1,-0.1     4,-0.1  -0.659   5.9-141.5 -67.4 128.7  -32.0  -33.3   -6.8               
  278  278 A I  T 3  S+     0   0  176     -2,-0.4    -1,-0.1     1,-0.2     3,-0.1   0.698 104.6  45.8 -63.1 -18.3  -31.0  -36.6   -8.5               
  279  279 A L  T 3  S-     0   0  175      1,-0.3    -1,-0.2     0, 0.0    -2,-0.0   0.104 120.3-100.5-114.4  18.3  -32.6  -38.3   -5.4               
  280  280 A G    <   -     0   0   49     -3,-1.4    -1,-0.3     2,-0.1     2,-0.2   0.001  50.3 -54.3  81.6 165.3  -35.9  -36.3   -5.1               
  281  281 A E        -     0   0  141      1,-0.1     4,-0.0    -3,-0.1    -5,-0.0  -0.529  64.6 -92.0 -79.9 147.5  -36.9  -33.3   -2.9               
  282  282 A H    >   -     0   0  144     -2,-0.2     3,-0.6     1,-0.1     2,-0.5  -0.367  32.9-124.4 -62.7 134.4  -36.6  -33.5    1.0               
  283  283 A P  T 3  S+     0   0  120      0, 0.0     3,-0.3     0, 0.0    -1,-0.1   0.255  92.4  83.9 -66.9  14.2  -39.9  -34.7    2.7               
  284  284 A S  T 3   +     0   0   90     -2,-0.5    -2,-0.1     1,-0.2    -3,-0.0   0.181  62.7  84.6-108.0  17.0  -40.3  -31.6    5.0               
  285  285 A S    <   +     0   0  104     -3,-0.6     2,-0.8     1,-0.1    -1,-0.2   0.310  60.2 105.0-105.4   9.1  -42.1  -29.1    2.7               
  286  286 A F        +     0   0  198     -3,-0.3     2,-0.1     2,-0.0    -1,-0.1  -0.852  41.3 111.8-102.0 100.9  -45.8  -30.1    3.2               
  287  287 A R        +     0   0  246     -2,-0.8    -3,-0.0     1,-0.0     0, 0.0  -0.326  50.5   1.7 177.1 133.8  -47.9  -27.8    5.5               
  288  288 A H        -     0   0  163     -2,-0.1    -1,-0.0     1,-0.0    -2,-0.0   0.838  39.7-126.7-171.2 151.9  -50.5  -25.8    4.9               
  289  289 A D        -     0   0  139      0, 0.0    -1,-0.0     0, 0.0     0, 0.0   0.200   8.7-161.3 -46.7 166.3  -53.4  -23.8    3.0               
  290  290 A G        -     0   0   61      0, 0.0     0, 0.0     0, 0.0     0, 0.0   0.717   9.7-106.9 170.5-165.6  -55.2  -21.4    1.9               
  291  291 A Y        +     0   0  242      0, 0.0     0, 0.0     0, 0.0     0, 0.0   0.880  25.0 175.8  70.6 118.1  -58.0  -19.1    0.4               
  292  292 A G        -     0   0   76      0, 0.0     0, 0.0     0, 0.0     0, 0.0   0.849  21.7-157.3 114.0 124.8  -59.2  -17.2   -2.1               
  293  293 A S        -     0   0  104      0, 0.0     0, 0.0     0, 0.0     0, 0.0   0.782  22.2 -95.2 173.3 141.1  -60.9  -15.2   -4.4               
  294  294 A H        -     0   0  186      2,-0.0     0, 0.0     0, 0.0     0, 0.0   0.572  26.9 -34.1  15.4 135.8  -61.5  -13.8   -8.0               
  295  295 A G        -     0   0   72      0, 0.0     2,-0.0     0, 0.0     0, 0.0   0.977  17.7-112.0 131.9 157.2  -61.4  -11.7  -10.5               
  296  296 A P        +     0   0  118      0, 0.0    -2,-0.0     0, 0.0     0, 0.0  -0.078   7.4 169.9-113.7 176.6  -61.1   -8.8  -12.9               
  297  297 A L        -     0   0  147      1,-0.0     0, 0.0    -2,-0.0     0, 0.0   0.380  34.6 -42.8 156.5 122.9  -61.8   -6.1  -15.5               
  298  298 A L        -     0   0  160      1,-0.0     2,-0.2     0, 0.0    -1,-0.0   0.741  31.7-128.7  79.1 151.2  -60.8   -3.0  -17.4               
  299  299 A P        +     0   0  101      0, 0.0    -1,-0.0     0, 0.0     0, 0.0  -0.612  23.5 140.8-120.4 163.9  -59.3    0.7  -17.4               
  300  300 A L        -     0   0  168     -2,-0.2     2,-0.1     2,-0.0     0, 0.0  -0.356  30.2-123.4 161.4 162.2  -59.1    4.4  -18.2               
  301  301 A P        +     0   0  104      0, 0.0     2,-0.1     0, 0.0     0, 0.0  -0.453  24.0 157.3-113.0 159.4  -58.0    7.7  -16.6               
  302  302 A S        -     0   0  104     -2,-0.1    -2,-0.0     2,-0.0     0, 0.0  -0.348  33.9 -78.0-179.6 131.6  -58.2   11.2  -15.3               
  303  303 A R        +     0   0  224     -2,-0.1     2,-0.2     1,-0.0     0, 0.0   0.697  23.9 167.5  40.6 118.7  -56.8   13.8  -12.9               
  304  304 A Y        -     0   0  234      2,-0.1     2,-0.1     0, 0.0    -2,-0.0  -0.574  21.5-159.1-160.3 106.1  -56.5   15.1   -9.4               
  305  305 A R        +     0   0  242     -2,-0.2     2,-0.0     0, 0.0     0, 0.0   0.237  20.8 145.4  43.2 138.6  -54.1   17.5   -8.4               
  306  306 A M        -     0   0  197     -2,-0.1    -2,-0.1     0, 0.0     2,-0.0   0.389  26.7 -58.7  95.4 127.5  -52.6   18.4   -4.9               
  307  307 A G        -     0   0   69      1,-0.0     0, 0.0    -2,-0.0     0, 0.0   0.491  22.2 -74.9 156.3 121.0  -49.9   19.3   -3.5               
  308  308 A S        +     0   0  118     -2,-0.0     2,-0.1     0, 0.0    -1,-0.0   0.513  24.3 150.3  12.5 126.3  -46.5   20.1   -1.9               
  309  309 A R        -     0   0  222      2,-0.0     0, 0.0     0, 0.0     0, 0.0  -0.200  42.2 -66.6-174.8 125.8  -44.2   19.0    0.8               
  310  310 A D        +     0   0  137      1,-0.1     0, 0.0    -2,-0.1     0, 0.0   0.815  26.5 172.7  57.6  95.6  -40.6   18.9    1.6               
  311  311 A T        -     0   0  136      3,-0.0    -1,-0.1     0, 0.0     3,-0.1  -0.999  48.7-107.6-116.5 132.9  -37.5   16.9    0.4               
  312  312 A P        -     0   0  127      0, 0.0     2,-0.2     0, 0.0     0, 0.0  -0.295  34.4 -98.8 -67.8 138.2  -34.3   18.4    2.0               
  313  313 A E        -     0   0  183      1,-0.1     2,-1.0    -2,-0.0     0, 0.0  -0.307  29.2-138.1 -49.4 107.4  -31.8   20.4   -0.0               
  314  314 A L        -     0   0  168     -2,-0.2     2,-1.2    -3,-0.1    -1,-0.1  -0.725  20.4-134.1 -68.0 104.3  -28.9   18.2   -1.1               
  315  315 A V        -     0   0   99     -2,-1.0     2,-0.8     1,-0.0    -1,-0.1  -0.559  22.0-164.9 -61.8  94.0  -25.9   20.6   -0.5               
  316  316 A A        -     0   0   87     -2,-1.2    -1,-0.0     3,-0.0    -2,-0.0  -0.837  17.1-135.8 -77.3 110.5  -24.0   20.1   -3.7               
  317  317 A Y        -     0   0  204     -2,-0.8     2,-0.2     1,-0.1    -2,-0.0  -0.635  26.3-117.8 -64.5 122.6  -20.6   21.6   -3.0               
  318  318 A P        -     0   0  113      0, 0.0    -1,-0.1     0, 0.0    -3,-0.0  -0.466  25.0-110.7 -61.8 132.1  -19.7   23.7   -6.2               
  319  319 A L        -     0   0  160     -2,-0.2     2,-0.9     1,-0.1    -3,-0.0  -0.477  40.6-108.9 -47.1 124.8  -16.7   22.5   -8.1               
  320  320 A P        -     0   0  123      0, 0.0     2,-1.3     0, 0.0    -1,-0.1  -0.584  24.5-145.2 -63.5 106.6  -14.1   25.3   -7.5               
  321  321 A Q        -     0   0  183     -2,-0.9     2,-1.2     1,-0.0    -2,-0.0  -0.720  18.2-146.0 -62.8  95.4  -13.8   27.0  -10.9               
  322  322 A A        -     0   0   99     -2,-1.3     2,-0.2     1,-0.0    -1,-0.0  -0.698  12.5-140.9 -72.1  97.7  -10.1   27.7  -10.5               
  323  323 A S        -     0   0   98     -2,-1.2    -1,-0.0     1,-0.1    -2,-0.0  -0.451  23.8-105.5 -51.1 128.0   -9.8   31.0  -12.3               
  324  324 A S        +     0   0  108     -2,-0.2    -1,-0.1     0, 0.0     2,-0.1  -0.207  67.4  90.3 -51.8 158.0   -6.6   31.3  -14.4               
  325  325 A S        +     0   0   84      1,-0.1    -2,-0.0    -2,-0.0     0, 0.0   0.409  33.6  87.9  84.6 120.6   -3.6   33.5  -13.2               
  326  326 A Y        -     0   0  208     -2,-0.1    -1,-0.1     0, 0.0     0, 0.0   0.489  47.1-130.4-158.6 151.3   -0.9   33.5  -11.5               
  327  327 A M        +     0   0  173      1,-0.0     0, 0.0     0, 0.0     0, 0.0   0.112  51.4  47.9 -37.0 148.9    2.8   32.7  -12.2               
  328  328 A H        +     0   0  191      0, 0.0    -1,-0.0     0, 0.0     0, 0.0   0.953  66.3  40.6  85.6 110.0    5.5   30.5  -10.5               
  329  329 A G        -     0   0   73      2,-0.1     2,-0.2     0, 0.0     0, 0.0   0.684  59.7-114.7 113.0 105.4    6.3   27.0   -9.1               
  330  330 A G        -     0   0   82      1,-0.1     0, 0.0     3,-0.0     0, 0.0  -0.366  30.3-129.3 -58.2 121.4    5.3   23.4  -10.2               
  331  331 A N        -     0   0  145     -2,-0.2     2,-1.0     1,-0.1    -1,-0.1  -0.588  28.2-114.1 -65.0 128.5    3.0   21.7   -7.6               
  332  332 A P        -     0   0   80      0, 0.0     2,-1.6     0, 0.0    -1,-0.1  -0.591  24.2-154.6 -68.0 102.2    4.6   18.3   -6.8               
  333  333 A S        +     0   0   88     -2,-1.0     2,-0.4    75,-0.1    49,-0.0  -0.666  36.8 156.2 -73.5  84.0    2.0   15.8   -8.2               
  334  334 A G        -     0   0    4     -2,-1.6    76,-0.1    48,-0.1    51,-0.1  -0.977  47.2-154.3-116.3 135.8    2.9   13.0   -5.8               
  335  335 A S  S    S+     0   0   35     -2,-0.4    44,-3.1    75,-0.3     2,-0.5   0.411  76.8  91.2 -77.8  -0.2    0.8   10.0   -4.7               
  336  336 A V  E     -K  378   0D   0     73,-0.5    71,-3.0    71,-0.2     2,-0.4  -0.864  60.6-159.5-107.6 131.3    3.0   10.0   -1.5               
  337  337 A V  E     -KL 377 406D   0     40,-3.1    40,-2.7    -2,-0.5     2,-0.5  -0.850  10.0-145.2-100.6 136.5    2.2   11.8    1.8               
  338  338 A M  E     -KL 376 405D  54     67,-3.0    67,-2.4    -2,-0.4     2,-0.5  -0.914  18.1-167.3 -96.5 126.2    4.9   12.6    4.4               
  339  339 A V  E     +KL 375 404D   0     36,-3.1    36,-2.8    -2,-0.5     2,-0.3  -0.969   9.2 176.0-119.1 117.0    3.4   12.4    7.9               
  340  340 A S  E     +KL 374 403D  29     63,-2.9    63,-2.5    -2,-0.5    34,-0.2  -0.771  54.4  51.3-117.3 161.8    5.5   13.8   10.8               
  341  341 A G        +     0   0   26     32,-0.5    56,-0.2    -2,-0.3    33,-0.2   0.626  68.7 157.0  84.2  17.1    4.6   14.1   14.5               
  342  342 A L        -     0   0    2     31,-2.6     2,-0.6    -3,-0.2    -1,-0.2  -0.457  50.8-110.7 -70.3 141.1    3.5   10.5   15.0               
  343  343 A H    >>  -     0   0   47     -2,-0.2     4,-1.4     1,-0.1     3,-0.8  -0.667  25.0-147.5 -74.7 117.9    3.6    9.1   18.5               
  344  344 A Q  T 34 S+     0   0   90     -2,-0.6    77,-0.4     1,-0.3    -1,-0.1   0.825  93.5  38.3 -63.4 -35.7    6.5    6.5   18.5               
  345  345 A L  T 34 S+     0   0  122      1,-0.2    -1,-0.3    76,-0.1    -2,-0.1   0.590 123.6  40.2 -86.8 -16.9    4.9    4.0   21.0               
  346  346 A K  T <4 S+     0   0   66     -3,-0.8     2,-0.4    52,-0.1    -2,-0.2   0.395 101.7  75.3-117.1  -2.1    1.3    4.4   19.9               
  347  347 A M     <  +     0   0    4     -4,-1.4     2,-0.2    -3,-0.1    74,-0.2  -0.970  47.1 154.2-121.4 135.2    1.6    4.5   16.0               
  348  348 A N     >  -     0   0   17     -2,-0.4     4,-2.5    72,-0.1     5,-0.2  -0.828  59.7 -83.8-140.5 177.9    2.3    1.7   13.6               
  349  349 A C  H  > S+     0   0    2     76,-0.5     4,-2.4    -2,-0.2     5,-0.1   0.863 127.4  50.3 -56.8 -37.7    1.5    0.9    9.9               
  350  350 A S  H  > S+     0   0   41      2,-0.2     4,-2.6     1,-0.2    -1,-0.2   0.887 110.4  48.5 -70.9 -38.3   -2.0   -0.4   10.8               
  351  351 A R  H  > S+     0   0   49      2,-0.2     4,-1.5     1,-0.2    -2,-0.2   0.900 112.0  49.4 -69.7 -38.9   -2.9    2.7   12.9               
  352  352 A V  H  X S+     0   0    0     -4,-2.5     4,-2.7     2,-0.2     3,-0.4   0.958 112.6  48.9 -60.1 -47.3   -1.7    5.0   10.0               
  353  353 A F  H  X S+     0   0    4     -4,-2.4     4,-2.5     1,-0.2    -2,-0.2   0.925 107.0  55.5 -56.5 -47.3   -3.8    2.9    7.7               
  354  354 A N  H  < S+     0   0   15     -4,-2.6    -1,-0.2   160,-0.2    -2,-0.2   0.829 116.0  37.1 -55.8 -38.5   -6.9    3.1   10.0               
  355  355 A L  H >< S+     0   0    1     -4,-1.5     3,-0.9    -3,-0.4    -2,-0.2   0.901 120.2  43.6 -81.7 -46.6   -6.8    7.0    9.9               
  356  356 A F  H >X S+     0   0    1     -4,-2.7     3,-2.3     1,-0.2     4,-0.8   0.807  95.8  74.9 -76.3 -27.1   -5.7    7.6    6.3               
  357  357 A C  T 3< S+     0   0    0     -4,-2.5    80,-0.4    -5,-0.3    -1,-0.2   0.596  84.6  69.4 -64.9 -11.9   -8.1    5.1    4.6               
  358  358 A L  T <4 S+     0   0   13     -3,-0.9    -1,-0.3    -5,-0.2    -2,-0.2   0.738 104.8  40.1 -68.2 -27.4  -10.9    7.5    5.3               
  359  359 A Y  T <4 S-     0   0    1     -3,-2.3     2,-0.3     1,-0.3    28,-0.2   0.530 131.3 -34.8-107.5 -11.7   -9.5    9.9    2.7               
  360  360 A G  S  < S-     0   0    0     -4,-0.8    -1,-0.3    27,-0.1    77,-0.2  -0.957  76.9 -60.3 175.1 177.5   -8.4    7.4   -0.0               
  361  361 A N        -     0   0   25     -2,-0.3    19,-2.5    75,-0.1     2,-0.5  -0.542  47.0-140.9 -72.0 149.6   -7.0    3.9   -0.7               
  362  362 A I  E     +M  379   0D   1     17,-0.2    71,-0.3    68,-0.2    17,-0.2  -0.963  22.6 176.5-115.0 130.8   -3.6    3.2    0.8               
  363  363 A E  E     +     0   0D  70     15,-2.9    67,-3.2    -2,-0.5    68,-1.3   0.863  68.4   1.7 -91.5 -51.9   -1.0    1.2   -1.1               
  364  364 A K  E     -MN 378 429D  38     14,-1.0    14,-2.6    65,-0.3     2,-0.4  -0.990  51.4-161.7-144.9 146.3    2.0    1.3    1.2               
  365  365 A V  E     +MN 377 428D   0     63,-2.3    63,-2.4    -2,-0.3     2,-0.3  -0.996  14.2 177.3-126.7 136.7    3.1    2.7    4.6               
  366  366 A K  E     -MN 376 427D  24     10,-2.6    10,-3.0    -2,-0.4    61,-0.2  -0.934  18.4-147.5-142.4 119.8    6.7    3.1    5.7               
  367  367 A F  E     -M  375   0D  11     59,-3.1     2,-0.5    -2,-0.3     8,-0.3  -0.559  26.0-122.1 -77.5 143.1    8.2    4.6    9.0               
  368  368 A M        -     0   0   42      6,-2.8     6,-0.4     3,-0.4     5,-0.2  -0.781  14.7-163.0 -90.5 125.0   11.5    6.4    8.7               
  369  369 A K  S    S+     0   0  141     -2,-0.5    -1,-0.1     1,-0.2    47,-0.0   0.862  92.5  53.0 -68.9 -37.1   14.4    5.1   10.8               
  370  370 A T  S    S+     0   0  107      1,-0.3    -1,-0.2     2,-0.0    -2,-0.0   0.708 115.7  38.7 -73.7 -23.9   16.4    8.4   10.4               
  371  371 A I  S >  S-     0   0   78      3,-0.2     3,-1.2    -3,-0.2    -3,-0.4  -0.797  86.5-144.5-131.6  86.8   13.5   10.6   11.6               
  372  372 A P  T 3  S+     0   0   82      0, 0.0   -31,-0.2     0, 0.0    -3,-0.1  -0.219  85.2  25.7 -55.8 136.8   11.6    9.0   14.5               
  373  373 A G  T 3  S+     0   0    9      1,-0.3   -31,-2.6    -5,-0.2   -32,-0.5   0.660  99.8 112.4  78.1  18.2    7.8    9.7   14.4               
  374  374 A T  E <   +K  340   0D   6     -3,-1.2    -6,-2.8    -6,-0.4     2,-0.3  -0.973  40.2 177.1-120.4 138.9    7.8   10.2   10.6               
  375  375 A A  E     -KM 339 367D   0    -36,-2.8   -36,-3.1    -2,-0.4     2,-0.4  -0.974  24.1-136.5-135.8 152.4    6.1    7.9    8.0               
  376  376 A L  E     -KM 338 366D   8    -10,-3.0   -10,-2.6    -2,-0.3     2,-0.5  -0.912  20.5-165.1-103.2 134.4    5.6    7.9    4.2               
  377  377 A V  E     -KM 337 365D   0    -40,-2.7   -40,-3.1    -2,-0.4     2,-0.8  -0.978  10.5-151.1-127.0 114.2    2.1    6.9    3.0               
  378  378 A E  E     -KM 336 364D  11    -14,-2.6   -15,-2.9    -2,-0.5   -14,-1.0  -0.798  19.3-160.7 -84.5 109.2    1.5    6.0   -0.7               
  379  379 A M  E     - M   0 362D   1    -44,-3.1   -17,-0.2    -2,-0.8     6,-0.1  -0.563  27.2-116.3 -83.7 156.9   -2.1    6.9   -1.4               
  380  380 A G  S    S+     0   0   35    -19,-2.5     2,-0.3    -2,-0.2   -18,-0.1   0.655  92.6   6.1 -70.5 -17.7   -3.9    5.4   -4.4               
  381  381 A D  S  > S-     0   0   56    -20,-0.3     4,-1.3   -46,-0.2     3,-0.2  -0.978  74.2-106.8-157.9 164.6   -4.3    8.8   -6.2               
  382  382 A E  H  > S+     0   0   91     -2,-0.3     4,-2.5     1,-0.2     5,-0.2   0.864 116.8  58.9 -66.3 -32.8   -3.3   12.5   -5.9               
  383  383 A Y  H  > S+     0   0  131      1,-0.2     4,-2.5     2,-0.2    -1,-0.2   0.853 102.8  53.5 -65.8 -33.8   -6.9   13.5   -4.8               
  384  384 A A  H  > S+     0   0    0     -3,-0.2     4,-2.2     2,-0.2    -1,-0.2   0.877 107.9  50.9 -66.6 -37.1   -6.5   11.2   -1.8               
  385  385 A V  H  X S+     0   0    3     -4,-1.3     4,-2.8     2,-0.2     5,-0.2   0.959 111.3  47.7 -60.9 -50.7   -3.2   13.0   -1.0               
  386  386 A E  H  X S+     0   0  111     -4,-2.5     4,-2.8     1,-0.2    -2,-0.2   0.912 113.1  47.7 -59.6 -45.1   -5.0   16.4   -1.2               
  387  387 A R  H  X S+     0   0   85     -4,-2.5     4,-2.0   -28,-0.2     5,-0.2   0.911 113.1  48.7 -61.3 -44.4   -8.0   15.1    1.0               
  388  388 A A  H  X S+     0   0    0     -4,-2.2     4,-2.5     2,-0.2     5,-0.5   0.938 114.3  45.0 -63.8 -46.1   -5.5   13.7    3.6               
  389  389 A V  H  X S+     0   0   37     -4,-2.8     4,-1.4     1,-0.2    -2,-0.2   0.941 114.5  50.0 -60.5 -46.8   -3.5   16.9    3.7               
  390  390 A T  H  < S+     0   0  102     -4,-2.8    -1,-0.2    -5,-0.2    -2,-0.2   0.853 123.7  27.4 -61.0 -40.1   -6.7   19.1    3.9               
  391  391 A H  H  < S+     0   0   44     -4,-2.0    -1,-0.2    -5,-0.2    -2,-0.2   0.719 125.7  39.6-102.3 -25.3   -8.3   17.1    6.8               
  392  392 A L  H >< S+     0   0    0     -4,-2.5     3,-1.8    -5,-0.2    10,-0.2   0.617  81.7 110.3-104.5 -16.8   -5.4   15.5    8.8               
  393  393 A N  T 3< S+     0   0   57     -4,-1.4    10,-0.2    -5,-0.5     3,-0.1  -0.380  92.8   6.8 -62.6 136.4   -2.8   18.4    8.8               
  394  394 A N  T 3  S+     0   0  109      8,-2.2    -1,-0.3     1,-0.2     2,-0.2   0.500  91.5 148.1  62.3  11.2   -2.5   19.9   12.4               
  395  395 A V    <   -     0   0   12     -3,-1.8     7,-2.9     7,-0.2     2,-0.4  -0.534  47.5-128.3 -69.2 133.0   -4.8   17.2   13.9               
  396  396 A K  E     +O  401   0E 104     -2,-0.2     2,-0.3     5,-0.2     5,-0.2  -0.740  34.7 170.6 -82.2 132.7   -3.8   16.3   17.5               
  397  397 A L  E >   -O  400   0E   2      3,-3.0     3,-1.9    -2,-0.4   -54,-0.1  -0.963  65.1 -11.6-148.0 123.9   -3.3   12.6   18.1               
  398  398 A F  T 3  S-     0   0   15     -2,-0.3     3,-0.1     1,-0.3   -52,-0.1   0.899 128.4 -53.4  50.4  46.4   -1.8   10.9   21.3               
  399  399 A G  T 3  S+     0   0   56      1,-0.2    -1,-0.3   -56,-0.0     2,-0.2   0.222 122.4  97.6  76.9 -11.9   -0.6   14.3   22.6               
  400  400 A K  E <  S-O  397   0E  80     -3,-1.9    -3,-3.0   -59,-0.1     2,-0.5  -0.670  71.4-125.0-103.8 156.2    1.3   15.1   19.4               
  401  401 A R  E     -O  396   0E 185     -5,-0.2     2,-0.3    -2,-0.2    -5,-0.2  -0.911  24.5-132.3 -98.9 128.0    0.3   17.3   16.4               
  402  402 A L        -     0   0    2     -7,-2.9    -8,-2.2    -2,-0.5     2,-0.5  -0.592  11.8-159.1 -74.3 136.3    0.4   15.7   12.9               
  403  403 A N  E     -L  340   0D  78    -63,-2.5   -63,-2.9    -2,-0.3     2,-0.5  -0.991  14.2-173.0-115.1 117.6    2.1   17.5   10.1               
  404  404 A V  E     +L  339   0D   1     -2,-0.5     2,-0.3   -65,-0.2   -65,-0.2  -0.968  14.4 154.2-119.8 115.1    0.8   16.1    6.8               
  405  405 A C  E     -L  338   0D  48    -67,-2.4   -67,-3.0    -2,-0.5     2,-0.2  -0.930  49.5 -86.3-139.2 160.3    2.4   17.3    3.5               
  406  406 A V  E     -L  337   0D  55     -2,-0.3   -69,-0.2   -69,-0.2     2,-0.2  -0.513  48.9-131.6 -65.1 129.7    3.0   16.1   -0.1               
  407  407 A S        -     0   0   12    -71,-3.0   -71,-0.2    -2,-0.2    -1,-0.1  -0.503   8.8-131.5 -79.4 155.1    6.2   14.1   -0.3               
  408  408 A K  S    S+     0   0  198     -2,-0.2     2,-0.3   -74,-0.0    -1,-0.1   0.514  85.6  93.9 -76.4 -10.8    9.0   14.6   -2.8               
  409  409 A Q        -     0   0   86      1,-0.1   -73,-0.5   -73,-0.1    -2,-0.2  -0.707  63.5-156.9 -84.8 141.6    8.9   10.8   -3.4               
  410  410 A H  S    S+     0   0  145     -2,-0.3   -75,-0.3     1,-0.2     2,-0.3   0.622  79.3  11.7 -90.7 -16.4    6.7    9.3   -6.2               
  411  411 A S  S    S-     0   0   46    -77,-0.1     2,-0.8   -76,-0.0    -1,-0.2  -0.982  78.8-108.3-155.3 155.1    6.4    5.8   -4.5               
  412  412 A V        -     0   0    2     -2,-0.3   -47,-0.1    -3,-0.1   -34,-0.1  -0.771  34.5-156.6 -90.0 108.7    7.2    4.2   -1.1               
  413  413 A V        -     0   0   89     -2,-0.8     2,-2.1     1,-0.1    -2,-0.0  -0.724  19.4-125.5 -87.5 129.0   10.2    1.9   -1.6               
  414  414 A P        +     0   0   70      0, 0.0     2,-0.3     0, 0.0     3,-0.2  -0.447  59.7 140.0 -73.2  74.4   10.6   -1.0    1.0               
  415  415 A S        +     0   0   54     -2,-2.1    -2,-0.0     1,-0.2     0, 0.0  -0.929  58.1  11.4-118.6 148.1   14.2   -0.1    2.1               
  416  416 A Q  S    S-     0   0  144     -2,-0.3   -47,-0.2     1,-0.2    -1,-0.2   0.905  78.2-170.8  53.7  47.0   15.7   -0.2    5.6               
  417  417 A I        +     0   0   89     -3,-0.2     2,-0.3   -49,-0.1    -1,-0.2  -0.463  11.3 167.7 -66.2 139.3   12.8   -2.1    7.2               
  418  418 A F        -     0   0   50     -2,-0.1     8,-2.9   -51,-0.1     2,-0.4  -0.908  37.8 -89.8-145.0 168.5   13.0   -2.4   11.0               
  419  419 A E  B     -P  425   0F 157     -2,-0.3     6,-0.2     6,-0.2     2,-0.1  -0.712  36.1-138.2 -86.0 134.4   10.8   -3.3   14.0               
  420  420 A L    >   -     0   0   22      4,-3.1     3,-2.3    -2,-0.4   -75,-0.1  -0.397  36.6 -91.9 -78.5 169.6    8.6   -0.7   15.7               
  421  421 A E  T 3  S+     0   0  142    -77,-0.4   -76,-0.1     1,-0.3   -73,-0.1   0.689 127.7  54.6 -61.4 -21.3    8.2   -0.4   19.5               
  422  422 A D  T 3  S-     0   0   79    -75,-0.1    -1,-0.3     2,-0.1     3,-0.1   0.263 121.6-106.2 -91.7   7.4    5.1   -2.7   19.4               
  423  423 A G  S <  S+     0   0   53     -3,-2.3     2,-0.2     1,-0.3    -2,-0.1   0.417  81.1 128.7  78.4   0.9    7.1   -5.5   17.5               
  424  424 A T        -     0   0   52      1,-0.1    -4,-3.1    -5,-0.1    -1,-0.3  -0.500  67.5 -91.6 -84.3 156.7    5.3   -4.7   14.2               
  425  425 A S  B     -P  419   0F  54     -6,-0.2   -76,-0.5    -2,-0.2    -6,-0.2  -0.434  19.8-135.8 -67.5 139.2    7.1   -4.0   10.9               
  426  426 A S  S    S+     0   0    0     -8,-2.9   -59,-3.1    -2,-0.2     2,-0.4   0.568  93.6  53.4 -66.2 -10.5    8.0   -0.4   10.0               
  427  427 A Y  E     +N  366   0D  39    -61,-0.2     2,-0.3    -9,-0.2   -61,-0.2  -0.986  63.8 170.0-127.4 140.0    6.8   -1.2    6.4               
  428  428 A K  E     -N  365   0D  90    -63,-2.4   -63,-2.3    -2,-0.4     2,-0.5  -0.953  26.0-139.0-150.4 135.1    3.4   -2.7    5.3               
  429  429 A D  E     +N  364   0D  78     -2,-0.3   -65,-0.3   -65,-0.2   -66,-0.1  -0.767  23.7 168.1 -87.5 126.4    1.7   -3.2    1.9               
  430  430 A F    >   +     0   0   12    -67,-3.2     3,-2.3    -2,-0.5   -68,-0.2   0.275  45.5 108.6-118.5   5.6   -2.0   -2.4    2.0               
  431  431 A A  T 3  S+     0   0   54    -68,-1.3   -67,-0.1     1,-0.3   -68,-0.1   0.881  89.4  40.3 -55.3 -37.8   -2.7   -2.4   -1.8               
  432  432 A M  T 3  S+     0   0  178    -69,-0.2     2,-0.4     3,-0.0    -1,-0.3   0.268  86.7 135.0 -92.1   9.3   -4.6   -5.7   -1.4               
  433  433 A S    X   -     0   0   27     -3,-2.3     3,-1.8   -71,-0.3   -71,-0.1  -0.460  51.2-150.0 -65.8 122.9   -6.3   -4.6    1.8               
  434  434 A K  T 3  S+     0   0  199     -2,-0.4    -1,-0.2     1,-0.3    -3,-0.0   0.584  95.1  69.2 -62.7 -12.0  -10.1   -5.5    1.9               
  435  435 A N  T 3   +     0   0   39     -5,-0.1    -1,-0.3    83,-0.0     2,-0.2   0.464  67.0 116.2 -91.9  -4.3  -10.4   -2.4    4.1               
  436  436 A N    <   -     0   0   12     -3,-1.8     3,-0.3    -6,-0.2   -75,-0.1  -0.486  51.8-161.0 -63.2 132.3   -9.6    0.0    1.3               
  437  437 A R  S    S+     0   0    8    -80,-0.4     9,-0.2   -77,-0.2     3,-0.2   0.637  76.8  48.4 -99.7 -17.2  -12.8    2.1    0.8               
  438  438 A F        +     0   0   37      1,-0.1    -1,-0.2     5,-0.1   -77,-0.1   0.025  67.9 116.5-117.6  18.7  -12.5    3.6   -2.7               
  439  439 A T  S    S+     0   0   93     -3,-0.3     2,-0.3     1,-0.1    -1,-0.1   0.702  83.8  26.4 -68.1 -20.7  -11.5    0.5   -4.8               
  440  440 A S  S >> S-     0   0   58     -3,-0.2     4,-3.0     1,-0.1     3,-1.4  -0.994  81.9-117.9-140.1 149.9  -14.7    0.7   -6.9               
  441  441 A A  H 3> S+     0   0   86     -2,-0.3     4,-2.7     1,-0.3     5,-0.1   0.861 115.8  53.8 -53.6 -38.5  -17.0    3.6   -7.9               
  442  442 A G  H 34 S+     0   0   43      2,-0.2    -1,-0.3     1,-0.2     4,-0.1   0.679 113.1  42.1 -74.5 -20.3  -19.9    1.9   -6.0               
  443  443 A Q  H X> S+     0   0   85     -3,-1.4     3,-1.5     2,-0.1     4,-0.5   0.864 114.7  51.4 -83.0 -45.0  -17.9    1.6   -2.8               
  444  444 A A  H >< S+     0   0   29     -4,-3.0     3,-1.8     1,-0.3    -2,-0.2   0.908 103.2  58.7 -56.3 -44.5  -16.5    5.1   -3.2               
  445  445 A S  T 3< S+     0   0   98     -4,-2.7    -1,-0.3     1,-0.3    -3,-0.1   0.591 104.4  52.2 -64.6 -15.2  -20.0    6.6   -3.6               
  446  446 A K  T <4 S+     0   0  155     -3,-1.5     2,-0.6    -9,-0.2    -1,-0.3   0.525  94.3  83.3 -93.8 -13.5  -21.0    5.3   -0.2               
  447  447 A N    <<  -     0   0   31     -3,-1.8     2,-0.6    -4,-0.5    -4,-0.0  -0.864  66.7-157.3 -97.1 120.0  -18.0    6.8    1.6               
  448  448 A I        -     0   0  128     -2,-0.6     2,-0.5    88,-0.1    88,-0.1  -0.870  15.5-133.2 -96.8 123.1  -18.5   10.5    2.6               
  449  449 A I        +     0   0   52     -2,-0.6   -90,-0.1   -90,-0.1    86,-0.0  -0.680  37.7 171.0 -73.5 119.6  -15.2   12.5    3.1               
  450  450 A Q        -     0   0   30     -2,-0.5    86,-0.2   -92,-0.1     3,-0.1  -0.980  34.6-112.5-131.4 145.5  -15.6   14.4    6.3               
  451  451 A P        -     0   0   70      0, 0.0   -59,-0.1     0, 0.0   -60,-0.1  -0.337  59.5 -70.8 -63.9 158.7  -13.2   16.4    8.5               
  452  452 A P        -     0   0   15      0, 0.0     2,-0.3     0, 0.0    54,-0.1  -0.266  63.7-179.9 -53.4 135.4  -12.3   15.0   11.9               
  453  453 A S        -     0   0   24      2,-0.2    85,-0.1    53,-0.1    52,-0.1  -0.855  44.1-118.0-134.4 160.2  -15.3   15.2   14.4               
  454  454 A C  S    S+     0   0   40     -2,-0.3    49,-2.6    55,-0.1     2,-0.5   0.581  98.6  76.9 -73.1 -12.0  -16.2   14.2   18.0               
  455  455 A V  E     -QR 502 537G   7     82,-0.5    82,-2.2    47,-0.2     2,-0.4  -0.892  63.7-166.9-106.7 129.2  -18.8   11.8   16.5               
  456  456 A L  E     -QR 501 536G   0     45,-3.0    45,-2.4    -2,-0.5     2,-0.6  -0.940  13.5-144.3-110.6 132.1  -18.0    8.4   14.9               
  457  457 A H  E     -QR 500 535G  48     78,-2.9    78,-1.3    -2,-0.4     2,-0.4  -0.849  20.2-161.9 -87.9 120.2  -20.4    6.4   12.8               
  458  458 A Y  E     +QR 499 534G   1     41,-2.3    41,-2.3    -2,-0.6     2,-0.3  -0.821  16.9 161.9 -99.7 144.3  -19.9    2.7   13.5               
  459  459 A Y  E     +QR 498 533G  57     74,-1.9    74,-2.3    -2,-0.4    39,-0.2  -0.965  44.6  48.6-153.0 169.8  -21.1   -0.1   11.1               
  460  460 A N  E    S+     0   0G  53     37,-0.7    71,-0.2    -2,-0.3    38,-0.1   0.779  73.8 138.9  65.4  32.8  -20.7   -3.8   10.2               
  461  461 A V  E     -Q  497   0G   0     36,-1.4    36,-2.3     1,-0.1    -1,-0.2  -0.728  59.3 -91.3 -99.2 153.0  -20.9   -5.0   13.8               
  462  462 A P    >   -     0   0    2      0, 0.0     3,-1.7     0, 0.0    34,-0.2  -0.222  31.9-115.4 -57.0 154.3  -22.8   -8.1   15.0               
  463  463 A L  T 3  S+     0   0   98     32,-0.5    33,-0.1     1,-0.3    27,-0.1   0.662 114.7  59.6 -64.2 -18.8  -26.5   -7.9   16.1               
  464  464 A C  T 3  S+     0   0   84      2,-0.0     2,-0.4    33,-0.0    -1,-0.3   0.317  76.2 121.6 -91.1   1.6  -25.4   -8.9   19.7               
  465  465 A V    <   -     0   0    8     -3,-1.7     2,-0.2     3,-0.1    -4,-0.1  -0.595  40.2-177.2 -73.2 129.4  -23.0   -5.9   20.2               
  466  466 A T    >>  -     0   0   64     -2,-0.4     4,-1.2     1,-0.0     3,-0.7  -0.644  44.5 -96.1-114.1 171.2  -23.9   -3.7   23.2               
  467  467 A E  H 3> S+     0   0   98      1,-0.2     4,-2.5    -2,-0.2     3,-0.5   0.923 123.0  60.6 -51.2 -44.9  -22.5   -0.5   24.7               
  468  468 A E  H 3> S+     0   0  155      1,-0.2     4,-2.7     2,-0.2    -1,-0.2   0.814  98.9  56.8 -56.6 -34.5  -20.4   -2.7   27.1               
  469  469 A T  H <> S+     0   0   45     -3,-0.7     4,-2.3     2,-0.2    -1,-0.2   0.925 110.1  43.5 -64.9 -44.0  -18.6   -4.3   24.1               
  470  470 A F  H  X S+     0   0    3     -4,-1.2     4,-2.3    -3,-0.5    -2,-0.2   0.903 112.8  52.2 -68.9 -39.7  -17.4   -0.8   22.9               
  471  471 A T  H  X S+     0   0   45     -4,-2.5     4,-2.3     2,-0.2    -2,-0.2   0.937 110.9  48.2 -60.2 -45.5  -16.5    0.3   26.4               
  472  472 A K  H  X S+     0   0  132     -4,-2.7     4,-3.0     1,-0.2     5,-0.2   0.933 110.6  51.2 -59.4 -46.6  -14.4   -2.9   26.8               
  473  473 A L  H  X S+     0   0    9     -4,-2.3     4,-1.2     2,-0.2    -2,-0.2   0.870 109.5  50.3 -59.7 -39.7  -12.7   -2.3   23.4               
  474  474 A C  H  <>S+     0   0    1     -4,-2.3     5,-2.5     2,-0.2     3,-0.3   0.945 114.7  43.8 -62.9 -45.5  -11.9    1.3   24.4               
  475  475 A N  H ><5S+     0   0   98     -4,-2.3     3,-1.6     1,-0.2    -2,-0.2   0.931 111.1  53.0 -64.2 -47.7  -10.3   -0.0   27.7               
  476  476 A D  H 3<5S+     0   0   96     -4,-3.0    -1,-0.2     1,-0.3    -2,-0.2   0.729 115.9  41.8 -61.7 -25.4   -8.4   -2.9   26.0               
  477  477 A H  T 3<5S-     0   0   55     -4,-1.2    -1,-0.3    -3,-0.3    -2,-0.2   0.269 111.8-118.0-106.7   9.7   -6.9   -0.4   23.5               
  478  478 A E  T < 5 +     0   0  148     -3,-1.6     2,-0.3     1,-0.2    -3,-0.2   0.855  68.9 132.6  53.5  42.7   -6.1    2.4   26.1               
  479  479 A V      < -     0   0    9     -5,-2.5    -1,-0.2    -6,-0.1    -2,-0.1  -0.909  63.8 -94.7-115.5 150.6   -8.4    5.0   24.5               
  480  480 A L        -     0   0  104     -2,-0.3     2,-0.1     1,-0.1    32,-0.1  -0.318  43.0-113.6 -62.3 143.9  -11.0    7.2   26.3               
  481  481 A T        -     0   0   60      1,-0.1    -1,-0.1     2,-0.0     2,-0.1  -0.411  31.9-103.2 -74.9 152.9  -14.6    5.9   26.4               
  482  482 A F        -     0   0   14     21,-0.1    21,-0.3    -2,-0.1    -1,-0.1  -0.354  13.5-142.8 -69.9 156.6  -17.4    7.7   24.5               
  483  483 A I  S    S+     0   0  100     19,-2.9     2,-0.3     1,-0.2    20,-0.2   0.609  84.8  34.4 -94.5 -20.7  -20.0    9.9   26.4               
  484  484 A K  E     -S  502   0G  95     18,-1.3    18,-2.1     2,-0.0     2,-0.4  -0.999  60.8-167.9-139.5 144.0  -23.0    8.8   24.2               
  485  485 A Y  E     +S  501   0G  56     -2,-0.3     2,-0.4    16,-0.2    16,-0.2  -0.994  10.1 176.8-128.6 128.7  -24.0    5.6   22.4               
  486  486 A K  E     -S  500   0G  69     14,-2.5    14,-1.7    -2,-0.4     2,-0.4  -0.999  14.2-156.5-133.7 135.4  -26.8    5.3   19.8               
  487  487 A V  E     -S  499   0G  58     -2,-0.4     2,-0.3    12,-0.2    12,-0.3  -0.876  19.0-132.8-103.2 136.8  -28.0    2.3   17.8               
  488  488 A F        -     0   0   73     10,-2.9    10,-0.4    -2,-0.4     2,-0.3  -0.721  36.1 -92.9 -83.8 145.5  -29.8    2.8   14.5               
  489  489 A D        -     0   0  169     -2,-0.3     2,-0.3     1,-0.1    -1,-0.1  -0.345  44.5-137.4 -58.6 113.3  -33.0    0.8   13.8               
  490  490 A A        -     0   0   50     -2,-0.3    -1,-0.1     1,-0.1     7,-0.1  -0.577  17.2-114.1 -74.7 133.0  -31.9   -2.3   11.9               
  491  491 A K    >   -     0   0  165     -2,-0.3     3,-2.9     1,-0.1    -1,-0.1  -0.418  33.6-108.9 -56.1 146.8  -34.0   -3.3    9.0               
  492  492 A P  T 3  S+     0   0  148      0, 0.0    -1,-0.1     0, 0.0    -2,-0.1   0.733 121.9  48.2 -53.8 -25.0  -35.7   -6.7    9.8               
  493  493 A S  T 3  S+     0   0  105      2,-0.0     2,-0.2     0, 0.0    -2,-0.1   0.242  84.6 124.7 -94.7   4.2  -33.3   -8.3    7.2               
  494  494 A A    <   -     0   0   32     -3,-2.9     3,-0.1     1,-0.1    -4,-0.1  -0.538  41.2-170.0 -73.2 135.1  -30.1   -6.7    8.5               
  495  495 A K  S    S+     0   0  167     -2,-0.2   -32,-0.5     1,-0.1     2,-0.3   0.450  73.5  37.8 -95.1  -7.5  -27.2   -9.0    9.5               
  496  496 A T  S    S-     0   0   44    -34,-0.2     2,-0.2   -33,-0.1    -1,-0.1  -0.977  74.8-125.4-143.6 152.9  -25.2   -6.1   11.2               
  497  497 A L  E     -Q  461   0G  24    -36,-2.3   -36,-1.4    -2,-0.3   -37,-0.7  -0.555  18.9-172.1 -94.4 162.2  -25.8   -3.0   13.3               
  498  498 A S  E     +Q  459   0G  38    -10,-0.4   -10,-2.9   -39,-0.2     2,-0.3  -0.959  20.8 127.5-144.1 158.2  -24.8    0.6   12.8               
  499  499 A G  E     -QS 458 487G   0    -41,-2.3   -41,-2.3    -2,-0.3     2,-0.3  -0.958  46.6 -69.8 177.5-164.6  -25.0    3.7   15.0               
  500  500 A L  E     -QS 457 486G   1    -14,-1.7   -14,-2.5    -2,-0.3     2,-0.4  -0.903  22.1-167.7-120.9 145.3  -23.1    6.6   16.6               
  501  501 A L  E     -QS 456 485G   4    -45,-2.4   -45,-3.0    -2,-0.3     2,-0.4  -0.996  14.2-159.5-125.1 132.1  -20.5    7.1   19.3               
  502  502 A E  E     -QS 455 484G  35    -18,-2.1   -19,-2.9    -2,-0.4   -18,-1.3  -0.956   3.2-163.7-115.9 133.3  -19.7   10.6   20.7               
  503  503 A W        -     0   0    3    -49,-2.6   -21,-0.1    -2,-0.4   -49,-0.0  -0.769  32.1-117.6-104.8 158.8  -16.6   11.7   22.5               
  504  504 A E  S    S+     0   0  168     -2,-0.3     2,-0.3     1,-0.1   -50,-0.1   0.881  98.7  22.0 -59.9 -38.5  -16.2   14.9   24.7               
  505  505 A C  S  > S-     0   0   46    -51,-0.1     4,-1.6     1,-0.1     3,-0.2  -0.933  75.8-119.2-133.6 158.1  -13.6   16.2   22.2               
  506  506 A K  H  > S+     0   0  112     -2,-0.3     4,-1.9     1,-0.2     5,-0.1   0.811 110.2  61.5 -57.6 -35.9  -12.4   15.7   18.6               
  507  507 A T  H  > S+     0   0   37      2,-0.2     4,-2.3     1,-0.2    -1,-0.2   0.945 104.4  46.8 -60.3 -46.5   -9.0   14.5   19.7               
  508  508 A D  H  > S+     0   0   26      1,-0.2     4,-3.0    -3,-0.2     5,-0.2   0.893 110.6  52.0 -69.0 -38.6  -10.4   11.5   21.6               
  509  509 A A  H  X S+     0   0    0     -4,-1.6     4,-2.6     2,-0.2    -1,-0.2   0.891 110.7  48.6 -62.1 -39.9  -12.6   10.5   18.7               
  510  510 A V  H  X S+     0   0    1     -4,-1.9     4,-2.4     2,-0.2    -2,-0.2   0.910 113.0  48.1 -66.6 -40.7   -9.6   10.6   16.3               
  511  511 A E  H  X S+     0   0   26     -4,-2.3     4,-2.2     2,-0.2    -2,-0.2   0.949 113.5  46.7 -63.3 -47.8   -7.6    8.4   18.8               
  512  512 A A  H  X S+     0   0    0     -4,-3.0     4,-3.0     1,-0.2     5,-0.4   0.920 113.7  48.7 -61.2 -44.7  -10.4    5.9   19.2               
  513  513 A L  H  X S+     0   0    0     -4,-2.6     4,-1.8    -5,-0.2    -1,-0.2   0.924 111.1  50.7 -59.8 -44.7  -10.9    5.8   15.4               
  514  514 A T  H  < S+     0   0    0     -4,-2.4    -2,-0.2     1,-0.2  -160,-0.2   0.887 120.1  35.2 -62.2 -39.7   -7.1    5.3   14.9               
  515  515 A A  H  < S+     0   0   12     -4,-2.2    -2,-0.2    -5,-0.1    -1,-0.2   0.885 126.0  34.3 -80.5 -42.6   -7.0    2.4   17.5               
  516  516 A L  H >< S+     0   0    6     -4,-3.0     3,-2.0    -5,-0.2    -3,-0.2   0.597  81.4 114.3-100.5 -17.4  -10.4    0.6   16.9               
  517  517 A N  T 3< S+     0   0    3     -4,-1.8    16,-0.2    -5,-0.4  -163,-0.1  -0.351  89.0  12.3 -61.5 136.6  -11.1    1.0   13.1               
  518  518 A H  T 3  S+     0   0   19     14,-2.3    -1,-0.3     1,-0.2    15,-0.1   0.554  87.0 161.3  65.2  16.0  -11.1   -2.5   11.4               
  519  519 A Y    <   -     0   0   82     -3,-2.0    13,-2.8    13,-0.2     2,-0.8  -0.354  40.6-123.0 -58.8 138.7  -11.2   -4.3   14.8               
  520  520 A Q  E     -T  531   0H  98     11,-0.2     2,-0.6    -2,-0.0    11,-0.2  -0.790  23.2-164.1 -95.0 110.1  -12.3   -8.0   14.3               
  521  521 A I  E     -T  530   0H  18      9,-2.5     9,-2.9    -2,-0.8     2,-0.5  -0.810   6.2-159.3 -94.2 117.0  -15.4   -8.9   16.4               
  522  522 A R        -     0   0  198     -2,-0.6     5,-0.0     7,-0.2    -2,-0.0  -0.858   3.7-150.9 -97.6 128.3  -15.9  -12.7   16.7               
  523  523 A V    >   -     0   0   40     -2,-0.5     3,-2.4     5,-0.3     2,-0.1  -0.831  33.0-101.7 -91.4 135.7  -19.4  -14.0   17.6               
  524  524 A P  T 3  S+     0   0  112      0, 0.0     3,-0.1     0, 0.0    -1,-0.0  -0.396 113.4  14.3 -52.0 125.5  -19.5  -17.4   19.5               
  525  525 A N  T 3  S+     0   0  176      1,-0.2     2,-0.5    -2,-0.1    -3,-0.0   0.411  96.3 129.2  77.1   4.7  -20.5  -19.9   16.7               
  526  526 A G    <   -     0   0   43     -3,-2.4    -1,-0.2     1,-0.1    -3,-0.0  -0.771  48.9-155.3 -86.5 130.0  -19.7  -17.5   13.8               
  527  527 A S  S    S+     0   0  113     -2,-0.5    -1,-0.1     1,-0.1    -2,-0.0   0.753  80.6  42.5 -71.9 -26.1  -17.4  -18.9   11.1               
  528  528 A N  S    S-     0   0  121     -5,-0.0    -5,-0.3     0, 0.0     2,-0.1  -0.984  84.3-120.7-127.0 134.8  -16.2  -15.4   10.0               
  529  529 A P        -     0   0   45      0, 0.0     2,-0.3     0, 0.0    -7,-0.2  -0.424  25.0-125.6 -67.9 143.7  -15.2  -12.4   12.1               
  530  530 A Y  E     -T  521   0H  73     -9,-2.9    -9,-2.5    -2,-0.1     2,-0.7  -0.677  19.6-137.4 -82.0 141.7  -17.1   -9.1   11.7               
  531  531 A T  E     -T  520   0H  21     -2,-0.3   -11,-0.2   -71,-0.2     2,-0.2  -0.919  13.4-135.8-107.1 108.9  -14.9   -6.1   10.9               
  532  532 A L        -     0   0    1    -13,-2.8   -14,-2.3    -2,-0.7     2,-0.5  -0.427  21.8-160.4 -58.3 126.2  -15.8   -2.9   12.9               
  533  533 A K  E     -R  459   0G  45    -74,-2.3   -74,-1.9   -16,-0.2     2,-0.3  -0.975   7.7-171.3-117.1 130.1  -15.8    0.1   10.5               
  534  534 A L  E     +R  458   0G   3     -2,-0.5     2,-0.3   -76,-0.2   -76,-0.2  -0.878  10.2 164.7-115.8 145.3  -15.6    3.7   11.8               
  535  535 A C  E     -R  457   0G  26    -78,-1.3   -78,-2.9    -2,-0.3   -86,-0.1  -0.969  42.1 -93.4-147.3 157.1  -15.9    7.1   10.0               
  536  536 A F  E     -R  456   0G   8     -2,-0.3     2,-0.4   -80,-0.2   -80,-0.2  -0.358  39.6-157.6 -63.3 147.9  -16.4   10.7   11.1               
  537  537 A S  E     -R  455   0G  17    -82,-2.2   -82,-0.5     2,-0.1   -83,-0.1  -0.994  24.1-160.5-128.5 141.0  -20.0   11.9   11.3               
  538  538 A T        +     0   0  103     -2,-0.4     2,-0.4   -85,-0.1   -82,-0.1   0.285  53.7 131.7 -90.6   2.4  -21.4   15.5   11.2               
  539  539 A S        -     0   0   39      1,-0.2     3,-0.1   -84,-0.1    -2,-0.1  -0.475  37.0-175.6 -65.2 120.8  -24.7   14.2   12.8               
  540  540 A S        +     0   0  103     -2,-0.4     2,-0.9     1,-0.2    -1,-0.2   0.415  62.9  96.1 -85.3  -4.7  -25.8   16.3   15.7               
  541  541 A H              0   0  143      0, 0.0    -1,-0.2     0, 0.0    -2,-0.1  -0.378 360.0 360.0 -95.5  54.8  -28.7   13.8   16.4               
  542  542 A L              0   0   56     -2,-0.9   -56,-0.0    -3,-0.1   -41,-0.0  -0.828 360.0 360.0 -76.6 360.0  -27.2   11.6   19.1               
