==== Secondary Structure Definition by the program DSSP, CMBI version 2.0                          ==== DATE=2026-03-08        .
REFERENCE W. KABSCH AND C.SANDER, BIOPOLYMERS 22 (1983) 2577-2637                                                              .
HEADER                                            01-AUG-25                                                                    .
COMPND    MOL_ID: 1; MOLECULE: SERINE/ARGININE-RICH SPLICING FACTOR 12; CHAIN: A                                               .
SOURCE    MOL_ID: 1; ORGANISM_SCIENTIFIC: HOMO SAPIENS; ORGANISM_TAXID: 9606                                                   .
AUTHOR                                                                                                                         .
  261  1  0  0  0 TOTAL NUMBER OF RESIDUES, NUMBER OF CHAINS, NUMBER OF SS-BRIDGES(TOTAL,INTRACHAIN,INTERCHAIN)                .
 31967.0   ACCESSIBLE SURFACE OF PROTEIN (ANGSTROM**2)                                                                         .
   82 31.4   TOTAL NUMBER OF HYDROGEN BONDS OF TYPE O(I)-->H-N(J)  , SAME NUMBER PER 100 RESIDUES                              .
    0  0.0   TOTAL NUMBER OF HYDROGEN BONDS IN     PARALLEL BRIDGES, SAME NUMBER PER 100 RESIDUES                              .
   22  8.4   TOTAL NUMBER OF HYDROGEN BONDS IN ANTIPARALLEL BRIDGES, SAME NUMBER PER 100 RESIDUES                              .
    1  0.4   TOTAL NUMBER OF HYDROGEN BONDS OF TYPE O(I)-->H-N(I-5), SAME NUMBER PER 100 RESIDUES                              .
    0  0.0   TOTAL NUMBER OF HYDROGEN BONDS OF TYPE O(I)-->H-N(I-4), SAME NUMBER PER 100 RESIDUES                              .
    1  0.4   TOTAL NUMBER OF HYDROGEN BONDS OF TYPE O(I)-->H-N(I-3), SAME NUMBER PER 100 RESIDUES                              .
    0  0.0   TOTAL NUMBER OF HYDROGEN BONDS OF TYPE O(I)-->H-N(I-2), SAME NUMBER PER 100 RESIDUES                              .
    0  0.0   TOTAL NUMBER OF HYDROGEN BONDS OF TYPE O(I)-->H-N(I-1), SAME NUMBER PER 100 RESIDUES                              .
    0  0.0   TOTAL NUMBER OF HYDROGEN BONDS OF TYPE O(I)-->H-N(I+0), SAME NUMBER PER 100 RESIDUES                              .
    0  0.0   TOTAL NUMBER OF HYDROGEN BONDS OF TYPE O(I)-->H-N(I+1), SAME NUMBER PER 100 RESIDUES                              .
   26 10.0   TOTAL NUMBER OF HYDROGEN BONDS OF TYPE O(I)-->H-N(I+2), SAME NUMBER PER 100 RESIDUES                              .
   13  5.0   TOTAL NUMBER OF HYDROGEN BONDS OF TYPE O(I)-->H-N(I+3), SAME NUMBER PER 100 RESIDUES                              .
   20  7.7   TOTAL NUMBER OF HYDROGEN BONDS OF TYPE O(I)-->H-N(I+4), SAME NUMBER PER 100 RESIDUES                              .
    0  0.0   TOTAL NUMBER OF HYDROGEN BONDS OF TYPE O(I)-->H-N(I+5), SAME NUMBER PER 100 RESIDUES                              .
  1  2  3  4  5  6  7  8  9 10 11 12 13 14 15 16 17 18 19 20 21 22 23 24 25 26 27 28 29 30     *** HISTOGRAMS OF ***           .
  0  0  0  1  0  0  0  1  0  0  1  0  0  0  0  0  0  0  0  0  0  0  0  0  0  0  0  0  0  0    RESIDUES PER ALPHA HELIX         .
  0  0  0  0  0  0  0  0  0  0  0  0  0  0  0  0  0  0  0  0  0  0  0  0  0  0  0  0  0  0    PARALLEL BRIDGES PER LADDER      .
  1  1  0  2  1  0  0  0  0  0  0  0  0  0  0  0  0  0  0  0  0  0  0  0  0  0  0  0  0  0    ANTIPARALLEL BRIDGES PER LADDER  .
  1  0  1  0  0  0  0  0  0  0  0  0  0  0  0  0  0  0  0  0  0  0  0  0  0  0  0  0  0  0    LADDERS PER SHEET                .
  #  RESIDUE AA STRUCTURE BP1 BP2  ACC     N-H-->O    O-->H-N    N-H-->O    O-->H-N    TCO  KAPPA ALPHA  PHI   PSI    X-CA   Y-CA   Z-CA            CHAIN
    1    1 A M              0   0  237      0, 0.0     2,-1.2     0, 0.0     0, 0.0   0.000 360.0 360.0 360.0  94.6  -26.1  -17.2    5.3               
    2    2 A S        -     0   0   92      1,-0.1     2,-1.6     2,-0.0     0, 0.0  -0.606 360.0-156.3 -68.4  97.9  -23.9  -14.7    7.2               
    3    3 A R        -     0   0  227     -2,-1.2     2,-1.3     1,-0.0    -1,-0.1  -0.758  24.8-137.1 -63.2  88.9  -23.7  -11.8    4.8               
    4    4 A Y        -     0   0  203     -2,-1.6     2,-0.7     1,-0.0    -2,-0.0  -0.529   9.7-151.7 -57.1  92.3  -20.4  -10.7    6.6               
    5    5 A T        -     0   0  130     -2,-1.3    -1,-0.0     1,-0.1    -2,-0.0  -0.713  36.8-112.1 -56.4 106.3  -21.0   -7.0    6.8               
    6    6 A R        -     0   0  139     -2,-0.7     3,-0.1     1,-0.1    -1,-0.1  -0.337  37.0 -96.2 -49.1 134.7  -17.2   -6.4    6.7               
    7    7 A P        -     0   0  103      0, 0.0    -1,-0.1     0, 0.0     3,-0.1  -0.238  62.2 -72.3 -50.7 145.9  -16.1   -5.1   10.1               
    8    8 A P        -     0   0   92      0, 0.0     2,-0.8     0, 0.0    53,-0.0  -0.180  64.6-102.5 -48.4 130.0  -15.9   -1.2   10.0               
    9    9 A N        +     0   0   61      1,-0.2    77,-0.1    -3,-0.1    78,-0.0  -0.488  41.3 176.0 -73.3 108.1  -12.8   -0.5    7.9               
   10   10 A T        +     0   0   29     -2,-0.8    48,-2.8    48,-0.1     2,-0.5   0.453  61.7  94.3 -77.4  -3.7   -9.8    0.5   10.0               
   11   11 A S  E     -A   57   0A  34     46,-0.2    75,-2.8    75,-0.2     2,-0.4  -0.840  62.6-157.6 -99.0 124.6   -7.8    0.5    6.7               
   12   12 A L  E     -AB  56  85A   0     44,-3.1    44,-2.1    -2,-0.5     2,-0.5  -0.794   7.1-146.6 -97.6 138.0   -7.4    3.7    4.7               
   13   13 A F  E     -AB  55  84A  37     71,-3.4    71,-2.4    -2,-0.4     2,-0.5  -0.932  15.7-160.6-102.1 120.3   -6.6    3.8    1.0               
   14   14 A I  E     -AB  54  83A   0     40,-3.0    40,-2.1    -2,-0.5     3,-0.3  -0.915   5.7-166.1-109.9 120.9   -4.4    6.7    0.0               
   15   15 A R  E     +AB  53  82A  94     67,-3.3    67,-2.0    -2,-0.5    38,-0.2  -0.672  64.4  30.0 -99.2 160.1   -4.2    7.9   -3.6               
   16   16 A N  S    S+     0   0   83     36,-0.9    37,-0.2    -2,-0.2    -1,-0.2   0.807  74.4 170.0  60.9  37.5   -1.7   10.2   -5.4               
   17   17 A V        -     0   0    6     35,-2.0    -1,-0.2    -3,-0.3     2,-0.1  -0.498  38.4-106.7 -72.4 142.2    1.2    9.3   -3.1               
   18   18 A A    >   -     0   0    9     58,-0.2     3,-1.6    -2,-0.2    34,-0.1  -0.447  17.4-126.9 -70.3 147.5    4.7   10.6   -4.2               
   19   19 A D  T 3  S+     0   0   86      1,-0.3    -1,-0.1    -2,-0.1    -2,-0.0   0.718 112.6  54.2 -69.0 -19.0    7.1    8.1   -5.6               
   20   20 A A  T 3  S+     0   0   84     57,-0.2     2,-0.3     2,-0.1    -1,-0.3   0.496  82.2 117.0 -86.1  -9.7    9.7    9.4   -3.0               
   21   21 A T    <   -     0   0   11     -3,-1.6    -4,-0.0    55,-0.1    55,-0.0  -0.484  51.0-156.8 -70.5 125.5    7.3    8.8   -0.1               
   22   22 A R    >>  -     0   0  157     -2,-0.3     4,-1.6     1,-0.1     3,-0.5  -0.598  29.6-113.3 -93.5 158.6    8.6    6.2    2.4               
   23   23 A P  H 3> S+     0   0   53      0, 0.0     4,-2.4     0, 0.0     5,-0.1   0.854 118.9  60.0 -60.3 -29.5    6.4    4.1    4.8               
   24   24 A E  H 3> S+     0   0   96      2,-0.2     4,-1.9     1,-0.2     5,-0.1   0.869 101.5  52.4 -63.6 -37.0    8.1    6.0    7.7               
   25   25 A D  H <> S+     0   0   49     -3,-0.5     4,-1.9     2,-0.2    -1,-0.2   0.933 110.7  46.4 -67.5 -44.6    6.8    9.4    6.2               
   26   26 A L  H  X S+     0   0    0     -4,-1.6     4,-2.9     1,-0.2     5,-0.5   0.928 110.1  54.7 -61.7 -42.7    3.2    8.1    6.1               
   27   27 A R  H  X S+     0   0  157     -4,-2.4     4,-1.6     1,-0.2    -2,-0.2   0.870 109.8  47.3 -60.7 -36.5    3.7    6.7    9.7               
   28   28 A R  H  < S+     0   0  150     -4,-1.9    -1,-0.2     2,-0.2    -2,-0.2   0.844 117.2  41.0 -71.3 -38.9    4.7   10.2   10.9               
   29   29 A E  H >< S+     0   0   34     -4,-1.9     3,-0.7     2,-0.1    -2,-0.2   0.929 124.5  35.7 -75.6 -45.8    1.8   12.1    9.2               
   30   30 A F  H >X S+     0   0    0     -4,-2.9     3,-1.9     1,-0.2     4,-0.8   0.791 102.9  73.4 -79.3 -27.6   -0.9    9.5   10.0               
   31   31 A G  T 3< S+     0   0   39     -4,-1.6    -1,-0.2    -5,-0.5    -2,-0.1   0.518  81.8  73.4 -68.9  -5.2    0.5    8.6   13.5               
   32   32 A R  T <4 S+     0   0  175     -3,-0.7    -1,-0.3    -4,-0.1    -2,-0.1   0.667  99.3  45.1 -74.6 -22.2   -0.8   12.0   14.8               
   33   33 A Y  T <4 S-     0   0   59     -3,-1.9    -2,-0.2     1,-0.3    -1,-0.1   0.767 127.2 -42.4 -94.7 -32.0   -4.4   10.7   14.8               
   34   34 A G  S  < S-     0   0   14     -4,-0.8    -1,-0.3    29,-0.1     2,-0.2  -0.982  76.4 -48.2-179.5 174.9   -3.9    7.3   16.3               
   35   35 A P        -     0   0   67      0, 0.0    24,-1.7     0, 0.0     2,-0.5  -0.439  50.5-142.5 -62.8 129.9   -1.8    4.0   16.6               
   36   36 A I  E     -C   58   0A  21     22,-0.2    22,-0.3    -2,-0.2     3,-0.1  -0.876  16.4-172.5-100.7 125.9   -0.9    2.5   13.3               
   37   37 A V  E    S-     0   0A  87     20,-2.3     2,-0.3    -2,-0.5    21,-0.2   0.915  70.6  -3.4 -78.3 -51.4   -0.9   -1.3   12.9               
   38   38 A D  E     -C   57   0A  55     19,-1.1    19,-2.8     2,-0.0     2,-0.4  -0.997  50.1-155.5-148.7 149.7    0.6   -1.5    9.4               
   39   39 A V  E     -C   56   0A  24     -2,-0.3     2,-0.5    17,-0.2    17,-0.2  -0.972  19.9-175.3-126.6 117.1    1.7    0.6    6.5               
   40   40 A Y  E     -C   55   0A  33     15,-2.8    15,-2.8    -2,-0.4    -2,-0.0  -0.942  11.4-177.1-122.1 121.3    1.7   -1.0    3.0               
   41   41 A I        -     0   0   29     -2,-0.5     2,-0.3    13,-0.2    13,-0.2  -0.913  23.0-141.6-115.7 100.5    3.0    0.6   -0.2               
   42   42 A P        -     0   0    0      0, 0.0     9,-2.0     0, 0.0    11,-0.3  -0.478  14.3-154.3 -62.7 125.9    2.4   -1.7   -3.3               
   43   43 A L  B     -D   50   0B  78     -2,-0.3     2,-0.2     7,-0.2     6,-0.1  -0.748  26.3-103.0 -92.5 145.5    5.3   -1.6   -5.8               
   44   44 A D     >  -     0   0   22      5,-3.1     4,-1.3    -2,-0.3    -1,-0.1  -0.473  25.8-136.7 -60.6 134.1    4.7   -2.4   -9.5               
   45   45 A F  T  4 S+     0   0   92     48,-0.2    -1,-0.1    -2,-0.2    49,-0.1   0.840  98.6  37.8 -63.6 -35.4    6.0   -5.9  -10.1               
   46   46 A Y  T  4 S+     0   0  122      1,-0.1    -1,-0.1     3,-0.1    -2,-0.0   0.942 127.9  27.0 -87.1 -54.5    7.7   -4.9  -13.4               
   47   47 A T  T  4 S-     0   0   80      2,-0.1    -2,-0.1     1,-0.0    -1,-0.1   0.590  89.2-137.0 -86.2 -12.3    9.2   -1.4  -12.8               
   48   48 A R     <  +     0   0  171     -4,-1.3    -3,-0.1     1,-0.2     3,-0.0   0.589  61.2 134.1  56.8  15.3    9.6   -1.9   -8.9               
   49   49 A R        -     0   0  179      1,-0.1    -5,-3.1    -6,-0.1    -1,-0.2  -0.615  68.2 -97.3 -86.5 148.8    8.3    1.7   -8.7               
   50   50 A P  B     -D   43   0B  31      0, 0.0    -7,-0.2     0, 0.0    -1,-0.1  -0.413  28.5-131.5 -60.6 141.7    5.6    2.7   -6.1               
   51   51 A R        -     0   0   61     -9,-2.0   -35,-0.2     2,-0.3    -8,-0.1   0.318  45.8-101.9 -79.4   6.6    2.1    2.7   -7.8               
   52   52 A G  S    S+     0   0   17      1,-0.2   -35,-2.0   -10,-0.1   -36,-0.9   0.673  94.5  87.7  74.9  19.8    1.3    6.1   -6.4               
   53   53 A F  E     -A   15   0A  31    -11,-0.3    -2,-0.3   -37,-0.2     2,-0.3  -0.991  50.7-172.7-144.2 157.3   -1.0    4.6   -3.6               
   54   54 A A  E     -A   14   0A   0    -40,-2.1   -40,-3.0    -2,-0.3     2,-0.4  -0.916  16.7-136.2-139.8 161.8   -0.6    3.3   -0.1               
   55   55 A Y  E     -AC  13  40A  63    -15,-2.8   -15,-2.8    -2,-0.3     2,-0.4  -0.987  14.7-169.8-120.4 135.9   -2.6    1.5    2.6               
   56   56 A V  E     -AC  12  39A   1    -44,-2.1   -44,-3.1    -2,-0.4     2,-0.6  -0.998   7.9-156.6-125.1 124.6   -2.6    2.5    6.3               
   57   57 A Q  E     -AC  11  38A  74    -19,-2.8   -20,-2.3    -2,-0.4   -19,-1.1  -0.927   8.5-162.0-103.8 121.3   -4.2    0.3    8.9               
   58   58 A F  E     - C   0  36A   1    -48,-2.8   -22,-0.2    -2,-0.6   -48,-0.1  -0.534  23.9-132.2 -89.2 160.8   -5.3    1.8   12.2               
   59   59 A E  S    S+     0   0  129    -24,-1.7     2,-0.3    -2,-0.2    -1,-0.1   0.928  94.7  41.1 -72.1 -48.1   -6.1   -0.0   15.5               
   60   60 A D  S  > S-     0   0   67    -25,-0.3     4,-1.0     1,-0.1    -2,-0.1  -0.687  71.6-140.2-104.8 149.2   -9.3    1.9   15.9               
   61   61 A V  H  > S+     0   0   34     -2,-0.3     4,-2.1     2,-0.2     5,-0.1   0.867 103.0  59.6 -71.6 -36.5  -12.0    3.0   13.3               
   62   62 A R  H  > S+     0   0  162      1,-0.2     4,-2.8     2,-0.2     5,-0.2   0.929 103.9  49.8 -61.1 -44.2  -12.5    6.4   15.0               
   63   63 A D  H  > S+     0   0   23      1,-0.2     4,-2.4     2,-0.2    -1,-0.2   0.852 109.8  51.8 -63.8 -35.9   -8.8    7.3   14.4               
   64   64 A A  H  X S+     0   0    0     -4,-1.0     4,-2.0     2,-0.2    -1,-0.2   0.881 110.6  48.5 -67.7 -38.7   -9.1    6.2   10.7               
   65   65 A E  H  X S+     0   0   78     -4,-2.1     4,-2.7     2,-0.2    -2,-0.2   0.959 112.9  47.0 -62.8 -50.7  -12.2    8.5   10.4               
   66   66 A D  H  X S+     0   0   86     -4,-2.8     4,-2.3     1,-0.2     5,-0.3   0.911 113.4  48.6 -61.1 -42.5  -10.4   11.5   12.0               
   67   67 A A  H  X S+     0   0    0     -4,-2.4     4,-2.3    -5,-0.2     5,-0.3   0.905 111.5  51.2 -62.5 -41.1   -7.3   10.9    9.8               
   68   68 A L  H  X S+     0   0   20     -4,-2.0     4,-1.2     2,-0.2    -2,-0.2   0.938 113.3  43.9 -61.2 -48.6   -9.7   10.7    6.7               
   69   69 A Y  H  < S+     0   0  169     -4,-2.7    -2,-0.2     1,-0.2    -1,-0.2   0.900 122.6  35.8 -66.1 -39.1  -11.4   14.0    7.6               
   70   70 A N  H  < S+     0   0  104     -4,-2.3    -2,-0.2    -5,-0.2    -1,-0.2   0.759 122.2  39.5 -92.5 -29.1   -8.2   16.0    8.4               
   71   71 A L  H >< S+     0   0    0     -4,-2.3     3,-2.2    -5,-0.3    10,-0.2   0.585  81.9 115.4 -97.5 -13.4   -5.6   14.6    6.0               
   72   72 A N  T 3< S+     0   0   62     -4,-1.2    10,-0.2    -5,-0.3   -58,-0.0  -0.419  91.8   6.2 -62.6 127.7   -7.8   14.3    2.9               
   73   73 A R  T 3  S+     0   0  179      8,-2.1    -1,-0.3     1,-0.2     2,-0.2   0.593  98.2 141.1  67.4  19.3   -6.5   16.8    0.2               
   74   74 A K    <   -     0   0   79     -3,-2.2     7,-2.6     7,-0.3     2,-0.6  -0.497  58.8-107.1 -79.6 154.9   -3.4   17.7    2.3               
   75   75 A W  E     +E   80   0C 184      5,-0.2     2,-0.4    -2,-0.2     5,-0.2  -0.769  42.5 172.6 -83.8 120.2    0.0   18.2    0.8               
   76   76 A V  E >   -E   79   0C   9      3,-3.1     3,-2.1    -2,-0.6   -58,-0.2  -0.999  69.3 -14.0-130.7 126.6    2.4   15.3    1.5               
   77   77 A C  T 3  S-     0   0   68     -2,-0.4   -57,-0.2     1,-0.3     3,-0.1   0.809 129.0 -53.3  51.1  35.0    5.9   15.1   -0.1               
   78   78 A G  T 3  S+     0   0   63      1,-0.2     2,-0.3   -60,-0.1    -1,-0.3   0.499 122.1  94.8  79.4   6.4    4.9   17.8   -2.7               
   79   79 A R  E <  S-E   76   0C  94     -3,-2.1    -3,-3.1    -5,-0.0     2,-0.7  -0.947  77.9-117.8-122.2 149.0    1.7   16.0   -3.9               
   80   80 A Q  E     -E   75   0C  86     -2,-0.3    -5,-0.2    -5,-0.2     2,-0.2  -0.771  34.9-145.2 -82.0 116.6   -1.9   16.4   -2.7               
   81   81 A I        -     0   0    2     -7,-2.6    -8,-2.1    -2,-0.7     2,-0.4  -0.561   7.0-153.7 -83.7 146.5   -3.0   13.1   -1.2               
   82   82 A E  E     -B   15   0A  68    -67,-2.0   -67,-3.3    -2,-0.2     2,-0.4  -0.982  12.4-159.1-117.5 133.1   -6.6   11.7   -1.5               
   83   83 A I  E     +B   14   0A   4     -2,-0.4     2,-0.3   -69,-0.2   -69,-0.2  -0.904  16.9 162.5-118.9 138.4   -7.9    9.4    1.2               
   84   84 A Q  E     -B   13   0A  65    -71,-2.4   -71,-3.4    -2,-0.4     2,-0.2  -0.967  46.5 -87.1-141.3 159.7  -10.7    6.9    1.1               
   85   85 A F  E     -B   12   0A  67     -2,-0.3     2,-0.4   -73,-0.2   -73,-0.2  -0.502  55.1-103.2 -65.2 136.2  -11.9    3.8    3.1               
   86   86 A A        -     0   0    2    -75,-2.8     2,-1.3    -2,-0.2   -75,-0.2  -0.456  26.1-151.4 -66.7 120.3  -10.2    0.7    1.8               
   87   87 A Q        -     0   0  183     -2,-0.4     2,-0.2     2,-0.1    -1,-0.1  -0.568  65.4  -7.2 -92.0  70.1  -12.7   -1.4   -0.3               
   88   88 A G  S    S-     0   0   25     -2,-1.3     3,-0.1   -77,-0.1     2,-0.0  -0.582  88.7 -46.7 133.9 172.3  -11.2   -4.8    0.4               
   89   89 A D  S    S-     0   0  119     -2,-0.2     2,-0.3     1,-0.2    -2,-0.1  -0.274  71.8 -77.4 -71.1 154.6   -8.5   -7.1    1.8               
   90   90 A R        -     0   0  151      1,-0.1     2,-0.4    -4,-0.0    -1,-0.2  -0.344  49.7-148.2 -54.9 114.7   -4.7   -6.4    1.4               
   91   91 A K        -     0   0  122     -2,-0.3    -1,-0.1    -3,-0.1     5,-0.0  -0.715  10.5-127.2 -86.7 136.1   -3.8   -7.6   -2.2               
   92   92 A T    >>  -     0   0   75     -2,-0.4     4,-1.3     1,-0.1     3,-0.7  -0.488  27.2-110.8 -73.9 153.5   -0.3   -9.0   -2.8               
   93   93 A P  T 34 S+     0   0   53      0, 0.0     4,-0.4     0, 0.0     3,-0.3   0.858 120.6  57.4 -58.8 -29.7    1.7   -7.4   -5.6               
   94   94 A G  T >4 S+     0   0   43      1,-0.2     3,-1.0     2,-0.2     4,-0.3   0.899 104.1  50.4 -64.4 -40.1    1.3  -10.7   -7.5               
   95   95 A Q  T X4 S+     0   0  122     -3,-0.7     3,-0.5     1,-0.2    -1,-0.2   0.742 106.4  57.2 -68.1 -23.5   -2.5  -10.4   -7.3               
   96   96 A M  T >X S+     0   0   18     -4,-1.3     3,-1.1    -3,-0.3     4,-0.5   0.527  80.6  90.0 -89.1  -3.9   -2.4   -6.8   -8.6               
   97   97 A K  H X> S+     0   0   72     -3,-1.0     4,-0.7    -4,-0.4     3,-0.6   0.776  77.9  63.4 -58.4 -33.2   -0.5   -7.9  -11.9               
   98   98 A S  H <4 S+     0   0   97     -3,-0.5    -1,-0.2    -4,-0.3    -2,-0.1   0.708  96.9  55.0 -73.4 -21.1   -3.8   -8.4  -13.8               
   99   99 A K  H <4 S+     0   0  186     -3,-1.1    -1,-0.2     1,-0.2    -2,-0.2   0.675 101.7  57.0 -86.7 -19.2   -5.0   -4.7  -13.6               
  100  100 A E  H << S+     0   0   56     -3,-0.6     2,-1.1    -4,-0.5    -2,-0.2   0.619  85.3  90.2 -88.7 -15.1   -1.7   -3.3  -15.2               
  101  101 A R  S  < S-     0   0  154     -4,-0.7    -1,-0.0     1,-0.0     3,-0.0  -0.782  93.0-119.6 -74.9 104.2   -2.3   -5.5  -18.2               
  102  102 A H        -     0   0  160     -2,-1.1     2,-2.5     1,-0.2    -2,-0.1  -0.115  27.0-103.5 -27.4 131.1   -4.4   -3.1  -20.3               
  103  103 A P        +     0   0  113      0, 0.0     2,-1.7     0, 0.0    -1,-0.2  -0.563  43.5 173.1 -66.8  79.5   -7.8   -4.5  -21.1               
  104  104 A C        -     0   0  113     -2,-2.5    -3,-0.0     2,-0.0    -2,-0.0  -0.866  46.9-129.6 -67.7  83.8   -7.1   -5.4  -24.6               
  105  105 A S    >   -     0   0   62     -2,-1.7     3,-1.0     1,-0.2     4,-0.2  -0.300  11.2-142.7 -39.6 119.5  -10.6   -6.9  -24.0               
  106  106 A P  T 3  S+     0   0  131      0, 0.0    -1,-0.2     0, 0.0     3,-0.1   0.350  90.2  81.6 -63.9   9.6  -10.6  -10.6  -25.1               
  107  107 A S  T 3  S+     0   0   95      1,-0.1     3,-0.3     2,-0.1    -2,-0.1   0.581  77.6  55.6-100.9 -12.5  -14.1   -9.7  -26.3               
  108  108 A D  S X  S+     0   0  121     -3,-1.0     3,-0.8     1,-0.2    -1,-0.1   0.527  84.9  74.3-109.1  -1.7  -13.7   -7.9  -29.8               
  109  109 A H  T 3  S+     0   0  177     -4,-0.2     3,-0.3     1,-0.2    -1,-0.2   0.400  83.5  71.4 -94.2   9.4  -11.7  -10.4  -32.0               
  110  110 A R  T 3  S+     0   0  243     -3,-0.3    -1,-0.2     1,-0.1     3,-0.2   0.240  86.4  70.8 -97.2  13.9  -14.8  -12.7  -32.5               
  111  111 A R    <   +     0   0  221     -3,-0.8    -1,-0.1     1,-0.1    -2,-0.1   0.018  67.6  82.2-132.3  36.0  -16.6  -10.2  -34.8               
  112  112 A S        +     0   0  108     -3,-0.3     2,-0.7     1,-0.1    -1,-0.1  -0.185  53.9 110.6-125.6  42.7  -14.8  -10.0  -38.1               
  113  113 A R        +     0   0  241     -3,-0.2    -1,-0.1     2,-0.1    -3,-0.0  -0.782  39.1 144.7 -92.4  78.3  -16.4  -13.0  -39.6               
  114  114 A S        -     0   0   97     -2,-0.7     2,-1.7     2,-0.1    -3,-0.0  -0.919  35.4-165.7-107.2  97.4  -18.3  -10.9  -42.0               
  115  115 A P        -     0   0  118      0, 0.0     2,-1.8     0, 0.0    -2,-0.1  -0.729  19.3-153.8 -67.5  87.3  -18.5  -12.9  -45.3               
  116  116 A S        -     0   0   91     -2,-1.7     2,-2.2     1,-0.1    -2,-0.1  -0.649   7.8-160.5 -69.5  91.6  -19.6   -9.7  -47.1               
  117  117 A Q        -     0   0  186     -2,-1.8     2,-1.6     2,-0.1    -1,-0.1  -0.624  14.1-171.3 -57.2  75.7  -21.5  -11.2  -49.9               
  118  118 A R        -     0   0  215     -2,-2.2     2,-0.9     2,-0.1    -2,-0.1  -0.741   7.7-157.9 -79.0  87.6  -21.1   -7.9  -51.8               
  119  119 A R        +     0   0  240     -2,-1.6     2,-0.2     2,-0.1    -2,-0.1  -0.685  23.3 165.4 -48.3 100.8  -23.4   -8.7  -54.6               
  120  120 A T        -     0   0  106     -2,-0.9     2,-0.5     2,-0.1    -2,-0.1  -0.752  23.8-155.1-141.5  86.4  -22.2   -6.3  -57.3               
  121  121 A R        +     0   0  220     -2,-0.2     2,-0.2     2,-0.0    -2,-0.1  -0.602  23.6 163.9  35.3  66.0  -23.5   -7.2  -60.3               
  122  122 A S        -     0   0   97     -2,-0.5     2,-0.2     0, 0.0    -2,-0.1  -0.756  24.0-150.3-144.7  87.1  -21.3   -6.0  -63.1               
  123  123 A R        +     0   0  208     -2,-0.2     3,-0.1     1,-0.0    -2,-0.0  -0.262  43.0  99.5  32.7  90.6  -21.9   -7.5  -66.2               
  124  124 A S        +     0   0  112     -2,-0.2     2,-0.5     1,-0.1    -1,-0.0   0.615  11.0 127.8 156.2  92.2  -19.4   -8.1  -68.8               
  125  125 A S        -     0   0  120      2,-0.0     2,-0.5     0, 0.0    -1,-0.1  -0.957  39.9-178.2-116.2 106.4  -17.3  -11.0  -69.9               
  126  126 A S        +     0   0   89     -2,-0.5     2,-0.2    -3,-0.1    -3,-0.0  -0.678  23.8 126.6-115.2  68.2  -18.4  -10.8  -73.6               
  127  127 A W        -     0   0  243     -2,-0.5    -2,-0.0     1,-0.1     0, 0.0  -0.793  40.4-156.3-155.2 114.9  -16.7  -13.6  -75.7               
  128  128 A G        +     0   0   70     -2,-0.2    -1,-0.1     0, 0.0    -2,-0.0   0.831  38.1 130.7 144.6 148.6  -18.4  -15.6  -77.5               
  129  129 A R        +     0   0  228      2,-0.0    -2,-0.0     0, 0.0     0, 0.0   0.956  44.3   8.4  86.6 104.0  -19.9  -18.4  -79.7               
  130  130 A N        +     0   0  141      1,-0.2     2,-0.3     0, 0.0     0, 0.0   0.948   8.6 176.8  69.5 109.5  -22.8  -20.6  -80.3               
  131  131 A R        +     0   0  240      2,-0.0    -1,-0.2     0, 0.0     2,-0.1  -0.551  34.3 149.4  49.7  86.0  -26.0  -21.4  -79.9               
  132  132 A R        -     0   0  238     -2,-0.3     2,-0.2     0, 0.0     0, 0.0  -0.156  24.7-163.8 172.3 105.9  -27.1  -24.4  -82.1               
  133  133 A R        +     0   0  245     -2,-0.1    -2,-0.0     0, 0.0     2,-0.0   0.009  23.5 147.7  39.1 117.5  -29.4  -26.9  -81.6               
  134  134 A S        -     0   0  119     -2,-0.2     0, 0.0     0, 0.0     0, 0.0   0.385  26.0-144.0 134.8  98.0  -29.4  -30.1  -83.8               
  135  135 A D        +     0   0  152     -2,-0.0     2,-0.0     0, 0.0     0, 0.0   0.361  21.1 153.5  66.7 104.8  -30.3  -33.3  -83.3               
  136  136 A S        -     0   0   98      0, 0.0     0, 0.0     0, 0.0     0, 0.0   0.177  28.3 -77.1 162.7 119.8  -29.2  -36.8  -84.4               
  137  137 A L        -     0   0  154      1,-0.0     0, 0.0    -2,-0.0     0, 0.0   0.689  23.7-105.9  47.6 104.2  -29.1  -40.4  -83.6               
  138  138 A K        +     0   0  190      0, 0.0    -1,-0.0     0, 0.0     0, 0.0   0.501  51.9  49.8  54.3 131.1  -27.9  -43.1  -81.9               
  139  139 A E        +     0   0  142      0, 0.0     0, 0.0     0, 0.0     0, 0.0   0.884  43.0  71.3  78.1 132.0  -25.7  -46.1  -82.6               
  140  140 A S        -     0   0   88      0, 0.0     0, 0.0     0, 0.0     0, 0.0   0.781  26.2 -91.3  68.5 144.2  -22.6  -47.7  -83.9               
  141  141 A R        +     0   0  188      0, 0.0     0, 0.0     0, 0.0     0, 0.0   0.630  18.5  38.2 171.6 141.4  -19.6  -48.8  -84.4               
  142  142 A H        +     0   0  137      0, 0.0     0, 0.0     0, 0.0     0, 0.0   0.537  22.2  22.1  68.7 156.2  -16.0  -49.5  -85.4               
  143  143 A R        -     0   0  178      0, 0.0     0, 0.0     0, 0.0     0, 0.0   0.638  22.0 -41.1-173.9 145.0  -12.8  -49.3  -86.1               
  144  144 A R        +     0   0  214      0, 0.0     0, 0.0     0, 0.0     0, 0.0   0.575  20.1 122.5  69.6 147.4   -9.0  -48.6  -86.6               
  145  145 A F        -     0   0  189      0, 0.0     0, 0.0     0, 0.0     0, 0.0   0.706  26.3-137.8-166.0 135.8   -6.2  -47.2  -87.2               
  146  146 A S        +     0   0   79      1,-0.0     2,-0.2     0, 0.0     0, 0.0   0.480  20.0 174.0  12.6 133.5   -2.6  -46.6  -85.7               
  147  147 A Y        -     0   0  201      2,-0.0     2,-0.3     0, 0.0    -1,-0.0  -0.722  33.5-154.3-151.6 138.1    0.1  -44.4  -85.2               
  148  148 A S        +     0   0   85     -2,-0.2     2,-0.1     2,-0.0     0, 0.0  -0.651  30.7 146.3 -94.0 141.2    2.9  -45.8  -82.9               
  149  149 A Q        -     0   0  181     -2,-0.3     2,-0.3     2,-0.0    -2,-0.0  -0.412  21.5-164.1-169.6 129.0    5.6  -44.8  -80.7               
  150  150 A S        +     0   0  113     -2,-0.1     2,-0.2     2,-0.0    -2,-0.0  -0.600  15.6 165.3 -82.3 139.9    6.9  -46.7  -77.6               
  151  151 A K        -     0   0  207     -2,-0.3     2,-0.1     2,-0.0    -2,-0.0  -0.662  21.4-167.2-157.4 125.6    9.0  -45.8  -74.6               
  152  152 A S        +     0   0  101     -2,-0.2     2,-0.1     2,-0.0    -2,-0.0  -0.388  22.3 149.5 -77.0 150.7    9.3  -47.9  -71.5               
  153  153 A R        -     0   0  246     -2,-0.1     2,-0.1     0, 0.0    -2,-0.0  -0.222  19.0-167.7 176.6 148.0   10.3  -48.1  -68.0               
  154  154 A S        +     0   0  108     -2,-0.1    -2,-0.0     0, 0.0     0, 0.0  -0.270  18.4 167.8 -96.3 163.4    9.2  -49.9  -64.9               
  155  155 A K        -     0   0  197     -2,-0.1     0, 0.0     0, 0.0     0, 0.0   0.205  29.6-130.4 162.6  94.4    9.2  -50.5  -61.2               
  156  156 A S        -     0   0  112      1,-0.1     0, 0.0     2,-0.0     0, 0.0   0.648  11.3-125.5  80.7 118.2    7.1  -52.3  -59.1               
  157  157 A L        +     0   0  165      2,-0.0    -1,-0.1     0, 0.0     0, 0.0   0.198  12.3 174.2 -70.4-163.7    4.8  -52.7  -56.0               
  158  158 A P        -     0   0  114      0, 0.0    -2,-0.0     0, 0.0     0, 0.0   0.581   5.8-169.6-145.3 175.2    3.7  -54.1  -53.2               
  159  159 A R        +     0   0  238      0, 0.0     2,-0.0     0, 0.0    -2,-0.0   0.171  11.7 152.4  -5.8 143.3    1.6  -54.4  -50.0               
  160  160 A R        -     0   0  232      0, 0.0     0, 0.0     0, 0.0     0, 0.0   0.086  15.2-145.1 167.4 147.1    1.0  -56.0  -47.0               
  161  161 A S        +     0   0   83     -2,-0.0     0, 0.0     0, 0.0     0, 0.0   0.198  15.0 144.2 -32.6 154.8   -0.3  -56.0  -43.3               
  162  162 A T        -     0   0  119      0, 0.0     0, 0.0     0, 0.0     0, 0.0   0.539  19.3 -72.3 177.9 155.4   -0.3  -57.0  -40.0               
  163  163 A S        -     0   0  106      0, 0.0     0, 0.0     0, 0.0     0, 0.0   0.939  26.0 -18.3  63.8 116.4   -0.7  -56.8  -36.3               
  164  164 A A        -     0   0   86      0, 0.0     0, 0.0     0, 0.0     0, 0.0   0.964  24.1 -29.5  82.2 113.5   -0.1  -56.0  -32.8               
  165  165 A R        +     0   0  214      0, 0.0     0, 0.0     0, 0.0     0, 0.0   0.984  22.1  80.2  78.8 128.3    1.0  -55.1  -29.5               
  166  166 A Q        -     0   0  144      0, 0.0     0, 0.0     0, 0.0     0, 0.0   0.989  22.5 -88.1  86.8 101.5    2.9  -54.4  -26.4               
  167  167 A S        +     0   0   92      0, 0.0     0, 0.0     0, 0.0     0, 0.0   0.895  29.4  86.3 105.2 136.5    4.9  -52.8  -24.2               
  168  168 A R        -     0   0  235      0, 0.0     0, 0.0     0, 0.0     0, 0.0   0.953  18.2-162.2  84.6 110.9    7.5  -51.3  -21.8               
  169  169 A T        -     0   0  136      0, 0.0     2,-0.3     0, 0.0     0, 0.0  -0.287   9.1-153.5 -62.5 164.9    9.9  -48.4  -21.5               
  170  170 A P        -     0   0  127      0, 0.0     2,-0.1     0, 0.0     0, 0.0  -0.869  13.2-134.1-140.8 168.6   12.6  -47.9  -19.4               
  171  171 A R        +     0   0  210     -2,-0.3     0, 0.0     0, 0.0     0, 0.0  -0.219  29.1  74.4 -63.4 163.3   14.2  -44.7  -18.1               
  172  172 A R        +     0   0  203     -2,-0.1     0, 0.0     0, 0.0     0, 0.0   0.718  19.6  71.5 109.4 140.9   17.4  -42.9  -17.5               
  173  173 A N        -     0   0  127      0, 0.0     0, 0.0     0, 0.0     0, 0.0   0.865  23.2-135.8  86.7 109.1   20.7  -41.0  -17.6               
  174  174 A F        -     0   0  208      0, 0.0     2,-0.1     0, 0.0     0, 0.0   0.395   3.1-164.1  77.6 112.0   22.6  -38.1  -18.0               
  175  175 A G        -     0   0   64      2,-0.0     0, 0.0     0, 0.0     0, 0.0  -0.449  26.2-149.6 178.8  90.1   25.7  -36.6  -19.6               
  176  176 A S        +     0   0  104     -2,-0.1     0, 0.0     2,-0.0     0, 0.0   0.855  28.4 149.8  90.8 142.7   27.2  -33.7  -18.8               
  177  177 A R        -     0   0  239      0, 0.0     2,-0.1     0, 0.0    -2,-0.0   0.839  12.8-172.8  84.1 111.0   29.2  -30.4  -19.5               
  178  178 A G        +     0   0   71      2,-0.0     2,-0.0     0, 0.0    -2,-0.0  -0.108   7.0 174.6  92.0  95.4   29.4  -27.4  -18.5               
  179  179 A R        -     0   0  227     -2,-0.1     2,-0.2     2,-0.0     0, 0.0  -0.264   5.5-172.2-173.9 112.7   31.1  -24.2  -19.3               
  180  180 A S        +     0   0  108     -2,-0.0     2,-0.1     2,-0.0    -2,-0.0  -0.489  15.0 161.8 -55.9 142.6   30.9  -20.7  -18.0               
  181  181 A R        -     0   0  227     -2,-0.2     2,-0.0     2,-0.0    -2,-0.0  -0.368  22.5-146.3-172.3 124.8   32.6  -17.8  -19.5               
  182  182 A S        +     0   0  114     -2,-0.1     2,-0.2     0, 0.0    -2,-0.0  -0.185  17.1 179.5 -52.7 147.7   32.0  -14.0  -19.2               
  183  183 A K        -     0   0  206      1,-0.0    -2,-0.0    -2,-0.0     0, 0.0  -0.469  25.6 -12.2 173.5 138.6   32.5  -11.2  -21.9               
  184  184 A S        -     0   0  107     -2,-0.2    -1,-0.0     1,-0.1     0, 0.0   0.748  18.9-142.6-174.4 147.9   32.1   -8.0  -22.1               
  185  185 A L        -     0   0  159      1,-0.0     2,-0.3     0, 0.0    -1,-0.1  -0.225  15.0-170.5 -46.6 136.5   31.2   -4.4  -21.4               
  186  186 A Q        -     0   0  195      2,-0.0     2,-0.3     0, 0.0    -1,-0.0  -0.854  12.3-164.6-130.9 107.3   30.1   -1.9  -24.0               
  187  187 A K        +     0   0  187     -2,-0.3     2,-0.1     2,-0.0     0, 0.0  -0.570  11.4 178.4 -59.6 136.8   30.0    1.6  -22.6               
  188  188 A R        +     0   0  225     -2,-0.3     2,-0.3     2,-0.0    -2,-0.0  -0.562   6.8 171.4-145.7  86.7   28.2    4.3  -24.5               
  189  189 A S        +     0   0  104     -2,-0.1     2,-0.2     2,-0.0    -2,-0.0  -0.669   4.8 161.3 -60.5 133.6   28.3    7.6  -22.7               
  190  190 A K        -     0   0  186     -2,-0.3     2,-0.0     0, 0.0    -2,-0.0  -0.620  17.3-164.2-159.5 119.1   27.0   10.6  -24.7               
  191  191 A S        +     0   0  101     -2,-0.2    -2,-0.0     0, 0.0     0, 0.0  -0.051  19.6 136.7 -67.9 177.4   25.9   13.7  -22.9               
  192  192 A I        +     0   0  170     -2,-0.0     0, 0.0     0, 0.0     0, 0.0   0.716  21.2 112.1  92.1 121.3   23.8   16.9  -23.8               
  193  193 A G        -     0   0   62      2,-0.0     0, 0.0     0, 0.0     0, 0.0   0.779  26.8-158.3 178.1 172.4   21.6   18.8  -22.6               
  194  194 A K        -     0   0  197      1,-0.1     2,-0.0     0, 0.0     0, 0.0   0.797  22.3-123.3  44.2 103.2   19.5   21.6  -21.2               
  195  195 A S        +     0   0  105      2,-0.0     2,-0.1     0, 0.0    -1,-0.1  -0.025  23.4 168.3  46.4  96.4   16.8   22.7  -19.4               
  196  196 A Q        +     0   0  191     -2,-0.0     2,-0.5     2,-0.0     0, 0.0  -0.538   3.7 177.4-157.0 111.8   14.1   25.1  -20.5               
  197  197 A S        +     0   0  123     -2,-0.1     2,-0.3     2,-0.0    -2,-0.0  -0.918  11.5 165.3 -87.9 125.2   10.9   25.5  -18.5               
  198  198 A S        -     0   0  106     -2,-0.5    -2,-0.0     2,-0.0     0, 0.0  -0.923  21.6-143.7-147.6 122.6    8.5   28.1  -19.9               
  199  199 A S        -     0   0  118     -2,-0.3     2,-0.3     1,-0.0    -2,-0.0  -0.119   4.8-140.1 -57.6 162.1    4.9   28.5  -18.8               
  200  200 A P        -     0   0  127      0, 0.0     2,-0.3     0, 0.0    -2,-0.0  -0.925  13.5-157.7-123.5 123.3    1.7   29.3  -20.6               
  201  201 A Q        -     0   0  176     -2,-0.3     2,-0.3     2,-0.0     0, 0.0  -0.651  12.6-179.3 -62.6 135.9   -0.8   31.5  -18.7               
  202  202 A K        -     0   0  203     -2,-0.3     2,-0.4     2,-0.0     0, 0.0  -0.813   4.1-176.7-141.2 113.7   -4.3   31.3  -20.0               
  203  203 A Q        +     0   0  176     -2,-0.3     2,-0.2     0, 0.0    -2,-0.0  -0.834   8.2 174.4 -83.5 134.2   -7.1   33.4  -18.4               
  204  204 A T        -     0   0  123     -2,-0.4    -2,-0.0     0, 0.0     0, 0.0  -0.687  24.4 -96.6-158.3 101.5  -10.7   32.9  -19.6               
  205  205 A S        -     0   0   99     -2,-0.2     0, 0.0     1,-0.1     0, 0.0   0.613  25.4 -63.3  88.0 100.8  -13.6   34.4  -18.3               
  206  206 A S        -     0   0  121      1,-0.0     2,-0.2     0, 0.0    -1,-0.1   0.430  20.6-176.0  27.0 121.6  -16.7   34.8  -16.3               
  207  207 A G        -     0   0   81      0, 0.0     2,-0.1     0, 0.0    -1,-0.0  -0.763  19.2-177.7-154.7 105.3  -20.1   33.0  -16.4               
  208  208 A T        +     0   0  131     -2,-0.2     0, 0.0     1,-0.0     0, 0.0  -0.455  18.9  64.9 -86.4 166.6  -22.8   34.4  -14.0               
  209  209 A K        -     0   0  193     -2,-0.1    -1,-0.0     0, 0.0     0, 0.0   0.937  37.0-132.3  71.5 111.0  -26.4   33.6  -13.0               
  210  210 A S        -     0   0   92      0, 0.0    -2,-0.0     0, 0.0     2,-0.0   0.889  13.5-166.8 108.8 126.6  -28.8   31.8  -11.6               
  211  211 A R        -     0   0  234      2,-0.0     2,-0.3     0, 0.0     0, 0.0   0.146  10.4-157.8 161.2 132.4  -31.9   29.9  -10.9               
  212  212 A S        -     0   0  104     -2,-0.0     2,-0.2     0, 0.0     0, 0.0  -0.610   8.8-173.6 -76.4 138.4  -33.9   28.3   -8.1               
  213  213 A H        -     0   0  188     -2,-0.3     2,-0.1     2,-0.0    -2,-0.0  -0.761  14.4-162.8-156.6 130.2  -36.6   25.6   -8.2               
  214  214 A G        +     0   0   66     -2,-0.2     0, 0.0     0, 0.0     0, 0.0   0.311  15.2 106.3 118.3 123.3  -38.5   24.4   -5.7               
  215  215 A R        +     0   0  246     -2,-0.1    -2,-0.0     0, 0.0     0, 0.0   0.539  17.0  77.4  83.9 142.3  -40.8   21.9   -3.9               
  216  216 A H        -     0   0  161      0, 0.0     0, 0.0     0, 0.0     0, 0.0   0.797  23.4-164.8-166.6 122.8  -42.1   19.5   -1.9               
  217  217 A S        +     0   0   73      0, 0.0     0, 0.0     0, 0.0     0, 0.0   0.514  21.3  78.3  57.3 125.5  -43.4   18.7    1.4               
  218  218 A D        -     0   0  150      0, 0.0     0, 0.0     0, 0.0     0, 0.0   0.856  24.9-127.7  68.3 145.4  -44.3   16.1    3.9               
  219  219 A S        +     0   0   97      0, 0.0     0, 0.0     0, 0.0     0, 0.0   0.929  17.6 174.6-178.6 177.5  -44.2   13.7    6.2               
  220  220 A I        -     0   0  160      0, 0.0     0, 0.0     0, 0.0     0, 0.0   0.605  23.2-148.0 111.8 114.2  -44.5   10.5    8.5               
  221  221 A A        +     0   0   85      0, 0.0     0, 0.0     0, 0.0     0, 0.0   0.165  16.2 163.8 -62.2 180.0  -43.2    9.3   11.8               
  222  222 A R        -     0   0  232      0, 0.0     0, 0.0     0, 0.0     0, 0.0   0.470  30.7 -24.2 114.6 124.7  -42.1    6.1   13.7               
  223  223 A S        -     0   0  100      1,-0.1     2,-0.4     0, 0.0     0, 0.0   0.834   7.3-171.8-168.6 154.0  -40.4    5.1   16.3               
  224  224 A P        -     0   0  132      0, 0.0     2,-0.3     0, 0.0    -1,-0.1  -0.906  30.2-174.2-101.5 134.6  -37.9    4.9   19.3               
  225  225 A C        -     0   0  113     -2,-0.4     0, 0.0     1,-0.0     0, 0.0  -0.830  21.6 -91.7-142.5 107.3  -37.6    1.6   21.3               
  226  226 A K        -     0   0  208     -2,-0.3    -1,-0.0     1,-0.1     0, 0.0   0.720  24.5-140.6  51.0 113.2  -35.7    0.8   24.3               
  227  227 A S        +     0   0  112      0, 0.0    -1,-0.1     0, 0.0     2,-0.0  -0.091  24.2 117.3 -68.0-169.6  -32.4   -0.6   25.8               
  228  228 A P        +     0   0  116      0, 0.0     2,-0.1     0, 0.0    -2,-0.0   0.725   2.7 113.4-138.8-175.7  -31.0   -2.5   28.1               
  229  229 A K        -     0   0  206      2,-0.0     2,-0.1    -2,-0.0     0, 0.0  -0.105  28.3-150.4 161.3 127.1  -28.9   -5.4   29.8               
  230  230 A G        +     0   0   71     -2,-0.1     2,-0.2     0, 0.0     0, 0.0  -0.023  20.4 176.6 114.0  92.4  -26.2   -5.8   31.6               
  231  231 A Y        -     0   0  225     -2,-0.1     2,-0.2     2,-0.0    -2,-0.0  -0.652  15.6-175.2-159.4 117.1  -23.2   -7.9   32.6               
  232  232 A T        +     0   0  124     -2,-0.2     2,-0.1     2,-0.0     0, 0.0  -0.556   9.2 169.2 -75.9 153.4  -20.3   -6.8   34.9               
  233  233 A N        -     0   0  159     -2,-0.2     2,-0.3     2,-0.0    -2,-0.0  -0.360   9.3-174.3-164.7 113.9  -17.2   -8.6   35.9               
  234  234 A S        +     0   0  103     -2,-0.1     2,-0.1     2,-0.0    -2,-0.0  -0.636   8.8 165.5 -64.7 140.0  -14.3   -6.9   37.7               
  235  235 A E        -     0   0  190     -2,-0.3     2,-0.1     2,-0.0    -2,-0.0  -0.541  16.6-152.9-162.6 129.6  -11.0   -8.3   38.5               
  236  236 A T        +     0   0  127     -2,-0.1     2,-0.1     2,-0.0    -2,-0.0  -0.306  18.6 165.9 -49.8 141.1   -7.8   -6.6   39.7               
  237  237 A K        +     0   0  185     -2,-0.1     2,-0.4     2,-0.0    -2,-0.0  -0.372   4.8 179.2-161.5 112.7   -4.2   -7.3   39.5               
  238  238 A V        -     0   0  126     -2,-0.1     2,-0.3     2,-0.0    -2,-0.0  -0.714   7.7-177.3 -72.9 130.5   -1.5   -4.7   40.2               
  239  239 A Q        -     0   0  169     -2,-0.4     2,-0.5     2,-0.0    -2,-0.0  -0.842   1.4-178.6-136.6 106.8    2.1   -6.1   39.9               
  240  240 A T        +     0   0  131     -2,-0.3     2,-0.2     2,-0.0    -2,-0.0  -0.875   9.4 167.8 -86.3 126.3    5.0   -3.7   40.7               
  241  241 A A        -     0   0   93     -2,-0.5    -2,-0.0     0, 0.0     0, 0.0  -0.727  16.1-144.9-160.8 105.4    8.6   -5.0   40.3               
  242  242 A K        +     0   0  198     -2,-0.2    -2,-0.0     1,-0.0     0, 0.0   0.379  23.6  44.1  68.2 117.7   11.7   -3.3   40.4               
  243  243 A H        +     0   0  166      0, 0.0    -1,-0.0     0, 0.0     0, 0.0   0.970  22.1 103.4  68.6 114.0   15.2   -3.0   39.1               
  244  244 A S        -     0   0   99      0, 0.0     0, 0.0     0, 0.0     0, 0.0   0.491  21.4-127.1 157.6 136.1   18.0   -2.8   37.2               
  245  245 A H        +     0   0  157      0, 0.0     0, 0.0     0, 0.0     0, 0.0   0.737  14.7 162.6  37.4 129.7   20.9   -1.2   35.3               
  246  246 A F        -     0   0  172      2,-0.0     0, 0.0     0, 0.0     0, 0.0   0.232  36.4 -97.2 174.5 104.9   22.9   -0.7   32.3               
  247  247 A R        -     0   0  191      1,-0.2     2,-0.3     0, 0.0     0, 0.0   0.609   3.1-140.3  77.8  89.9   25.3    1.8   31.3               
  248  248 A S        -     0   0  120      1,-0.0     2,-0.6     2,-0.0    -1,-0.2  -0.611  26.6-147.8 -64.7 129.8   25.9    4.9   29.3               
  249  249 A H        -     0   0  159     -2,-0.3     2,-0.3     2,-0.0    -1,-0.0  -0.915   8.8-158.5-109.8 104.1   29.2    4.9   27.5               
  250  250 A S        -     0   0  106     -2,-0.6     2,-0.3     1,-0.0    -2,-0.0  -0.566   6.6-170.6 -60.7 133.1   30.8    8.3   27.1               
  251  251 A R        -     0   0  246     -2,-0.3     2,-0.2     2,-0.0    -2,-0.0  -0.736   5.2-176.8-134.2  93.4   33.4    8.6   24.3               
  252  252 A S        -     0   0  112     -2,-0.3     2,-0.3     2,-0.0    -2,-0.0  -0.566   3.8-172.0 -61.5 135.8   35.3   11.8   24.5               
  253  253 A R        +     0   0  232     -2,-0.2     2,-0.3     2,-0.0    -2,-0.0  -0.823   7.6 179.9-137.2 104.2   37.8   12.5   21.7               
  254  254 A S        -     0   0  103     -2,-0.3     2,-0.2     0, 0.0    -2,-0.0  -0.749   5.0-179.2 -83.2 143.0   39.9   15.6   22.2               
  255  255 A Y        -     0   0  206     -2,-0.3     2,-0.1     0, 0.0    -2,-0.0  -0.642  15.2-153.3-157.1 100.8   42.6   16.8   19.8               
  256  256 A R        -     0   0  227     -2,-0.2     0, 0.0     1,-0.1     0, 0.0   0.019  17.5 -49.2  32.9 130.0   44.6   19.6   20.4               
  257  257 A H        +     0   0  150     -2,-0.1    -1,-0.1     0, 0.0     0, 0.0   0.861  33.4  86.8 179.2 160.1   46.3   21.9   18.8               
  258  258 A K        +     0   0  168      0, 0.0    -2,-0.0     0, 0.0     0, 0.0   0.976  27.5  86.9  79.8 107.3   48.5   24.3   16.6               
  259  259 A N        +     0   0  150      2,-0.0     2,-0.2     0, 0.0     0, 0.0   0.383  13.0 172.3 169.3 127.5   49.4   26.3   13.9               
  260  260 A S              0   0  112      0, 0.0     0, 0.0     0, 0.0     0, 0.0  -0.554 360.0 360.0 -77.4 154.9   49.2   29.9   12.4               
  261  261 A W              0   0  323     -2,-0.2    -2,-0.0     0, 0.0     0, 0.0  -0.926 360.0 360.0-119.6 360.0   51.0   31.1    9.3               
