==== Secondary Structure Definition by the program DSSP, CMBI version 2.0                          ==== DATE=2026-03-08        .
REFERENCE W. KABSCH AND C.SANDER, BIOPOLYMERS 22 (1983) 2577-2637                                                              .
HEADER                                            01-AUG-25                                                                    .
COMPND    MOL_ID: 1; MOLECULE: SPLICING REGULATORY GLUTAMINE/LYSINE-RICH PROTEIN                                               .
SOURCE    MOL_ID: 1; ORGANISM_SCIENTIFIC: HOMO SAPIENS; ORGANISM_TAXID: 9606                                                   .
AUTHOR                                                                                                                         .
  508  1  0  0  0 TOTAL NUMBER OF RESIDUES, NUMBER OF CHAINS, NUMBER OF SS-BRIDGES(TOTAL,INTRACHAIN,INTERCHAIN)                .
 64161.3   ACCESSIBLE SURFACE OF PROTEIN (ANGSTROM**2)                                                                         .
  250 49.2   TOTAL NUMBER OF HYDROGEN BONDS OF TYPE O(I)-->H-N(J)  , SAME NUMBER PER 100 RESIDUES                              .
    0  0.0   TOTAL NUMBER OF HYDROGEN BONDS IN     PARALLEL BRIDGES, SAME NUMBER PER 100 RESIDUES                              .
   25  4.9   TOTAL NUMBER OF HYDROGEN BONDS IN ANTIPARALLEL BRIDGES, SAME NUMBER PER 100 RESIDUES                              .
    0  0.0   TOTAL NUMBER OF HYDROGEN BONDS OF TYPE O(I)-->H-N(I-5), SAME NUMBER PER 100 RESIDUES                              .
    0  0.0   TOTAL NUMBER OF HYDROGEN BONDS OF TYPE O(I)-->H-N(I-4), SAME NUMBER PER 100 RESIDUES                              .
    1  0.2   TOTAL NUMBER OF HYDROGEN BONDS OF TYPE O(I)-->H-N(I-3), SAME NUMBER PER 100 RESIDUES                              .
    0  0.0   TOTAL NUMBER OF HYDROGEN BONDS OF TYPE O(I)-->H-N(I-2), SAME NUMBER PER 100 RESIDUES                              .
    0  0.0   TOTAL NUMBER OF HYDROGEN BONDS OF TYPE O(I)-->H-N(I-1), SAME NUMBER PER 100 RESIDUES                              .
    0  0.0   TOTAL NUMBER OF HYDROGEN BONDS OF TYPE O(I)-->H-N(I+0), SAME NUMBER PER 100 RESIDUES                              .
    0  0.0   TOTAL NUMBER OF HYDROGEN BONDS OF TYPE O(I)-->H-N(I+1), SAME NUMBER PER 100 RESIDUES                              .
   33  6.5   TOTAL NUMBER OF HYDROGEN BONDS OF TYPE O(I)-->H-N(I+2), SAME NUMBER PER 100 RESIDUES                              .
   21  4.1   TOTAL NUMBER OF HYDROGEN BONDS OF TYPE O(I)-->H-N(I+3), SAME NUMBER PER 100 RESIDUES                              .
  172 33.9   TOTAL NUMBER OF HYDROGEN BONDS OF TYPE O(I)-->H-N(I+4), SAME NUMBER PER 100 RESIDUES                              .
    0  0.0   TOTAL NUMBER OF HYDROGEN BONDS OF TYPE O(I)-->H-N(I+5), SAME NUMBER PER 100 RESIDUES                              .
  1  2  3  4  5  6  7  8  9 10 11 12 13 14 15 16 17 18 19 20 21 22 23 24 25 26 27 28 29 30     *** HISTOGRAMS OF ***           .
  0  0  0  0  0  1  0  1  1  0  0  0  0  0  0  0  0  0  0  0  0  0  0  0  0  1  0  1  0  1    RESIDUES PER ALPHA HELIX         .
  0  0  0  0  0  0  0  0  0  0  0  0  0  0  0  0  0  0  0  0  0  0  0  0  0  0  0  0  0  0    PARALLEL BRIDGES PER LADDER      .
  0  1  0  1  0  2  0  0  0  0  0  0  0  0  0  0  0  0  0  0  0  0  0  0  0  0  0  0  0  0    ANTIPARALLEL BRIDGES PER LADDER  .
  1  0  1  0  0  0  0  0  0  0  0  0  0  0  0  0  0  0  0  0  0  0  0  0  0  0  0  0  0  0    LADDERS PER SHEET                .
  #  RESIDUE AA STRUCTURE BP1 BP2  ACC     N-H-->O    O-->H-N    N-H-->O    O-->H-N    TCO  KAPPA ALPHA  PHI   PSI    X-CA   Y-CA   Z-CA            CHAIN
    1    1 A M              0   0  234      0, 0.0     0, 0.0     0, 0.0     0, 0.0   0.000 360.0 360.0 360.0 119.9   59.7   -4.0  -42.5               
    2    2 A T        +     0   0  139      2,-0.0     0, 0.0     0, 0.0     0, 0.0   0.649 360.0  61.9  34.6 127.1   56.7   -1.7  -41.9               
    3    3 A S        +     0   0  113      1,-0.0     2,-0.2     0, 0.0     0, 0.0   0.775  12.1 172.8-179.6 142.9   53.5   -1.0  -41.4               
    4    4 A L        +     0   0  144      2,-0.0    -2,-0.0     0, 0.0    -1,-0.0  -0.596   7.6 174.1 -79.3 150.4   50.2   -1.1  -39.5               
    5    5 A M        +     0   0  184     -2,-0.2     2,-0.4     2,-0.0     0, 0.0  -0.750   3.5 172.4-148.7 118.5   46.9    0.8  -40.0               
    6    6 A P        +     0   0  118      0, 0.0     2,-0.3     0, 0.0    -2,-0.0  -0.981   2.8 176.6-112.2 132.7   43.7   -0.0  -37.9               
    7    7 A G        +     0   0   89     -2,-0.4     2,-0.5     2,-0.0    -2,-0.0  -0.787   9.1 159.8-137.7  92.5   40.7    2.3  -38.3               
    8    8 A A        -     0   0  103     -2,-0.3     2,-0.5     2,-0.0     0, 0.0  -0.972  38.0-128.8-108.5 122.9   37.5    1.3  -36.3               
    9    9 A G        -     0   0   87     -2,-0.5     2,-0.5     1,-0.0    -2,-0.0  -0.646  22.7-167.8 -75.1 118.9   35.0    4.3  -35.8               
   10   10 A L        -     0   0  166     -2,-0.5     3,-0.0     3,-0.0    -2,-0.0  -0.933  20.6-126.6-107.2 127.2   33.9    4.7  -32.2               
   11   11 A L        -     0   0  154     -2,-0.5     2,-0.3     1,-0.1     0, 0.0  -0.465  35.1 -98.6 -68.3 144.3   31.0    7.1  -31.5               
   12   12 A P        -     0   0  124      0, 0.0    -1,-0.1     0, 0.0     0, 0.0  -0.518  29.5-146.8 -75.1 126.0   31.6    9.9  -28.9               
   13   13 A I        -     0   0  149     -2,-0.3     2,-0.4    -3,-0.0    -3,-0.0  -0.744  25.9-114.4 -81.5 131.9   30.3    9.2  -25.3               
   14   14 A P        -     0   0  118      0, 0.0    -1,-0.0     0, 0.0     0, 0.0  -0.599  30.3-133.7 -72.8 124.6   29.1   12.5  -23.6               
   15   15 A T        -     0   0  123     -2,-0.4     2,-0.3     1,-0.1     0, 0.0  -0.521  14.7-120.1 -70.6 139.8   31.4   13.3  -20.5               
   16   16 A P        -     0   0  123      0, 0.0    -1,-0.1     0, 0.0     0, 0.0  -0.658  35.6-106.5 -79.1 139.6   29.9   14.3  -17.1               
   17   17 A N        -     0   0  150     -2,-0.3     2,-0.5     1,-0.1     0, 0.0  -0.363  29.6-116.6 -61.3 140.3   30.9   17.8  -15.9               
   18   18 A P        -     0   0  125      0, 0.0     2,-0.4     0, 0.0    -1,-0.1  -0.685  24.7-134.9 -78.0 123.3   33.4   18.1  -13.0               
   19   19 A L        -     0   0  171     -2,-0.5     2,-0.2     1,-0.1     0, 0.0  -0.678  31.3-104.7 -75.1 131.2   31.9   19.7   -9.9               
   20   20 A T        -     0   0  130     -2,-0.4     2,-0.4     1,-0.1    -1,-0.1  -0.367  26.9-128.0 -58.2 125.5   34.3   22.3   -8.3               
   21   21 A T        +     0   0  131     -2,-0.2     2,-0.3     2,-0.0    -1,-0.1  -0.631  25.9 178.1 -68.9 123.2   36.2   21.5   -5.2               
   22   22 A L        -     0   0  162     -2,-0.4     2,-0.5     2,-0.1    -2,-0.0  -0.834  12.2-169.3-123.7  92.2   35.8   24.0   -2.4               
   23   23 A G        -     0   0   71     -2,-0.3     2,-0.4     2,-0.0    -2,-0.0  -0.738   6.5-177.2 -70.9 122.7   37.8   22.6    0.5               
   24   24 A V        -     0   0  138     -2,-0.5     2,-0.2     0, 0.0    -2,-0.1  -0.989  24.2-131.2-122.8 117.7   37.2   24.4    3.7               
   25   25 A S        -     0   0  115     -2,-0.4     2,-0.5     1,-0.1    -2,-0.0  -0.459  10.6-123.9 -64.3 131.1   39.4   23.0    6.5               
   26   26 A L        +     0   0  162     -2,-0.2     2,-0.1     0, 0.0    -1,-0.1  -0.686  57.9 119.7 -62.2 122.9   38.1   22.1   10.0               
   27   27 A S        +     0   0  108     -2,-0.5    -2,-0.0     1,-0.1     0, 0.0  -0.428  40.4  16.5-177.8 136.7   40.0   24.0   12.7               
   28   28 A S        -     0   0   97     -2,-0.1    -1,-0.1     0, 0.0     0, 0.0   0.973  53.4 -36.9  86.9 106.7   39.4   26.5   15.5               
   29   29 A L        +     0   0  164      2,-0.0    -2,-0.0     0, 0.0     0, 0.0   0.975  38.7  15.9  74.5 116.0   37.3   28.3   17.9               
   30   30 A G        -     0   0   66      1,-0.0     0, 0.0     2,-0.0     0, 0.0   0.985  42.9 -81.7  96.8 112.3   34.6   30.1   19.4               
   31   31 A A        +     0   0  108      1,-0.0    -1,-0.0     0, 0.0    -2,-0.0   0.106  27.7 174.3 -23.4 128.5   31.1   31.4   20.0               
   32   32 A I        -     0   0  160      0, 0.0     3,-0.1     0, 0.0    -1,-0.0  -0.956  31.7-120.9-143.4 131.7   29.6   34.5   18.3               
   33   33 A P        -     0   0  119      0, 0.0     2,-1.1     0, 0.0     0, 0.0  -0.174  29.3 -79.6 -83.8 165.5   25.9   35.3   19.0               
   34   34 A A  S    S+     0   0  112      1,-0.2     3,-0.1     2,-0.0     0, 0.0  -0.406  89.3  93.9 -58.2  86.7   22.6   35.7   16.9               
   35   35 A A        +     0   0   95     -2,-1.1    -1,-0.2    -3,-0.1     0, 0.0   0.123  53.3  86.7-167.6  42.5   22.7   39.3   15.4               
   36   36 A A        +     0   0   98      2,-0.1     2,-1.0     0, 0.0    -2,-0.0  -0.441  42.4 156.9-138.4  62.0   24.2   39.3   11.8               
   37   37 A L        -     0   0  171     -3,-0.1    -3,-0.0     2,-0.0     0, 0.0  -0.824  30.6-152.8 -84.5  98.8   21.2   38.5    9.5               
   38   38 A D    >   -     0   0  106     -2,-1.0     3,-0.7     1,-0.1     2,-0.1  -0.644  10.4-141.3 -61.9 122.4   22.3   40.0    6.1               
   39   39 A P  T 3  S+     0   0  117      0, 0.0     3,-0.1     0, 0.0    -1,-0.1   0.026  83.9  83.2 -81.1  29.7   18.9   40.8    4.4               
   40   40 A N  T >   +     0   0  118     -2,-0.1     3,-0.5     1,-0.1    -2,-0.0   0.308  55.4  92.1-116.8  11.9   20.3   39.6    0.9               
   41   41 A I  G X   +     0   0  145     -3,-0.7     3,-1.1     1,-0.2    -1,-0.1   0.521  59.0  96.4 -83.2   2.7   19.8   35.8    1.0               
   42   42 A A  G 3  S+     0   0  101      1,-0.2    -1,-0.2    -3,-0.1     3,-0.1   0.380  77.7  58.3 -71.2   6.8   16.3   36.1   -0.7               
   43   43 A T  G <  S+     0   0  119     -3,-0.5     2,-0.5     1,-0.1    -1,-0.2   0.354  80.6  77.7-127.8   8.5   17.8   35.4   -4.2               
   44   44 A L    <   +     0   0  170     -3,-1.1    -1,-0.1     1,-0.1     3,-0.1  -0.638  63.9 123.8-112.1  70.2   19.4   31.9   -4.1               
   45   45 A G        +     0   0   70     -2,-0.5    -1,-0.1     1,-0.1    -3,-0.0  -0.432  32.5  79.5-141.9  66.1   16.3   29.8   -4.3               
   46   46 A E        +     0   0  191     -2,-0.1    -1,-0.1     2,-0.0    -3,-0.0  -0.352  33.9 176.8-162.7  91.3   15.8   27.2   -7.0               
   47   47 A I        -     0   0  126     -3,-0.1     2,-0.5     1,-0.1    -3,-0.0  -0.758  59.8 -93.6 -67.1 132.6   17.4   23.7   -6.9               
   48   48 A P        -     0   0  123      0, 0.0    -1,-0.1     0, 0.0    -2,-0.0  -0.362  46.7-157.9 -62.3 105.8   15.9   22.2  -10.1               
   49   49 A Q        -     0   0  106     -2,-0.5     3,-0.0     1,-0.0     0, 0.0  -0.721  20.1-116.7 -82.0 130.7   12.7   20.4   -8.9               
   50   50 A P        -     0   0   66      0, 0.0     2,-0.4     0, 0.0    -1,-0.0  -0.458  37.1-103.1 -65.3 139.0   11.5   17.5  -11.2               
   51   51 A P        -     0   0  124      0, 0.0     2,-0.3     0, 0.0     0, 0.0  -0.498  33.7-131.4 -67.9 119.0    8.0   18.3  -12.6               
   52   52 A L        -     0   0   72     -2,-0.4     2,-0.5     1,-0.1     4,-0.1  -0.557  20.6-133.0 -69.9 126.9    5.4   16.2  -10.7               
   53   53 A M        +     0   0  182     -2,-0.3    -1,-0.1     2,-0.1     0, 0.0  -0.749  55.9   0.4 -84.7 125.3    3.0   14.5  -13.1               
   54   54 A G  S    S-     0   0   61     -2,-0.5     2,-1.7     1,-0.1    -2,-0.0   0.235  93.5 -44.6  93.3 157.4   -0.8   14.6  -12.5               
   55   55 A N        +     0   0  180      0, 0.0     2,-0.4     0, 0.0    -1,-0.1  -0.348  64.7 161.6 -60.7  78.2   -3.7   15.9  -10.2               
   56   56 A V        -     0   0   55     -2,-1.7     5,-0.1    -4,-0.1    -2,-0.0  -0.846  45.5-104.1-102.2 138.0   -2.3   15.2   -6.6               
   57   57 A D    >>  -     0   0   88     -2,-0.4     4,-2.1     1,-0.1     3,-0.8  -0.305  29.2-119.1 -55.5 141.2   -3.7   17.0   -3.6               
   58   58 A P  H 3> S+     0   0  105      0, 0.0     4,-2.0     0, 0.0     5,-0.1   0.843 115.4  55.4 -56.2 -33.3   -1.4   19.8   -2.2               
   59   59 A S  H 3> S+     0   0   89      2,-0.2     4,-1.8     1,-0.2     5,-0.1   0.886 108.7  46.3 -65.6 -38.8   -1.2   17.9    1.1               
   60   60 A K  H <> S+     0   0   94     -3,-0.8     4,-2.7     2,-0.2    -1,-0.2   0.837 109.1  55.7 -72.3 -33.7    0.1   14.8   -0.7               
   61   61 A I  H  X S+     0   0   43     -4,-2.1     4,-2.6     2,-0.2    -2,-0.2   0.919 107.8  48.7 -61.1 -44.6    2.5   16.9   -2.7               
   62   62 A D  H  X S+     0   0   63     -4,-2.0     4,-1.2     2,-0.2    -2,-0.2   0.899 112.0  48.7 -65.1 -38.0    4.0   18.2    0.6               
   63   63 A E  H  < S+     0   0   47     -4,-1.8     4,-0.5     2,-0.2     3,-0.5   0.931 111.8  48.9 -63.9 -45.0    4.2   14.6    1.9               
   64   64 A I  H >< S+     0   0   11     -4,-2.7     3,-1.3     1,-0.2    76,-0.4   0.930 109.7  53.2 -57.5 -45.6    6.0   13.4   -1.4               
   65   65 A R  H 3< S+     0   0  111     -4,-2.6    -1,-0.2     1,-0.3    -2,-0.2   0.714 110.8  45.7 -64.7 -27.0    8.3   16.4   -1.0               
   66   66 A R  T 3< S+     0   0   54     -4,-1.2    47,-2.7    -3,-0.5     2,-0.4   0.394 100.3  92.0 -90.8  -3.6    9.3   15.4    2.6               
   67   67 A T  E <   -A  112   0A   1     -3,-1.3    73,-2.0    -4,-0.5     2,-0.4  -0.801  58.3-161.4-101.8 136.1    9.7   11.7    1.4               
   68   68 A V  E     -AB 111 139A   0     43,-2.9    43,-2.5    -2,-0.4     2,-0.5  -0.897  15.0-134.0-114.1 138.0   13.0   10.1    0.3               
   69   69 A Y  E     -AB 110 138A  72     69,-2.9    69,-2.7    -2,-0.4     2,-0.5  -0.839  19.5-168.2 -88.4 126.6   13.4    6.9   -1.7               
   70   70 A V  E     +AB 109 137A   0     39,-3.1    39,-2.5    -2,-0.5     3,-0.2  -0.956  13.9 175.8-119.6 108.5   16.1    4.6   -0.3               
   71   71 A G  E     + B   0 136A   1     65,-3.1    65,-2.1    -2,-0.5    37,-0.2  -0.580  48.9  49.4-105.2 175.9   17.1    1.7   -2.6               
   72   72 A N  E     +     0   0A  37     35,-0.4     2,-0.2     1,-0.2    36,-0.2   0.709  69.2 157.9  67.1  27.1   19.7   -1.1   -2.7               
   73   73 A L  E     -A  107   0A   2     34,-2.1    34,-2.7    -3,-0.2     2,-0.5  -0.563  48.3-110.8 -79.3 141.8   18.8   -2.3    0.9               
   74   74 A N  E  >  -A  106   0A  30     56,-0.2     4,-2.0    32,-0.2    32,-0.2  -0.627  21.2-145.8 -80.2 123.7   19.7   -5.9    1.9               
   75   75 A S  T  4 S+     0   0   10     30,-1.6    -1,-0.1    -2,-0.5    31,-0.1   0.811  92.8  39.1 -61.0 -33.1   16.4   -7.9    2.2               
   76   76 A Q  T  4 S+     0   0  193     29,-0.2    -1,-0.2     1,-0.1    30,-0.0   0.787 124.7  31.3 -90.8 -31.4   17.7  -10.2    5.1               
   77   77 A T  T  4 S+     0   0   62     -3,-0.1     2,-0.6     1,-0.1    -2,-0.2   0.761  97.6  85.7-100.9 -30.5   19.8   -7.8    7.3               
   78   78 A T     <  -     0   0    3     -4,-2.0     2,-0.2    52,-0.1    -1,-0.1  -0.662  52.8-179.1 -88.8 117.5   18.1   -4.4    6.9               
   79   79 A T     >  -     0   0   65     -2,-0.6     4,-1.2     1,-0.1     5,-0.1  -0.597  40.4-111.9-101.3 165.1   15.1   -3.5    9.2               
   80   80 A A  H  > S+     0   0   34     -2,-0.2     4,-2.2     1,-0.2     5,-0.1   0.879 115.8  57.5 -63.2 -35.8   12.9   -0.4    9.4               
   81   81 A D  H  > S+     0   0  117      1,-0.2     4,-2.6     2,-0.2     5,-0.2   0.869 101.9  53.6 -67.7 -37.0   14.4    0.5   12.8               
   82   82 A Q  H  > S+     0   0   84      2,-0.2     4,-2.1     1,-0.2    -1,-0.2   0.890 111.3  46.3 -64.7 -38.7   18.0    0.6   11.5               
   83   83 A L  H  X S+     0   0    0     -4,-1.2     4,-2.4     2,-0.2    -2,-0.2   0.889 110.4  53.9 -68.2 -39.8   17.0    3.0    8.8               
   84   84 A L  H  X S+     0   0   69     -4,-2.2     4,-1.5     2,-0.2    -2,-0.2   0.951 111.4  44.6 -57.2 -50.6   15.1    5.1   11.4               
   85   85 A E  H  X S+     0   0  124     -4,-2.6     4,-0.6     1,-0.2    -2,-0.2   0.913 114.1  49.8 -62.9 -42.7   18.2    5.4   13.6               
   86   86 A F  H >< S+     0   0   36     -4,-2.1     3,-0.5     1,-0.2    -1,-0.2   0.883 114.0  43.4 -65.4 -40.5   20.5    6.2   10.6               
   87   87 A F  H >X S+     0   0    0     -4,-2.4     3,-1.6     1,-0.2     4,-1.4   0.700  95.2  79.9 -81.7 -14.6   18.2    9.0    9.2               
   88   88 A K  H 3< S+     0   0  132     -4,-1.5    -1,-0.2     1,-0.3    -2,-0.2   0.819  86.8  59.0 -58.9 -32.4   17.6   10.5   12.7               
   89   89 A Q  T << S+     0   0  126     -4,-0.6    -1,-0.3    -3,-0.5    -2,-0.1   0.678 107.1  47.6 -68.3 -20.2   21.1   12.2   12.4               
   90   90 A V  T <4 S-     0   0   10     -3,-1.6     2,-0.3     1,-0.4    -2,-0.2   0.759 130.3 -54.4 -91.6 -32.6   19.8   14.0    9.3               
   91   91 A G  S  < S-     0   0   14     -4,-1.4    -1,-0.4    30,-0.1     2,-0.3  -0.931  74.8 -47.4 170.7 176.1   16.5   15.1   10.8               
   92   92 A E        -     0   0  146     -2,-0.3    22,-2.9    -3,-0.1     2,-0.5  -0.497  52.5-146.7 -69.0 121.7   13.3   14.0   12.6               
   93   93 A V  E     -C  113   0A  23     -2,-0.3    20,-0.3    20,-0.2     3,-0.1  -0.831  17.6-177.3 -95.6 124.5   11.8   11.0   10.8               
   94   94 A K  E     +     0   0A 115     18,-2.4     2,-0.3    -2,-0.5    19,-0.2   0.825  68.4   4.0 -87.9 -40.2    8.0   10.7   10.8               
   95   95 A F  E     -C  112   0A  58     17,-1.7    17,-3.1     2,-0.0     2,-0.4  -0.975  53.0-163.8-152.9 139.2    7.5    7.4    9.0               
   96   96 A V  E     -C  111   0A  24     -2,-0.3     2,-0.5    15,-0.2    15,-0.2  -0.987  11.5-175.0-121.4 129.2    9.6    4.6    7.5               
   97   97 A R  E     -C  110   0A 106     13,-2.8    13,-2.4    -2,-0.4     2,-0.2  -0.935  14.8-149.4-126.7 113.4    8.1    2.0    5.1               
   98   98 A M  E     +C  109   0A  41     -2,-0.5     2,-0.3    11,-0.2    11,-0.3  -0.554  28.4 174.5 -70.3 136.1   10.0   -1.0    3.8               
   99   99 A A  E     +C  108   0A  19      9,-3.2     9,-2.8    -2,-0.2     2,-0.1  -0.947  22.7  64.8-144.5 161.7    8.9   -1.9    0.2               
  100  100 A G  S    S-     0   0   39     -2,-0.3     2,-0.3     7,-0.2     7,-0.1  -0.350  85.1 -46.0 105.2 166.5    9.8   -4.3   -2.6               
  101  101 A D    >   -     0   0   87      5,-0.2     3,-1.1     1,-0.1     5,-0.1  -0.572  37.4-148.9 -75.4 125.7    9.9   -8.1   -3.1               
  102  102 A E  T 3  S+     0   0  155     -2,-0.3    -1,-0.1     1,-0.2     5,-0.1   0.787  96.8  65.8 -65.2 -25.9   11.3  -10.1   -0.2               
  103  103 A T  T 3  S+     0   0  113      2,-0.0    -1,-0.2   -28,-0.0     4,-0.1   0.694  87.2  84.9 -69.8 -20.8   12.5  -12.7   -2.7               
  104  104 A Q  S <  S-     0   0  103     -3,-1.1   -29,-0.2     1,-0.1     0, 0.0  -0.629  83.3-132.2 -80.9 142.3   14.9  -10.1   -4.2               
  105  105 A P  S    S+     0   0   72      0, 0.0   -30,-1.6     0, 0.0     2,-0.5   0.738  96.4  57.1 -63.5 -20.3   18.4   -9.7   -2.6               
  106  106 A T  E     +A   74   0A  49    -32,-0.2   -32,-0.2   -31,-0.1    -5,-0.2  -0.970  64.9 177.4-117.5 126.9   17.6   -5.9   -2.7               
  107  107 A R  E     -A   73   0A  47    -34,-2.7   -34,-2.1    -2,-0.5   -35,-0.4  -0.525  16.5-140.2-105.4 175.0   14.6   -4.1   -1.2               
  108  108 A F  E     - C   0  99A  67     -9,-2.8    -9,-3.2   -37,-0.2     2,-0.3  -0.861  11.6-158.4-129.1 167.3   13.7   -0.4   -1.1               
  109  109 A A  E     -AC  70  98A   0    -39,-2.5   -39,-3.1    -2,-0.3     2,-0.4  -0.984  13.6-137.4-143.9 156.5   12.2    1.9    1.5               
  110  110 A F  E     -AC  69  97A  33    -13,-2.4   -13,-2.8    -2,-0.3     2,-0.5  -0.982  17.7-165.6-114.1 130.4   10.4    5.2    1.8               
  111  111 A V  E     -AC  68  96A   0    -43,-2.5   -43,-2.9    -2,-0.4     2,-0.6  -0.978   3.3-160.4-119.9 113.0   11.5    7.6    4.6               
  112  112 A E  E     -AC  67  95A   0    -17,-3.1   -18,-2.4    -2,-0.5   -17,-1.7  -0.873  10.3-156.7 -93.5 122.2    9.2   10.6    5.4               
  113  113 A F  E     - C   0  93A   0    -47,-2.7   -20,-0.2    -2,-0.6   -47,-0.1  -0.588  24.2-127.4 -89.5 156.6   10.8   13.4    7.3               
  114  114 A A  S    S+     0   0   25    -22,-2.9     2,-0.3    -2,-0.2   -21,-0.1   0.927  98.0  41.2 -62.1 -41.0    9.0   16.0    9.5               
  115  115 A D  S >  S-     0   0   88    -23,-0.4     3,-1.0     1,-0.1     4,-0.4  -0.834  70.1-141.3-114.7 144.0   10.8   18.8    7.4               
  116  116 A Q  T >  S+     0   0   57     -2,-0.3     3,-1.2     1,-0.2    -1,-0.1   0.825 101.8  69.4 -69.6 -26.8   11.5   19.2    3.7               
  117  117 A N  T 3> S+     0   0  119      1,-0.2     4,-0.8     2,-0.2    -1,-0.2   0.705  91.0  61.8 -64.2 -19.4   14.9   20.7    4.6               
  118  118 A S  H <> S+     0   0    1     -3,-1.0     4,-2.4     2,-0.2    -1,-0.2   0.760  90.8  69.3 -79.0 -21.6   16.0   17.2    5.8               
  119  119 A V  H <> S+     0   0    3     -3,-1.2     4,-2.2    -4,-0.4    -2,-0.2   0.940  99.2  44.5 -62.9 -52.5   15.5   15.7    2.3               
  120  120 A P  H  > S+     0   0   65      0, 0.0     4,-1.0     0, 0.0    -1,-0.2   0.881 114.7  51.5 -63.1 -33.3   18.5   17.6    0.6               
  121  121 A R  H >< S+     0   0  126     -4,-0.8     3,-0.6     2,-0.2     4,-0.4   0.920 109.4  49.7 -65.0 -41.4   20.6   16.6    3.7               
  122  122 A A  H >< S+     0   0    0     -4,-2.4     3,-1.3     1,-0.2    -1,-0.2   0.862 104.1  59.3 -65.8 -35.7   19.5   12.9    3.3               
  123  123 A L  H >< S+     0   0   40     -4,-2.2     3,-1.4     1,-0.3    -1,-0.2   0.783  94.0  65.5 -64.5 -26.1   20.5   13.0   -0.5               
  124  124 A A  T << S+     0   0   83     -4,-1.0    -1,-0.3    -3,-0.6    -2,-0.2   0.739  92.5  63.2 -67.0 -20.7   24.0   13.9    0.6               
  125  125 A F  T X  S+     0   0   58     -3,-1.3     3,-1.9    -4,-0.4     2,-0.3   0.298  72.8 131.2 -84.2   7.2   24.2   10.3    2.2               
  126  126 A N  T <  S+     0   0   88     -3,-1.4    10,-0.2     1,-0.2    -3,-0.0  -0.495  74.2  20.0 -62.3 125.5   23.7    8.8   -1.3               
  127  127 A G  T 3  S+     0   0   45      8,-2.4    -1,-0.2     1,-0.3     9,-0.1   0.293  87.4 144.1  92.2  -4.5   26.4    6.1   -1.7               
  128  128 A V    <   -     0   0   55     -3,-1.9     7,-2.9     6,-0.1     2,-0.3  -0.408  58.5-108.8 -65.3 136.6   27.1    5.6    2.1               
  129  129 A M  E     -D  134   0B 146      5,-0.3     2,-0.5    -2,-0.1    -1,-0.1  -0.550  37.4-178.3 -66.9 123.4   27.8    2.0    3.2               
  130  130 A F  E >   -D  133   0B  25      3,-2.6     3,-1.2    -2,-0.3     2,-0.3  -0.941  66.1 -44.9-130.5 104.1   24.8    0.6    5.1               
  131  131 A G  T 3  S-     0   0   58     -2,-0.5   -58,-0.0     1,-0.2    -2,-0.0  -0.584 124.5 -22.7  62.2-123.7   25.7   -3.0    6.2               
  132  132 A D  T 3  S+     0   0  129     -2,-0.3    -1,-0.2    -3,-0.1    -3,-0.1   0.308 128.4  63.2 -96.7   1.9   27.2   -4.7    3.1               
  133  133 A R  E <  S-D  130   0B  81     -3,-1.2    -3,-2.6    -5,-0.1     2,-0.3  -0.984  80.5-113.9-132.8 143.6   25.7   -2.4    0.4               
  134  134 A P  E     -D  129   0B  59      0, 0.0    -5,-0.3     0, 0.0    -6,-0.1  -0.588  40.6-115.7 -73.1 134.2   26.0    1.3   -0.6               
  135  135 A L        -     0   0    3     -7,-2.9    -8,-2.4    -2,-0.3     2,-0.6  -0.412  15.9-148.1 -67.4 141.2   22.6    3.2   -0.2               
  136  136 A K  E     -B   71   0A 120    -65,-2.1   -65,-3.1   -10,-0.2     2,-0.5  -0.901  21.6-174.0-111.0 101.9   20.9    4.6   -3.2               
  137  137 A I  E     +B   70   0A   1     -2,-0.6     2,-0.3   -67,-0.2   -67,-0.2  -0.839  13.1 153.0-105.9 125.5   19.1    7.8   -2.1               
  138  138 A N  E     -B   69   0A  86    -69,-2.7   -69,-2.9    -2,-0.5     2,-0.1  -0.936  49.6 -81.3-139.0 164.4   16.7    9.7   -4.4               
  139  139 A H  E     -B   68   0A  82     -2,-0.3     2,-0.3   -71,-0.2   -71,-0.2  -0.432  50.2-117.9 -60.6 138.7   13.6   12.1   -4.2               
  140  140 A S        -     0   0    7    -73,-2.0   -73,-0.1   -76,-0.4    -1,-0.1  -0.627  20.7-167.7 -76.5 142.4   10.4   10.1   -3.7               
  141  141 A N  S    S+     0   0  113     -2,-0.3     2,-0.4     2,-0.0    -1,-0.1   0.425  73.1  61.6 -98.0  -5.6    7.7   10.5   -6.5               
  142  142 A N  S    S-     0   0  106    -78,-0.2     2,-0.2   -79,-0.1    -1,-0.0  -0.959  80.0-122.7-128.8 140.6    5.1    8.8   -4.2               
  143  143 A A        -     0   0   30     -2,-0.4     2,-0.5     1,-0.1   -79,-0.1  -0.547  38.9-107.0 -72.4 142.7    3.5    9.7   -0.8               
  144  144 A I        -     0   0    6     -2,-0.2     2,-1.3   -81,-0.1    -1,-0.1  -0.603  27.1-128.3 -68.9 121.9    3.8    7.0    1.8               
  145  145 A V        -     0   0  109     -2,-0.5    -1,-0.1     3,-0.0    -3,-0.0  -0.653  30.2-151.0 -68.3  96.7    0.5    5.3    2.3               
  146  146 A K        -     0   0   59     -2,-1.3     3,-0.1     1,-0.1   -49,-0.0  -0.539  20.2-109.8 -64.9 134.1    0.3    5.7    6.1               
  147  147 A P        -     0   0   76      0, 0.0     2,-0.4     0, 0.0    -1,-0.1  -0.451  53.1 -87.1 -55.5 141.1   -1.6    2.9    7.9               
  148  148 A P        -     0   0  119      0, 0.0     2,-0.4     0, 0.0    -3,-0.0  -0.480  42.0-122.7 -57.9 112.9   -4.8    4.7    9.2               
  149  149 A E        -     0   0  176     -2,-0.4     2,-0.7     1,-0.1    -3,-0.0  -0.465  29.4-122.6 -49.1 108.2   -3.9    6.1   12.6               
  150  150 A M        -     0   0  100     -2,-0.4     5,-0.1     4,-0.1    -1,-0.1  -0.587  30.5-117.2 -59.3 111.5   -6.6    4.4   14.7               
  151  151 A T    >>  -     0   0   81     -2,-0.7     4,-2.0     1,-0.1     3,-1.8  -0.236  28.7-105.4 -43.9 144.1   -8.3    7.4   16.2               
  152  152 A P  H 3> S+     0   0  115      0, 0.0     4,-2.3     0, 0.0    -1,-0.1   0.821 125.2  57.0 -52.0 -27.3   -7.8    7.2   20.0               
  153  153 A Q  H 3> S+     0   0  146      2,-0.2     4,-1.5     3,-0.2     5,-0.1   0.807 106.2  46.9 -69.0 -35.8  -11.5    6.2   20.0               
  154  154 A A  H <> S+     0   0   31     -3,-1.8     4,-2.2     2,-0.2     5,-0.2   0.930 114.1  47.0 -72.6 -45.0  -10.9    3.2   17.7               
  155  155 A A  H  X S+     0   0   44     -4,-2.0     4,-2.7     1,-0.2    -2,-0.2   0.916 112.3  51.4 -61.5 -41.4   -7.9    2.0   19.7               
  156  156 A A  H  X S+     0   0   54     -4,-2.3     4,-2.5    -5,-0.3    -1,-0.2   0.882 109.8  49.5 -62.4 -39.2   -9.9    2.4   22.9               
  157  157 A K  H  X S+     0   0  143     -4,-1.5     4,-2.2     2,-0.2    -2,-0.2   0.888 112.1  47.0 -67.5 -41.2  -12.8    0.3   21.4               
  158  158 A E  H  X S+     0   0  111     -4,-2.2     4,-2.6     2,-0.2    -2,-0.2   0.941 113.7  48.7 -65.3 -43.1  -10.4   -2.5   20.4               
  159  159 A L  H  X S+     0   0   99     -4,-2.7     4,-3.0     2,-0.2    -2,-0.2   0.901 111.1  50.5 -60.7 -42.3   -8.8   -2.3   23.9               
  160  160 A E  H  X S+     0   0  139     -4,-2.5     4,-2.3     2,-0.2    -1,-0.2   0.908 111.5  47.8 -62.6 -41.6  -12.3   -2.4   25.5               
  161  161 A E  H  X S+     0   0  106     -4,-2.2     4,-2.2     2,-0.2    -2,-0.2   0.913 113.5  47.5 -67.3 -40.5  -13.2   -5.5   23.4               
  162  162 A V  H  X S+     0   0   68     -4,-2.6     4,-2.5     2,-0.2    -2,-0.2   0.956 113.2  48.1 -62.7 -48.8   -9.9   -7.2   24.3               
  163  163 A M  H  X S+     0   0  104     -4,-3.0     4,-2.3     1,-0.2    -2,-0.2   0.858 110.1  53.2 -61.8 -35.5  -10.4   -6.4   28.0               
  164  164 A K  H  X S+     0   0  123     -4,-2.3     4,-2.5     2,-0.2    -1,-0.2   0.934 109.6  47.4 -64.6 -44.9  -14.0   -7.8   27.7               
  165  165 A R  H  X S+     0   0  144     -4,-2.2     4,-2.7     2,-0.2    -2,-0.2   0.895 111.3  51.4 -63.6 -40.5  -12.7  -11.1   26.3               
  166  166 A V  H  X S+     0   0   74     -4,-2.5     4,-2.9     2,-0.2    -2,-0.2   0.936 112.2  46.7 -59.5 -45.2  -10.0  -11.3   29.0               
  167  167 A R  H  X S+     0   0  178     -4,-2.3     4,-2.6     2,-0.2    -2,-0.2   0.873 112.5  49.4 -66.4 -38.8  -12.8  -10.7   31.6               
  168  168 A E  H  X S+     0   0  105     -4,-2.5     4,-2.0     2,-0.2    -2,-0.2   0.923 114.1  45.8 -64.3 -43.6  -15.1  -13.3   30.0               
  169  169 A A  H  X S+     0   0   51     -4,-2.7     4,-2.3     2,-0.2    -2,-0.2   0.933 113.8  48.6 -65.1 -45.2  -12.2  -15.9   29.9               
  170  170 A Q  H  X S+     0   0  119     -4,-2.9     4,-3.0     1,-0.2    -2,-0.2   0.930 111.9  49.9 -59.3 -44.7  -11.3  -15.0   33.6               
  171  171 A S  H  X S+     0   0   76     -4,-2.6     4,-2.2     2,-0.2    -1,-0.2   0.847 110.1  50.2 -63.3 -37.3  -15.0  -15.4   34.6               
  172  172 A F  H  X S+     0   0  162     -4,-2.0     4,-0.9     2,-0.2    -1,-0.2   0.897 113.4  45.9 -67.7 -39.9  -15.2  -18.8   32.8               
  173  173 A I  H >X S+     0   0   96     -4,-2.3     4,-1.3     2,-0.2     3,-0.7   0.944 112.9  49.7 -67.4 -47.2  -12.0  -20.0   34.6               
  174  174 A S  H >X S+     0   0   67     -4,-3.0     4,-2.4     1,-0.2     3,-0.6   0.917 109.4  51.7 -59.1 -43.3  -13.2  -18.7   38.0               
  175  175 A A  H 3< S+     0   0   80     -4,-2.2    -1,-0.2     1,-0.2    -2,-0.2   0.735 112.3  46.9 -65.6 -24.6  -16.6  -20.5   37.5               
  176  176 A A  H << S+     0   0   80     -4,-0.9    -1,-0.2    -3,-0.7    -2,-0.2   0.666 116.7  43.4 -85.2 -21.9  -14.7  -23.7   36.8               
  177  177 A I  H << S+     0   0  124     -4,-1.3    -2,-0.2    -3,-0.6    -3,-0.2   0.741  84.5  98.1 -99.1 -29.6  -12.3  -23.4   39.8               
  178  178 A E  S  < S-     0   0  158     -4,-2.4     2,-0.3    -5,-0.2    -4,-0.0  -0.483  71.0-139.7 -65.1 112.4  -14.7  -22.3   42.6               
  179  179 A P        -     0   0  110      0, 0.0     2,-0.4     0, 0.0    -2,-0.1  -0.592  30.9 -97.0 -74.9 130.5  -15.5  -25.5   44.6               
  180  180 A E        -     0   0  202     -2,-0.3     2,-0.7     1,-0.1     3,-0.0  -0.267  45.3-175.6 -49.6 102.9  -19.2  -25.7   45.6               
  181  181 A S        -     0   0  115     -2,-0.4    -1,-0.1     1,-0.1    -3,-0.0  -0.863  44.1 -57.0-108.7  94.5  -19.4  -24.4   49.2               
  182  182 A G        +     0   0   63     -2,-0.7    -1,-0.1     1,-0.1    -2,-0.0   0.836  65.8 127.3  61.4  91.7  -22.8  -24.7   50.6               
  183  183 A K        -     0   0  211     -3,-0.0     2,-0.3     0, 0.0    -1,-0.1  -0.355  30.8-173.4-156.8  92.4  -26.3  -23.6   49.9               
  184  184 A S        +     0   0  114      1,-0.0     0, 0.0     2,-0.0     0, 0.0  -0.530  14.8 157.4 -56.5 126.4  -28.8  -26.5   49.8               
  185  185 A N        -     0   0  155     -2,-0.3    -1,-0.0     0, 0.0     0, 0.0  -0.359  34.4-122.6-158.8  91.1  -32.3  -25.8   48.7               
  186  186 A E        +     0   0  134      1,-0.1    -2,-0.0     0, 0.0     0, 0.0   0.443  38.9  38.0  28.8 116.9  -34.3  -28.5   47.4               
  187  187 A R        +     0   0  200      0, 0.0    -1,-0.1     0, 0.0     0, 0.0   0.984  36.8  81.4  82.7 100.0  -36.3  -29.8   44.6               
  188  188 A K        -     0   0  208      0, 0.0     0, 0.0     0, 0.0     0, 0.0   0.526  35.2-158.4 160.4 109.0  -37.3  -30.5   41.3               
  189  189 A G        +     0   0   88      0, 0.0     0, 0.0     0, 0.0     0, 0.0   0.505  25.2 138.4  97.8 104.1  -36.5  -32.8   39.1               
  190  190 A G        -     0   0   76      2,-0.0     0, 0.0     0, 0.0     0, 0.0   0.527  41.1-111.9 132.7  70.7  -36.3  -33.8   35.4               
  191  191 A R        -     0   0  228      1,-0.2     0, 0.0     0, 0.0     0, 0.0   0.595  18.5-103.3  77.0  99.0  -33.8  -35.3   33.6               
  192  192 A S        +     0   0  105      1,-0.0    -1,-0.2     2,-0.0    -2,-0.0  -0.152  32.6 152.4 -46.5 142.0  -31.3  -34.8   30.8               
  193  193 A R        -     0   0  213      2,-0.0    -1,-0.0     0, 0.0     0, 0.0   0.001  32.8-125.3-177.9 104.6  -31.0  -35.8   27.3               
  194  194 A S        -     0   0  108      1,-0.1     2,-0.3     0, 0.0    -2,-0.0   0.417  12.8-166.4  24.8 118.3  -29.1  -34.2   24.4               
  195  195 A H        -     0   0  184      0, 0.0     2,-0.1     0, 0.0    -1,-0.1  -0.864  22.5-155.0-135.8 113.5  -30.1  -32.9   21.0               
  196  196 A T        -     0   0  109     -2,-0.3     0, 0.0     1,-0.2     0, 0.0  -0.410  24.0 -73.2 -63.7 143.5  -27.1  -32.1   18.8               
  197  197 A R        +     0   0  238     -2,-0.1    -1,-0.2     2,-0.0     2,-0.1   0.121  48.1 143.7  -0.3 123.5  -26.7  -29.8   15.9               
  198  198 A S        -     0   0  127      0, 0.0     2,-0.4     0, 0.0    -2,-0.0  -0.278  15.9-174.0-174.4 136.2  -27.8  -29.8   12.5               
  199  199 A K        +     0   0  200     -2,-0.1    -2,-0.0     1,-0.0     0, 0.0  -0.827  41.7  36.6 -94.7 139.7  -28.9  -27.1   10.1               
  200  200 A S        +     0   0  102     -2,-0.4    -1,-0.0     0, 0.0     0, 0.0   0.588  47.0  83.3  99.0 138.9  -30.2  -27.5    6.6               
  201  201 A R        -     0   0  225      0, 0.0     0, 0.0     0, 0.0     0, 0.0   0.888  43.6-117.2 101.9  89.1  -32.3  -29.2    3.9               
  202  202 A S        +     0   0  112      0, 0.0     2,-0.1     0, 0.0     0, 0.0   0.690  25.0 163.3  48.8 120.2  -35.7  -29.4    2.6               
  203  203 A S        -     0   0  120      2,-0.0     2,-0.1     0, 0.0     0, 0.0  -0.387  23.4-137.7-178.3 138.4  -38.7  -31.3    2.0               
  204  204 A S        -     0   0   98     -2,-0.1     2,-0.2     2,-0.0     0, 0.0  -0.318  12.8-175.7 -68.4 145.4  -42.4  -30.5    1.3               
  205  205 A K        -     0   0  206     -2,-0.1     2,-0.2     2,-0.0    -2,-0.0  -0.610   9.5-163.5-164.1 107.9  -45.8  -31.8    2.4               
  206  206 A S        +     0   0  102     -2,-0.2     2,-0.2     0, 0.0    -2,-0.0  -0.451   9.0 177.1  63.3  79.2  -48.8  -30.7    1.2               
  207  207 A H        -     0   0  169     -2,-0.2    -2,-0.0     0, 0.0     0, 0.0  -0.597  13.4-154.7-159.3 115.0  -52.3  -31.2    2.6               
  208  208 A S        +     0   0   68     -2,-0.2     0, 0.0     0, 0.0     0, 0.0   0.381  17.0 125.8  55.6 121.8  -55.4  -30.0    1.7               
  209  209 A R        -     0   0  206      0, 0.0     0, 0.0     0, 0.0     0, 0.0   0.806  17.7 -77.2-175.9 150.3  -58.5  -29.2    2.1               
  210  210 A R        +     0   0  203      0, 0.0     0, 0.0     0, 0.0     0, 0.0   0.884  17.0  97.6  61.4 148.2  -61.8  -27.3    2.2               
  211  211 A K        -     0   0  151      0, 0.0     0, 0.0     0, 0.0     0, 0.0   0.937  30.2 -15.4-156.2 159.7  -64.5  -25.4    2.8               
  212  212 A R        -     0   0  231      0, 0.0     2,-0.1     0, 0.0     0, 0.0   0.656  20.4-172.9 175.9 134.4  -66.9  -23.1    2.9               
  213  213 A S        +     0   0  106      2,-0.0     2,-0.1     0, 0.0     0, 0.0  -0.382  10.1 163.4 -60.2 144.2  -67.9  -19.6    1.7               
  214  214 A Q        -     0   0  192     -2,-0.1     2,-0.2     0, 0.0     0, 0.0  -0.432  15.6-174.0-160.8 118.8  -70.6  -17.2    2.3               
  215  215 A S        +     0   0  101     -2,-0.1     2,-0.1     2,-0.0    -2,-0.0  -0.500  12.8 152.5 -62.4 145.8  -70.4  -13.5    1.5               
  216  216 A K        -     0   0  200     -2,-0.2     2,-0.1     0, 0.0     0, 0.0  -0.190  15.4-166.9-175.5 126.7  -72.6  -10.6    2.0               
  217  217 A H        +     0   0  176     -2,-0.1     2,-0.0     2,-0.0    -2,-0.0  -0.384  20.1 139.7 -52.8 146.0  -72.2   -6.9    2.4               
  218  218 A R        -     0   0  237     -2,-0.1     2,-0.1     0, 0.0     0, 0.0   0.060  24.8-157.9 174.7 132.3  -74.3   -4.3    3.6               
  219  219 A S        +     0   0  110     -2,-0.0     2,-0.1     2,-0.0    -2,-0.0  -0.362  22.3 152.1 -52.4 141.6  -74.3   -1.1    5.7               
  220  220 A R        -     0   0  242     -2,-0.1     2,-0.1     2,-0.0     0, 0.0  -0.413  27.4-142.1-174.4 134.3  -77.2    0.5    7.3               
  221  221 A S        +     0   0  112     -2,-0.1     2,-0.2     2,-0.0    -2,-0.0  -0.337  17.2 175.4 -57.2 143.3  -77.7    2.7   10.4               
  222  222 A H        -     0   0  167     -2,-0.1     2,-0.1     2,-0.0    -2,-0.0  -0.665  17.0-148.5-155.4 120.0  -80.6    2.7   12.8               
  223  223 A N        +     0   0  144     -2,-0.2     2,-0.1     1,-0.0    -2,-0.0  -0.408  19.0 171.3 -52.7 136.9  -80.9    4.8   15.9               
  224  224 A R        -     0   0  229     -2,-0.1     2,-0.1     2,-0.0    -1,-0.0  -0.495  12.1-165.0-155.2  99.3  -82.7    3.4   18.9               
  225  225 A S        -     0   0  114     -2,-0.1     2,-0.2     1,-0.0    -2,-0.0  -0.367   1.6-169.1 -47.6 135.0  -82.6    5.3   22.2               
  226  226 A R        +     0   0  232     -2,-0.1     2,-0.3     2,-0.0    -1,-0.0  -0.709   7.9 179.5-138.7  91.2  -83.7    3.5   25.3               
  227  227 A S        -     0   0  101     -2,-0.2     2,-0.2     2,-0.0    -2,-0.0  -0.599   6.0-176.5 -61.7 138.5  -84.1    5.7   28.3               
  228  228 A R        -     0   0  237     -2,-0.3     2,-0.1     2,-0.0    -2,-0.0  -0.746  12.3-163.3-139.9 104.7  -85.2    4.2   31.6               
  229  229 A Q        -     0   0  155     -2,-0.2     2,-0.1     1,-0.0    -2,-0.0  -0.316  14.9-162.6 -55.3 149.9  -85.7    6.8   34.3               
  230  230 A K        -     0   0  213     -2,-0.1     2,-0.1     0, 0.0    -2,-0.0  -0.663  28.8-164.0-136.7  89.3  -85.9    6.1   38.0               
  231  231 A D        -     0   0  103      1,-0.2    -2,-0.0    -2,-0.1     0, 0.0  -0.379  13.6 -93.1 -56.8 134.1  -87.4    9.3   39.5               
  232  232 A R        +     0   0  223     -2,-0.1    -1,-0.2     0, 0.0     2,-0.1   0.256  33.0 178.1  57.2 111.6  -87.8   10.7   42.6               
  233  233 A R        -     0   0  228      0, 0.0     0, 0.0     0, 0.0     0, 0.0  -0.196  23.8 -15.4 156.9 145.7  -90.3   10.7   45.5               
  234  234 A R        -     0   0  205     -2,-0.1     0, 0.0     1,-0.1     0, 0.0   0.770  17.9-146.4-172.9 150.2  -90.9   11.8   48.5               
  235  235 A S        +     0   0   94      0, 0.0     2,-0.2     0, 0.0    -1,-0.1  -0.000   6.2 177.1 -45.4 149.0  -90.6   13.3   52.0               
  236  236 A K        -     0   0  217      0, 0.0     0, 0.0     0, 0.0     0, 0.0  -0.680  22.5-155.6-155.2 126.1  -92.1   12.9   55.4               
  237  237 A S        -     0   0  111     -2,-0.2     2,-0.1     1,-0.1     0, 0.0  -0.173  16.5 -93.8 -92.4 174.6  -90.7   15.0   58.3               
  238  238 A P        -     0   0  109      0, 0.0     2,-0.2     0, 0.0    -1,-0.1  -0.437  18.1-152.4-108.3 161.4  -90.7   14.6   62.1               
  239  239 A H        -     0   0  191     -2,-0.1     2,-0.0     2,-0.0     0, 0.0  -0.933  26.8 -84.3-155.2 157.7  -92.2   15.4   65.6               
  240  240 A K        -     0   0  164     -2,-0.2    -1,-0.0     0, 0.0     0, 0.0   0.075  27.9 -42.9 174.8 117.4  -91.3   15.7   68.9               
  241  241 A K        +     0   0  188     -2,-0.0    -2,-0.0     1,-0.0     0, 0.0   0.578  19.8 137.1  64.9 153.0  -90.3   14.9   72.6               
  242  242 A R        -     0   0  241      0, 0.0    -1,-0.0     0, 0.0     0, 0.0   0.690  21.9-148.5-167.2 154.5  -90.3   13.7   75.7               
  243  243 A S        +     0   0  106      2,-0.0     2,-0.1     0, 0.0     0, 0.0  -0.088  19.1 157.0 -57.8 149.6  -88.0   12.4   78.4               
  244  244 A K        -     0   0  206      2,-0.0     2,-0.1     0, 0.0     0, 0.0  -0.479  27.0-137.2-167.8 141.8  -87.5   10.1   81.3               
  245  245 A S        +     0   0  103     -2,-0.1     2,-0.2     2,-0.0    -2,-0.0  -0.270  25.6 158.1 -61.5 145.2  -84.3    8.7   82.8               
  246  246 A R        -     0   0  253     -2,-0.1     2,-0.1     0, 0.0    -2,-0.0  -0.569  24.0-147.9-164.1 132.1  -82.8    5.5   84.2               
  247  247 A E        +     0   0  177     -2,-0.2    -2,-0.0     1,-0.0     0, 0.0  -0.370  27.4 135.0 -64.4 146.3  -79.2    4.6   84.6               
  248  248 A R        -     0   0  228     -2,-0.1    -1,-0.0     0, 0.0     0, 0.0   0.364  34.7-116.6 166.4 111.2  -77.1    1.6   84.5               
  249  249 A R        +     0   0  242      1,-0.0    -2,-0.0     2,-0.0     2,-0.0   0.556  32.6 149.0  37.0 111.6  -73.8    0.4   83.1               
  250  250 A K        +     0   0  192      0, 0.0     2,-0.5     0, 0.0    -1,-0.0  -0.291  13.3 177.5-163.5 101.2  -72.3   -2.1   80.8               
  251  251 A S        +     0   0  120     -2,-0.0     2,-0.2     2,-0.0    -2,-0.0  -0.776  19.3 150.3 -77.7 118.6  -69.1   -1.2   78.9               
  252  252 A R        -     0   0  221     -2,-0.5     0, 0.0     0, 0.0     0, 0.0  -0.594  47.9 -62.2-160.2 106.9  -67.8   -4.1   76.7               
  253  253 A S        +     0   0  107     -2,-0.2    -2,-0.0     1,-0.1     0, 0.0   0.837  54.8 137.4  52.1 101.2  -65.8   -4.1   73.5               
  254  254 A R        +     0   0  246      2,-0.0     3,-0.3     3,-0.0    -1,-0.1   0.269  55.2  89.2-143.9  17.7  -66.6   -2.7   69.9               
  255  255 A S        +     0   0  108      1,-0.2     4,-0.3     2,-0.1     3,-0.1   0.416  69.1  68.6-102.2   0.4  -63.3   -1.0   68.8               
  256  256 A H  S  > S+     0   0  131      1,-0.1     4,-0.6     2,-0.1    -1,-0.2   0.384  81.4  67.9-110.3   3.8  -61.2   -3.7   67.0               
  257  257 A S  H  > S+     0   0   87     -3,-0.3     4,-0.5     2,-0.1    -1,-0.1   0.645  93.4  57.6 -98.0 -13.4  -63.0   -4.5   63.7               
  258  258 A R  H  > S+     0   0  215      2,-0.1     4,-1.0    -3,-0.1     3,-0.2   0.888 102.6  52.1 -83.2 -35.5  -62.5   -1.2   61.9               
  259  259 A D  H >> S+     0   0   96     -4,-0.3     4,-2.1     1,-0.2     3,-1.0   0.957 106.4  52.2 -71.4 -43.7  -58.6   -1.1   62.0               
  260  260 A K  H 3X S+     0   0  133     -4,-0.6     4,-1.4     1,-0.3    -1,-0.2   0.791 108.8  52.8 -60.2 -29.1  -58.2   -4.7   60.5               
  261  261 A R  H 3X S+     0   0  200     -4,-0.5     4,-1.0    -3,-0.2    -1,-0.3   0.766 108.3  50.2 -77.2 -26.3  -60.4   -3.6   57.5               
  262  262 A K  H <X S+     0   0  128     -4,-1.0     4,-2.1    -3,-1.0     3,-0.3   0.959 110.6  48.2 -74.4 -46.8  -58.3   -0.5   56.8               
  263  263 A D  H  X S+     0   0  101     -4,-2.1     4,-2.5     1,-0.2     5,-0.2   0.868 110.5  51.3 -62.5 -40.4  -55.0   -2.4   56.8               
  264  264 A T  H  X S+     0   0   83     -4,-1.4     4,-1.4    -5,-0.2    -1,-0.2   0.888 111.3  48.0 -66.1 -36.3  -56.3   -5.1   54.4               
  265  265 A R  H  X S+     0   0  173     -4,-1.0     4,-1.9    -3,-0.3    -2,-0.2   0.869 112.1  48.5 -72.4 -38.5  -57.6   -2.4   51.9               
  266  266 A E  H  X S+     0   0  106     -4,-2.1     4,-2.5     2,-0.2     5,-0.2   0.952 110.1  52.2 -66.5 -43.3  -54.3   -0.5   52.0               
  267  267 A K  H  X S+     0   0  159     -4,-2.5     4,-1.9     1,-0.2    -2,-0.2   0.819 109.7  49.8 -62.0 -33.9  -52.3   -3.8   51.4               
  268  268 A I  H  X S+     0   0  106     -4,-1.4     4,-1.9     2,-0.2    -1,-0.2   0.937 111.5  47.9 -69.2 -45.3  -54.5   -4.6   48.4               
  269  269 A K  H  X S+     0   0  107     -4,-1.9     4,-2.2     2,-0.2    -2,-0.2   0.866 112.0  50.0 -63.1 -38.9  -54.0   -1.1   46.9               
  270  270 A E  H  X S+     0   0  129     -4,-2.5     4,-2.4     2,-0.2    -1,-0.2   0.945 109.4  50.9 -65.2 -44.2  -50.2   -1.4   47.4               
  271  271 A K  H  X S+     0   0  166     -4,-1.9     4,-1.9     1,-0.2    -2,-0.2   0.838 110.4  50.2 -62.8 -34.7  -50.1   -4.8   45.7               
  272  272 A E  H  X S+     0   0  130     -4,-1.9     4,-1.9     2,-0.2    -1,-0.2   0.934 109.8  49.9 -67.6 -44.2  -52.0   -3.4   42.7               
  273  273 A R  H  X S+     0   0  185     -4,-2.2     4,-2.4     2,-0.2    -2,-0.2   0.883 111.3  49.0 -61.8 -40.7  -49.5   -0.4   42.4               
  274  274 A V  H  X S+     0   0   81     -4,-2.4     4,-2.2     1,-0.2    -1,-0.2   0.952 112.0  48.6 -63.1 -45.6  -46.5   -2.8   42.5               
  275  275 A K  H  X S+     0   0  122     -4,-1.9     4,-1.4     2,-0.2    -2,-0.2   0.783 111.8  49.8 -65.7 -31.0  -48.2   -5.0   39.8               
  276  276 A E  H  X S+     0   0  130     -4,-1.9     4,-1.9     2,-0.2    -2,-0.2   0.936 110.2  49.6 -70.6 -44.6  -48.9   -1.9   37.7               
  277  277 A K  H  X S+     0   0  133     -4,-2.4     4,-2.2     1,-0.2    -2,-0.2   0.845 109.9  51.8 -63.2 -35.6  -45.2   -0.6   38.0               
  278  278 A D  H  X S+     0   0   93     -4,-2.2     4,-1.8     2,-0.2    -1,-0.2   0.912 109.7  49.0 -67.8 -40.3  -44.0   -4.1   37.0               
  279  279 A R  H  X S+     0   0  116     -4,-1.4     4,-2.1     2,-0.2    -2,-0.2   0.821 109.9  52.5 -66.6 -33.8  -46.2   -4.1   33.8               
  280  280 A E  H  X S+     0   0  128     -4,-1.9     4,-2.0     2,-0.2    -2,-0.2   0.959 109.7  47.7 -67.1 -46.3  -44.9   -0.6   33.0               
  281  281 A K  H  X S+     0   0  100     -4,-2.2     4,-2.1     2,-0.2    -2,-0.2   0.828 110.8  53.2 -60.2 -35.8  -41.2   -1.8   33.3               
  282  282 A E  H  X S+     0   0  130     -4,-1.8     4,-1.9     2,-0.2    -1,-0.2   0.945 109.2  47.6 -66.2 -44.6  -42.2   -4.8   31.1               
  283  283 A R  H  X S+     0   0  159     -4,-2.1     4,-2.2     2,-0.2    -2,-0.2   0.826 110.9  52.5 -63.4 -35.4  -43.7   -2.5   28.3               
  284  284 A E  H  X S+     0   0  136     -4,-2.0     4,-2.0     2,-0.2    -2,-0.2   0.954 110.0  47.4 -66.9 -45.4  -40.5   -0.3   28.5               
  285  285 A R  H  X S+     0   0  152     -4,-2.1     4,-2.2     2,-0.2    -2,-0.2   0.821 111.0  53.0 -62.3 -34.6  -38.2   -3.4   28.0               
  286  286 A E  H  X S+     0   0  132     -4,-1.9     4,-1.9     2,-0.2    -2,-0.2   0.948 109.1  47.9 -67.6 -44.7  -40.5   -4.5   25.1               
  287  287 A K  H  X S+     0   0  136     -4,-2.2     4,-2.2     2,-0.2    -2,-0.2   0.842 111.7  51.4 -61.5 -37.0  -40.2   -1.0   23.4               
  288  288 A E  H  X S+     0   0  133     -4,-2.0     4,-2.4     2,-0.2    -2,-0.2   0.949 109.3  49.1 -67.3 -44.7  -36.4   -1.2   23.9               
  289  289 A R  H  X S+     0   0  164     -4,-2.2     4,-2.1     2,-0.2    -2,-0.2   0.816 111.1  51.2 -61.5 -34.7  -36.2   -4.7   22.3               
  290  290 A E  H  X S+     0   0  136     -4,-1.9     4,-2.2     2,-0.2    -2,-0.2   0.952 110.5  47.4 -68.6 -45.5  -38.3   -3.4   19.3               
  291  291 A K  H  X S+     0   0  128     -4,-2.2     4,-2.5     2,-0.2    -2,-0.2   0.858 112.1  51.2 -60.5 -38.3  -35.9   -0.4   18.9               
  292  292 A E  H  X S+     0   0  136     -4,-2.4     4,-2.5     2,-0.2    -1,-0.2   0.937 109.6  49.0 -66.5 -43.8  -32.9   -2.8   19.1               
  293  293 A K  H  X S+     0   0  149     -4,-2.1     4,-2.1     2,-0.2    -2,-0.2   0.862 112.7  48.6 -61.3 -38.6  -34.4   -5.1   16.4               
  294  294 A E  H  X S+     0   0  122     -4,-2.2     4,-2.1     2,-0.2    -2,-0.2   0.933 111.0  49.1 -68.9 -43.7  -35.0   -2.1   14.2               
  295  295 A R  H  X S+     0   0  186     -4,-2.5     4,-2.4     2,-0.2    -2,-0.2   0.893 110.6  52.5 -60.2 -40.4  -31.4   -0.8   14.7               
  296  296 A G  H  X S+     0   0   32     -4,-2.5     4,-2.1     2,-0.2    -2,-0.2   0.955 109.3  48.4 -58.9 -49.6  -30.2   -4.4   13.8               
  297  297 A K  H  X S+     0   0  140     -4,-2.1     4,-2.0     1,-0.2    -2,-0.2   0.842 112.1  48.9 -61.4 -38.5  -32.3   -4.4   10.5               
  298  298 A N  H  X S+     0   0   75     -4,-2.1     4,-2.2     2,-0.2    -1,-0.2   0.932 109.9  51.6 -68.2 -41.7  -30.9   -0.9    9.5               
  299  299 A K  H  X S+     0   0  139     -4,-2.4     4,-1.9     2,-0.2    -2,-0.2   0.862 110.6  48.9 -62.0 -37.4  -27.3   -2.0   10.3               
  300  300 A D  H  X S+     0   0  104     -4,-2.1     4,-1.9     2,-0.2    -1,-0.2   0.924 111.3  49.1 -68.9 -42.3  -27.8   -5.1    8.0               
  301  301 A R  H  X S+     0   0  146     -4,-2.0     4,-2.3     2,-0.2    -2,-0.2   0.851 110.7  50.5 -63.2 -37.5  -29.3   -3.0    5.2               
  302  302 A D  H  X S+     0   0   89     -4,-2.2     4,-1.7     2,-0.2    -2,-0.2   0.921 109.7  50.1 -70.9 -38.5  -26.4   -0.5    5.4               
  303  303 A K  H  X S+     0   0  109     -4,-1.9     4,-2.1     2,-0.2    -2,-0.2   0.848 110.9  50.4 -62.2 -37.9  -23.8   -3.4    5.2               
  304  304 A E  H  X S+     0   0  125     -4,-1.9     4,-2.3     2,-0.2    -2,-0.2   0.963 111.1  47.5 -65.8 -47.1  -25.6   -4.8    2.1               
  305  305 A R  H  X S+     0   0  138     -4,-2.3     4,-1.8     2,-0.2    -2,-0.2   0.781 110.7  53.0 -62.1 -32.8  -25.6   -1.3    0.4               
  306  306 A E  H  X S+     0   0  129     -4,-1.7     4,-2.0     2,-0.2    -1,-0.2   0.945 108.8  48.6 -68.9 -44.8  -21.8   -1.0    1.3               
  307  307 A K  H  X S+     0   0  147     -4,-2.1     4,-2.5     2,-0.2    -2,-0.2   0.877 110.6  51.8 -60.3 -40.3  -21.1   -4.4   -0.3               
  308  308 A D  H  X S+     0   0   91     -4,-2.3     4,-2.1     1,-0.2    -1,-0.2   0.936 110.7  47.5 -63.8 -43.6  -23.0   -3.4   -3.5               
  309  309 A R  H  X S+     0   0  154     -4,-1.8     4,-2.0     2,-0.2    -2,-0.2   0.830 111.9  50.7 -64.9 -35.8  -21.0   -0.1   -3.7               
  310  310 A E  H  X S+     0   0  131     -4,-2.0     4,-2.1     2,-0.2    -2,-0.2   0.943 110.1  49.5 -67.3 -43.9  -17.8   -2.1   -3.3               
  311  311 A K  H  X S+     0   0  122     -4,-2.5     4,-2.2     2,-0.2    -2,-0.2   0.843 111.1  49.7 -62.8 -37.4  -18.8   -4.6   -6.0               
  312  312 A D  H  X S+     0   0   89     -4,-2.1     4,-1.9     2,-0.2    -1,-0.2   0.927 110.7  49.4 -69.4 -40.7  -19.6   -1.7   -8.4               
  313  313 A K  H  X S+     0   0  127     -4,-2.0     4,-1.9     2,-0.2    -2,-0.2   0.837 110.5  51.9 -63.1 -36.2  -16.2    0.0   -7.7               
  314  314 A E  H  X S+     0   0  125     -4,-2.1     4,-2.2     2,-0.2    -2,-0.2   0.958 109.1  48.9 -65.6 -47.2  -14.5   -3.3   -8.4               
  315  315 A K  H  X S+     0   0   79     -4,-2.2     4,-2.2     1,-0.2    -2,-0.2   0.834 110.0  52.4 -59.6 -37.3  -16.3   -3.7  -11.8               
  316  316 A D  H  X S+     0   0   89     -4,-1.9     4,-1.5     2,-0.2    -1,-0.2   0.929 109.8  47.8 -67.8 -40.5  -15.3   -0.1  -12.7               
  317  317 A R  H  X S+     0   0  129     -4,-1.9     4,-2.3     2,-0.2    -2,-0.2   0.863 110.2  53.4 -64.7 -37.2  -11.6   -0.8  -11.9               
  318  318 A E  H  X S+     0   0  125     -4,-2.2     4,-2.4     1,-0.2    -2,-0.2   0.954 108.6  49.0 -62.4 -46.0  -11.8   -4.1  -14.0               
  319  319 A R  H  X S+     0   0  123     -4,-2.2     4,-1.7     2,-0.2    -1,-0.2   0.777 110.2  52.2 -62.9 -32.2  -13.2   -2.1  -17.0               
  320  320 A E  H  X S+     0   0  133     -4,-1.5     4,-1.6     2,-0.2    -2,-0.2   0.941 110.0  47.3 -69.7 -44.7  -10.3    0.4  -16.5               
  321  321 A R  H  X S+     0   0  165     -4,-2.3     4,-2.7     2,-0.2    -2,-0.2   0.882 111.0  52.7 -61.4 -39.4   -7.7   -2.4  -16.6               
  322  322 A E  H  X S+     0   0  141     -4,-2.4     4,-2.1     1,-0.2    -1,-0.2   0.929 109.6  48.3 -63.7 -42.4   -9.4   -3.9  -19.7               
  323  323 A K  H  X S+     0   0  124     -4,-1.7     4,-1.7     2,-0.2    -1,-0.2   0.786 111.8  50.4 -65.5 -33.2   -9.2   -0.5  -21.5               
  324  324 A E  H  X S+     0   0  121     -4,-1.6     4,-2.3     2,-0.2    -2,-0.2   0.955 110.5  48.2 -69.6 -46.8   -5.5   -0.1  -20.5               
  325  325 A H  H  X S+     0   0  100     -4,-2.7     4,-2.2     1,-0.2    -2,-0.2   0.844 110.4  52.7 -61.0 -36.7   -4.7   -3.7  -21.8               
  326  326 A E  H  X S+     0   0  123     -4,-2.1     4,-2.1     2,-0.2    -1,-0.2   0.942 110.0  48.1 -64.1 -43.5   -6.6   -2.8  -25.1               
  327  327 A K  H  X S+     0   0  145     -4,-1.7     4,-2.3     2,-0.2    -2,-0.2   0.866 110.7  50.8 -63.6 -39.5   -4.4    0.4  -25.5               
  328  328 A D  H  X S+     0   0   90     -4,-2.3     4,-2.1     2,-0.2    -2,-0.2   0.927 110.2  49.4 -67.3 -41.3   -1.2   -1.6  -24.9               
  329  329 A R  H  X S+     0   0  141     -4,-2.2     4,-2.4     2,-0.2    -2,-0.2   0.885 111.6  49.4 -60.4 -42.1   -2.2   -4.2  -27.5               
  330  330 A D  H  X S+     0   0   90     -4,-2.1     4,-2.1     1,-0.2    -2,-0.2   0.913 111.0  49.8 -65.5 -39.9   -3.0   -1.3  -30.0               
  331  331 A K  H  X S+     0   0  131     -4,-2.3     4,-2.1     2,-0.2    -2,-0.2   0.834 110.5  50.5 -64.0 -37.7    0.5    0.3  -29.2               
  332  332 A E  H  X S+     0   0  135     -4,-2.1     4,-2.0     2,-0.2    -2,-0.2   0.946 110.4  49.0 -67.4 -44.9    2.2   -3.1  -29.8               
  333  333 A K  H  X S+     0   0  119     -4,-2.4     4,-2.5     2,-0.2    -2,-0.2   0.866 110.5  51.6 -59.6 -40.1    0.4   -3.5  -33.2               
  334  334 A E  H  X S+     0   0  121     -4,-2.1     4,-2.1     2,-0.2    -2,-0.2   0.945 110.1  48.3 -64.4 -44.4    1.4    0.0  -34.1               
  335  335 A K  H  X S+     0   0  139     -4,-2.1     4,-1.9     2,-0.2    -2,-0.2   0.835 111.6  50.9 -61.9 -36.8    5.1   -0.8  -33.3               
  336  336 A E  H  X S+     0   0  134     -4,-2.0     4,-2.1     2,-0.2    -2,-0.2   0.942 109.7  49.3 -67.5 -44.7    4.9   -4.0  -35.3               
  337  337 A Q  H  X S+     0   0  108     -4,-2.5     4,-2.5     2,-0.2    -2,-0.2   0.859 110.6  50.6 -61.1 -38.5    3.5   -2.2  -38.4               
  338  338 A D  H  X S+     0   0   79     -4,-2.1     4,-1.8     2,-0.2    -1,-0.2   0.919 110.0  49.4 -70.7 -37.2    6.3    0.5  -38.1               
  339  339 A K  H  X S+     0   0  127     -4,-1.9     4,-2.2     2,-0.2    -2,-0.2   0.858 111.5  50.7 -62.8 -37.8    8.9   -2.3  -38.0               
  340  340 A E  H  X S+     0   0  127     -4,-2.1     4,-2.3     2,-0.2    -2,-0.2   0.953 109.3  49.2 -66.5 -45.9    7.2   -3.9  -41.0               
  341  341 A K  H  X S+     0   0  101     -4,-2.5     4,-2.0     2,-0.2    -2,-0.2   0.822 110.5  52.1 -60.0 -36.2    7.3   -0.6  -43.0               
  342  342 A E  H  X S+     0   0  124     -4,-1.8     4,-2.2     2,-0.2    -2,-0.2   0.962 109.9  47.5 -66.0 -47.1   11.0   -0.2  -42.1               
  343  343 A R  H  X S+     0   0  171     -4,-2.2     4,-2.4     1,-0.2    -2,-0.2   0.854 111.5  52.0 -59.6 -37.9   11.8   -3.8  -43.4               
  344  344 A E  H  X S+     0   0  129     -4,-2.3     4,-2.1     2,-0.2    -1,-0.2   0.900 108.6  50.5 -67.6 -39.3    9.8   -2.9  -46.6               
  345  345 A K  H  X S+     0   0  140     -4,-2.0     4,-2.1     2,-0.2    -2,-0.2   0.903 111.6  48.0 -62.3 -42.2   11.8    0.3  -47.1               
  346  346 A D  H  X S+     0   0   77     -4,-2.2     4,-2.4     2,-0.2    -2,-0.2   0.938 110.5  50.6 -69.7 -40.9   15.1   -1.7  -46.7               
  347  347 A R  H  X S+     0   0  175     -4,-2.4     4,-2.1     1,-0.2    -1,-0.2   0.889 110.5  51.5 -57.1 -40.4   13.9   -4.4  -49.2               
  348  348 A S  H  X S+     0   0   59     -4,-2.1     4,-2.1     2,-0.2    -2,-0.2   0.916 109.1  49.1 -65.8 -41.8   13.0   -1.5  -51.6               
  349  349 A K  H  X S+     0   0  126     -4,-2.1     4,-2.4     2,-0.2    -2,-0.2   0.911 110.3  51.6 -62.1 -42.8   16.6    0.0  -51.3               
  350  350 A E  H  X S+     0   0  140     -4,-2.4     4,-2.6     2,-0.2    -2,-0.2   0.914 109.7  49.3 -62.1 -42.9   18.2   -3.4  -51.9               
  351  351 A I  H  X S+     0   0   94     -4,-2.1     4,-2.5     2,-0.2    -1,-0.2   0.912 112.1  48.7 -61.5 -43.4   16.1   -3.9  -55.1               
  352  352 A D  H  X S+     0   0   86     -4,-2.1     4,-1.7     2,-0.2    -2,-0.2   0.873 110.9  50.1 -68.0 -36.2   17.1   -0.3  -56.3               
  353  353 A E  H  X S+     0   0  138     -4,-2.4     4,-2.5     2,-0.2    -2,-0.2   0.938 110.7  49.7 -64.7 -43.8   20.8   -1.1  -55.6               
  354  354 A K  H  X S+     0   0  144     -4,-2.6     4,-2.6     1,-0.2     5,-0.2   0.953 110.3  50.8 -59.1 -46.2   20.6   -4.4  -57.6               
  355  355 A R  H  X S+     0   0  156     -4,-2.5     4,-1.4     1,-0.2    -1,-0.2   0.831 110.8  49.0 -59.6 -37.2   18.9   -2.4  -60.5               
  356  356 A K  H  X S+     0   0  149     -4,-1.7     4,-1.8     2,-0.2    -1,-0.2   0.895 110.9  50.0 -69.2 -39.9   21.8    0.1  -60.4               
  357  357 A K  H  X S+     0   0  162     -4,-2.5     4,-1.9     2,-0.2    -2,-0.2   0.928 110.1  50.1 -63.8 -43.3   24.4   -2.7  -60.4               
  358  358 A D  H  X S+     0   0   86     -4,-2.6     4,-1.0     1,-0.2    -1,-0.2   0.829 110.6  50.2 -65.7 -33.7   22.7   -4.4  -63.4               
  359  359 A K  H  < S+     0   0  161     -4,-1.4     4,-0.4    -5,-0.2    -1,-0.2   0.868 110.1  50.9 -69.4 -35.5   22.7   -1.0  -65.2               
  360  360 A K  H >< S+     0   0  170     -4,-1.8     3,-0.6     1,-0.2    -2,-0.2   0.816 108.6  50.7 -72.7 -32.9   26.5   -0.5  -64.4               
  361  361 A S  H 3< S+     0   0   90     -4,-1.9    -1,-0.2     1,-0.2    -2,-0.2   0.747  99.4  66.5 -76.1 -23.0   27.4   -4.1  -65.8               
  362  362 A R  T 3< S+     0   0  222     -4,-1.0    -1,-0.2    -5,-0.2    -2,-0.2   0.647  84.6  81.5 -72.2 -17.4   25.5   -3.4  -69.1               
  363  363 A T  S <  S-     0   0   95     -3,-0.6     3,-0.1    -4,-0.4    -1,-0.0  -0.848  88.5-126.5 -86.6 117.0   28.0   -0.6  -70.1               
  364  364 A P        -     0   0  113      0, 0.0     2,-0.2     0, 0.0    -2,-0.1  -0.315  30.8 -99.8 -59.2 140.9   31.1   -2.4  -71.6               
  365  365 A P        -     0   0  119      0, 0.0     2,-1.6     0, 0.0    -4,-0.0  -0.459  37.8-114.8 -60.2 128.3   34.5   -1.5  -70.0               
  366  366 A R        -     0   0  251     -2,-0.2     2,-0.3    -3,-0.1    -3,-0.0  -0.551  37.8-150.4 -67.3  86.5   36.1    1.2  -72.2               
  367  367 A S        -     0   0  108     -2,-1.6     2,-0.5     1,-0.1    -1,-0.0  -0.529   8.7-127.5 -68.0 123.5   39.1   -1.0  -73.2               
  368  368 A Y        +     0   0  228     -2,-0.3     2,-0.1     1,-0.0    -1,-0.1  -0.635  51.3 133.0 -66.6 112.6   42.2    1.0  -74.0               
  369  369 A N        +     0   0  159     -2,-0.5    -2,-0.1     1,-0.1    -1,-0.0  -0.387  22.3  90.2-167.5 104.6   43.8    0.1  -77.4               
  370  370 A A        -     0   0   97     -2,-0.1    -1,-0.1     0, 0.0     2,-0.0  -0.057  38.0-176.4-174.0  89.1   45.0    2.3  -80.2               
  371  371 A S        +     0   0   95      1,-0.1    -2,-0.0     2,-0.0     0, 0.0  -0.326  48.3  57.9 -45.5 154.3   48.6    3.3  -80.2               
  372  372 A R        +     0   0  229      1,-0.0    -1,-0.1    -2,-0.0     0, 0.0   0.995  38.9 114.1  76.9  88.6   49.6    5.7  -83.0               
  373  373 A R        +     0   0  252     -3,-0.0     2,-0.4     0, 0.0    -1,-0.0  -0.272  32.3 172.5-154.8  89.1   48.6    9.0  -84.3               
  374  374 A S        +     0   0  109      1,-0.0     0, 0.0     2,-0.0     0, 0.0  -0.678  19.6 128.7 -62.7 126.6   51.4   11.5  -83.8               
  375  375 A R        -     0   0  240     -2,-0.4    -1,-0.0     0, 0.0     0, 0.0   0.099  35.1-152.9 174.9  96.2   51.0   14.9  -85.4               
  376  376 A S        +     0   0  118      0, 0.0    -2,-0.0     0, 0.0     0, 0.0   0.521  25.9  83.2  27.3 141.2   51.4   18.1  -83.8               
  377  377 A S        +     0   0  112      0, 0.0     0, 0.0     0, 0.0     0, 0.0   0.938  40.5   5.5  96.7 113.5   50.4   21.6  -83.8               
  378  378 A S        -     0   0  101      1,-0.1     0, 0.0     0, 0.0     0, 0.0   0.997  43.1-100.3  80.1 102.5   48.2   24.6  -83.2               
  379  379 A R        +     0   0  246      2,-0.0     2,-0.2     0, 0.0    -1,-0.1   0.021  48.4 135.8  11.0  96.1   45.4   26.2  -81.6               
  380  380 A E        +     0   0  142      1,-0.2     0, 0.0     2,-0.0     0, 0.0  -0.816  16.8  89.1-160.1 158.0   42.3   26.9  -83.4               
  381  381 A R        -     0   0  196     -2,-0.2    -1,-0.2     0, 0.0    -2,-0.0   0.736  41.8-141.3 109.2  90.8   38.5   26.7  -83.0               
  382  382 A R        +     0   0  155      2,-0.0    -2,-0.0     0, 0.0     0, 0.0   0.724  21.1  84.4  69.3 134.9   36.0   28.6  -81.9               
  383  383 A R        -     0   0  192      0, 0.0     0, 0.0     0, 0.0     0, 0.0   0.735  25.6-100.3-173.4 135.8   33.3   29.7  -80.6               
  384  384 A R        +     0   0  228      1,-0.1    -2,-0.0     0, 0.0     0, 0.0   0.757  11.2 171.1  50.8 111.5   30.6   31.1  -78.3               
  385  385 A R        -     0   0  244      0, 0.0    -1,-0.1     0, 0.0     0, 0.0  -0.352  46.1-108.9-153.2  91.1   27.7   30.3  -76.2               
  386  386 A S        -     0   0   93      1,-0.2     2,-0.5     0, 0.0     0, 0.0   0.596   0.4-127.7  46.3  98.8   26.6   33.1  -74.1               
  387  387 A R        +     0   0  261      2,-0.0     2,-0.3     1,-0.0    -1,-0.2  -0.630  37.1 177.7 -49.2 115.1   26.4   34.1  -70.5               
  388  388 A S        -     0   0   95     -2,-0.5     2,-1.2     2,-0.0    -1,-0.0  -0.815  14.7-173.3-132.4  94.4   22.7   34.9  -70.2               
  389  389 A S        +     0   0  132     -2,-0.3    -2,-0.0     1,-0.1     0, 0.0  -0.824  32.8 141.9 -68.9  94.5   21.8   35.9  -66.7               
  390  390 A S        +     0   0   90     -2,-1.2     2,-1.4     2,-0.1    -1,-0.1  -0.511  20.5 170.9-143.5  75.7   18.1   36.1  -67.3               
  391  391 A R        -     0   0  248      2,-0.0    -2,-0.1     0, 0.0     0, 0.0  -0.776  25.0-158.3 -69.2  90.8   16.1   34.8  -64.4               
  392  392 A S        -     0   0  104     -2,-1.4     2,-0.9     2,-0.1    -2,-0.1  -0.718   4.7-153.4 -66.2 121.4   12.8   36.0  -65.8               
  393  393 A P        +     0   0  120      0, 0.0    -2,-0.0     0, 0.0     2,-0.0  -0.868  46.4 124.1 -94.6  96.8   10.3   36.3  -62.9               
  394  394 A R        +     0   0  238     -2,-0.9     2,-0.2     1,-0.1    -2,-0.1  -0.350   7.5 113.2-165.4  90.8    6.9   35.7  -64.6               
  395  395 A T        -     0   0  134     -2,-0.0     3,-0.1     0, 0.0    -1,-0.1  -0.693  69.8 -99.3-137.4  99.9    4.2   33.3  -64.0               
  396  396 A S        -     0   0   93      1,-0.2     2,-1.5    -2,-0.2    -2,-0.1   0.393   6.6-131.0  33.5  97.2    1.2   35.0  -62.8               
  397  397 A K        -     0   0  213      2,-0.0     2,-0.8     1,-0.0    -1,-0.2  -0.682  38.6-175.7 -55.4  89.5   -0.3   35.5  -59.4               
  398  398 A T        -     0   0   96     -2,-1.5     2,-1.3    -3,-0.1    -1,-0.0  -0.919  20.4-149.6 -97.6 104.0   -3.7   34.3  -60.6               
  399  399 A I        -     0   0  166     -2,-0.8     2,-0.7     1,-0.0    -2,-0.0  -0.635  25.3-175.9 -54.8  90.1   -6.1   34.7  -57.7               
  400  400 A K        -     0   0  173     -2,-1.3    -2,-0.1     3,-0.0    -1,-0.0  -0.859  21.2-136.8-111.0  93.1   -8.2   31.7  -58.9               
  401  401 A R        -     0   0  235     -2,-0.7     2,-1.2     1,-0.1    -2,-0.0  -0.191  16.4-128.2 -16.7 105.0  -11.2   31.3  -56.7               
  402  402 A K        -     0   0  210      1,-0.0     3,-0.1     3,-0.0    -1,-0.1  -0.793  34.3-134.5 -74.8  99.4  -11.7   27.7  -55.9               
  403  403 A S        -     0   0   97     -2,-1.2     2,-0.0     1,-0.2    -3,-0.0  -0.284  29.4 -79.2 -42.8 135.5  -15.3   27.4  -56.9               
  404  404 A S        +     0   0  122      1,-0.0     2,-0.2    -2,-0.0    -1,-0.2  -0.182  52.8 161.8 -28.1 110.2  -17.8   25.6  -54.8               
  405  405 A R        -     0   0  235     -3,-0.1    -1,-0.0    -2,-0.0    -3,-0.0  -0.739  31.9-142.7-141.2  96.9  -17.7   21.8  -55.1               
  406  406 A S        -     0   0  112     -2,-0.2     2,-0.9     1,-0.1    -2,-0.0  -0.344   7.5-133.2 -46.3 121.7  -19.5   20.4  -52.0               
  407  407 A P        -     0   0  125      0, 0.0    -1,-0.1     0, 0.0     3,-0.0  -0.803  33.2-123.7 -77.3 108.9  -18.0   17.2  -50.5               
  408  408 A S        -     0   0   95     -2,-0.9     2,-1.4     1,-0.1     0, 0.0  -0.196  32.0 -95.1 -44.8 142.5  -21.2   15.1  -50.1               
  409  409 A P        +     0   0  125      0, 0.0     2,-0.3     0, 0.0    -1,-0.1  -0.519  64.6 150.3 -81.0  90.3  -21.7   13.9  -46.4               
  410  410 A R        +     0   0  238     -2,-1.4    -2,-0.0     1,-0.2     0, 0.0  -0.887  48.9   4.1-150.1 124.6  -20.2   10.3  -46.2               
  411  411 A S        -     0   0  100     -2,-0.3     2,-0.5     1,-0.1    -1,-0.2   0.625  44.3-164.5-143.0 123.3  -18.9    8.9  -43.6               
  412  412 A R        -     0   0  231     -3,-0.1     2,-0.1     1,-0.1    -1,-0.1  -0.564  39.3-119.3 -64.5 116.8  -18.6   10.2  -40.0               
  413  413 A N    >>  -     0   0  106     -2,-0.5     3,-1.5     1,-0.1     4,-1.1  -0.360  16.2-123.7 -56.8 132.5  -16.0    7.9  -38.3               
  414  414 A K  H 3> S+     0   0  199      1,-0.3     4,-0.8     2,-0.2    -1,-0.1   0.684 108.1  65.8 -52.2 -22.1  -17.5    6.1  -35.3               
  415  415 A K  H 3> S+     0   0  161      2,-0.2     4,-1.5     1,-0.1    -1,-0.3   0.846  98.0  49.0 -73.3 -36.0  -14.7    7.6  -33.1               
  416  416 A D  H <> S+     0   0  100     -3,-1.5     4,-2.2     2,-0.2     5,-0.2   0.914 107.4  54.1 -78.2 -36.2  -15.9   11.3  -33.5               
  417  417 A K  H  X S+     0   0  157     -4,-1.1     4,-1.8     1,-0.2    -1,-0.2   0.798 108.3  51.8 -65.2 -28.4  -19.6   10.5  -32.6               
  418  418 A K  H  X S+     0   0  140     -4,-0.8     4,-2.0     2,-0.2    -1,-0.2   0.901 109.6  49.0 -71.6 -40.7  -18.3    8.9  -29.4               
  419  419 A R  H  X S+     0   0  151     -4,-1.5     4,-1.7     2,-0.2    -2,-0.2   0.843 112.1  47.6 -68.0 -37.7  -16.2   12.0  -28.5               
  420  420 A E  H  X S+     0   0  123     -4,-2.2     4,-2.4     2,-0.2     5,-0.2   0.966 113.0  48.7 -67.4 -46.3  -19.2   14.4  -29.1               
  421  421 A K  H  X S+     0   0  137     -4,-1.8     4,-2.0     1,-0.2    -2,-0.2   0.819 110.6  51.3 -64.0 -34.1  -21.5   12.1  -27.0               
  422  422 A E  H  X S+     0   0  106     -4,-2.0     4,-1.9     2,-0.2    -1,-0.2   0.886 109.9  49.8 -69.1 -38.0  -18.9   12.0  -24.2               
  423  423 A R  H  X S+     0   0  180     -4,-1.7     4,-2.4     2,-0.2    -2,-0.2   0.934 110.7  49.7 -64.2 -43.3  -18.6   15.9  -24.1               
  424  424 A D  H  X S+     0   0   93     -4,-2.4     4,-2.9     1,-0.2     5,-0.2   0.941 111.6  48.2 -62.5 -45.0  -22.4   16.2  -24.0               
  425  425 A H  H  X S+     0   0  106     -4,-2.0     4,-2.0     1,-0.2    -1,-0.2   0.853 111.6  49.6 -64.6 -36.0  -22.6   13.7  -21.0               
  426  426 A I  H  X S+     0   0  116     -4,-1.9     4,-2.3     2,-0.2    -1,-0.2   0.907 112.6  48.3 -67.7 -40.0  -19.8   15.5  -19.2               
  427  427 A S  H  X S+     0   0   63     -4,-2.4     4,-2.2     2,-0.2    -2,-0.2   0.958 113.1  46.6 -65.6 -45.7  -21.6   18.9  -19.7               
  428  428 A E  H  X S+     0   0   95     -4,-2.9     4,-2.5     2,-0.2    -1,-0.2   0.861 112.7  50.7 -61.9 -40.1  -25.0   17.4  -18.5               
  429  429 A R  H  X S+     0   0  172     -4,-2.0     4,-2.5    -5,-0.2    -1,-0.2   0.930 110.4  49.3 -64.0 -42.6  -23.3   15.9  -15.5               
  430  430 A R  H  X S+     0   0  168     -4,-2.3     4,-2.0     2,-0.2    -2,-0.2   0.851 112.1  48.2 -66.8 -35.4  -21.6   19.2  -14.6               
  431  431 A E  H  X S+     0   0  134     -4,-2.2     4,-2.2     2,-0.2    -2,-0.2   0.900 111.9  49.5 -70.5 -39.5  -25.0   21.0  -15.0               
  432  432 A R  H  X S+     0   0  164     -4,-2.5     4,-2.0     2,-0.2    -2,-0.2   0.923 110.6  50.2 -62.1 -44.4  -26.7   18.4  -12.7               
  433  433 A E  H  X S+     0   0  104     -4,-2.5     4,-1.8     1,-0.2    -2,-0.2   0.939 112.5  47.0 -63.7 -41.7  -24.0   18.7  -10.1               
  434  434 A R  H  X S+     0   0  167     -4,-2.0     4,-1.5     1,-0.2    -1,-0.2   0.875 112.2  50.9 -62.3 -38.4  -24.4   22.6  -10.2               
  435  435 A S  H  X S+     0   0   73     -4,-2.2     4,-0.7     1,-0.2    -1,-0.2   0.820 111.9  46.3 -71.9 -31.2  -28.2   22.2   -9.9               
  436  436 A T  H  X S+     0   0   87     -4,-2.0     4,-0.8     2,-0.2    -2,-0.2   0.808 108.1  55.2 -82.9 -28.5  -28.0   19.8   -6.9               
  437  437 A S  H  X S+     0   0   68     -4,-1.8     4,-1.4     1,-0.2     3,-0.5   0.900 106.6  51.6 -70.6 -35.8  -25.5   22.0   -4.9               
  438  438 A M  H  X S+     0   0  137     -4,-1.5     4,-0.6     1,-0.2    -1,-0.2   0.792 107.9  53.0 -69.6 -28.0  -27.8   25.0   -5.2               
  439  439 A R  H  < S+     0   0  198     -4,-0.7     4,-0.4     2,-0.2    -1,-0.2   0.696 106.9  52.2 -79.6 -21.2  -30.7   22.9   -3.7               
  440  440 A K  H  < S+     0   0  168     -4,-0.8     3,-0.4    -3,-0.5     4,-0.3   0.821 106.4  52.1 -83.3 -31.1  -28.6   21.8   -0.7               
  441  441 A S  H  < S+     0   0   75     -4,-1.4     3,-0.2     1,-0.2    -2,-0.2   0.683 107.0  54.9 -77.0 -16.3  -27.6   25.4    0.3               
  442  442 A S  S  < S+     0   0   65     -4,-0.6     3,-0.4     1,-0.2    -1,-0.2   0.649 102.0  55.1 -89.6 -16.3  -31.3   26.5    0.3               
  443  443 A N  S    S+     0   0  133     -3,-0.4    -1,-0.2    -4,-0.4    -2,-0.1   0.478  96.5  63.8 -98.0  -2.2  -32.7   23.9    2.7               
  444  444 A D  S    S+     0   0  147     -4,-0.3    -1,-0.2    -3,-0.2     3,-0.1   0.288  90.5  66.9-102.7   7.9  -30.3   24.6    5.7               
  445  445 A R  S    S+     0   0  220     -3,-0.4     3,-0.4     1,-0.1    -1,-0.1   0.663  92.0  57.0-102.2 -11.6  -31.5   28.2    6.4               
  446  446 A D  S    S+     0   0  159      1,-0.2     3,-0.2    -4,-0.2    -1,-0.1   0.212  91.9  71.3-103.7  13.0  -35.2   27.5    7.6               
  447  447 A G  S    S+     0   0   74     -3,-0.1     3,-0.2     1,-0.1    -1,-0.2   0.375  79.5  72.1-106.6   1.9  -34.3   25.1   10.6               
  448  448 A K  S    S+     0   0  206     -3,-0.4     3,-0.2     1,-0.2    -1,-0.1   0.185  72.8  78.1-115.4  18.3  -32.7   27.5   13.2               
  449  449 A E  S    S+     0   0  189     -3,-0.2    -1,-0.2     1,-0.2     3,-0.1  -0.075  75.5  71.3-123.3  30.1  -35.5   29.7   14.7               
  450  450 A K  S    S+     0   0  202     -3,-0.2    -1,-0.2     1,-0.1     3,-0.1  -0.210  70.3  79.4-143.4  53.7  -37.4   27.5   17.3               
  451  451 A L  S    S+     0   0  175     -3,-0.2     2,-0.2     1,-0.2    -1,-0.1  -0.019  72.2  75.7-149.7  40.6  -35.3   26.8   20.4               
  452  452 A E        +     0   0  182      1,-0.1    -1,-0.2    -3,-0.1     3,-0.0  -0.765  67.2  77.6-146.4  99.3  -35.5   30.0   22.6               
  453  453 A K        +     0   0  202     -2,-0.2    -1,-0.1    -3,-0.1     3,-0.1   0.117  57.0  92.1 166.4  77.3  -38.9   30.3   24.6               
  454  454 A N        +     0   0  173      1,-0.1     2,-0.1    -3,-0.1     0, 0.0  -0.070  67.6  72.9-165.2  56.9  -39.3   28.2   27.7               
  455  455 A S        +     0   0  105      1,-0.1    -1,-0.1    -3,-0.0     0, 0.0  -0.401  69.6  68.0-166.7  91.0  -38.0   30.2   30.7               
  456  456 A T        +     0   0  148     -3,-0.1    -1,-0.1    -2,-0.1     3,-0.1   0.157  48.4  97.4 165.2  98.1  -40.0   33.1   32.2               
  457  457 A S        +     0   0  120      1,-0.1    -1,-0.1     2,-0.0     0, 0.0  -0.053  34.8 109.5-173.8  90.0  -43.4   33.4   34.0               
  458  458 A L        -     0   0  177      0, 0.0    -1,-0.1     0, 0.0     0, 0.0  -0.429  63.5-126.3-149.5  77.2  -43.8   33.6   37.8               
  459  459 A K        -     0   0  174      1,-0.1    -2,-0.0    -3,-0.1    -3,-0.0   0.355  23.9 -62.3  30.4 107.0  -45.0   37.0   38.6               
  460  460 A E        +     0   0  165      0, 0.0    -1,-0.1     0, 0.0     2,-0.1   0.670  29.3 154.4  47.0 113.0  -44.3   39.9   40.7               
  461  461 A K        -     0   0  211      0, 0.0     2,-0.2     0, 0.0     0, 0.0  -0.276  28.9-174.5-161.4 113.6  -43.9   41.6   43.9               
  462  462 A E        +     0   0  166     -2,-0.1     2,-0.1     2,-0.0     0, 0.0  -0.474  19.1 152.5 -67.6 146.0  -41.7   44.8   44.0               
  463  463 A H        -     0   0  186     -2,-0.2     2,-0.0     2,-0.0     0, 0.0  -0.298  29.6-141.4-164.3 130.0  -40.5   47.0   46.6               
  464  464 A N        +     0   0  143     -2,-0.1     2,-0.2     0, 0.0    -2,-0.0  -0.212  28.2 157.1 -54.7 142.0  -37.2   49.0   46.5               
  465  465 A K        -     0   0  214     -2,-0.0    -2,-0.0     0, 0.0     0, 0.0  -0.602  34.8-124.4-160.3 138.6  -34.5   50.0   48.6               
  466  466 A E        -     0   0  187     -2,-0.2     2,-0.2     1,-0.1     0, 0.0   0.193  21.0-114.3 -60.6 166.4  -31.0   51.0   47.4               
  467  467 A P        +     0   0  106      0, 0.0    -1,-0.1     0, 0.0     2,-0.1  -0.555  29.1 157.6 -95.9 156.7  -27.4   49.8   48.1               
  468  468 A D        +     0   0  157     -2,-0.2    -2,-0.0     1,-0.1     0, 0.0  -0.412  23.4  18.4-178.7 150.8  -24.1   50.8   49.6               
  469  469 A S        -     0   0  103     -2,-0.1    -1,-0.1     0, 0.0     0, 0.0   0.956  43.5 -88.8  87.2 109.1  -20.8   50.1   51.2               
  470  470 A S        +     0   0  105      0, 0.0     2,-0.1     0, 0.0    -2,-0.0   0.766  22.5 161.2  45.1 125.6  -17.9   47.8   52.0               
  471  471 A V        -     0   0  139      0, 0.0     0, 0.0     0, 0.0     0, 0.0  -0.169  28.9-142.9-171.7 136.6  -16.1   45.5   53.8               
  472  472 A S        +     0   0  103     -2,-0.1     2,-0.0     2,-0.0     0, 0.0   0.017  25.4 160.5 -46.4 149.8  -13.2   43.2   52.6               
  473  473 A K        -     0   0  205      2,-0.0     2,-0.2     0, 0.0     0, 0.0  -0.169  10.9-179.0-170.4 108.2  -11.7   39.9   53.0               
  474  474 A E        -     0   0  182      2,-0.0     2,-0.2    -2,-0.0    -2,-0.0  -0.517   7.2-166.1 -66.3 146.8   -9.3   38.3   50.5               
  475  475 A V        +     0   0  142     -2,-0.2     2,-0.4     2,-0.0    -2,-0.0  -0.754  16.9 164.0-139.3  93.2   -7.9   34.8   51.0               
  476  476 A D        +     0   0  138     -2,-0.2     2,-0.2     2,-0.0    -2,-0.0  -0.885   8.4 157.6 -79.0 134.9   -5.0   34.0   48.8               
  477  477 A D        -     0   0  155     -2,-0.4     2,-0.1     0, 0.0    -2,-0.0  -0.784  16.3-165.8-160.1 144.5   -2.9   31.1   49.8               
  478  478 A K        +     0   0  169     -2,-0.2    -2,-0.0     2,-0.0     0, 0.0  -0.357  15.7 142.8 -92.8 162.9   -0.6   28.9   47.8               
  479  479 A D        +     0   0  150     -2,-0.1     0, 0.0     1,-0.0     0, 0.0   0.403   9.5 145.0 157.0 136.7    1.3   25.9   47.3               
  480  480 A A        -     0   0   93      2,-0.0     2,-0.4     0, 0.0    -2,-0.0  -0.963  25.3-155.6-116.8 149.3    2.7   23.1   45.2               
  481  481 A P        -     0   0  118      0, 0.0     2,-0.3     0, 0.0     0, 0.0  -0.983   5.1-157.6-124.2 130.6    6.1   21.4   45.6               
  482  482 A R        -     0   0  249     -2,-0.4     2,-0.5     0, 0.0    -2,-0.0  -0.740  20.3-144.6 -68.8 140.4    8.0   19.6   42.9               
  483  483 A T        -     0   0  138     -2,-0.3     2,-0.1     0, 0.0     0, 0.0  -0.971  15.5-161.4-119.1 113.2   10.5   17.2   44.6               
  484  484 A E        -     0   0  174     -2,-0.5     0, 0.0     1,-0.2     0, 0.0  -0.370  30.8 -61.2 -73.2 160.5   13.8   16.8   42.8               
  485  485 A E        +     0   0  171     -2,-0.1    -1,-0.2     1,-0.0     2,-0.2   0.126  38.1 175.2 -23.6 135.4   16.4   14.1   43.1               
  486  486 A N        -     0   0  169      2,-0.0     2,-0.3     0, 0.0    -1,-0.0  -0.665  17.4-150.3-153.8 119.9   18.6   12.9   45.9               
  487  487 A K        +     0   0  196     -2,-0.2     2,-0.3     2,-0.0    -2,-0.0  -0.581  19.6 168.4 -59.8 129.3   20.9    9.9   45.6               
  488  488 A I        -     0   0  171     -2,-0.3     2,-0.2     2,-0.0    -2,-0.0  -0.929  22.0-146.4-141.7 130.7   21.8    7.7   48.7               
  489  489 A Q        +     0   0  156     -2,-0.3    -2,-0.0     1,-0.0     0, 0.0  -0.576  29.5 134.4 -78.2 141.2   23.6    4.4   48.2               
  490  490 A H        -     0   0  158     -2,-0.2    -1,-0.0     2,-0.0    -2,-0.0   0.271  37.2-109.8 169.6 115.9   23.6    1.0   49.7               
  491  491 A N        +     0   0  156      1,-0.0    -2,-0.0     0, 0.0     0, 0.0   0.704  31.4 153.6  44.5 119.5   23.6   -2.6   48.9               
  492  492 A G        -     0   0   80      0, 0.0    -1,-0.0     0, 0.0    -2,-0.0  -0.112  29.8-155.0 178.2  72.9   21.3   -5.6   49.2               
  493  493 A N        +     0   0  138      2,-0.0     2,-0.0     1,-0.0     0, 0.0  -0.076  27.7 151.2 -38.2 135.9   21.8   -8.5   46.6               
  494  494 A C        +     0   0  130      2,-0.0     2,-0.3     0, 0.0    -1,-0.0  -0.360  10.8 169.4-165.0  99.9   19.5  -11.1   45.3               
  495  495 A Q        -     0   0  152     -2,-0.0     2,-0.4     2,-0.0    -2,-0.0  -0.779  13.1-165.9 -82.3 142.8   20.0  -12.5   41.7               
  496  496 A L        -     0   0  180     -2,-0.3     2,-0.1     0, 0.0    -2,-0.0  -0.967  23.0-137.8-132.9 126.6   18.0  -15.6   40.6               
  497  497 A N        -     0   0  123     -2,-0.4     2,-0.5     1,-0.1    -2,-0.0  -0.318  10.3-123.6 -82.3 150.7   19.4  -17.2   37.4               
  498  498 A E        +     0   0  193     -2,-0.1     2,-0.3     2,-0.0    -1,-0.1  -0.826  37.2 177.1 -75.9 125.4   18.2  -18.7   34.2               
  499  499 A E        -     0   0  177     -2,-0.5    -2,-0.0     2,-0.0     0, 0.0  -0.938  23.6-118.1-138.3 126.4   19.6  -22.2   33.8               
  500  500 A N        -     0   0  152     -2,-0.3     2,-0.3     1,-0.0    -2,-0.0   0.033  16.1-168.3 -21.1 136.4   18.9  -24.7   31.0               
  501  501 A L        +     0   0  183      0, 0.0     2,-0.3     0, 0.0    -1,-0.0  -0.797  21.1 178.1-137.8 102.8   17.3  -28.1   31.1               
  502  502 A S        -     0   0   90     -2,-0.3     0, 0.0     1,-0.1     0, 0.0  -0.683  30.2  -1.1 -85.0 147.9   17.9  -29.9   27.8               
  503  503 A T        +     0   0  124     -2,-0.3    -1,-0.1     1,-0.1     2,-0.1   0.950  31.2 152.1  59.0 117.0   16.9  -33.4   26.7               
  504  504 A K        -     0   0  207      0, 0.0     2,-0.1     0, 0.0    -1,-0.1  -0.480  21.6-172.9-158.9 121.7   15.3  -36.6   27.4               
  505  505 A T        +     0   0  130     -2,-0.1     0, 0.0     2,-0.0     0, 0.0  -0.425  20.2 120.3 -58.0 149.2   13.7  -38.8   24.8               
  506  506 A E        -     0   0  184     -2,-0.1     0, 0.0     2,-0.1     0, 0.0   0.481  36.5 -46.1 145.1 125.9   11.7  -41.9   25.0               
  507  507 A A              0   0   89      1,-0.0    -2,-0.0     0, 0.0     0, 0.0   0.886 360.0 360.0  51.9 112.7    8.5  -44.0   24.4               
  508  508 A V              0   0  223      0, 0.0    -2,-0.1     0, 0.0    -1,-0.0  -0.586 360.0 360.0-141.8 360.0    5.0  -44.6   24.4               
