==== Secondary Structure Definition by the program DSSP, CMBI version 2.0                          ==== DATE=2026-03-08        .
REFERENCE W. KABSCH AND C.SANDER, BIOPOLYMERS 22 (1983) 2577-2637                                                              .
HEADER                                            01-AUG-25                                                                    .
COMPND    MOL_ID: 1; MOLECULE: U7 SNRNA-ASSOCIATED SM-LIKE PROTEIN LSM10; CHAIN:                                               .
SOURCE    MOL_ID: 1; ORGANISM_SCIENTIFIC: HOMO SAPIENS; ORGANISM_TAXID: 9606                                                   .
AUTHOR                                                                                                                         .
  123  1  0  0  0 TOTAL NUMBER OF RESIDUES, NUMBER OF CHAINS, NUMBER OF SS-BRIDGES(TOTAL,INTRACHAIN,INTERCHAIN)                .
  9621.8   ACCESSIBLE SURFACE OF PROTEIN (ANGSTROM**2)                                                                         .
   92 74.8   TOTAL NUMBER OF HYDROGEN BONDS OF TYPE O(I)-->H-N(J)  , SAME NUMBER PER 100 RESIDUES                              .
    0  0.0   TOTAL NUMBER OF HYDROGEN BONDS IN     PARALLEL BRIDGES, SAME NUMBER PER 100 RESIDUES                              .
   30 24.4   TOTAL NUMBER OF HYDROGEN BONDS IN ANTIPARALLEL BRIDGES, SAME NUMBER PER 100 RESIDUES                              .
    0  0.0   TOTAL NUMBER OF HYDROGEN BONDS OF TYPE O(I)-->H-N(I-5), SAME NUMBER PER 100 RESIDUES                              .
    3  2.4   TOTAL NUMBER OF HYDROGEN BONDS OF TYPE O(I)-->H-N(I-4), SAME NUMBER PER 100 RESIDUES                              .
    0  0.0   TOTAL NUMBER OF HYDROGEN BONDS OF TYPE O(I)-->H-N(I-3), SAME NUMBER PER 100 RESIDUES                              .
    0  0.0   TOTAL NUMBER OF HYDROGEN BONDS OF TYPE O(I)-->H-N(I-2), SAME NUMBER PER 100 RESIDUES                              .
    0  0.0   TOTAL NUMBER OF HYDROGEN BONDS OF TYPE O(I)-->H-N(I-1), SAME NUMBER PER 100 RESIDUES                              .
    0  0.0   TOTAL NUMBER OF HYDROGEN BONDS OF TYPE O(I)-->H-N(I+0), SAME NUMBER PER 100 RESIDUES                              .
    0  0.0   TOTAL NUMBER OF HYDROGEN BONDS OF TYPE O(I)-->H-N(I+1), SAME NUMBER PER 100 RESIDUES                              .
   20 16.3   TOTAL NUMBER OF HYDROGEN BONDS OF TYPE O(I)-->H-N(I+2), SAME NUMBER PER 100 RESIDUES                              .
   14 11.4   TOTAL NUMBER OF HYDROGEN BONDS OF TYPE O(I)-->H-N(I+3), SAME NUMBER PER 100 RESIDUES                              .
   25 20.3   TOTAL NUMBER OF HYDROGEN BONDS OF TYPE O(I)-->H-N(I+4), SAME NUMBER PER 100 RESIDUES                              .
    0  0.0   TOTAL NUMBER OF HYDROGEN BONDS OF TYPE O(I)-->H-N(I+5), SAME NUMBER PER 100 RESIDUES                              .
  1  2  3  4  5  6  7  8  9 10 11 12 13 14 15 16 17 18 19 20 21 22 23 24 25 26 27 28 29 30     *** HISTOGRAMS OF ***           .
  0  0  0  0  1  0  0  1  0  0  0  0  0  0  0  0  1  0  0  0  0  0  0  0  0  0  0  0  0  0    RESIDUES PER ALPHA HELIX         .
  0  0  0  0  0  0  0  0  0  0  0  0  0  0  0  0  0  0  0  0  0  0  0  0  0  0  0  0  0  0    PARALLEL BRIDGES PER LADDER      .
  0  0  1  0  1  0  1  1  0  0  0  0  0  0  0  0  0  0  0  0  0  0  0  0  0  0  0  0  0  0    ANTIPARALLEL BRIDGES PER LADDER  .
  0  0  0  1  0  0  0  0  0  0  0  0  0  0  0  0  0  0  0  0  0  0  0  0  0  0  0  0  0  0    LADDERS PER SHEET                .
  #  RESIDUE AA STRUCTURE BP1 BP2  ACC     N-H-->O    O-->H-N    N-H-->O    O-->H-N    TCO  KAPPA ALPHA  PHI   PSI    X-CA   Y-CA   Z-CA            CHAIN
    1    1 A M              0   0  236      0, 0.0     2,-0.8     0, 0.0     0, 0.0   0.000 360.0 360.0 360.0 125.5   -7.0   12.7    9.8               
    2    2 A A        -     0   0  103      1,-0.0     2,-0.7     2,-0.0     0, 0.0  -0.714 360.0-135.4 -68.7 107.5   -9.0    9.9   11.3               
    3    3 A V        -     0   0   80     -2,-0.8     2,-1.9     1,-0.1    -1,-0.0  -0.627  14.2-138.4 -64.3 108.9  -10.5    8.4    8.1               
    4    4 A S        -     0   0  105     -2,-0.7     2,-0.1     0, 0.0    -1,-0.1  -0.598  22.0-156.2 -72.1  83.8  -14.1    7.9    9.3               
    5    5 A H        -     0   0   39     -2,-1.9    42,-0.0     1,-0.1    -3,-0.0  -0.435  19.5-113.1 -56.2 133.4  -14.6    4.5    7.7               
    6    6 A S     >  -     0   0   50     -2,-0.1     4,-2.6     1,-0.1     5,-0.2  -0.219  30.9-103.9 -57.0 158.5  -18.3    3.8    7.0               
    7    7 A V  H  > S+     0   0  110      1,-0.2     4,-2.3     2,-0.2     5,-0.2   0.935 126.1  51.9 -54.1 -41.8  -19.8    0.9    9.1               
    8    8 A K  H  > S+     0   0  143      2,-0.2     4,-2.2     1,-0.2    -1,-0.2   0.911 108.7  48.6 -59.9 -48.7  -19.6   -1.2    5.9               
    9    9 A E  H  > S+     0   0   47      2,-0.2     4,-3.0     1,-0.2    -2,-0.2   0.921 111.4  50.2 -60.9 -42.9  -15.9   -0.4    5.3               
   10   10 A R  H  X S+     0   0   61     -4,-2.6     4,-2.8     1,-0.2    -2,-0.2   0.905 111.0  49.3 -61.0 -42.9  -15.0   -1.2    9.0               
   11   11 A T  H  X S+     0   0   56     -4,-2.3     4,-1.6    -5,-0.2    -1,-0.2   0.872 113.2  46.5 -64.0 -39.2  -16.8   -4.6    8.6               
   12   12 A I  H  < S+     0   0   53     -4,-2.2     4,-0.4     2,-0.2     6,-0.3   0.940 113.4  49.9 -66.5 -46.3  -14.9   -5.3    5.4               
   13   13 A S  H >< S+     0   0    1     -4,-3.0     3,-1.2     1,-0.2     6,-0.8   0.945 113.0  45.6 -55.6 -51.5  -11.6   -4.2    7.0               
   14   14 A E  H 3< S+     0   0   40     -4,-2.8    -1,-0.2     1,-0.2    -2,-0.2   0.820 115.9  44.8 -64.3 -35.4  -12.1   -6.5   10.1               
   15   15 A N  T 3< S+     0   0  125     -4,-1.6     2,-0.3    -5,-0.2    -1,-0.2   0.275 112.6  55.2 -95.7   7.5  -13.2   -9.6    8.1               
   16   16 A S  S X  S-     0   0   46     -3,-1.2     3,-1.4    -4,-0.4     4,-0.2  -0.944  88.1-108.3-137.3 162.8  -10.5   -9.4    5.4               
   17   17 A L  T >> S+     0   0  132     -2,-0.3     3,-1.0     1,-0.3     4,-1.0   0.505  98.6  92.5 -69.8  -0.4   -6.7   -9.3    5.1               
   18   18 A I  H 3> S+     0   0    7     -6,-0.3     4,-2.4     1,-0.2    -1,-0.3   0.840  73.2  69.9 -60.7 -28.6   -7.0   -5.6    4.0               
   19   19 A I  H <> S+     0   0    5     -3,-1.4     4,-1.5    -6,-0.8    -1,-0.2   0.842  95.1  53.3 -56.8 -34.7   -6.5   -4.8    7.8               
   20   20 A L  H <4 S+     0   0   13     -3,-1.0     4,-0.5     2,-0.2    -1,-0.2   0.940 108.7  48.3 -64.8 -46.2   -2.9   -5.9    7.4               
   21   21 A L  H >< S+     0   0   18     -4,-1.0     3,-1.1     1,-0.2    -2,-0.2   0.864 107.0  55.7 -65.2 -36.3   -2.3   -3.5    4.5               
   22   22 A Q  H >< S+     0   0   18     -4,-2.4     3,-1.2     1,-0.2    -1,-0.2   0.880 104.3  55.4 -60.7 -35.4   -3.9   -0.7    6.5               
   23   23 A G  T 3< S+     0   0   19     -4,-1.5    -1,-0.2     1,-0.2    -2,-0.2   0.619  94.0  69.2 -71.8 -12.3   -1.3   -1.5    9.1               
   24   24 A L  T X  S+     0   0    0     -3,-1.1     3,-2.2    -4,-0.5    19,-0.4   0.364  70.1 135.4 -84.3   3.5    1.5   -1.0    6.5               
   25   25 A Q  T <  S+     0   0  118     -3,-1.2    19,-0.2     1,-0.3     3,-0.1  -0.282  72.0  18.5 -55.5 133.5    0.7    2.8    6.4               
   26   26 A G  T 3  S+     0   0   45     17,-3.3    -1,-0.3     1,-0.3     2,-0.2   0.236 102.5 116.1  83.5  -9.0    4.0    4.8    6.4               
   27   27 A R    <   -     0   0   99     -3,-2.2    16,-2.9    16,-0.1     2,-0.5  -0.574  67.8-122.0 -86.8 150.2    6.0    1.8    5.3               
   28   28 A V  E     +A   42   0A  82     14,-0.3     2,-0.3    -2,-0.2    14,-0.3  -0.817  47.7 152.6 -86.5 127.3    7.9    1.5    2.0               
   29   29 A T  E     -A   41   0A   6     12,-2.8    12,-2.6    -2,-0.5     2,-0.4  -0.931  43.1-108.2-146.6 172.9    6.8   -1.5   -0.1               
   30   30 A T  E     -A   40   0A  31     -2,-0.3    53,-2.9    10,-0.2     2,-0.5  -0.897  23.4-162.4-105.0 132.5    6.4   -2.9   -3.6               
   31   31 A V  E     -AB  39  82A   0      8,-2.6     8,-2.9    -2,-0.4     2,-0.5  -0.973   8.3-151.4-117.0 115.4    3.0   -3.2   -5.3               
   32   32 A D  E     -AB  38  81A  26     49,-2.2    48,-3.0    -2,-0.5    49,-1.6  -0.753  16.1-149.4 -85.5 128.0    2.8   -5.6   -8.3               
   33   33 A L  E >   - B   0  79A  13      4,-3.1     3,-1.2    -2,-0.5    46,-0.2  -0.511  22.9-114.8 -96.9 160.3    0.0   -4.5  -10.7               
   34   34 A R  T 3  S+     0   0  163     44,-2.4    45,-0.1     1,-0.3    -1,-0.1   0.729 113.3  62.6 -66.2 -23.7   -2.1   -6.7  -13.0               
   35   35 A D  T 3  S-     0   0   86     43,-0.2    -1,-0.3     2,-0.1    27,-0.2   0.071 123.0-102.3 -87.9  18.5   -0.5   -5.1  -16.2               
   36   36 A E  S <  S+     0   0  136     -3,-1.2     2,-0.2     1,-0.3    -2,-0.1   0.466  83.0 131.5  67.1   8.8    3.0   -6.5  -15.1               
   37   37 A S        -     0   0    0     25,-0.1    -4,-3.1    26,-0.0     2,-0.4  -0.485  46.3-145.3 -82.7 159.5    4.0   -3.0  -13.8               
   38   38 A V  E     -AC  32  60A  42     22,-2.7    22,-3.1    -6,-0.2     2,-0.6  -0.993   7.2-161.6-131.3 128.4    5.6   -2.5  -10.4               
   39   39 A A  E     -AC  31  59A   0     -8,-2.9    -8,-2.6    -2,-0.4     2,-0.6  -0.934   7.7-173.6-113.0 110.9    5.1    0.4   -8.0               
   40   40 A H  E     +AC  30  58A  84     18,-2.6    18,-3.0    -2,-0.6     2,-0.3  -0.915  36.7  99.5-102.9 118.7    7.8    0.8   -5.3               
   41   41 A G  E    S-A   29   0A   1    -12,-2.6   -12,-2.8    -2,-0.6     2,-0.4  -0.981  71.1 -58.0-175.8-178.8    7.0    3.5   -2.7               
   42   42 A R  E     -AC  28  55A  85     13,-2.7    13,-2.8    -2,-0.3     2,-0.6  -0.721  47.6-124.4 -82.5 129.5    5.7    4.6    0.7               
   43   43 A I  E     + C   0  54A   1    -16,-2.9   -17,-3.3    -2,-0.4    11,-0.2  -0.611  31.9 173.5 -70.8 115.9    2.1    3.7    1.6               
   44   44 A D  E     -     0   0A  50      9,-2.6     2,-0.3    -2,-0.6    10,-0.2   0.812  67.4  -8.0 -89.7 -36.8    0.3    6.9    2.4               
   45   45 A N  E     - C   0  53A  53      8,-1.6     8,-2.8   -20,-0.1     2,-0.4  -0.974  51.5-164.1-158.1 150.6   -3.2    5.3    2.7               
   46   46 A V  E     - C   0  52A   3     -2,-0.3     6,-0.2     6,-0.2     2,-0.1  -0.998  16.7-154.5-133.3 128.9   -5.1    2.0    2.1               
   47   47 A D    >   -     0   0   36      4,-2.1     3,-1.7    -2,-0.4   -26,-0.1  -0.457  35.7 -98.6 -94.1 172.7   -9.0    1.8    1.9               
   48   48 A A  T 3  S+     0   0    6      1,-0.3   -30,-0.1    -2,-0.1   -29,-0.1   0.599 123.1  56.4 -66.4 -11.4  -11.3   -1.2    2.6               
   49   49 A F  T 3  S-     0   0  107      2,-0.1    -1,-0.3   -31,-0.1    27,-0.2   0.138 121.2-104.8-104.4  16.5  -11.5   -1.8   -1.2               
   50   50 A M    <   +     0   0   71     -3,-1.7     2,-0.5     1,-0.3    -2,-0.1   0.645  66.8 153.9  64.0  20.2   -7.7   -2.2   -1.6               
   51   51 A N        -     0   0   38     24,-0.2    -4,-2.1    25,-0.1     2,-0.5  -0.695  29.0-158.5 -72.8 127.7   -7.3    1.3   -3.2               
   52   52 A I  E     -CD  46  74A   0     22,-2.4    22,-3.0    -2,-0.5     2,-0.5  -0.936  15.3-159.6-116.5 128.2   -3.7    2.2   -2.3               
   53   53 A R  E     -CD  45  73A 126     -8,-2.8    -9,-2.6    -2,-0.5    -8,-1.6  -0.954  18.8-170.5-102.5 124.0   -2.2    5.7   -2.3               
   54   54 A L  E     -CD  43  72A   0     18,-3.0    18,-2.6    -2,-0.5     2,-0.3  -0.897   7.9-156.8-114.6 144.8    1.6    5.7   -2.6               
   55   55 A A  E    S+CD  42  71A   7    -13,-2.8   -13,-2.7    -2,-0.3    16,-0.3  -0.907  72.4  16.0-119.5 152.6    4.2    8.5   -2.1               
   56   56 A K  E    S-     0   0A 156     14,-2.2     2,-0.4    -2,-0.3    14,-0.2   0.962  88.8-174.8  51.2  58.3    7.8    8.9   -3.5               
   57   57 A V  E     - D   0  69A   1     12,-2.5    12,-2.8    -3,-0.2     2,-0.7  -0.688  33.6-156.7 -93.8 134.0    7.1    6.1   -6.0               
   58   58 A T  E     -CD  40  68A  38    -18,-3.0   -18,-2.6    -2,-0.4     2,-0.5  -0.951  23.9-162.8 -97.7 105.9    9.5    4.4   -8.5               
   59   59 A Y  E     -CD  39  67A  53      8,-2.9     8,-2.7    -2,-0.7     2,-0.5  -0.863   5.1-165.9 -93.6 124.5    7.0    3.1  -11.1               
   60   60 A T  E     -CD  38  66A  37    -22,-3.1   -22,-2.7    -2,-0.5     6,-0.2  -0.967  10.6-146.7-112.0 118.9    8.4    0.4  -13.4               
   61   61 A D    >   -     0   0   33      4,-2.5     3,-1.9    -2,-0.5   -25,-0.1  -0.217  35.4 -93.4 -73.3 173.2    6.4   -0.4  -16.5               
   62   62 A R  T 3  S+     0   0  155      1,-0.3    -1,-0.1   -27,-0.2   -25,-0.1   0.633 127.7  54.7 -61.2 -18.0    6.1   -3.9  -18.2               
   63   63 A W  T 3  S-     0   0  176      2,-0.1    -1,-0.3     0, 0.0   -26,-0.0   0.421 121.7-106.5 -95.0  -1.6    9.1   -2.9  -20.5               
   64   64 A G    <   +     0   0   44     -3,-1.9     2,-0.3     1,-0.3    -2,-0.1   0.462  69.6 146.8  86.4   5.9   11.3   -2.0  -17.5               
   65   65 A H        -     0   0  121      1,-0.0    -4,-2.5    -5,-0.0     2,-0.4  -0.586  37.0-146.0 -73.1 134.8   11.1    1.8  -18.0               
   66   66 A Q  E     -D   60   0A 136     -2,-0.3     2,-0.4    -6,-0.2    -6,-0.2  -0.863  17.9-178.4-108.1 134.5   11.3    3.6  -14.6               
   67   67 A V  E     -D   59   0A  77     -8,-2.7    -8,-2.9    -2,-0.4     2,-0.5  -0.991  21.8-136.0-127.7 134.9    9.5    6.9  -13.8               
   68   68 A K  E     -D   58   0A 185     -2,-0.4     2,-0.4   -10,-0.2   -10,-0.2  -0.820  26.0-176.5 -88.4 127.9    9.7    8.8  -10.4               
   69   69 A L  E     -D   57   0A  57    -12,-2.8   -12,-2.5    -2,-0.5     3,-0.1  -0.976  27.8-151.2-125.2 136.8    6.3   10.0   -9.2               
   70   70 A D  E    S+     0   0A 149     -2,-0.4   -14,-2.2     1,-0.3     2,-0.3   0.880  90.3  15.3 -71.3 -35.1    5.6   12.1   -6.0               
   71   71 A D  E     -D   55   0A  69    -16,-0.3     2,-0.4   -15,-0.1    -1,-0.3  -0.996  65.4-176.5-141.6 137.3    2.1   10.5   -5.7               
   72   72 A L  E     -D   54   0A  32    -18,-2.6   -18,-3.0    -2,-0.3     2,-0.5  -0.978   9.8-158.6-136.4 128.1    0.5    7.4   -7.2               
   73   73 A F  E     -D   53   0A 129     -2,-0.4     2,-0.5   -20,-0.2   -20,-0.2  -0.913  10.9-170.3-105.1 123.2   -3.1    6.2   -6.8               
   74   74 A V  E     -D   52   0A   6    -22,-3.0   -22,-2.4    -2,-0.5     2,-0.2  -0.949  18.6-134.1-113.8 123.9   -3.7    2.5   -7.5               
   75   75 A T    >>  -     0   0   52     -2,-0.5     3,-2.1   -24,-0.2     4,-0.7  -0.562  21.9-122.8 -70.9 140.8   -7.2    1.1   -7.7               
   76   76 A G  G >4 S+     0   0   12      1,-0.3     3,-0.7    -2,-0.2    -1,-0.1   0.799 110.9  65.3 -58.4 -26.0   -7.6   -2.2   -5.7               
   77   77 A R  G 34 S+     0   0  216      1,-0.2    -1,-0.3   -28,-0.1   -26,-0.1   0.805 102.4  47.9 -62.3 -30.9   -8.9   -3.9   -9.0               
   78   78 A N  G <4 S+     0   0   80     -3,-2.1   -44,-2.4   -45,-0.1   -43,-0.2   0.563  88.4 104.4 -90.6 -11.0   -5.4   -3.3  -10.5               
   79   79 A V  E <<  +B   33   0A   7     -4,-0.7   -46,-0.2    -3,-0.7     3,-0.1  -0.516  33.9 165.5 -72.7 134.2   -3.4   -4.7   -7.5               
   80   80 A R  E     +     0   0A  96    -48,-3.0     2,-0.3     1,-0.4   -47,-0.2   0.728  68.1   0.8-111.6 -51.4   -2.0   -8.2   -7.9               
   81   81 A Y  E     -B   32   0A 143    -49,-1.6   -49,-2.2     2,-0.0     2,-0.4  -0.984  52.2-158.7-137.5 148.9    0.5   -8.5   -5.0               
   82   82 A V  E     -B   31   0A  28     -2,-0.3   -51,-0.2   -51,-0.2     2,-0.2  -0.998  26.6-132.9-120.9 123.0    1.6   -6.2   -2.1               
   83   83 A H        -     0   0   89    -53,-2.9    -2,-0.0    -2,-0.4   -53,-0.0  -0.465  13.3-134.3 -73.0 142.5    5.0   -7.1   -0.6               
   84   84 A I        -     0   0   71     -2,-0.2     2,-0.1   -55,-0.1   -55,-0.1  -0.910  24.6-118.7 -97.2 123.3    5.2   -7.3    3.2               
   85   85 A P    >   -     0   0   20      0, 0.0     3,-2.1     0, 0.0   -56,-0.1  -0.392  20.7-122.8 -59.9 141.0    8.3   -5.5    4.6               
   86   86 A D  T 3  S+     0   0  176      1,-0.3    -2,-0.0    -2,-0.1     0, 0.0   0.727 109.5  58.4 -60.5 -26.0   10.6   -8.0    6.5               
   87   87 A D  T 3  S+     0   0  101      2,-0.1     2,-0.7     1,-0.0    -1,-0.3   0.446  84.2 102.9 -84.8  -1.0   10.4   -5.9    9.7               
   88   88 A V    <   -     0   0   17     -3,-2.1     2,-1.1     4,-0.0     3,-0.1  -0.751  62.0-151.2 -89.8 115.6    6.6   -6.3    9.9               
   89   89 A N     >  -     0   0   96     -2,-0.7     4,-2.3     1,-0.2     5,-0.2  -0.731  12.3-157.5 -81.1 102.4    5.2   -8.8   12.4               
   90   90 A I  H  > S+     0   0   75     -2,-1.1     4,-2.4     1,-0.2     5,-0.2   0.858  86.1  47.9 -49.2 -52.6    1.9   -9.7   10.6               
   91   91 A T  H  > S+     0   0   87      1,-0.2     4,-2.6     2,-0.2    -1,-0.2   0.943 113.3  46.9 -61.5 -48.2    0.0  -11.0   13.7               
   92   92 A S  H  > S+     0   0   38      1,-0.2     4,-2.3     2,-0.2    -1,-0.2   0.872 111.8  51.6 -63.4 -37.2    0.9   -8.0   15.8               
   93   93 A T  H  X S+     0   0   14     -4,-2.3     4,-2.0     2,-0.2    -1,-0.2   0.926 111.4  46.9 -65.4 -44.1   -0.0   -5.5   13.0               
   94   94 A I  H  X S+     0   0   39     -4,-2.4     4,-2.6     2,-0.2    -2,-0.2   0.944 112.5  49.9 -62.6 -47.6   -3.5   -7.2   12.6               
   95   95 A E  H  X S+     0   0  109     -4,-2.6     4,-2.3     1,-0.2    -2,-0.2   0.909 110.0  50.7 -59.0 -44.0   -4.1   -7.2   16.4               
   96   96 A Q  H  X S+     0   0  112     -4,-2.3     4,-1.4     2,-0.2    -1,-0.2   0.913 112.5  46.3 -59.8 -43.8   -3.2   -3.5   16.6               
   97   97 A Q  H  X S+     0   0   42     -4,-2.0     4,-2.1     2,-0.2    -2,-0.2   0.895 109.8  53.7 -70.3 -36.7   -5.6   -2.6   13.7               
   98   98 A L  H  X S+     0   0   47     -4,-2.6     4,-2.7     1,-0.2     5,-0.2   0.927 105.8  54.0 -61.6 -42.5   -8.4   -4.8   15.2               
   99   99 A Q  H  X S+     0   0  101     -4,-2.3     4,-2.1     2,-0.2    -1,-0.2   0.874 107.0  51.8 -59.5 -38.2   -8.1   -2.9   18.5               
  100  100 A I  H  X S+     0   0   86     -4,-1.4     4,-1.7     2,-0.2    -2,-0.2   0.957 111.7  45.9 -62.6 -48.7   -8.5    0.4   16.6               
  101  101 A I  H  X S+     0   0   15     -4,-2.1     4,-1.7     1,-0.2    -2,-0.2   0.916 112.8  49.9 -62.0 -44.3  -11.8   -0.9   14.9               
  102  102 A H  H  X S+     0   0   79     -4,-2.7     4,-2.1     1,-0.2    -1,-0.2   0.879 106.2  56.0 -66.3 -36.5  -13.2   -2.2   18.2               
  103  103 A R  H  X S+     0   0  165     -4,-2.1     4,-0.7    -5,-0.2    -1,-0.2   0.924 108.1  48.4 -58.2 -43.9  -12.5    1.1   20.1               
  104  104 A V  H  < S+     0   0   62     -4,-1.7     3,-0.3     1,-0.2     4,-0.3   0.844 110.2  51.7 -70.2 -32.1  -14.6    2.9   17.4               
  105  105 A R  H >< S+     0   0  114     -4,-1.7     3,-0.8     1,-0.2    -1,-0.2   0.911 111.7  46.7 -64.7 -41.7  -17.5    0.3   17.8               
  106  106 A N  H 3< S+     0   0  122     -4,-2.1    -1,-0.2     1,-0.2    -2,-0.2   0.506  82.9  92.9 -82.6  -7.3  -17.5    0.8   21.6               
  107  107 A F  T 3< S+     0   0  187     -4,-0.7     2,-1.0    -3,-0.3    -1,-0.2   0.777  78.4  67.5 -61.5 -23.9  -17.5    4.6   21.5               
  108  108 A G  S <  S-     0   0   36     -3,-0.8     4,-0.2    -4,-0.3     3,-0.2  -0.856 101.9-139.0 -87.0  95.3  -21.3    4.3   21.6               
  109  109 A G    >   -     0   0   43     -2,-1.0     3,-2.8     1,-0.2     4,-0.3   0.252  37.1 -42.9 -56.1 175.1  -21.3    2.9   25.2               
  110  110 A K  T 3  S+     0   0  228      1,-0.3    -1,-0.2     2,-0.1    -4,-0.0  -0.168 132.9  17.8 -36.8 105.5  -23.2    0.1   27.0               
  111  111 A G  T 3  S+     0   0   60     -3,-0.2    -1,-0.3     3,-0.0    -2,-0.1   0.256 105.1  82.6 106.6  -6.0  -26.8    0.6   25.7               
  112  112 A Q    <   +     0   0  163     -3,-2.8     2,-0.2    -4,-0.2    -2,-0.1   0.138  52.2 127.2-117.2  19.4  -26.3    2.8   22.5               
  113  113 A G  S    S-     0   0   47     -4,-0.3     2,-0.7     1,-0.1    -7,-0.0  -0.538  76.7-101.5 -59.5 136.7  -25.4    0.1   20.0               
  114  114 A R        -     0   0  237     -2,-0.2     2,-0.9     1,-0.1     3,-0.1  -0.581  34.8-137.3 -61.8 107.7  -27.8    0.5   17.0               
  115  115 A W        -     0   0  173     -2,-0.7    -1,-0.1     1,-0.2     0, 0.0  -0.637  17.7-169.6 -66.1 102.5  -30.3   -2.3   17.6               
  116  116 A E  S    S+     0   0  160     -2,-0.9    -1,-0.2     1,-0.2    -2,-0.0   0.821  82.9  28.7 -63.8 -26.2  -30.7   -3.8   14.1               
  117  117 A F  S    S-     0   0  162     -3,-0.1    -1,-0.2     3,-0.0     3,-0.1  -0.999  92.0-116.8-131.6 133.9  -33.6   -5.7   15.7               
  118  118 A P        -     0   0  109      0, 0.0     2,-0.1     0, 0.0    -2,-0.0  -0.446  45.8 -99.5 -59.0 138.2  -35.8   -4.6   18.7               
  119  119 A P        -     0   0   81      0, 0.0     2,-0.6     0, 0.0    -4,-0.0  -0.431  39.6-112.8 -57.4 129.3  -35.3   -7.0   21.6               
  120  120 A K        -     0   0  197     -2,-0.1     2,-1.1     1,-0.1    -3,-0.0  -0.607  28.9-126.0 -61.7 114.8  -38.2   -9.5   21.6               
  121  121 A N        -     0   0  151     -2,-0.6     2,-1.1     1,-0.0    -1,-0.1  -0.611  20.4-154.2 -60.1  98.8  -40.1   -8.6   24.8               
  122  122 A C              0   0  129     -2,-1.1    -1,-0.0     0, 0.0    -2,-0.0  -0.813 360.0 360.0 -69.7 101.7  -40.3  -12.1   26.4               
  123  123 A K              0   0  270     -2,-1.1    -3,-0.0     0, 0.0     0, 0.0  -0.648 360.0 360.0 -67.9 360.0  -43.4  -11.5   28.5               
