==== Secondary Structure Definition by the program DSSP, CMBI version 2.0                          ==== DATE=2026-03-08        .
REFERENCE W. KABSCH AND C.SANDER, BIOPOLYMERS 22 (1983) 2577-2637                                                              .
HEADER                                            01-AUG-25                                                                    .
COMPND    MOL_ID: 1; MOLECULE: CUGBP ELAV-LIKE FAMILY MEMBER 6; CHAIN: A                                                       .
SOURCE    MOL_ID: 1; ORGANISM_SCIENTIFIC: HOMO SAPIENS; ORGANISM_TAXID: 9606                                                   .
AUTHOR                                                                                                                         .
  481  1  0  0  0 TOTAL NUMBER OF RESIDUES, NUMBER OF CHAINS, NUMBER OF SS-BRIDGES(TOTAL,INTRACHAIN,INTERCHAIN)                .
 42615.8   ACCESSIBLE SURFACE OF PROTEIN (ANGSTROM**2)                                                                         .
  224 46.6   TOTAL NUMBER OF HYDROGEN BONDS OF TYPE O(I)-->H-N(J)  , SAME NUMBER PER 100 RESIDUES                              .
    0  0.0   TOTAL NUMBER OF HYDROGEN BONDS IN     PARALLEL BRIDGES, SAME NUMBER PER 100 RESIDUES                              .
   65 13.5   TOTAL NUMBER OF HYDROGEN BONDS IN ANTIPARALLEL BRIDGES, SAME NUMBER PER 100 RESIDUES                              .
    3  0.6   TOTAL NUMBER OF HYDROGEN BONDS OF TYPE O(I)-->H-N(I-5), SAME NUMBER PER 100 RESIDUES                              .
    1  0.2   TOTAL NUMBER OF HYDROGEN BONDS OF TYPE O(I)-->H-N(I-4), SAME NUMBER PER 100 RESIDUES                              .
    1  0.2   TOTAL NUMBER OF HYDROGEN BONDS OF TYPE O(I)-->H-N(I-3), SAME NUMBER PER 100 RESIDUES                              .
    0  0.0   TOTAL NUMBER OF HYDROGEN BONDS OF TYPE O(I)-->H-N(I-2), SAME NUMBER PER 100 RESIDUES                              .
    0  0.0   TOTAL NUMBER OF HYDROGEN BONDS OF TYPE O(I)-->H-N(I-1), SAME NUMBER PER 100 RESIDUES                              .
    0  0.0   TOTAL NUMBER OF HYDROGEN BONDS OF TYPE O(I)-->H-N(I+0), SAME NUMBER PER 100 RESIDUES                              .
    0  0.0   TOTAL NUMBER OF HYDROGEN BONDS OF TYPE O(I)-->H-N(I+1), SAME NUMBER PER 100 RESIDUES                              .
   38  7.9   TOTAL NUMBER OF HYDROGEN BONDS OF TYPE O(I)-->H-N(I+2), SAME NUMBER PER 100 RESIDUES                              .
   32  6.7   TOTAL NUMBER OF HYDROGEN BONDS OF TYPE O(I)-->H-N(I+3), SAME NUMBER PER 100 RESIDUES                              .
   79 16.4   TOTAL NUMBER OF HYDROGEN BONDS OF TYPE O(I)-->H-N(I+4), SAME NUMBER PER 100 RESIDUES                              .
    0  0.0   TOTAL NUMBER OF HYDROGEN BONDS OF TYPE O(I)-->H-N(I+5), SAME NUMBER PER 100 RESIDUES                              .
  1  2  3  4  5  6  7  8  9 10 11 12 13 14 15 16 17 18 19 20 21 22 23 24 25 26 27 28 29 30     *** HISTOGRAMS OF ***           .
  0  0  0  0  1  0  0  2  1  0  3  0  0  0  2  0  0  0  0  0  0  0  0  0  0  0  0  0  0  0    RESIDUES PER ALPHA HELIX         .
  0  0  0  0  0  0  0  0  0  0  0  0  0  0  0  0  0  0  0  0  0  0  0  0  0  0  0  0  0  0    PARALLEL BRIDGES PER LADDER      .
  1  1  0  3  3  2  1  0  0  0  0  0  0  0  0  0  0  0  0  0  0  0  0  0  0  0  0  0  0  0    ANTIPARALLEL BRIDGES PER LADDER  .
  1  0  3  0  0  0  0  0  0  0  0  0  0  0  0  0  0  0  0  0  0  0  0  0  0  0  0  0  0  0    LADDERS PER SHEET                .
  #  RESIDUE AA STRUCTURE BP1 BP2  ACC     N-H-->O    O-->H-N    N-H-->O    O-->H-N    TCO  KAPPA ALPHA  PHI   PSI    X-CA   Y-CA   Z-CA            CHAIN
    1    1 A M              0   0  238      0, 0.0     0, 0.0     0, 0.0     0, 0.0   0.000 360.0 360.0 360.0 102.7    5.3  -55.1   14.6               
    2    2 A A        -     0   0   96      1,-0.1     2,-0.0     2,-0.0     0, 0.0   0.285 360.0-125.0  66.3  88.8    7.2  -53.0   16.4               
    3    3 A A        -     0   0  105      1,-0.3    -1,-0.1     2,-0.0     0, 0.0   0.495  17.6-109.4  90.5 124.7    7.8  -49.9   17.6               
    4    4 A A        +     0   0   92     -2,-0.0    -1,-0.3     0, 0.0    -2,-0.0  -0.249  26.8 120.1 -93.2-165.9   10.2  -46.9   18.0               
    5    5 A P        +     0   0  130      0, 0.0     2,-0.1     0, 0.0    -2,-0.0   0.556   7.9 127.2-141.2-161.5   12.2  -45.0   19.7               
    6    6 A G        +     0   0   80     -2,-0.0     2,-0.0     0, 0.0     0, 0.0  -0.077   9.8 132.3 124.7 150.7   15.4  -43.0   20.9               
    7    7 A G        +     0   0   65     -2,-0.1     0, 0.0     0, 0.0     0, 0.0   0.509   7.4 169.0 162.0 154.4   17.3  -40.7   21.7               
    8    8 A S        -     0   0  132     -2,-0.0     0, 0.0     0, 0.0     0, 0.0   0.513  16.1 -46.8  60.7 161.5   19.8  -38.2   23.4               
    9    9 A A        -     0   0   97      1,-0.2     0, 0.0     0, 0.0     0, 0.0   0.775   5.3-124.6-165.3 170.8   21.9  -35.6   23.8               
   10   10 A Q        -     0   0  184      2,-0.0    -1,-0.2     0, 0.0     2,-0.2  -0.479  10.9-173.1 -89.4 170.7   24.4  -32.5   24.1               
   11   11 A P        -     0   0  134      0, 0.0     2,-0.1     0, 0.0     0, 0.0  -0.681  18.9-124.3-152.6-172.4   26.9  -31.0   26.0               
   12   12 A A        -     0   0   98     -2,-0.2    -2,-0.0     0, 0.0     0, 0.0  -0.347  16.8 -94.2 -96.5 161.3   28.9  -27.7   25.9               
   13   13 A G        -     0   0   74     -2,-0.1     2,-0.0     1,-0.0     0, 0.0   0.387   8.3-157.0  76.0 176.9   32.1  -25.5   25.9               
   14   14 A P        +     0   0  138      0, 0.0    -1,-0.0     0, 0.0     0, 0.0   0.696  13.1 154.1-124.8-160.8   34.6  -23.7   26.4               
   15   15 A G        -     0   0   67     -2,-0.0     2,-0.2     0, 0.0     0, 0.0  -0.872  22.7-127.9-142.8 178.5   37.3  -21.0   25.1               
   16   16 A P        -     0   0  126      0, 0.0     0, 0.0     0, 0.0     0, 0.0  -0.818  14.5-111.5-152.8 146.2   39.7  -18.3   26.2               
   17   17 A R        -     0   0  235     -2,-0.2     2,-0.2     2,-0.0     0, 0.0   0.688   5.3-144.7  31.4 138.6   41.0  -14.7   25.9               
   18   18 A L        -     0   0  178      2,-0.0     2,-0.1     0, 0.0     0, 0.0  -0.567  20.9-120.6-174.8 165.1   43.4  -12.0   25.1               
   19   19 A G        +     0   0   60     -2,-0.2     2,-0.2     0, 0.0    -2,-0.0  -0.905  25.1 108.1-172.9 -21.3   44.5   -9.1   26.0               
   20   20 A F        +     0   0  199      1,-0.1    -2,-0.0    -2,-0.1     0, 0.0  -0.907  20.7  39.2-153.0 172.5   45.4   -5.3   26.0               
   21   21 A S        -     0   0   99     -2,-0.2    -1,-0.1     0, 0.0     0, 0.0   0.637  21.7-129.9 176.6 161.5   45.4   -1.8   26.6               
   22   22 A T        -     0   0  124      0, 0.0    -2,-0.0     0, 0.0     0, 0.0   0.609   9.9 -12.4-172.9 148.1   45.2    1.3   28.1               
   23   23 A A        +     0   0   96      1,-0.0     0, 0.0     0, 0.0     0, 0.0   0.375  21.1 111.2  68.6 160.0   44.6    5.0   29.4               
   24   24 A D        -     0   0  148      0, 0.0    -1,-0.0     0, 0.0     0, 0.0   0.673  30.8-127.3-140.2 175.0   43.9    8.1   29.8               
   25   25 A S        +     0   0  108      2,-0.0     2,-0.2     0, 0.0     0, 0.0   0.084  18.3 170.6 -52.5 152.0   41.5   10.5   31.8               
   26   26 A G        -     0   0   79      2,-0.0     2,-0.4     0, 0.0     0, 0.0  -0.848  16.4-152.7-166.4 131.5   39.1   13.4   31.1               
   27   27 A V        +     0   0  157     -2,-0.2     2,-0.1     2,-0.0    -2,-0.0  -0.850  26.7 132.3-108.6 137.6   36.6   15.2   33.6               
   28   28 A G        -     0   0   61     -2,-0.4    -2,-0.0     0, 0.0     0, 0.0  -0.411  36.5 -40.3 169.0 126.5   33.2   17.0   33.0               
   29   29 A M        -     0   0  177     -2,-0.1    -2,-0.0     1,-0.1     0, 0.0   0.765  43.1 -99.5  46.7  94.8   29.6   17.7   33.7               
   30   30 A S        +     0   0  123      1,-0.1    -1,-0.1     0, 0.0     0, 0.0   0.435  51.5  11.0  37.4 107.6   26.4   16.2   34.6               
   31   31 A G        +     0   0   76      1,-0.1     2,-0.4     0, 0.0    -1,-0.1   0.822  27.1 144.6  86.5  68.8   23.3   15.0   33.5               
   32   32 A L        -     0   0  171      2,-0.0    -1,-0.1     3,-0.0     0, 0.0  -0.940  35.1-147.9-125.4 115.6   21.2   14.1   30.5               
   33   33 A N        -     0   0  149     -2,-0.4     2,-1.2     1,-0.1     0, 0.0  -0.644  25.3-118.3 -67.5 124.3   18.9   11.1   31.1               
   34   34 A P        -     0   0  116      0, 0.0     3,-0.2     0, 0.0    -1,-0.1  -0.562  33.2-141.6 -67.3  98.4   18.4    9.1   27.9               
   35   35 A G        -     0   0   47     -2,-1.2     3,-0.1     1,-0.2    -3,-0.0  -0.191  48.3 -58.4 -53.5 155.4   14.7    9.5   27.4               
   36   36 A P        -     0   0  128      0, 0.0     2,-0.4     0, 0.0    -1,-0.2  -0.169  67.2-110.7 -52.6 115.4   12.9    6.4   26.0               
   37   37 A A        -     0   0   98     -3,-0.2     3,-0.0     1,-0.1    -2,-0.0  -0.306  29.2-128.9 -58.7 105.7   14.7    5.8   22.7               
   38   38 A V        -     0   0  123     -2,-0.4     2,-0.4     1,-0.1    -1,-0.1  -0.387  28.3-113.4 -55.6 119.7   12.1    6.6   20.0               
   39   39 A P        -     0   0   72      0, 0.0    -1,-0.1     0, 0.0     2,-0.0  -0.465  33.1-126.2 -62.6 114.0   12.1    3.5   17.7               
   40   40 A M        -     0   0  163     -2,-0.4     2,-1.7     1,-0.1    -3,-0.0  -0.356  21.6-113.2 -59.4 139.7   13.5    4.9   14.5               
   41   41 A K        -     0   0   71      2,-0.0    -1,-0.1    32,-0.0    54,-0.1  -0.640  35.0-148.1 -79.3  86.6   11.1    4.1   11.5               
   42   42 A D    >   -     0   0  100     -2,-1.7     3,-2.1     1,-0.1     0, 0.0  -0.186  22.0-115.1 -48.9 144.1   13.4    1.7    9.6               
   43   43 A H  T 3  S+     0   0  127      1,-0.3    -1,-0.1     3,-0.0    53,-0.1   0.738 116.3  57.2 -62.1 -20.0   12.8    1.9    5.8               
   44   44 A D  T 3  S+     0   0   54     51,-0.3     2,-0.7     2,-0.1    -1,-0.3   0.264  72.7 136.7 -93.8  10.2   11.5   -1.7    5.9               
   45   45 A A    <   -     0   0   14     -3,-2.1     2,-0.4    51,-0.1    50,-0.2  -0.445  42.0-154.5 -65.3 105.8    8.7   -1.0    8.5               
   46   46 A I        -     0   0   48     -2,-0.7    48,-2.2    48,-0.1     2,-0.5  -0.692   4.8-146.8 -87.8 130.8    5.5   -2.8    7.3               
   47   47 A K  E     -A   93   0A  61     -2,-0.4    78,-2.4    46,-0.2     2,-0.3  -0.843  17.9-165.5 -93.3 126.3    2.0   -1.6    8.2               
   48   48 A L  E     -AB  92 124A   1     44,-3.3    44,-2.5    -2,-0.5     2,-0.5  -0.830  17.3-133.8-106.2 145.7   -0.6   -4.4    8.6               
   49   49 A F  E     -AB  91 123A  68     74,-2.8    74,-2.9    -2,-0.3     2,-0.6  -0.908  19.4-159.9 -93.0 130.7   -4.4   -4.2    8.8               
   50   50 A V  E     +AB  90 122A   0     40,-3.0    40,-2.3    -2,-0.5    72,-0.2  -0.950  14.9 179.2-115.2 108.0   -5.8   -6.4   11.7               
   51   51 A G  E     +AB  89 121A   3     70,-2.2    70,-2.5    -2,-0.6    38,-0.2  -0.603  52.5  47.6-100.7 171.7   -9.5   -7.2   11.3               
   52   52 A Q        +     0   0   48     36,-0.8    61,-0.4    68,-0.2    37,-0.2   0.895  70.0 155.6  61.5  47.5  -11.9   -9.3   13.5               
   53   53 A I        -     0   0    2     35,-2.2    -1,-0.2    -3,-0.2    62,-0.0  -0.867  48.3-108.9 -98.5 134.7  -11.0   -7.7   16.8               
   54   54 A P    >   -     0   0   16      0, 0.0     3,-1.4     0, 0.0    34,-0.2  -0.296  26.1-122.0 -57.3 145.0  -13.5   -7.7   19.7               
   55   55 A R  T 3  S+     0   0  166      1,-0.3    31,-0.5    60,-0.1    33,-0.0   0.544 108.0  55.5 -70.7  -8.7  -15.0   -4.2   20.4               
   56   56 A G  T 3  S+     0   0   69      2,-0.1     2,-0.4    30,-0.0    -1,-0.3   0.349  85.5  92.7-105.2  -0.8  -13.7   -4.3   24.1               
   57   57 A L    <   -     0   0   47     -3,-1.4     2,-0.1     4,-0.0    -4,-0.0  -0.797  57.1-168.4 -91.1 140.5  -10.0   -4.9   23.4               
   58   58 A D     >  -     0   0   45     -2,-0.4     4,-1.8    28,-0.0     5,-0.2  -0.387  43.4 -79.0-111.5-172.7   -7.7   -1.8   23.2               
   59   59 A E  H  > S+     0   0   47      2,-0.2     4,-1.5     1,-0.2    -2,-0.0   0.806 129.5  51.4 -57.4 -31.2   -4.0   -1.1   22.0               
   60   60 A Q  H  4 S+     0   0  151      2,-0.2    -1,-0.2     1,-0.2    -3,-0.0   0.895 109.4  47.7 -78.4 -40.6   -2.8   -2.4   25.5               
   61   61 A D  H  4 S+     0   0   89      1,-0.2     4,-0.5     2,-0.1    -2,-0.2   0.851 118.9  42.1 -62.8 -37.5   -4.7   -5.8   25.3               
   62   62 A L  H  X S+     0   0    1     -4,-1.8     4,-1.1     1,-0.1     3,-0.3   0.787  96.5  76.1 -83.6 -30.4   -3.5   -6.3   21.7               
   63   63 A K  H >X S+     0   0   86     -4,-1.5     4,-2.5     1,-0.2     3,-1.1   0.902  94.4  49.1 -54.5 -48.8    0.2   -5.2   22.1               
   64   64 A P  H 3> S+     0   0   88      0, 0.0     4,-1.1     0, 0.0    -1,-0.2   0.870 107.6  55.7 -59.8 -38.3    1.4   -8.4   23.9               
   65   65 A L  H 34 S+     0   0   29     -4,-0.5    -2,-0.2    -3,-0.3     4,-0.1   0.750 118.5  33.5 -63.2 -28.2   -0.2  -10.7   21.2               
   66   66 A F  H X< S+     0   0    0     -3,-1.1     3,-1.3    -4,-1.1     4,-0.3   0.727 105.0  68.5-100.0 -28.2    1.8   -8.8   18.5               
   67   67 A E  H >< S+     0   0   86     -4,-2.5     3,-1.4     1,-0.3    -2,-0.2   0.790  86.1  72.8 -69.1 -23.9    5.1   -8.0   20.3               
   68   68 A E  T 3< S+     0   0  153     -4,-1.1    -1,-0.3     1,-0.3    -2,-0.1   0.819  96.3  51.0 -52.2 -34.9    5.9  -11.8   20.3               
   69   69 A F  T <  S-     0   0   31     -3,-1.3    -1,-0.3     1,-0.3     2,-0.2   0.577 127.9 -73.1 -86.4  -9.5    6.6  -11.5   16.5               
   70   70 A G  S <  S-     0   0   21     -3,-1.4    -1,-0.3    -4,-0.3     2,-0.2  -0.761  75.1 -21.2 140.5 179.2    9.0   -8.5   17.0               
   71   71 A R        -     0   0  206     -2,-0.2    24,-2.3    -3,-0.1     2,-0.4  -0.321  54.3-143.0 -62.3 122.4    9.3   -4.8   17.8               
   72   72 A I  E     -C   94   0A  23     22,-0.2    22,-0.3    -2,-0.2     3,-0.1  -0.726  15.8-174.1 -82.8 126.2    6.1   -2.8   17.2               
   73   73 A Y  E    S-     0   0A  83     20,-2.6     2,-0.3    -2,-0.4    21,-0.2   0.813  75.1  -3.2 -82.0 -40.6    6.7    0.7   15.8               
   74   74 A E  E     -C   93   0A  62     19,-1.7    19,-3.4     2,-0.0     2,-0.4  -0.943  55.1-173.0-157.2 130.3    3.0    1.8   16.1               
   75   75 A L  E     +C   92   0A  29     -2,-0.3     2,-0.4    17,-0.2    17,-0.2  -1.000  15.5 174.6-124.7 127.9   -0.3    0.0   17.1               
   76   76 A T  E     -C   91   0A  57     15,-2.8    15,-2.8    -2,-0.4     2,-0.3  -0.946  22.6-143.1-138.1 114.3   -3.5    2.0   16.5               
   77   77 A V  E     -C   90   0A   7     -2,-0.4     2,-1.5    13,-0.3    13,-0.3  -0.563  26.8-118.8 -72.3 136.4   -7.0    0.7   17.1               
   78   78 A L  E     +     0   0A  44     11,-2.3     9,-2.9    -2,-0.3    11,-0.4  -0.623  43.7 177.3 -79.3  91.5   -9.6    2.0   14.5               
   79   79 A K  E     -C   86   0A  95     -2,-1.5     2,-0.5     7,-0.2     7,-0.2  -0.566  36.1-103.9 -87.9 152.8  -12.0    3.8   16.8               
   80   80 A D     >  -     0   0   14      5,-1.6     4,-2.1    -2,-0.2     5,-0.1  -0.741  22.6-142.9 -81.2 127.6  -15.0    5.8   15.4               
   81   81 A R  T  4 S+     0   0  205     -2,-0.5    -1,-0.1     1,-0.2    -2,-0.0   0.733  97.3  38.3 -67.9 -25.0  -14.4    9.6   15.5               
   82   82 A L  T  4 S+     0   0  138      3,-0.1    -1,-0.2     1,-0.1    -2,-0.0   0.811 130.8  25.0 -90.4 -37.9  -18.0   10.5   16.4               
   83   83 A T  T  4 S-     0   0   92      2,-0.1    -2,-0.2     0, 0.0     3,-0.1   0.389  89.2-131.0-109.2  -4.7  -18.8    7.7   18.9               
   84   84 A G     <  +     0   0   51     -4,-2.1    -3,-0.1     1,-0.2     2,-0.1   0.252  59.5 147.6  67.2 -11.9  -15.4    6.6   20.3               
   85   85 A L        -     0   0  101     -6,-0.2    -5,-1.6     1,-0.1    -1,-0.2  -0.242  57.3-107.4 -70.3 136.9  -16.5    3.0   19.5               
   86   86 A H  E     - C   0  79A  12    -31,-0.5    -7,-0.2    -7,-0.2    -1,-0.1  -0.336  20.7-151.6 -56.4 122.7  -14.1    0.3   18.3               
   87   87 A K  E     -     0   0A 100     -9,-2.9    -1,-0.1     2,-0.3    -8,-0.1   0.585  46.8-103.0 -76.2  -9.0  -14.7   -0.5   14.5               
   88   88 A G  E    S+     0   0A  17      1,-0.3   -35,-2.2   -10,-0.3   -36,-0.8   0.621  92.9  71.4  93.5  18.0  -13.5   -4.1   15.0               
   89   89 A C  E     -A   51   0A  16    -11,-0.4   -11,-2.3   -38,-0.2    -1,-0.3  -0.966  53.8-164.9-154.0 166.3  -10.0   -3.5   13.5               
   90   90 A A  E     -AC  50  77A   0    -40,-2.3   -40,-3.0   -13,-0.3     2,-0.4  -0.933  22.2-122.3-142.0 164.3   -6.6   -1.9   14.1               
   91   91 A F  E     -AC  49  76A  65    -15,-2.8   -15,-2.8    -2,-0.3     2,-0.4  -0.964  26.4-167.9-106.8 142.6   -3.4   -1.0   12.1               
   92   92 A L  E     -AC  48  75A   0    -44,-2.5   -44,-3.3    -2,-0.4     2,-0.5  -0.991   4.7-166.3-131.9 119.2   -0.1   -2.5   13.3               
   93   93 A T  E     -AC  47  74A   1    -19,-3.4   -20,-2.6    -2,-0.4   -19,-1.7  -0.945   5.4-163.3-106.6 121.0    3.3   -1.3   12.1               
   94   94 A Y  E     - C   0  72A   0    -48,-2.2   -22,-0.2    -2,-0.5   -48,-0.1  -0.666  27.1-125.1 -88.1 156.0    6.4   -3.4   12.9               
   95   95 A C  S    S+     0   0   14    -24,-2.3     2,-0.3    -2,-0.2   -51,-0.3   0.812  93.6  33.6 -67.1 -28.7    9.9   -2.0   12.6               
   96   96 A A  S  > S-     0   0   35    -25,-0.4     4,-1.4   -51,-0.1     3,-0.2  -0.934  75.3-125.4-133.0 152.5   10.9   -4.8   10.1               
   97   97 A R  H  > S+     0   0  109     -2,-0.3     4,-2.7     1,-0.2     5,-0.2   0.877 107.2  60.1 -59.3 -44.0    9.3   -6.9    7.3               
   98   98 A D  H  > S+     0   0   99      1,-0.2     4,-2.5     2,-0.2    -1,-0.2   0.880 104.7  49.1 -57.9 -41.0   10.3  -10.3    8.9               
   99   99 A S  H  > S+     0   0   20     -3,-0.2     4,-2.6     2,-0.2    -1,-0.2   0.921 113.1  47.4 -63.5 -42.6    8.3   -9.5   12.1               
  100  100 A A  H  X S+     0   0    2     -4,-1.4     4,-2.4     2,-0.2    -2,-0.2   0.892 112.9  48.1 -66.8 -39.7    5.2   -8.5    9.9               
  101  101 A L  H  X S+     0   0   81     -4,-2.7     4,-2.5     2,-0.2    -2,-0.2   0.892 113.1  48.5 -68.7 -39.5    5.5  -11.7    7.8               
  102  102 A K  H  X S+     0   0  124     -4,-2.5     4,-2.5    -5,-0.2     5,-0.2   0.961 113.2  47.3 -61.8 -50.6    5.8  -13.9   10.9               
  103  103 A A  H  X S+     0   0    0     -4,-2.6     4,-1.8     1,-0.2     5,-0.4   0.896 114.1  47.5 -59.6 -43.6    2.8  -12.2   12.5               
  104  104 A Q  H  X S+     0   0   51     -4,-2.4     4,-2.2     1,-0.2    -1,-0.2   0.951 115.0  45.6 -60.5 -49.2    0.8  -12.5    9.3               
  105  105 A S  H  < S+     0   0   87     -4,-2.5    -2,-0.2     1,-0.2    -1,-0.2   0.839 119.0  40.6 -66.7 -35.9    1.7  -16.3    8.9               
  106  106 A A  H  < S+     0   0   47     -4,-2.5    -1,-0.2    -5,-0.2    -2,-0.2   0.724 128.6  25.7 -85.8 -26.5    1.1  -17.2   12.6               
  107  107 A L  H >X S+     0   0    4     -4,-1.8     4,-1.6    -5,-0.2     3,-1.2   0.758  83.8 110.3-109.5 -34.0   -2.2  -15.2   13.2               
  108  108 A H  T 3< S-     0   0   42     -4,-2.2    13,-0.2    -5,-0.4    12,-0.1  -0.300 110.2 -25.6 -63.3 112.9   -4.0  -14.6    9.8               
  109  109 A E  T 34 S+     0   0   94     11,-3.1    -1,-0.3    -2,-0.3    12,-0.1   0.393 126.8  90.6  60.4   7.3   -7.2  -16.8    9.9               
  110  110 A Q  T <4 S+     0   0  142     -3,-1.2     2,-0.5    10,-0.3    -2,-0.2   0.819  79.4  50.5 -89.9 -41.2   -5.4  -19.1   12.5               
  111  111 A K     <  -     0   0   97     -4,-1.6     9,-3.0     9,-0.3     2,-0.5  -0.908  64.1-155.2-116.3 121.3   -6.3  -17.5   15.9               
  112  112 A T        -     0   0   77     -2,-0.5     3,-0.1     7,-0.3   -59,-0.1  -0.795  19.7-135.6 -89.8 128.3   -9.9  -16.5   17.1               
  113  113 A L    >   -     0   0   12      5,-0.5     3,-2.3    -2,-0.5     5,-0.2  -0.604  37.1 -86.5 -78.8 144.5  -10.0  -13.8   19.7               
  114  114 A P  T 3  S+     0   0  112      0, 0.0    -1,-0.1     0, 0.0     3,-0.1  -0.227 117.2  20.6 -52.2 130.8  -12.3  -14.2   22.8               
  115  115 A G  T 3  S+     0   0   80      1,-0.3     2,-0.4    -3,-0.1   -60,-0.1   0.396 100.3 113.2  83.5   0.6  -15.9  -13.0   21.9               
  116  116 A M    <   -     0   0   43     -3,-2.3    -1,-0.3   -62,-0.1     4,-0.1  -0.873  54.7-157.7-102.2 139.5  -15.3  -13.3   18.0               
  117  117 A N  S    S+     0   0  169     -2,-0.4    -1,-0.1    -3,-0.1    -5,-0.0   0.197  82.7  51.2 -89.7   9.8  -17.2  -15.8   15.8               
  118  118 A R  S    S-     0   0  142     -5,-0.2    -5,-0.5   -66,-0.1     3,-0.1  -0.987  91.0-102.5-146.1 146.2  -14.3  -15.4   13.2               
  119  119 A P        -     0   0   37      0, 0.0    -7,-0.3     0, 0.0    -2,-0.1  -0.251  52.7 -80.5 -70.9 157.9  -10.5  -15.7   13.3               
  120  120 A I        -     0   0    1     -9,-3.0   -11,-3.1   -13,-0.2     2,-0.9  -0.279  37.0-141.9 -63.3 133.6   -8.2  -12.6   13.3               
  121  121 A Q  E     +B   51   0A  38    -70,-2.5   -70,-2.2   -13,-0.2     2,-0.7  -0.674  24.1 175.5-106.0  78.5   -7.6  -11.1    9.8               
  122  122 A V  E     +B   50   0A   0     -2,-0.9   -72,-0.2   -72,-0.2   -14,-0.1  -0.763  17.1 155.3 -80.4 112.7   -4.0   -9.9    9.8               
  123  123 A K  E     -B   49   0A  90    -74,-2.9   -74,-2.8    -2,-0.7     2,-0.1  -0.942  53.2 -85.0-130.9 157.2   -3.2   -8.7    6.2               
  124  124 A P  E     -B   48   0A  78      0, 0.0   -76,-0.3     0, 0.0     2,-0.3  -0.412  57.2-109.0 -52.1 131.3   -0.8   -6.2    4.6               
  125  125 A A        -     0   0   16    -78,-2.4     2,-1.6   -33,-0.2   -78,-0.1  -0.544  24.2-117.6 -64.7 132.9   -2.4   -2.8    5.0               
  126  126 A A        -     0   0   98     -2,-0.3     2,-1.5     1,-0.1    -1,-0.1  -0.597  36.9-159.2 -66.6  88.4   -3.6   -1.4    1.6               
  127  127 A S     >  -     0   0   57     -2,-1.6     2,-0.9   -80,-0.1     4,-0.6  -0.646   7.9-157.9 -83.9  85.1   -1.1    1.6    1.9               
  128  128 A E  T  4 S+     0   0  165     -2,-1.5     2,-0.0     1,-0.2    -2,-0.0  -0.522  84.7  17.0 -53.9  94.9   -2.6    4.2   -0.5               
  129  129 A G  T >> S+     0   0   24     -2,-0.9     3,-1.7     0, 0.0     4,-1.4  -0.464  98.0  84.8 135.8 -62.7    0.8    6.1   -0.9               
  130  130 A R  T 34 S+     0   0  147      1,-0.3    -2,-0.1     2,-0.2    54,-0.0   0.521  98.8  42.5 -66.8  -8.4    3.9    4.0    0.2               
  131  131 A G  T 3< S+     0   0   28     -4,-0.6     3,-0.4     2,-0.1    -1,-0.3   0.652 110.0  56.6 -94.8 -23.9    4.3    2.2   -3.2               
  132  132 A E  T X4 S+     0   0   68     -3,-1.7     3,-1.8     1,-0.2    80,-0.5   0.925  95.6  59.7 -89.8 -40.4    3.6    5.2   -5.4               
  133  133 A D  T 3< S+     0   0   64     -4,-1.4    -1,-0.2     1,-0.3    -3,-0.1   0.552 111.9  46.5 -55.6 -13.2    6.4    7.6   -4.2               
  134  134 A R  T 3  S+     0   0   42     -3,-0.4    47,-2.3    53,-0.1     2,-0.6   0.434  93.9  86.5-112.9  -7.5    8.8    4.8   -5.3               
  135  135 A K  E <   -D  180   0B  54     -3,-1.8    77,-2.8    45,-0.2     2,-0.4  -0.900  62.2-162.2-103.3 120.6    7.4    4.0   -8.8               
  136  136 A L  E     -DE 179 211B   0     43,-3.4    43,-2.1    -2,-0.6     2,-0.5  -0.820  15.2-140.1-101.0 138.9    8.7    6.1  -11.6               
  137  137 A F  E     -DE 178 210B  66     73,-2.4    73,-2.3    -2,-0.4     2,-0.5  -0.862  18.4-162.0 -87.4 132.4    7.3    6.7  -15.1               
  138  138 A V  E     +DE 177 209B   0     39,-2.9    39,-2.3    -2,-0.5     3,-0.3  -0.942  14.5 177.9-120.4 101.0   10.1    6.8  -17.6               
  139  139 A G  E     +DE 176 208B   4     69,-2.9    69,-2.4    -2,-0.5    37,-0.2  -0.615  52.3  44.6 -99.3 167.5    9.1    8.4  -21.0               
  140  140 A M        +     0   0   91     35,-0.8    60,-0.5     1,-0.2    65,-0.3   0.792  68.7 156.8  63.3  36.0   11.0    9.2  -24.2               
  141  141 A L        -     0   0    7     34,-2.5    -1,-0.2    -3,-0.3    63,-0.2  -0.631  50.3-106.6 -71.5 145.0   12.8    5.8  -24.4               
  142  142 A G    >   -     0   0    0     -2,-0.3     3,-2.2    59,-0.2    61,-0.2  -0.483  29.1-116.7 -65.9 145.7   13.9    4.7  -27.9               
  143  143 A K  T 3  S+     0   0  152     59,-0.8    30,-0.5     1,-0.3    -1,-0.1   0.718 115.6  56.6 -62.6 -20.7   11.7    2.0  -29.3               
  144  144 A Q  T 3  S+     0   0  134     57,-0.2     2,-0.4    28,-0.1    -1,-0.3   0.497  82.8 108.0 -79.9 -12.4   14.7   -0.4  -29.4               
  145  145 A Q    <   -     0   0   24     -3,-2.2    30,-0.1    56,-0.1     2,-0.1  -0.616  54.7-160.4 -82.0 124.2   15.4    0.0  -25.6               
  146  146 A G     >  -     0   0   13     -2,-0.4     4,-2.3     1,-0.0     5,-0.2  -0.314  36.9 -92.0 -95.4 177.9   14.5   -3.0  -23.4               
  147  147 A E  H  > S+     0   0   67      1,-0.2     4,-1.9     2,-0.2     5,-0.1   0.801 126.6  52.4 -58.2 -31.6   13.8   -3.8  -19.8               
  148  148 A E  H  > S+     0   0  130      2,-0.2     4,-3.1     3,-0.2    -1,-0.2   0.916 106.9  49.6 -73.8 -43.8   17.5   -4.5  -19.3               
  149  149 A D  H  > S+     0   0   51      2,-0.2     4,-2.0     1,-0.2    -2,-0.2   0.927 114.2  46.4 -63.2 -42.1   18.7   -1.2  -20.9               
  150  150 A V  H  X S+     0   0    0     -4,-2.3     4,-1.9     2,-0.2    -1,-0.2   0.934 113.8  48.6 -63.1 -45.2   16.3    0.7  -18.6               
  151  151 A R  H  X S+     0   0   96     -4,-1.9     4,-2.3    -5,-0.2    -2,-0.2   0.945 111.7  49.5 -59.9 -46.4   17.5   -1.4  -15.6               
  152  152 A R  H  < S+     0   0  141     -4,-3.1    -1,-0.2     1,-0.2    -2,-0.2   0.825 112.4  48.3 -62.4 -35.7   21.2   -0.7  -16.4               
  153  153 A L  H  < S+     0   0   27     -4,-2.0    -1,-0.2    -5,-0.2    -2,-0.2   0.833 118.6  38.4 -71.9 -36.6   20.5    3.0  -16.7               
  154  154 A F  H >< S+     0   0    0     -4,-1.9     3,-2.0    -3,-0.2     4,-0.3   0.708  94.1  84.8 -90.9 -21.8   18.6    3.3  -13.4               
  155  155 A Q  G >< S+     0   0  126     -4,-2.3     3,-1.3     1,-0.3    -1,-0.2   0.789  79.7  64.3 -54.2 -35.5   20.8    0.8  -11.3               
  156  156 A P  G 3  S+     0   0  106      0, 0.0    -1,-0.3     0, 0.0    -2,-0.1   0.644 101.6  53.3 -63.0 -14.6   23.4    3.5  -10.4               
  157  157 A F  G <  S-     0   0   57     -3,-2.0     2,-0.2     1,-0.3    33,-0.2   0.511 123.0 -64.0 -97.7  -9.3   20.6    5.3   -8.4               
  158  158 A G  S <  S-     0   0   17     -3,-1.3     2,-0.5    -4,-0.3    -1,-0.3  -0.886  71.4 -34.9 152.3-179.7   19.5    2.3   -6.2               
  159  159 A H        -     0   0  131     -2,-0.2    23,-2.3    -3,-0.1     2,-0.8  -0.597  52.4-142.9 -75.4 121.8   18.0   -1.2   -6.0               
  160  160 A I  E     +F  181   0B   9     -2,-0.5    21,-0.3    21,-0.2     3,-0.1  -0.761  20.9 179.3 -95.1 104.8   15.3   -1.8   -8.6               
  161  161 A E  E    S+     0   0B  73     19,-1.3     2,-0.3    -2,-0.8    20,-0.2   0.840  75.2  16.4 -64.4 -38.7   12.3   -3.9   -7.3               
  162  162 A E  E     +F  180   0B  61     18,-1.5    18,-2.8     2,-0.0     2,-0.3  -0.999  56.5 175.9-143.1 139.0   10.4   -3.6  -10.6               
  163  163 A C  E     +F  179   0B  18     -2,-0.3     2,-0.4    16,-0.2    16,-0.2  -0.914  14.1 165.1-145.9 120.5   11.3   -2.7  -14.3               
  164  164 A T  E     -F  178   0B  59     14,-2.5    14,-2.6    -2,-0.3     2,-0.3  -0.960  25.5-146.2-143.8 114.1    8.6   -3.0  -17.0               
  165  165 A V  E     -F  177   0B   7     -2,-0.4     2,-0.6    12,-0.3    12,-0.3  -0.644  26.3-122.5 -80.1 134.6    8.6   -1.5  -20.6               
  166  166 A L  E     -F  176   0B  53     10,-2.8     8,-3.0    -2,-0.3    10,-0.5  -0.693  36.9-175.0 -80.1 119.0    5.2   -0.5  -21.9               
  167  167 A R  E     -F  173   0B 107     -2,-0.6     6,-0.2     6,-0.3     5,-0.1  -0.699  22.8-120.3-112.1 155.9    4.5   -2.3  -25.2               
  168  168 A S    >   -     0   0   42      4,-2.5     3,-2.2    -2,-0.2    -1,-0.1  -0.425  43.6 -93.8 -82.0 168.5    1.6   -2.2  -27.7               
  169  169 A P  T 3  S+     0   0  140      0, 0.0    -1,-0.0     0, 0.0    -2,-0.0   0.695 129.0  58.7 -62.3 -18.1   -0.6   -5.3  -28.5               
  170  170 A D  T 3  S-     0   0  113      2,-0.1     3,-0.1     3,-0.0     0, 0.0   0.337 122.4-108.5 -81.7  -2.8    1.9   -6.0  -31.5               
  171  171 A G  S <  S+     0   0   39     -3,-2.2     2,-0.1     1,-0.3     0, 0.0   0.197  73.0 143.0  86.6 -10.8    4.8   -6.2  -28.9               
  172  172 A T        -     0   0   62     -5,-0.1    -4,-2.5     1,-0.1    -1,-0.3  -0.330  57.5-109.9 -64.8 133.0    6.2   -2.8  -30.2               
  173  173 A S  E     - F   0 167B   7    -30,-0.5    -6,-0.3    -6,-0.2    -1,-0.1  -0.427  14.8-149.2 -62.3 132.2    7.8   -0.5  -27.4               
  174  174 A K  E     -     0   0B 111     -8,-3.0   -34,-0.2     2,-0.3    -1,-0.1   0.356  47.2-106.2 -78.7   2.6    5.7    2.6  -26.7               
  175  175 A G  E    S+     0   0B  11     -9,-0.3   -34,-2.5     1,-0.2   -35,-0.8   0.752  91.2  89.5  71.8  25.3    8.9    4.5  -25.8               
  176  176 A C  E     +DF 139 166B  17    -10,-0.5   -10,-2.8   -37,-0.2    -2,-0.3  -0.988  47.5 178.2-148.2 159.2    8.1    4.3  -22.0               
  177  177 A A  E     -DF 138 165B   0    -39,-2.3   -39,-2.9    -2,-0.3     2,-0.4  -0.942  26.1-121.2-145.2 166.7    8.5    2.1  -18.9               
  178  178 A F  E     -DF 137 164B  34    -14,-2.6   -14,-2.5    -2,-0.3     2,-0.4  -0.972  24.6-172.5-110.4 138.3    7.9    1.9  -15.2               
  179  179 A V  E     -DF 136 163B   0    -43,-2.1   -43,-3.4    -2,-0.4     2,-0.4  -0.997   4.0-163.5-127.6 130.3   10.8    1.6  -12.7               
  180  180 A K  E     -DF 135 162B  44    -18,-2.8   -18,-1.5    -2,-0.4   -19,-1.3  -0.974   6.9-156.2-119.1 127.5   10.3    0.9   -8.9               
  181  181 A F  E     - F   0 160B   0    -47,-2.3   -21,-0.2    -2,-0.4   -23,-0.0  -0.597  27.9-120.1 -96.6 158.6   13.0    1.4   -6.3               
  182  182 A G  S    S+     0   0   22    -23,-2.3     2,-0.3    -2,-0.2    -1,-0.1   0.924  97.9  27.0 -54.5 -43.7   13.5   -0.1   -2.8               
  183  183 A S  S  > S-     0   0   20    -24,-0.2     4,-1.9     1,-0.1    -2,-0.2  -0.776  70.9-125.8-124.9 160.4   13.3    3.5   -1.4               
  184  184 A Q  H  > S+     0   0   89     -2,-0.3     4,-2.3     2,-0.2     5,-0.2   0.809 112.4  60.1 -67.7 -30.7   11.9    6.9   -2.0               
  185  185 A G  H  > S+     0   0   49      2,-0.2     4,-2.0     1,-0.2    -1,-0.2   0.946 107.5  42.8 -63.9 -48.4   15.4    8.3   -1.6               
  186  186 A E  H  > S+     0   0   46      2,-0.2     4,-2.8     1,-0.2     5,-0.2   0.931 114.1  51.7 -62.7 -46.3   16.7    6.2   -4.6               
  187  187 A A  H  X S+     0   0    0     -4,-1.9     4,-2.1     1,-0.2    -2,-0.2   0.912 112.7  45.4 -58.2 -43.5   13.6    7.0   -6.7               
  188  188 A Q  H  X S+     0   0   59     -4,-2.3     4,-2.0     2,-0.2    -1,-0.2   0.825 111.6  52.5 -72.1 -31.4   14.1   10.8   -6.0               
  189  189 A A  H  X S+     0   0   29     -4,-2.0     4,-2.1     2,-0.2    -2,-0.2   0.935 109.2  50.0 -66.2 -43.4   17.8   10.5   -6.8               
  190  190 A A  H  X S+     0   0    0     -4,-2.8     4,-2.4     2,-0.2     5,-0.4   0.900 109.6  51.0 -62.8 -41.6   16.9    8.8  -10.2               
  191  191 A I  H  X S+     0   0   28     -4,-2.1     4,-2.1     1,-0.2    -1,-0.2   0.966 113.9  44.4 -56.4 -52.9   14.4   11.6  -11.0               
  192  192 A R  H  < S+     0   0  180     -4,-2.0    -2,-0.2     1,-0.2    -1,-0.2   0.786 121.0  39.6 -64.5 -32.0   17.1   14.3  -10.3               
  193  193 A G  H  < S+     0   0   28     -4,-2.1    -1,-0.2    -5,-0.1    -2,-0.2   0.742 126.0  30.1 -89.4 -28.0   19.9   12.4  -12.2               
  194  194 A L  H  X S+     0   0    5     -4,-2.4     4,-0.6    -5,-0.2     2,-0.5   0.620  85.9 103.4-113.6 -18.7   17.9   11.1  -15.3               
  195  195 A H  T  < S-     0   0   79     -4,-2.1    13,-0.2    -5,-0.4    12,-0.1  -0.566 109.3 -17.9 -70.3 118.3   15.1   13.6  -16.0               
  196  196 A G  T  4 S+     0   0   42     11,-3.0    -1,-0.2    -2,-0.5    10,-0.1   0.112 112.6 103.0  78.9 -18.6   16.2   15.7  -19.0               
  197  197 A S  T  4 S+     0   0   70     10,-0.1     2,-0.3     1,-0.1    -2,-0.1   0.642  80.2  32.3 -77.8 -19.7   19.9   14.7  -18.7               
  198  198 A R     <  -     0   0  159     -4,-0.6     9,-2.8     9,-0.1     2,-0.4  -0.994  53.2-157.8-140.0 136.9   20.1   12.1  -21.5               
  199  199 A T  B     -G  206   0C  81     -2,-0.3     2,-0.2     7,-0.3     7,-0.2  -0.920  32.0-139.7 -95.7 131.2   18.6   11.4  -24.9               
  200  200 A M    >   -     0   0   29      5,-0.5     3,-2.4   -60,-0.5     5,-0.1  -0.588  30.3 -81.9 -89.1 158.1   18.9    7.7  -25.7               
  201  201 A A  T 3  S+     0   0   68      1,-0.3   -57,-0.2    -2,-0.2   -59,-0.2  -0.380 121.3  14.3 -57.2 127.0   19.8    6.1  -29.1               
  202  202 A G  T 3  S+     0   0   53      1,-0.3   -59,-0.8   -60,-0.1     2,-0.3   0.509  99.7 126.7  77.1   7.6   16.6    6.0  -31.2               
  203  203 A A    <   -     0   0   19     -3,-2.4    -1,-0.3   -61,-0.2   -61,-0.2  -0.766  57.1-145.2 -92.3 145.0   14.7    8.4  -28.8               
  204  204 A S  S    S+     0   0  117     -2,-0.3     2,-0.3   -63,-0.2    -1,-0.1   0.463  79.0   0.2 -82.2  -8.0   13.0   11.6  -30.0               
  205  205 A S  S    S-     0   0   59    -65,-0.3    -5,-0.5    -5,-0.1     3,-0.1  -0.973  93.3 -61.5-166.8 168.1   13.9   13.6  -26.9               
  206  206 A S  B    S-G  199   0C  47     -2,-0.3    -7,-0.3    -7,-0.2    -9,-0.1  -0.296  71.9 -79.4 -61.0 150.3   15.6   13.6  -23.5               
  207  207 A L        -     0   0    0     -9,-2.8   -11,-3.0   -13,-0.2     2,-0.9  -0.202  33.6-145.4 -59.2 132.9   14.3   11.2  -20.8               
  208  208 A V  E     +E  139   0B  37    -69,-2.4   -69,-2.9   -13,-0.2     2,-0.6  -0.837  24.6 177.1-100.5  95.7   11.1   12.1  -18.9               
  209  209 A V  E     +E  138   0B   0     -2,-0.9     2,-0.3   -71,-0.2   -71,-0.2  -0.919  17.8 137.8-107.2 113.9   11.6   10.6  -15.4               
  210  210 A K  E     -E  137   0B 112    -73,-2.3   -73,-2.4    -2,-0.6     2,-0.0  -0.910  60.0 -73.9-141.6 166.6    8.8   11.5  -13.0               
  211  211 A L  E     -E  136   0B  68     -2,-0.3     2,-0.4   -75,-0.3   -75,-0.3  -0.399  60.6-106.7 -56.5 143.3    6.7    9.8  -10.2               
  212  212 A A        -     0   0   11    -77,-2.8   -77,-0.1   -80,-0.5    -1,-0.1  -0.682  32.8-106.3 -77.6 131.5    4.1    7.4  -11.8               
  213  213 A D        -     0   0   51     -2,-0.4    -1,-0.1     1,-0.1    -3,-0.0  -0.327  39.9-116.3 -49.6 127.7    0.5    8.6  -11.9               
  214  214 A T     >  -     0   0   30      1,-0.1     4,-2.8     4,-0.0     5,-0.2  -0.206  24.8-109.0 -58.4 156.6   -1.5    6.5   -9.3               
  215  215 A D  H  > S+     0   0  106      1,-0.2     4,-2.0     2,-0.2     5,-0.1   0.850 123.5  56.1 -62.3 -24.9   -4.2    4.2  -10.7               
  216  216 A R  H  > S+     0   0  189      2,-0.2     4,-2.3     1,-0.2    -1,-0.2   0.933 110.1  42.1 -67.9 -48.3   -6.7    6.8   -9.1               
  217  217 A E  H  > S+     0   0   80      2,-0.2     4,-3.1     1,-0.2    -2,-0.2   0.877 113.1  54.7 -65.9 -36.9   -5.1    9.7  -11.0               
  218  218 A R  H  X S+     0   0   66     -4,-2.8     4,-1.9     2,-0.2    -2,-0.2   0.893 110.4  45.4 -64.3 -41.1   -5.0    7.5  -14.2               
  219  219 A A  H  X S+     0   0   58     -4,-2.0     4,-2.3    -5,-0.2    -2,-0.2   0.936 114.1  49.5 -64.4 -45.3   -8.7    6.8  -13.8               
  220  220 A L  H  X S+     0   0   84     -4,-2.3     4,-2.4     2,-0.2    -2,-0.2   0.918 111.4  48.3 -61.2 -45.0   -9.4   10.5  -13.2               
  221  221 A R  H  X S+     0   0  119     -4,-3.1     4,-2.4     2,-0.2    -1,-0.2   0.887 110.6  51.8 -64.3 -39.2   -7.3   11.6  -16.2               
  222  222 A R  H  X S+     0   0  158     -4,-1.9     4,-2.2     2,-0.2    -2,-0.2   0.924 110.3  48.6 -61.7 -43.6   -9.1    9.0  -18.4               
  223  223 A M  H  X S+     0   0  126     -4,-2.3     4,-2.1     2,-0.2    -2,-0.2   0.915 112.1  48.8 -62.5 -42.6  -12.5   10.4  -17.2               
  224  224 A Q  H  X S+     0   0  117     -4,-2.4     4,-1.7     2,-0.2    -2,-0.2   0.900 110.7  50.7 -63.4 -40.8  -11.3   14.0  -18.0               
  225  225 A Q  H  X S+     0   0  143     -4,-2.4     4,-1.2     2,-0.2    -2,-0.2   0.894 109.6  50.6 -64.8 -39.3  -10.1   12.9  -21.5               
  226  226 A M  H  X S+     0   0  150     -4,-2.2     4,-0.5     1,-0.2     3,-0.4   0.913 109.0  51.4 -64.7 -41.1  -13.5   11.3  -22.2               
  227  227 A A  H >< S+     0   0   74     -4,-2.1     3,-0.6     1,-0.2    -2,-0.2   0.863 109.1  52.2 -62.7 -36.0  -15.3   14.5  -21.2               
  228  228 A G  H >< S+     0   0   49     -4,-1.7     3,-1.5     1,-0.2    -1,-0.2   0.783  95.6  67.7 -70.8 -28.2  -13.1   16.6  -23.6               
  229  229 A H  H >< S+     0   0  144     -4,-1.2     3,-0.6    -3,-0.4    -1,-0.2   0.698  90.5  62.1 -75.9 -14.9  -13.7   14.5  -26.7               
  230  230 A L  T << S+     0   0  168     -3,-0.6    -1,-0.3    -4,-0.5     3,-0.1   0.495 100.5  56.9 -80.1  -5.1  -17.4   15.5  -27.0               
  231  231 A G  T <  S+     0   0   73     -3,-1.5    -1,-0.2     1,-0.1    -2,-0.1   0.151  83.9  87.1-109.6  13.6  -16.4   19.2  -27.5               
  232  232 A A    <   +     0   0   69     -3,-0.6     2,-0.4     1,-0.0    -1,-0.1  -0.310  50.0 106.9-128.7  50.0  -14.1   19.0  -30.6               
  233  233 A F  S    S-     0   0  170      1,-0.2    -1,-0.0    -3,-0.1    -4,-0.0  -0.930  72.6 -21.1-131.1 119.3  -15.9   19.3  -34.0               
  234  234 A H        -     0   0  172     -2,-0.4     2,-0.6     1,-0.1    -1,-0.2   0.830  53.4-120.3  72.7 131.2  -15.8   22.3  -36.3               
  235  235 A P        +     0   0  132      0, 0.0    -1,-0.1     0, 0.0     0, 0.0  -0.862  49.4 122.5-102.2 119.2  -15.0   26.1  -36.0               
  236  236 A A        -     0   0   92     -2,-0.6     2,-0.6     2,-0.1     0, 0.0  -0.852  51.4-121.5-159.5 141.0  -17.5   28.9  -36.9               
  237  237 A P        +     0   0  127      0, 0.0     0, 0.0     0, 0.0     0, 0.0  -0.724  40.1 150.5 -88.6 119.9  -18.9   31.8  -34.6               
  238  238 A L        -     0   0  163     -2,-0.6     2,-1.1     2,-0.1    -2,-0.1  -0.984  41.6-126.0-137.5 136.3  -22.6   32.2  -34.0               
  239  239 A P        +     0   0  119      0, 0.0     2,-0.2     0, 0.0     0, 0.0  -0.625  54.4 115.6 -98.0  86.4  -23.9   33.7  -30.7               
  240  240 A L        -     0   0  176     -2,-1.1    -2,-0.1     1,-0.1     0, 0.0  -0.763  41.2-118.5-164.6 135.7  -26.5   31.5  -28.8               
  241  241 A G        +     0   0   65     -2,-0.2    -1,-0.1     0, 0.0     3,-0.0   0.831  54.8  77.7 128.7 135.4  -26.9   29.9  -26.0               
  242  242 A A  S    S+     0   0  116      1,-0.0     2,-0.2     3,-0.0     0, 0.0   0.766  73.0  87.5  65.7  40.2  -27.5   27.0  -23.5               
  243  243 A C        +     0   0  139      2,-0.0    -3,-0.0     3,-0.0    -1,-0.0  -0.751  68.7  53.1-149.8 120.4  -24.2   25.0  -23.1               
  244  244 A G    >>  +     0   0   39     -2,-0.2     4,-1.2    -3,-0.0     3,-1.0   0.318  55.9 115.2 155.3 -10.9  -21.6   26.1  -20.5               
  245  245 A A  H 3> S+     0   0   79      1,-0.2     4,-1.5     2,-0.2    -2,-0.0   0.717  75.7  60.5 -61.3 -23.4  -23.0   26.4  -16.9               
  246  246 A Y  H 3> S+     0   0  187      2,-0.2     4,-1.0     1,-0.2    -1,-0.2   0.827 105.1  45.2 -77.2 -31.4  -20.9   23.5  -15.5               
  247  247 A T  H <> S+     0   0  107     -3,-1.0     4,-1.2     2,-0.2    -2,-0.2   0.856 113.8  48.2 -83.3 -33.5  -17.4   24.9  -16.2               
  248  248 A T  H  X S+     0   0   88     -4,-1.2     4,-2.6     2,-0.2     5,-0.2   0.929 107.7  55.1 -70.8 -42.9  -18.1   28.5  -14.9               
  249  249 A A  H  X S+     0   0   57     -4,-1.5     4,-1.7     1,-0.2    -1,-0.2   0.885 108.3  48.0 -58.9 -41.8  -19.7   27.3  -11.6               
  250  250 A I  H  X S+     0   0   92     -4,-1.0     4,-0.9     2,-0.2    -1,-0.2   0.874 114.4  46.2 -69.1 -36.6  -16.6   25.2  -10.7               
  251  251 A L  H  X S+     0   0  133     -4,-1.2     4,-1.6     2,-0.2     3,-0.4   0.914 111.6  50.9 -72.2 -41.1  -14.2   28.2  -11.5               
  252  252 A Q  H  X S+     0   0  143     -4,-2.6     4,-2.1     1,-0.2    -2,-0.2   0.847 103.2  59.8 -67.8 -32.3  -16.3   30.8   -9.6               
  253  253 A H  H  X S+     0   0  135     -4,-1.7     4,-1.1    -5,-0.2    -1,-0.2   0.844 106.5  47.1 -66.6 -31.9  -16.5   28.6   -6.4               
  254  254 A Q  H  X S+     0   0  128     -4,-0.9     4,-1.3    -3,-0.4    -2,-0.2   0.887 109.9  53.3 -75.3 -36.6  -12.6   28.7   -6.1               
  255  255 A A  H  X S+     0   0   61     -4,-1.6     4,-2.1     1,-0.2     3,-0.3   0.917 106.5  52.6 -63.0 -42.1  -12.5   32.5   -6.7               
  256  256 A A  H  X S+     0   0   61     -4,-2.1     4,-1.5     1,-0.2    -1,-0.2   0.875 107.0  52.2 -62.2 -38.3  -15.1   33.1   -3.8               
  257  257 A L  H  < S+     0   0  118     -4,-1.1    -1,-0.2     1,-0.2    -2,-0.2   0.793 110.8  47.6 -71.3 -28.0  -12.9   31.0   -1.3               
  258  258 A L  H >< S+     0   0  127     -4,-1.3     3,-1.3    -3,-0.3    -2,-0.2   0.864 108.3  54.3 -78.3 -36.8   -9.8   33.1   -2.2               
  259  259 A A  H >< S+     0   0   77     -4,-2.1     3,-1.0     1,-0.2    -2,-0.2   0.855 102.0  59.3 -64.1 -33.6  -11.7   36.4   -1.8               
  260  260 A A  T 3< S+     0   0   91     -4,-1.5    -1,-0.2     1,-0.2    -2,-0.1   0.496  94.2  68.2 -71.8  -5.3  -12.8   35.4    1.7               
  261  261 A A  T <  S+     0   0   78     -3,-1.3     2,-0.4     1,-0.1    -1,-0.2   0.390  90.4  64.5 -98.2  -0.0   -9.1   35.1    2.9               
  262  262 A Q  S <  S+     0   0  169     -3,-1.0    -1,-0.1     1,-0.1    -4,-0.0  -0.951  84.5  36.0-134.6 116.2   -8.1   38.8    2.8               
  263  263 A G        -     0   0   73     -2,-0.4     2,-0.5    -3,-0.1    -1,-0.1   0.464  64.2-126.9 115.4 109.2   -9.5   41.7    5.0               
  264  264 A P        +     0   0  141      0, 0.0    -3,-0.0     0, 0.0    -2,-0.0  -0.708  67.5  44.4 -80.9 126.5  -10.6   41.7    8.6               
  265  265 A G        +     0   0   72     -2,-0.5     2,-0.2     1,-0.2     0, 0.0   0.828  45.7 111.9 108.6  94.9  -14.1   43.1    9.4               
  266  266 A L        -     0   0  168     -3,-0.0    -1,-0.2     0, 0.0    -3,-0.0  -0.784  56.9-110.7-157.9 145.9  -17.7   42.9    8.2               
  267  267 A G    >   -     0   0   38     -2,-0.2     3,-1.7     1,-0.1     4,-0.4  -0.233  32.0-100.7 -72.9 162.8  -20.5   41.3   10.2               
  268  268 A P  T 3> S+     0   0  119      0, 0.0     4,-0.5     0, 0.0    -1,-0.1   0.472 109.3  77.1 -66.0  -2.1  -22.4   38.0    9.2               
  269  269 A V  H 3> S+     0   0  123      1,-0.2     4,-0.8     2,-0.2     3,-0.1   0.760  87.7  56.8 -78.5 -25.2  -25.5   40.0    7.8               
  270  270 A A  H <> S+     0   0   56     -3,-1.7     4,-0.9     1,-0.2     3,-0.3   0.866  99.0  58.5 -76.0 -34.6  -23.7   40.9    4.5               
  271  271 A A  H  4 S+     0   0   74     -4,-0.4     4,-0.4     1,-0.2    -1,-0.2   0.793 102.1  54.9 -67.4 -28.3  -22.9   37.3    3.4               
  272  272 A V  H >< S+     0   0   99     -4,-0.5     3,-1.0     1,-0.2     4,-0.3   0.857  99.0  61.4 -73.7 -34.4  -26.6   36.2    3.5               
  273  273 A A  H >< S+     0   0   62     -4,-0.8     3,-1.2    -3,-0.3     4,-0.2   0.876  98.5  56.2 -63.3 -37.2  -27.7   39.0    1.1               
  274  274 A A  T 3< S+     0   0   84     -4,-0.9     3,-0.4     1,-0.2    -1,-0.2   0.688 101.4  58.6 -68.7 -18.5  -25.5   37.7   -1.8               
  275  275 A Q  T <  S+     0   0  179     -3,-1.0     3,-0.2    -4,-0.4    -1,-0.2   0.521  98.1  60.8 -87.4  -5.0  -27.2   34.2   -1.6               
  276  276 A M  S <  S+     0   0  148     -3,-1.2     3,-0.4    -4,-0.3    -1,-0.2   0.392  80.4  78.3-109.7   2.4  -30.7   35.5   -2.3               
  277  277 A Q  S    S+     0   0  160     -3,-0.4     3,-0.3    -4,-0.2    -1,-0.1   0.406  78.1  67.8-101.2   3.9  -30.6   37.2   -5.8               
  278  278 A H  S    S+     0   0  180     -3,-0.2     3,-0.3     1,-0.2    -1,-0.2   0.235  78.5  79.7-109.3  16.6  -30.7   34.2   -8.3               
  279  279 A V  S    S+     0   0  135     -3,-0.4    -1,-0.2     1,-0.2     3,-0.1  -0.085  83.7  66.8-104.6  29.9  -34.3   33.0   -7.6               
  280  280 A A  S    S+     0   0   96     -3,-0.3    -1,-0.2     1,-0.1     3,-0.1  -0.140  75.2  81.1-143.7  37.8  -35.8   35.8   -9.9               
  281  281 A A  S    S+     0   0   76     -3,-0.3     3,-0.1     1,-0.1    -1,-0.1   0.128  75.0  63.6-141.4  23.0  -34.8   35.0  -13.5               
  282  282 A F  S    S+     0   0  209      1,-0.1     2,-0.3    -3,-0.1    -1,-0.1  -0.168  89.5  55.7-146.9  49.1  -37.1   32.2  -15.0               
  283  283 A S  S    S+     0   0  114      1,-0.1    -1,-0.1    -3,-0.1     0, 0.0  -0.897  74.4  40.5-163.6 156.8  -40.7   33.6  -15.2               
  284  284 A L        +     0   0  171     -2,-0.3     2,-0.4     1,-0.2    -1,-0.1   0.991  28.8 150.1  66.9  85.1  -42.7   36.5  -16.7               
  285  285 A V        -     0   0  147      0, 0.0     2,-0.3     0, 0.0    -1,-0.2  -0.993  50.1-130.2-106.7 126.5  -42.4   38.2  -19.9               
  286  286 A A        -     0   0   85     -2,-0.4     0, 0.0     1,-0.1     0, 0.0  -0.650  26.1-168.8 -80.6 133.3  -46.0   39.4  -20.6               
  287  287 A A        -     0   0   92     -2,-0.3    -1,-0.1     0, 0.0     2,-0.0   0.882  12.4-152.2  68.7 158.5  -48.3   39.3  -23.1               
  288  288 A P        +     0   0  108      0, 0.0    -2,-0.0     0, 0.0     0, 0.0   0.524  30.0  24.0-137.8-173.9  -51.0   40.0  -24.6               
  289  289 A L        -     0   0  150     -2,-0.0     0, 0.0     2,-0.0     0, 0.0   0.643  49.5  -8.1  71.7 147.3  -53.9   39.1  -27.1               
  290  290 A L        -     0   0  155      1,-0.1     2,-0.2     0, 0.0     0, 0.0   0.851  23.5-163.4-154.1 163.0  -56.0   37.0  -28.7               
  291  291 A P        -     0   0  116      0, 0.0     2,-0.2     0, 0.0    -1,-0.1  -0.624   2.3-173.6-114.3 163.9  -57.3   33.6  -30.0               
  292  292 A A        -     0   0   97     -2,-0.2     0, 0.0     1,-0.0     0, 0.0  -0.854  31.2 -62.8-154.6 131.9  -59.5   31.5  -32.4               
  293  293 A A        +     0   0  102     -2,-0.2    -1,-0.0     0, 0.0     0, 0.0   0.568  32.5 142.8  22.5 145.9  -60.5   27.9  -32.9               
  294  294 A A        -     0   0   98      0, 0.0    -2,-0.0     0, 0.0     0, 0.0   0.889  20.3 -56.3-169.4-170.5  -60.2   24.7  -33.5               
  295  295 A A        -     0   0   86      0, 0.0     0, 0.0     0, 0.0     0, 0.0   0.758  13.5 -98.0-158.6-173.8  -61.0   21.4  -33.2               
  296  296 A N        -     0   0  153      1,-0.0     0, 0.0     2,-0.0     0, 0.0   0.220  34.0 -70.6 -12.4 154.3  -61.7   17.7  -32.2               
  297  297 A S        -     0   0  104      1,-0.1    -1,-0.0     0, 0.0     0, 0.0   0.796  17.7-120.4-177.8 163.5  -60.5   14.6  -32.1               
  298  298 A P        +     0   0  117      0, 0.0    -1,-0.1     0, 0.0    -2,-0.0  -0.066  18.5 113.4-108.0-155.0  -59.2   10.9  -32.5               
  299  299 A P        +     0   0  128      0, 0.0     2,-0.3     0, 0.0     0, 0.0   0.795   6.7 162.2-126.7-178.8  -58.5    7.7  -32.6               
  300  300 A G        -     0   0   78      2,-0.0     0, 0.0     0, 0.0     0, 0.0  -0.907  26.9-131.8-153.6 123.4  -58.2    4.3  -34.6               
  301  301 A S        +     0   0  128     -2,-0.3     0, 0.0     2,-0.0     0, 0.0  -0.059  40.1  90.1 -50.3 153.2  -56.5    0.9  -33.9               
  302  302 A G        -     0   0   74      2,-0.0     2,-0.2     0, 0.0    -2,-0.0   0.325  35.7-143.4 129.7 128.9  -54.2   -1.6  -35.6               
  303  303 A P        -     0   0  139      0, 0.0     2,-0.3     0, 0.0    -2,-0.0  -0.700  15.2-172.7-101.6 157.1  -50.6   -2.9  -36.4               
  304  304 A G        -     0   0   79     -2,-0.2     2,-0.4     2,-0.0    -2,-0.0  -0.985  18.4-111.7-152.0 154.3  -49.0   -4.5  -39.5               
  305  305 A T        -     0   0  129     -2,-0.3     0, 0.0     2,-0.0     0, 0.0  -0.778  33.6 -39.6-109.5 136.2  -45.6   -6.1  -40.4               
  306  306 A L        +     0   0  164     -2,-0.4    -2,-0.0     2,-0.0     2,-0.0   0.213  42.2  19.8  60.8-173.1  -42.4   -5.9  -42.4               
  307  307 A P        +     0   0  124      0, 0.0     2,-0.3     0, 0.0    -2,-0.0   0.056  12.5 138.0-131.0 168.4  -40.3   -5.2  -45.1               
  308  308 A G        -     0   0   82      2,-0.0    -2,-0.0    -2,-0.0     0, 0.0  -0.928  19.3-150.9-168.9 143.9  -38.5   -4.0  -48.3               
  309  309 A L        +     0   0  174     -2,-0.3     2,-0.1     2,-0.0     0, 0.0  -0.407  22.1 111.4 -90.1 177.2  -35.3   -2.8  -50.1               
  310  310 A P        +     0   0  126      0, 0.0    -2,-0.0     0, 0.0     0, 0.0   0.267  12.5 179.3-141.6-157.0  -33.5   -1.2  -52.3               
  311  311 A A        -     0   0   90     -2,-0.1     2,-0.3     0, 0.0    -2,-0.0  -0.973  20.9-126.4-137.3 154.4  -31.0    1.6  -53.4               
  312  312 A P        -     0   0  108      0, 0.0     0, 0.0     0, 0.0     0, 0.0  -0.851  25.2 -86.6-103.5 141.4  -29.2    3.1  -56.5               
  313  313 A I        +     0   0  175     -2,-0.3     0, 0.0     0, 0.0     0, 0.0   0.409  23.5 177.3  59.3 125.6  -26.1    4.0  -57.8               
  314  314 A G        -     0   0   74      0, 0.0     0, 0.0     0, 0.0     0, 0.0   0.695  22.8 -48.9-154.5-157.0  -23.4    5.9  -58.4               
  315  315 A V        -     0   0  144      0, 0.0     2,-0.0     0, 0.0     0, 0.0   0.730  25.3-136.2-156.1 179.5  -20.4    6.8  -59.6               
  316  316 A N        +     0   0  150      0, 0.0     2,-0.0     0, 0.0     0, 0.0  -0.098  16.3 158.8 -86.3 167.2  -16.5    6.1  -60.0               
  317  317 A G        -     0   0   67     -2,-0.0     2,-0.1     0, 0.0     0, 0.0   0.084  17.5-166.2 152.8 101.2  -12.8    7.2  -60.0               
  318  318 A F        +     0   0  212      2,-0.0     0, 0.0    -2,-0.0     0, 0.0   0.172  13.5  85.0  47.2 127.2   -9.7    5.8  -59.7               
  319  319 A G        -     0   0   68     -2,-0.1     2,-0.0     0, 0.0     0, 0.0   0.759  19.9-165.0-167.2-172.1   -6.5    6.0  -59.2               
  320  320 A P        +     0   0  126      0, 0.0     2,-0.1     0, 0.0    -2,-0.0  -0.048  24.2 135.8 -95.5-165.1   -2.8    6.2  -57.9               
  321  321 A L        +     0   0  162     -2,-0.0     0, 0.0     0, 0.0     0, 0.0   0.140  29.2  29.4  93.2 144.1    0.9    7.1  -59.0               
  322  322 A T        -     0   0  123      1,-0.1     2,-0.2    -2,-0.1     0, 0.0   0.840  23.4-155.6-152.1 160.6    3.8    8.6  -58.3               
  323  323 A P        -     0   0  127      0, 0.0     2,-0.3     0, 0.0    -1,-0.1  -0.603  22.4-173.4 -82.1 148.9    6.6   10.1  -56.0               
  324  324 A Q        -     0   0  196     -2,-0.2     2,-0.4     2,-0.1     0, 0.0  -0.979  12.9-133.1-142.4 153.5    9.0   12.9  -57.0               
  325  325 A T        -     0   0  132     -2,-0.3     2,-0.2     2,-0.0     0, 0.0  -0.859  13.5-168.5-116.2 139.0   12.1   14.4  -55.3               
  326  326 A N        -     0   0  170     -2,-0.4     2,-0.1     2,-0.0    -2,-0.1  -0.844  15.7-153.2-160.3 139.3   13.7   17.8  -54.4               
  327  327 A G        +     0   0   62     -2,-0.2    -2,-0.0     2,-0.0     0, 0.0  -0.891  32.7 126.6 148.7  41.2   16.5   18.5  -53.3               
  328  328 A Q        -     0   0  187     -2,-0.1     2,-0.2     2,-0.0    -2,-0.0  -0.932  23.2-177.7-150.6 129.9   18.9   20.8  -51.3               
  329  329 A P        +     0   0  122      0, 0.0     2,-0.1     0, 0.0    -2,-0.0  -0.781   8.3 157.3-115.7 169.5   21.4   20.1  -48.4               
  330  330 A G        +     0   0   75     -2,-0.2    -2,-0.0     0, 0.0     0, 0.0  -0.057  17.7   1.5 121.6 145.9   23.9   21.9  -46.1               
  331  331 A S        -     0   0  116      1,-0.1     0, 0.0    -2,-0.1     0, 0.0   0.697  13.3-168.8-160.1 157.8   25.6   22.4  -43.6               
  332  332 A D        +     0   0  146      0, 0.0    -1,-0.1     0, 0.0     0, 0.0   0.120  24.5 142.1 -64.1 179.7   27.2   21.7  -40.1               
  333  333 A T        -     0   0  132      0, 0.0     2,-0.0     0, 0.0     0, 0.0   0.303  19.2-150.0 101.7 146.4   29.2   23.8  -37.5               
  334  334 A L        +     0   0  133      0, 0.0     0, 0.0     0, 0.0     0, 0.0   0.600  22.7 120.1-170.4 167.7   29.8   24.3  -34.3               
  335  335 A Y        +     0   0  210     -2,-0.0     0, 0.0     0, 0.0     0, 0.0   0.406  26.2  54.5  63.0 159.8   30.6   25.5  -30.6               
  336  336 A N        -     0   0  139      1,-0.1     0, 0.0     0, 0.0     0, 0.0   0.550  17.1-176.1-161.8 158.7   30.0   26.1  -27.5               
  337  337 A N        +     0   0  133      2,-0.0     2,-0.3     0, 0.0    -1,-0.1  -0.139  29.0 169.4 -50.5 141.5   29.0   26.2  -23.8               
  338  338 A G        -     0   0   74      0, 0.0     2,-0.3     0, 0.0     0, 0.0  -0.937  17.1-141.0-165.1 137.3   29.1   29.4  -21.6               
  339  339 A L        +     0   0  152     -2,-0.3    -2,-0.0     2,-0.0     0, 0.0  -0.787  27.9  35.1-113.4 148.6   27.7   30.2  -18.1               
  340  340 A S        +     0   0  110     -2,-0.3     2,-0.1     0, 0.0     0, 0.0   0.233  37.9  25.0  76.1 173.1   26.0   32.7  -15.7               
  341  341 A P        -     0   0  105      0, 0.0    -2,-0.0     0, 0.0     0, 0.0  -0.215  20.8-121.1-141.6 144.7   24.0   35.1  -14.6               
  342  342 A Y        +     0   0  231     -2,-0.1     2,-0.0     1,-0.0     0, 0.0   0.366  21.4 133.6  58.8 172.9   21.1   37.7  -13.9               
  343  343 A P        -     0   0  119      0, 0.0    -1,-0.0     0, 0.0     0, 0.0   0.725  33.5-114.3-120.1-171.4   19.3   40.3  -13.4               
  344  344 A A        +     0   0   89      2,-0.0     2,-0.2    -2,-0.0     0, 0.0  -0.155  27.6 153.5 -61.6 147.2   15.8   41.7  -14.4               
  345  345 A Q        +     0   0  200      2,-0.0     0, 0.0     0, 0.0     0, 0.0  -0.846  13.8 178.7-157.2 154.9   14.3   44.6  -16.3               
  346  346 A S        -     0   0  108     -2,-0.2     2,-0.4     2,-0.0    -2,-0.0  -0.960  16.7-150.3-130.8 154.2   10.9   44.9  -18.1               
  347  347 A P        -     0   0  129      0, 0.0     2,-0.2     0, 0.0    -2,-0.0  -0.999  15.7-174.8-120.1 137.2    8.9   47.5  -20.0               
  348  348 A G        -     0   0   75     -2,-0.4     2,-0.3     0, 0.0    -2,-0.0  -0.631  18.3-130.7-101.9 174.9    5.1   47.5  -20.1               
  349  349 A V        +     0   0  155     -2,-0.2     2,-0.3     2,-0.0     0, 0.0  -0.944  31.8 167.2-125.0 149.7    2.7   49.8  -22.1               
  350  350 A A        -     0   0   97     -2,-0.3     0, 0.0     2,-0.0     0, 0.0  -0.883  23.4-173.5-137.1 165.8   -0.3   51.7  -20.7               
  351  351 A D        -     0   0  157     -2,-0.3     2,-0.3     2,-0.0    -2,-0.0  -0.719  18.9-179.7-159.2 154.5   -2.9   54.2  -21.0               
  352  352 A P        -     0   0   95      0, 0.0     2,-0.2     0, 0.0    -2,-0.0  -0.862  14.0-149.6-131.9 167.7   -5.6   55.6  -18.4               
  353  353 A L        -     0   0  167     -2,-0.3    -2,-0.0     1,-0.0     0, 0.0  -0.792  29.9 -63.9-173.8 153.0   -8.6   58.0  -17.6               
  354  354 A Q        -     0   0  137     -2,-0.2    -1,-0.0     1,-0.1     0, 0.0   0.628  19.9 -74.8-163.7 159.0   -9.8   59.6  -14.9               
  355  355 A Q        +     0   0  155      0, 0.0     2,-0.1     0, 0.0    -1,-0.1   0.308  20.2 164.8 -16.8 135.6  -11.3   61.2  -11.6               
  356  356 A A        -     0   0   93      1,-0.1     0, 0.0     0, 0.0     0, 0.0  -0.424  40.3 -21.7 179.3 146.1  -14.6   61.8   -9.8               
  357  357 A Y        -     0   0  234     -2,-0.1     2,-0.3     1,-0.1    -1,-0.1   0.888  29.5-166.1-152.0 169.7  -15.4   62.6   -6.8               
  358  358 A A        +     0   0   99      2,-0.0     2,-0.2     0, 0.0    -1,-0.1  -0.854  21.2 152.9-123.3 151.7  -14.9   63.0   -2.9               
  359  359 A G        +     0   0   75     -2,-0.3     0, 0.0     0, 0.0     0, 0.0  -0.537  14.0  24.0 143.2 156.2  -16.8   63.7    0.4               
  360  360 A M        -     0   0  171     -2,-0.2    -2,-0.0     2,-0.0     0, 0.0   0.337  36.4-108.7-160.5 124.2  -17.6   63.8    3.5               
  361  361 A H        -     0   0  165      0, 0.0     0, 0.0     0, 0.0     0, 0.0   0.951  18.6-104.2  58.3 123.4  -16.8   63.6    7.2               
  362  362 A H        -     0   0  169      0, 0.0     2,-0.2     0, 0.0    -2,-0.0   0.178  14.9-175.4 -18.6 148.5  -16.9   61.8   10.6               
  363  363 A Y        +     0   0  234      2,-0.0     2,-0.1     0, 0.0     0, 0.0  -0.825  22.8 175.7-163.4 174.2  -18.5   62.0   13.9               
  364  364 A A        +     0   0   87     -2,-0.2     0, 0.0     0, 0.0     0, 0.0  -0.491  11.6 110.1-145.4-179.3  -17.9   60.0   17.0               
  365  365 A A        +     0   0  100     -2,-0.1    -2,-0.0     0, 0.0     0, 0.0   0.281  13.2  98.8  75.9 158.2  -18.0   58.6   20.7               
  366  366 A A        -     0   0   83      0, 0.0     0, 0.0     0, 0.0     0, 0.0   0.477  38.3 -97.5-153.4 133.7  -18.3   56.8   23.3               
  367  367 A Y        +     0   0  222      1,-0.0     2,-0.1     0, 0.0     0, 0.0   0.700  28.4 158.4  66.7 155.8  -16.7   54.5   25.9               
  368  368 A P        +     0   0  108      0, 0.0    -1,-0.0     0, 0.0     0, 0.0  -0.432   3.9 120.9-149.1-169.5  -16.0   51.0   26.9               
  369  369 A S        +     0   0  107     -2,-0.1     2,-0.1     1,-0.1     0, 0.0   0.973  10.6 170.4  75.4 120.7  -14.4   48.0   28.7               
  370  370 A A        -     0   0   92      2,-0.0    -1,-0.1     0, 0.0     0, 0.0  -0.480  51.1 -66.1-158.4 106.9  -14.1   45.1   30.9               
  371  371 A Y        -     0   0  216     -2,-0.1     0, 0.0     2,-0.0     0, 0.0   0.729  48.1 -46.0  45.4 103.6  -11.1   42.6   31.0               
  372  372 A A        -     0   0   92      1,-0.0     2,-0.2     0, 0.0    -2,-0.0   0.784  21.7-146.7  89.0 152.4   -9.2   40.0   29.5               
  373  373 A P        -     0   0  119      0, 0.0     2,-0.2     0, 0.0    -1,-0.0  -0.646  10.9-138.4-133.0 176.1   -8.2   36.8   27.6               
  374  374 A V        -     0   0  138     -2,-0.2     0, 0.0     0, 0.0     0, 0.0  -0.739  35.8 -96.7-160.8 148.4   -6.3   33.8   26.6               
  375  375 A S        +     0   0   97     -2,-0.2     0, 0.0     2,-0.0     0, 0.0   0.331  44.9  88.2 -38.4 166.8   -5.3   32.1   23.2               
  376  376 A T        +     0   0  124      1,-0.0     2,-0.3     0, 0.0    -1,-0.0   0.632  14.1 170.8-152.0 146.6   -5.2   30.2   20.7               
  377  377 A A        +     0   0   92      2,-0.0    -2,-0.0     0, 0.0    -1,-0.0  -0.733   4.2 176.0 -93.2 144.6   -6.5   30.0   17.1               
  378  378 A F        -     0   0  190     -2,-0.3     2,-0.1     0, 0.0     0, 0.0  -0.977  34.6-113.8-137.2 137.9   -5.6   27.5   14.3               
  379  379 A P        -     0   0  124      0, 0.0     2,-0.5     0, 0.0    -2,-0.0  -0.390  26.0-115.5 -76.0 145.3   -7.4   27.6   10.9               
  380  380 A Q        -     0   0  194     -2,-0.1     0, 0.0     2,-0.0     0, 0.0  -0.651  21.1-163.8 -77.6 121.2   -9.6   24.7    9.6               
  381  381 A Q        -     0   0  168     -2,-0.5     2,-2.1     2,-0.0     0, 0.0  -0.860  33.0-115.6 -89.4 140.7   -8.6   22.8    6.5               
  382  382 A P        -     0   0  134      0, 0.0     2,-0.6     0, 0.0    -2,-0.0  -0.452  35.6-167.5 -78.5  72.8  -11.5   20.8    5.1               
  383  383 A S        -     0   0   98     -2,-2.1     2,-0.8     1,-0.1    -2,-0.0  -0.512  26.1-120.4 -63.7 110.4  -10.0   17.3    5.6               
  384  384 A A        -     0   0  103     -2,-0.6    -1,-0.1     1,-0.0     3,-0.0  -0.360  27.6-159.9 -61.5  98.6  -12.3   14.9    3.6               
  385  385 A L        -     0   0  112     -2,-0.8     2,-0.2     1,-0.1    -1,-0.0  -0.553  34.1-100.7 -63.4 141.8  -13.8   12.4    6.0               
  386  386 A P        -     0   0  112      0, 0.0     2,-1.5     0, 0.0    -1,-0.1  -0.544  57.2 -91.8 -57.7 131.3  -15.1    9.2    4.3               
  387  387 A Q        -     0   0  141     -2,-0.2     2,-0.7     1,-0.0    -3,-0.0  -0.338  41.1-167.3 -63.2  88.0  -18.8   10.0    4.2               
  388  388 A Q        -     0   0   99     -2,-1.5     2,-0.1     1,-0.1    -3,-0.0  -0.725  48.2-100.3 -61.1 107.8  -20.2    8.5    7.4               
  389  389 A Q        -     0   0   51     -2,-0.7     2,-1.6     1,-0.1    35,-0.1  -0.264  30.9-141.1 -52.1 113.3  -23.8    8.8    6.2               
  390  390 A R        -     0   0  187     33,-0.2    -1,-0.1    35,-0.1     2,-0.1  -0.670  22.9-158.9 -79.2  85.9  -25.2   11.9    7.9               
  391  391 A E        -     0   0   90     -2,-1.6     3,-0.1     1,-0.1     6,-0.1  -0.462  10.0-130.0 -63.3 139.5  -28.6   10.6    8.6               
  392  392 A G        -     0   0   15      1,-0.2    53,-0.2    -2,-0.1     5,-0.1  -0.191  42.4 -62.9 -75.1-178.8  -31.2   13.3    9.2               
  393  393 A P  S >  S-     0   0   76      0, 0.0     3,-2.1     0, 0.0     4,-0.4  -0.075  76.0 -69.2 -53.9 164.1  -33.7   13.4   12.2               
  394  394 A E  T 3  S+     0   0  159      1,-0.3     0, 0.0     2,-0.2     0, 0.0  -0.306 128.0  24.7 -57.9 142.3  -36.3   10.6   12.5               
  395  395 A G  T 3  S+     0   0   34     77,-0.3    -1,-0.3     2,-0.1    51,-0.1   0.177 106.9  83.1  78.3 -14.0  -38.9   10.8    9.8               
  396  396 A C    <   +     0   0    0     -3,-2.1    48,-2.6    48,-0.1     2,-0.5   0.534  69.6  92.8 -92.0 -10.2  -36.3   12.7    7.5               
  397  397 A N  E     -H  443   0D  17     -4,-0.4    75,-3.0    46,-0.2     2,-0.3  -0.789  57.9-164.5 -95.9 123.2  -34.6    9.5    6.2               
  398  398 A L  E     -HI 442 471D   1     44,-3.5    44,-1.4    -2,-0.5     2,-0.4  -0.760  11.4-152.9-104.0 149.4  -35.7    7.8    3.0               
  399  399 A F  E     -HI 441 470D  44     71,-3.1    71,-2.4    -2,-0.3     2,-0.4  -0.989  17.8-163.7-122.3 127.5  -35.1    4.3    1.6               
  400  400 A I  E     -HI 440 469D   0     40,-3.0    40,-2.4    -2,-0.4     2,-0.3  -0.964   6.6-174.1-126.7 125.6  -35.2    4.0   -2.2               
  401  401 A Y  E     +HI 439 468D  91     67,-2.6    67,-2.1    -2,-0.4    38,-0.2  -0.791  59.4  36.1-117.2 162.5  -35.5    0.9   -4.4               
  402  402 A H  S    S+     0   0   95     36,-1.1    37,-0.2    -2,-0.3    -1,-0.1   0.688  70.3 167.0  63.7  29.2  -35.4    0.1   -8.2               
  403  403 A L        -     0   0    1     35,-1.8    -1,-0.2    -3,-0.2    63,-0.1  -0.281  45.4 -95.8 -54.0 148.4  -32.8    2.7   -9.0               
  404  404 A P    >   -     0   0    9      0, 0.0     3,-0.6     0, 0.0    34,-0.2  -0.230  29.8-118.8 -54.9 158.5  -31.2    2.4  -12.5               
  405  405 A Q  T 3  S+     0   0  103      1,-0.2    31,-0.6    -3,-0.1    33,-0.1   0.801 116.4  54.5 -75.2 -27.0  -27.9    0.4  -12.5               
  406  406 A E  T 3  S+     0   0  151     29,-0.1     2,-0.6     2,-0.0    -1,-0.2   0.418  84.1 107.5 -81.5  -9.2  -26.2    3.6  -13.8               
  407  407 A F    <   +     0   0   32     -3,-0.6    31,-0.2     4,-0.1     2,-0.1  -0.698  45.7 171.9 -79.0 119.3  -27.5    5.8  -10.9               
  408  408 A G     >  -     0   0   25     -2,-0.6     4,-1.9    28,-0.0     5,-0.1  -0.298  52.6 -74.1-105.0-166.7  -24.8    6.7   -8.4               
  409  409 A D  H  > S+     0   0   62      1,-0.2     4,-1.9     2,-0.2     5,-0.1   0.861 128.5  52.5 -61.5 -36.8  -24.7    9.0   -5.3               
  410  410 A A  H  > S+     0   0   48      2,-0.2     4,-2.7     1,-0.2    -1,-0.2   0.913 109.6  46.3 -70.9 -43.0  -24.6   12.2   -7.5               
  411  411 A E  H  > S+     0   0   71      2,-0.2     4,-2.4     1,-0.2    -1,-0.2   0.881 112.0  53.2 -66.7 -37.6  -27.7   11.3   -9.6               
  412  412 A L  H  X S+     0   0    1     -4,-1.9     4,-0.9     2,-0.2    -2,-0.2   0.886 111.3  45.9 -65.9 -39.2  -29.5   10.3   -6.3               
  413  413 A I  H >X S+     0   0   61     -4,-1.9     4,-2.3     2,-0.2     3,-1.0   0.975 113.8  48.1 -63.0 -55.4  -28.7   13.8   -4.8               
  414  414 A Q  H 3< S+     0   0  129     -4,-2.7    -2,-0.2     1,-0.3    -3,-0.2   0.860 110.4  52.1 -57.8 -38.6  -29.7   15.7   -8.0               
  415  415 A T  H 3< S+     0   0   37     -4,-2.4    -1,-0.3     1,-0.2    -2,-0.2   0.777 118.4  36.1 -66.3 -29.7  -33.1   13.7   -8.2               
  416  416 A F  H X< S+     0   0    1     -3,-1.0     3,-1.8    -4,-0.9     4,-0.4   0.659  91.7  86.1-106.5 -16.8  -34.0   14.6   -4.6               
  417  417 A L  G >< S+     0   0   92     -4,-2.3     3,-1.4     1,-0.3    -2,-0.1   0.808  79.6  67.6 -50.6 -36.8  -32.6   18.2   -4.2               
  418  418 A P  G 3  S+     0   0  103      0, 0.0    -1,-0.3     0, 0.0    -2,-0.1   0.673  99.7  51.2 -61.9 -16.7  -36.0   19.7   -5.6               
  419  419 A F  G <  S-     0   0   43     -3,-1.8     2,-0.3     1,-0.3    -2,-0.2   0.547 125.3 -58.3 -96.6 -11.1  -37.9   18.4   -2.5               
  420  420 A G  S <  S-     0   0   21     -3,-1.4     2,-0.7    -4,-0.4    -1,-0.3  -0.914  78.5 -33.0 155.6-179.2  -35.5   19.9    0.2               
  421  421 A A        -     0   0   53     -2,-0.3    24,-1.3    -3,-0.1     2,-0.8  -0.536  53.8-144.4 -72.9 109.4  -31.9   20.1    1.6               
  422  422 A V  E     -J  444   0D  29     -2,-0.7    22,-0.3    22,-0.2     3,-0.2  -0.664  16.9-175.6 -76.8 109.3  -30.3   16.7    1.2               
  423  423 A V  E    S-     0   0D  47     20,-2.2     2,-0.3    -2,-0.8   -33,-0.2   0.790  72.7 -11.2 -74.8 -33.1  -28.1   16.1    4.2               
  424  424 A S  E     -J  443   0D  13     19,-1.4    19,-3.2   -35,-0.1     2,-0.3  -0.913  59.5-174.7-161.5 143.6  -26.8   12.8    2.7               
  425  425 A A  E     +J  442   0D   4     -2,-0.3     2,-0.3    17,-0.2    17,-0.2  -0.976  10.3 176.6-133.6 153.7  -27.5   10.5   -0.1               
  426  426 A K  E     -J  441   0D  67     15,-2.5    15,-2.3    -2,-0.3     2,-0.3  -0.841  19.7-154.1-158.5 126.1  -26.0    7.1   -1.0               
  427  427 A V  E     -J  440   0D   8     13,-0.3     2,-0.7    -2,-0.3    13,-0.3  -0.684  27.3-129.0 -86.1 142.0  -26.4    4.3   -3.5               
  428  428 A F  E     -     0   0D  66     11,-2.7     9,-2.8    -2,-0.3    11,-0.5  -0.864  27.0-171.8 -99.6 114.7  -25.3    0.8   -2.4               
  429  429 A V  E     -J  436   0D  81     -2,-0.7     2,-0.5     7,-0.3     7,-0.3  -0.602  30.0-108.1 -93.1 157.6  -22.9   -1.0   -4.9               
  430  430 A D     >  -     0   0   52      5,-2.9     4,-2.0    -2,-0.2     5,-0.3  -0.800  22.1-148.6 -82.3 127.4  -21.7   -4.6   -4.7               
  431  431 A R  T  4 S+     0   0  237     -2,-0.5    -1,-0.1     1,-0.2    -2,-0.0   0.652  93.6  52.8 -74.6 -17.7  -18.0   -4.6   -3.8               
  432  432 A A  T  4 S+     0   0   90      3,-0.1    -1,-0.2     1,-0.1    -2,-0.0   0.832 127.1  18.5 -83.5 -35.8  -17.2   -7.8   -5.8               
  433  433 A T  T  4 S-     0   0   85      2,-0.2    -2,-0.2    -3,-0.1     3,-0.1   0.497  91.4-130.2-111.4  -9.6  -18.6   -6.6   -9.2               
  434  434 A N     <  +     0   0  128     -4,-2.0     2,-0.3     1,-0.2    -3,-0.1   0.570  62.5 139.8  56.2  17.4  -18.8   -2.8   -8.7               
  435  435 A Q        -     0   0   93     -5,-0.3    -5,-2.9     1,-0.1    -1,-0.2  -0.643  60.8-104.6 -87.0 142.9  -22.5   -3.0   -9.9               
  436  436 A S  E     - J   0 429D  14    -31,-0.6    -7,-0.3    -2,-0.3    -1,-0.1  -0.434  15.2-143.5 -60.9 131.1  -25.3   -0.9   -8.3               
  437  437 A K  E     -     0   0D  96     -9,-2.8   -35,-0.2     2,-0.2    -1,-0.1   0.296  43.6-115.8 -74.7   9.9  -27.6   -3.0   -6.0               
  438  438 A C  E    S+     0   0D  28    -34,-0.2   -35,-1.8     1,-0.2   -36,-1.1   0.699  84.7  93.9  58.5  25.1  -30.4   -0.8   -7.4               
  439  439 A F  E     +H  401   0D  47    -11,-0.5   -11,-2.7   -38,-0.2     2,-0.3  -0.986  42.6 156.0-140.7 155.1  -31.1    0.7   -3.9               
  440  440 A G  E     -HJ 400 427D   0    -40,-2.4   -40,-3.0    -2,-0.3     2,-0.3  -0.937  30.7-114.8-159.3 178.1  -30.0    3.8   -1.9               
  441  441 A F  E     -HJ 399 426D  33    -15,-2.3   -15,-2.5    -2,-0.3     2,-0.4  -0.954  14.9-164.7-123.7 147.6  -30.9    6.2    1.0               
  442  442 A V  E     -HJ 398 425D   0    -44,-1.4   -44,-3.5    -2,-0.3     2,-0.5  -0.999   7.6-161.2-130.1 131.4  -31.6    9.9    1.0               
  443  443 A S  E     -HJ 397 424D   4    -19,-3.2   -20,-2.2    -2,-0.4   -19,-1.4  -0.967   5.5-164.5-116.4 118.8  -31.6   12.0    4.2               
  444  444 A F  E     - J   0 422D   0    -48,-2.6   -22,-0.2    -2,-0.5   -48,-0.1  -0.530  27.0-127.5 -90.5 165.3  -33.3   15.4    4.4               
  445  445 A D  S    S+     0   0   79    -24,-1.3   -49,-0.1    -2,-0.2   -23,-0.1   0.802  96.0  34.5 -76.6 -30.3  -32.8   18.0    7.1               
  446  446 A N  S  > S-     0   0   48    -25,-0.2     4,-1.2   -50,-0.1     3,-0.2  -0.906  75.5-130.0-130.4 151.1  -36.6   18.2    7.8               
  447  447 A P  H  > S+     0   0   65      0, 0.0     4,-2.3     0, 0.0     5,-0.2   0.774 103.5  64.6 -76.1 -23.6  -39.5   15.6    7.7               
  448  448 A T  H  > S+     0   0   98      2,-0.2     4,-2.6     1,-0.2     5,-0.2   0.927 103.0  48.4 -64.6 -43.2  -41.8   17.7    5.4               
  449  449 A S  H  > S+     0   0   14      2,-0.2     4,-2.7     1,-0.2    -1,-0.2   0.911 110.3  52.0 -61.0 -42.2  -39.2   17.5    2.5               
  450  450 A A  H  X S+     0   0    0     -4,-1.2     4,-1.9     2,-0.2    -2,-0.2   0.908 111.9  45.9 -63.1 -41.0  -39.0   13.7    3.1               
  451  451 A Q  H  X S+     0   0   78     -4,-2.3     4,-2.6     2,-0.2    -2,-0.2   0.926 113.1  49.3 -66.6 -43.3  -42.8   13.4    2.9               
  452  452 A T  H  X S+     0   0   66     -4,-2.6     4,-2.2     1,-0.2     5,-0.2   0.932 111.4  49.9 -62.5 -43.2  -43.0   15.6   -0.3               
  453  453 A A  H  X S+     0   0    0     -4,-2.7     4,-2.5     2,-0.2     5,-0.4   0.868 110.5  50.1 -63.1 -38.5  -40.2   13.5   -1.9               
  454  454 A I  H  X S+     0   0   27     -4,-1.9     4,-2.2     3,-0.2    -2,-0.2   0.957 111.8  48.2 -61.3 -49.7  -42.2   10.3   -1.0               
  455  455 A Q  H  < S+     0   0  154     -4,-2.6    -2,-0.2     1,-0.2    -1,-0.2   0.850 121.7  34.5 -63.7 -36.3  -45.4   11.7   -2.6               
  456  456 A A  H  < S+     0   0   51     -4,-2.2    -1,-0.2    -5,-0.2    -2,-0.2   0.852 127.5  33.6 -84.3 -40.0  -43.6   12.9   -5.8               
  457  457 A M  H >< S+     0   0   13     -4,-2.5     3,-1.9    -5,-0.2     2,-0.7   0.679  88.3  96.5-100.5 -20.2  -41.0   10.1   -6.3               
  458  458 A N  T 3< S+     0   0   76     -4,-2.2    10,-0.2    -5,-0.4   -58,-0.0  -0.624 103.5  14.7 -70.7 113.6  -42.7    6.9   -4.9               
  459  459 A G  T 3  S+     0   0   28      8,-2.7    -1,-0.3    -2,-0.7     9,-0.1   0.357  91.0 148.8  95.2  -0.1  -44.0    5.4   -8.2               
  460  460 A F    <   -     0   0   99     -3,-1.9     7,-2.8     7,-0.2     2,-0.5  -0.415  44.0-131.0 -64.4 134.2  -41.9    7.6  -10.5               
  461  461 A Q  E     +K  466   0E 112      5,-0.2     2,-0.4    -2,-0.1     5,-0.2  -0.801  26.6 178.3 -95.0 129.1  -41.0    5.7  -13.7               
  462  462 A I  E >   -K  465   0E  39      3,-2.6     3,-2.2    -2,-0.5     2,-0.1  -0.978  63.4 -49.7-134.2 113.2  -37.3    5.7  -14.9               
  463  463 A G  T 3  S-     0   0   66     -2,-0.4     0, 0.0     1,-0.3     0, 0.0  -0.391 122.3 -22.5  53.9-124.6  -36.6    3.7  -18.0               
  464  464 A M  T 3  S+     0   0  197     -2,-0.1    -1,-0.3    -3,-0.1     2,-0.2   0.385 126.8  80.7 -88.6  -1.8  -38.2    0.2  -17.6               
  465  465 A K  E <   -K  462   0E  79     -3,-2.2    -3,-2.6   -63,-0.1     2,-0.5  -0.707  67.0-141.1-107.2 159.4  -38.3    0.5  -13.7               
  466  466 A R  E     -K  461   0E 132     -5,-0.2    -5,-0.2    -2,-0.2    -6,-0.1  -0.984  25.5-125.1-121.4 118.7  -40.5    2.2  -11.2               
  467  467 A L        -     0   0    3     -7,-2.8    -8,-2.7    -2,-0.5     2,-0.5  -0.311  16.1-154.6 -60.0 138.3  -38.9    3.9   -8.1               
  468  468 A K  E     -I  401   0D  90    -67,-2.1   -67,-2.6   -10,-0.2     2,-0.5  -0.972  14.6-175.5-119.8 112.0  -40.1    2.8   -4.7               
  469  469 A V  E     +I  400   0D   1     -2,-0.5     2,-0.3   -69,-0.2   -69,-0.2  -0.939  12.4 156.4-117.4 122.6  -39.6    5.5   -2.1               
  470  470 A Q  E     -I  399   0D  84    -71,-2.4   -71,-3.1    -2,-0.5     2,-0.2  -0.948  47.9 -85.3-138.7 159.4  -40.4    4.9    1.6               
  471  471 A L  E     -I  398   0D  72     -2,-0.3     2,-0.3   -73,-0.2   -73,-0.3  -0.490  49.9-112.6 -59.9 134.7  -39.4    6.1    5.1               
  472  472 A K        -     0   0   53    -75,-3.0   -77,-0.3    -2,-0.2   -75,-0.2  -0.579  36.2-116.6 -63.4 127.2  -36.3    4.3    6.4               
  473  473 A R        -     0   0  213     -2,-0.3    -1,-0.1     1,-0.1    -3,-0.0  -0.480  32.8-101.5 -64.5 138.4  -37.4    2.2    9.4               
  474  474 A P    >   -     0   0   75      0, 0.0     3,-0.6     0, 0.0    -1,-0.1  -0.314  30.7-128.9 -59.0 144.4  -35.8    3.2   12.8               
  475  475 A K  T 3  S+     0   0  181      1,-0.2     3,-0.2     2,-0.1    -2,-0.1   0.752  99.3  54.1 -73.6 -25.1  -33.0    0.7   13.5               
  476  476 A D  T >  S+     0   0  141      1,-0.2     3,-0.6     2,-0.1     2,-0.5   0.551  80.1  89.8 -95.1  -8.8  -34.0   -0.2   17.1               
  477  477 A A  T <  S+     0   0   83     -3,-0.6    -1,-0.2     1,-0.2    -2,-0.1   0.058  76.4  70.1 -78.6  23.9  -37.7   -1.3   16.4               
  478  478 A N  T 3  S+     0   0  146     -2,-0.5    -1,-0.2    -3,-0.2    -2,-0.1  -0.004  76.9  73.1-144.8  36.3  -36.7   -5.0   15.7               
  479  479 A R    <   -     0   0  234     -3,-0.6    -1,-0.2     0, 0.0     2,-0.1  -0.795  49.9-166.6-140.7 112.8  -35.6   -6.8   18.9               
  480  480 A P              0   0  123      0, 0.0    -2,-0.0     0, 0.0    -3,-0.0  -0.399 360.0 360.0 -63.6 166.2  -37.8   -7.9   21.8               
  481  481 A Y              0   0  311     -2,-0.1     0, 0.0     0, 0.0     0, 0.0  -0.186 360.0 360.0 -51.1 360.0  -35.8   -8.9   24.9               
