==== Secondary Structure Definition by the program DSSP, CMBI version 2.0                          ==== DATE=2026-03-08        .
REFERENCE W. KABSCH AND C.SANDER, BIOPOLYMERS 22 (1983) 2577-2637                                                              .
HEADER                                            01-AUG-25                                                                    .
COMPND    MOL_ID: 1; MOLECULE: ZINC FINGER CCCH DOMAIN-CONTAINING PROTEIN 10; CH                                               .
SOURCE    MOL_ID: 1; ORGANISM_SCIENTIFIC: HOMO SAPIENS; ORGANISM_TAXID: 9606                                                   .
AUTHOR                                                                                                                         .
  434  1  0  0  0 TOTAL NUMBER OF RESIDUES, NUMBER OF CHAINS, NUMBER OF SS-BRIDGES(TOTAL,INTRACHAIN,INTERCHAIN)                .
 50413.2   ACCESSIBLE SURFACE OF PROTEIN (ANGSTROM**2)                                                                         .
  173 39.9   TOTAL NUMBER OF HYDROGEN BONDS OF TYPE O(I)-->H-N(J)  , SAME NUMBER PER 100 RESIDUES                              .
    6  1.4   TOTAL NUMBER OF HYDROGEN BONDS IN     PARALLEL BRIDGES, SAME NUMBER PER 100 RESIDUES                              .
    0  0.0   TOTAL NUMBER OF HYDROGEN BONDS IN ANTIPARALLEL BRIDGES, SAME NUMBER PER 100 RESIDUES                              .
    0  0.0   TOTAL NUMBER OF HYDROGEN BONDS OF TYPE O(I)-->H-N(I-5), SAME NUMBER PER 100 RESIDUES                              .
    0  0.0   TOTAL NUMBER OF HYDROGEN BONDS OF TYPE O(I)-->H-N(I-4), SAME NUMBER PER 100 RESIDUES                              .
    0  0.0   TOTAL NUMBER OF HYDROGEN BONDS OF TYPE O(I)-->H-N(I-3), SAME NUMBER PER 100 RESIDUES                              .
    0  0.0   TOTAL NUMBER OF HYDROGEN BONDS OF TYPE O(I)-->H-N(I-2), SAME NUMBER PER 100 RESIDUES                              .
    0  0.0   TOTAL NUMBER OF HYDROGEN BONDS OF TYPE O(I)-->H-N(I-1), SAME NUMBER PER 100 RESIDUES                              .
    0  0.0   TOTAL NUMBER OF HYDROGEN BONDS OF TYPE O(I)-->H-N(I+0), SAME NUMBER PER 100 RESIDUES                              .
    0  0.0   TOTAL NUMBER OF HYDROGEN BONDS OF TYPE O(I)-->H-N(I+1), SAME NUMBER PER 100 RESIDUES                              .
   58 13.4   TOTAL NUMBER OF HYDROGEN BONDS OF TYPE O(I)-->H-N(I+2), SAME NUMBER PER 100 RESIDUES                              .
   21  4.8   TOTAL NUMBER OF HYDROGEN BONDS OF TYPE O(I)-->H-N(I+3), SAME NUMBER PER 100 RESIDUES                              .
   82 18.9   TOTAL NUMBER OF HYDROGEN BONDS OF TYPE O(I)-->H-N(I+4), SAME NUMBER PER 100 RESIDUES                              .
    4  0.9   TOTAL NUMBER OF HYDROGEN BONDS OF TYPE O(I)-->H-N(I+5), SAME NUMBER PER 100 RESIDUES                              .
  1  2  3  4  5  6  7  8  9 10 11 12 13 14 15 16 17 18 19 20 21 22 23 24 25 26 27 28 29 30     *** HISTOGRAMS OF ***           .
  0  0  0  2  2  0  0  1  0  1  1  0  0  0  0  0  0  0  0  0  0  0  0  0  0  0  0  0  0  1    RESIDUES PER ALPHA HELIX         .
  3  0  0  0  0  0  0  0  0  0  0  0  0  0  0  0  0  0  0  0  0  0  0  0  0  0  0  0  0  0    PARALLEL BRIDGES PER LADDER      .
  0  0  0  0  0  0  0  0  0  0  0  0  0  0  0  0  0  0  0  0  0  0  0  0  0  0  0  0  0  0    ANTIPARALLEL BRIDGES PER LADDER  .
  0  0  0  0  0  0  0  0  0  0  0  0  0  0  0  0  0  0  0  0  0  0  0  0  0  0  0  0  0  0    LADDERS PER SHEET                .
  #  RESIDUE AA STRUCTURE BP1 BP2  ACC     N-H-->O    O-->H-N    N-H-->O    O-->H-N    TCO  KAPPA ALPHA  PHI   PSI    X-CA   Y-CA   Z-CA            CHAIN
    1    1 A M              0   0  225      0, 0.0     2,-0.1     0, 0.0     0, 0.0   0.000 360.0 360.0 360.0 125.0   32.1   18.7    9.4               
    2    2 A P        -     0   0  116      0, 0.0     0, 0.0     0, 0.0     0, 0.0   0.665 360.0-152.4-106.8 149.8   33.5   17.6   12.1               
    3    3 A D        +     0   0  138     -2,-0.1     0, 0.0     0, 0.0     0, 0.0   0.479  13.8 158.9  53.0 134.0   35.0   14.4   12.8               
    4    4 A R        +     0   0  209      0, 0.0     0, 0.0     0, 0.0     0, 0.0   0.892  20.4   8.4-176.9 149.1   36.0   11.8   14.7               
    5    5 A D        -     0   0  126      0, 0.0     2,-0.3     0, 0.0     0, 0.0   0.534  16.6-178.4 176.5 145.4   37.0    8.7   15.9               
    6    6 A S        -     0   0  118      0, 0.0     2,-0.2     0, 0.0     0, 0.0  -0.679   6.9-179.8 -85.7 142.7   38.1    5.1   15.0               
    7    7 A Y        -     0   0  217     -2,-0.3     0, 0.0     0, 0.0     0, 0.0  -0.632  27.1-109.3-161.4 104.9   39.0    2.1   17.2               
    8    8 A A        -     0   0  102      1,-0.2     2,-0.2    -2,-0.2     0, 0.0   0.638  12.6 -99.2  86.8 110.4   39.9   -1.0   16.1               
    9    9 A N        -     0   0  159      1,-0.0     2,-0.4     2,-0.0    -1,-0.2  -0.530  28.1-162.7 -72.5 135.6   39.3   -4.8   15.6               
   10   10 A G        +     0   0   76     -2,-0.2     2,-0.3     2,-0.0    -1,-0.0  -0.818  11.4 176.5-133.7  88.9   40.8   -7.3   18.2               
   11   11 A T        +     0   0  134     -2,-0.4    -2,-0.0     1,-0.0     0, 0.0  -0.722  18.5 137.3 -73.9 139.3   40.9  -10.9   17.1               
   12   12 A G        -     0   0   69     -2,-0.3    -1,-0.0     0, 0.0    -2,-0.0   0.144  31.3 -62.3 158.4 102.3   42.5  -13.5   19.4               
   13   13 A S        -     0   0  114      0, 0.0    -2,-0.0     0, 0.0     0, 0.0   0.927  27.1 -87.4  71.1 104.4   42.4  -16.9   20.8               
   14   14 A S        +     0   0  122      0, 0.0     2,-0.0     0, 0.0     0, 0.0   0.677  23.3 162.5  45.0 129.3   41.3  -19.8   22.8               
   15   15 A G        -     0   0   79      0, 0.0     0, 0.0     0, 0.0     0, 0.0   0.101  25.2 -92.4 145.9  98.1   41.3  -21.5   26.2               
   16   16 A G        +     0   0   86     -2,-0.0     0, 0.0     2,-0.0     0, 0.0   0.721  32.6  30.2  91.3  96.7   39.7  -23.9   28.1               
   17   17 A G        -     0   0   77      0, 0.0     2,-0.1     0, 0.0     0, 0.0   0.781  22.4-120.9 127.5 159.3   37.5  -25.6   30.2               
   18   18 A P        -     0   0  140      0, 0.0     2,-0.1     0, 0.0    -2,-0.0  -0.367   7.3-177.8-121.1 170.9   34.5  -26.6   32.3               
   19   19 A G        -     0   0   83     -2,-0.1     0, 0.0     2,-0.0     0, 0.0  -0.432  19.4-128.7 156.0 138.6   32.4  -27.5   35.4               
   20   20 A G        +     0   0   80     -2,-0.1     0, 0.0     0, 0.0     0, 0.0   0.637  25.1 123.4 160.7 141.7   29.5  -28.4   36.6               
   21   21 A G        +     0   0   88      0, 0.0    -2,-0.0     0, 0.0     0, 0.0   0.524  26.0  60.5  87.9 138.9   26.1  -29.2   38.4               
   22   22 A G        -     0   0   64      0, 0.0     0, 0.0     0, 0.0     0, 0.0   0.869  21.2-141.0-166.9 145.3   22.9  -29.8   38.5               
   23   23 A S        +     0   0  112      0, 0.0     0, 0.0     0, 0.0     0, 0.0   0.801  19.5 120.5  67.5 127.5   19.5  -31.0   38.2               
   24   24 A E        -     0   0  175      0, 0.0     0, 0.0     0, 0.0     0, 0.0   0.737  23.5-143.2-165.2 129.5   16.2  -31.4   37.8               
   25   25 A E        +     0   0  182      0, 0.0     0, 0.0     0, 0.0     0, 0.0   0.412  19.8 160.5  53.0 109.3   13.5  -32.8   35.8               
   26   26 A A        -     0   0   99      2,-0.0     0, 0.0     0, 0.0     0, 0.0   0.023  31.1-138.9-175.5  85.8   10.0  -32.3   34.5               
   27   27 A S        +     0   0  121      1,-0.0     2,-0.0     2,-0.0     0, 0.0   0.381  28.8 165.5  25.7 117.6    8.6  -34.0   31.5               
   28   28 A G        -     0   0   81      0, 0.0     2,-0.2     0, 0.0    -1,-0.0  -0.452  24.3-162.3-161.8  79.8    6.5  -32.9   28.5               
   29   29 A A        +     0   0  106      1,-0.0     2,-0.1    -2,-0.0    -2,-0.0  -0.451  22.4 162.8 -66.9 134.0    6.7  -35.6   25.8               
   30   30 A G        -     0   0   79     -2,-0.2     2,-0.2     0, 0.0    -1,-0.0  -0.591  17.8-171.8-150.1  76.0    5.6  -34.8   22.1               
   31   31 A V        +     0   0  150     -2,-0.1    -2,-0.0     1,-0.0     0, 0.0  -0.519  22.3 138.5 -62.1 133.8    7.1  -37.5   19.9               
   32   32 A G        -     0   0   63     -2,-0.2    -1,-0.0     0, 0.0     0, 0.0   0.055  41.5 -52.9 169.4  83.5    6.8  -36.9   16.1               
   33   33 A S        -     0   0  124      1,-0.1     2,-0.1     0, 0.0    -2,-0.0   0.847  15.8-133.5  50.8 112.8    9.2  -37.5   13.2               
   34   34 A G        +     0   0   85      0, 0.0    -1,-0.1     0, 0.0     2,-0.1  -0.202  45.5 123.2  75.6  71.7   12.0  -37.2   11.7               
   35   35 A G        -     0   0   67     -2,-0.1     0, 0.0     0, 0.0     0, 0.0  -0.133  56.0 -43.5 160.5 110.7   12.1  -36.3    7.9               
   36   36 A A        +     0   0   90      1,-0.1     3,-0.0    -2,-0.1     0, 0.0   0.866  43.4 148.4  49.4  97.3   13.6  -33.7    5.5               
   37   37 A S    >   +     0   0   86      2,-0.1     3,-1.1     3,-0.1    -1,-0.1   0.019  39.4 116.4-140.5  36.9   13.7  -29.9    5.8               
   38   38 A S  T 3  S+     0   0   90      1,-0.2    21,-0.3    20,-0.1    -2,-0.0   0.699  80.0  60.1 -62.0 -16.6   17.0  -29.2    3.9               
   39   39 A D  T 3  S+     0   0  126     19,-0.1     2,-0.4     2,-0.1    -1,-0.2   0.495  75.1 116.0 -89.3  -7.0   14.5  -27.3    1.6               
   40   40 A A  S <  S-     0   0   37     -3,-1.1    19,-1.8    17,-0.1     2,-0.1  -0.509  70.0-125.4 -67.4 120.8   13.3  -24.9    4.3               
   41   41 A I  B     -a   59   0A  69     -2,-0.4     2,-0.4    17,-0.2    19,-0.2  -0.427  31.8 -99.8 -65.5 136.5   14.3  -21.4    3.3               
   42   42 A C     >  -     0   0    0     17,-2.8     4,-2.5     1,-0.2     3,-0.5  -0.424  24.3-153.8 -62.1 115.8   16.4  -19.6    5.9               
   43   43 A R  H  > S+     0   0  198     -2,-0.4     4,-0.9     1,-0.2    -1,-0.2   0.868 100.0  52.4 -56.9 -36.0   14.0  -17.2    7.9               
   44   44 A D  H  4>S+     0   0   60      2,-0.2     5,-2.5     1,-0.2     6,-1.6   0.788 108.4  50.7 -70.8 -29.4   17.1  -15.1    8.6               
   45   45 A F  H >45S+     0   0   34     -3,-0.5     3,-2.2     4,-0.2    -2,-0.2   0.931 104.7  55.4 -74.5 -42.0   17.9  -15.0    4.8               
   46   46 A L  H 3<5S+     0   0   93     -4,-2.5    -2,-0.2     1,-0.3    -1,-0.2   0.756 111.8  46.0 -58.4 -26.5   14.3  -13.9    4.0               
   47   47 A R  T 3<5S-     0   0  181     -4,-0.9    -1,-0.3    -5,-0.2    -2,-0.2   0.307 113.5-121.1 -95.3   4.9   14.9  -10.9    6.4               
   48   48 A N  T < 5S+     0   0   87     -3,-2.2    -3,-0.2     1,-0.1    -2,-0.1   0.682  88.4 105.6  56.4  24.8   18.4  -10.2    4.9               
   49   49 A V      < +     0   0   91     -5,-2.5     2,-0.9    -6,-0.1    -4,-0.2   0.526  40.9 112.9-105.4 -10.2   20.0  -10.8    8.4               
   50   50 A C    >   +     0   0   24     -6,-1.6     3,-0.6     1,-0.2     6,-0.1  -0.520  34.6 175.4 -72.6 109.0   21.6  -14.2    7.7               
   51   51 A K  T 3   +     0   0  206     -2,-0.9    -1,-0.2     1,-0.2    -6,-0.0   0.423  64.8  86.0 -84.1  -1.8   25.5  -13.9    7.7               
   52   52 A R  T >   +     0   0  106      1,-0.2     3,-2.2     2,-0.1    -1,-0.2   0.696  64.7 177.5 -77.2 -18.6   25.9  -17.7    7.3               
   53   53 A G  G X  S-     0   0   34     -3,-0.6     3,-1.5     1,-0.3    -1,-0.2  -0.214  71.7  -7.2  50.9-132.7   25.6  -17.6    3.5               
   54   54 A K  G 3  S+     0   0  219      1,-0.3    -1,-0.3     5,-0.1    -2,-0.1   0.576 131.9  68.1 -67.2 -12.0   26.1  -21.1    2.0               
   55   55 A R  G <  S+     0   0  226     -3,-2.2    -1,-0.3     2,-0.0     2,-0.3   0.270  74.3 117.9 -88.7   4.3   27.0  -22.5    5.5               
   56   56 A C  S <  S-     0   0   16     -3,-1.5     4,-0.1     2,-0.2   -14,-0.1  -0.596  70.4-134.5 -70.3 139.7   23.4  -21.9    6.7               
   57   57 A R  S    S+     0   0  212     -2,-0.3     2,-0.3     2,-0.1   -17,-0.1   0.645  92.4  61.8 -58.9 -19.6   21.4  -25.1    7.8               
   58   58 A Y  S    S-     0   0  100    -19,-0.1   -17,-0.2     1,-0.0    -2,-0.2  -0.829  99.9 -90.3-115.2 152.2   18.6  -23.6    5.7               
   59   59 A R  B     -a   41   0A 108    -19,-1.8   -17,-2.8    -2,-0.3   -14,-0.1  -0.317  27.1-158.4 -66.0 134.6   18.3  -22.8    1.9               
   60   60 A H        -     0   0   41    -19,-0.2     2,-0.1    -4,-0.1     3,-0.1  -0.920  14.9-148.6-108.5  93.8   19.3  -19.3    0.7               
   61   61 A P        -     0   0    6      0, 0.0     5,-0.1     0, 0.0     0, 0.0  -0.478  30.1-104.6 -58.7 133.7   17.6  -18.9   -2.7               
   62   62 A D    >>  -     0   0  108     -2,-0.1     3,-2.1     1,-0.1     4,-1.7  -0.293  29.1-110.2 -59.1 148.6   19.8  -16.7   -4.9               
   63   63 A M  H 3> S+     0   0  106      1,-0.3     4,-1.8     2,-0.2     3,-0.1   0.865 123.0  57.9 -52.7 -30.8   18.5  -13.1   -5.2               
   64   64 A S  H 34 S+     0   0   87      1,-0.2    -1,-0.3     2,-0.2     4,-0.1   0.700 107.5  45.3 -69.0 -23.8   17.7  -14.1   -8.9               
   65   65 A E  H <4 S+     0   0  106     -3,-2.1    -1,-0.2     2,-0.1    -2,-0.2   0.656 115.5  46.7 -93.1 -19.2   15.4  -17.0   -7.7               
   66   66 A V  H >< S+     0   0   46     -4,-1.7     3,-1.9     1,-0.2    -2,-0.2   0.674  94.2  76.2 -92.5 -19.4   13.7  -14.8   -5.0               
   67   67 A S  T 3X S+     0   0   66     -4,-1.8     4,-0.5    -5,-0.3     3,-0.4   0.759  92.9  56.2 -58.3 -21.1   13.2  -11.9   -7.5               
   68   68 A N  T 34 S+     0   0  107      1,-0.2    -1,-0.3    -3,-0.1    -2,-0.1   0.231 100.3  58.5 -96.2  11.5   10.3  -14.1   -8.9               
   69   69 A L  T <4 S+     0   0  142     -3,-1.9    -1,-0.2     3,-0.1    -2,-0.1  -0.080 117.5  20.8-134.8  33.9    8.4  -14.4   -5.6               
   70   70 A G  T  4 S+     0   0   44     -3,-0.4     5,-0.5     4,-0.0    -2,-0.1   0.299 124.2  46.9-172.1  -4.0    7.6  -10.7   -4.6               
   71   71 A V  S  < S+     0   0  110     -4,-0.5     3,-0.3    -5,-0.2    -3,-0.1   0.347 110.0  52.3-124.6  -6.5    7.8   -8.7   -7.9               
   72   72 A S  S    S+     0   0   79      1,-0.3     2,-0.3    -5,-0.1    -4,-0.1   0.501 121.3  35.4-103.6 -12.8    5.7  -11.2  -10.1               
   73   73 A K  S    S-     0   0  166      2,-0.1     2,-1.5     0, 0.0    -1,-0.3  -0.844  91.1-152.6-128.1  88.6    3.0  -11.0   -7.4               
   74   74 A N        +     0   0   71     -2,-0.3     2,-0.7    -3,-0.3    -3,-0.1  -0.578  25.3 168.5 -63.4  90.9    3.4   -7.3   -6.3               
   75   75 A E        -     0   0  131     -2,-1.5     2,-0.5    -5,-0.5    -2,-0.1  -0.916  27.7-147.0-103.9  95.4    2.1   -7.7   -2.7               
   76   76 A F        -     0   0   46     -2,-0.7     2,-0.7     1,-0.1    18,-0.1  -0.564  15.2-135.9 -57.1 116.4    3.0   -4.3   -1.3               
   77   77 A I        -     0   0  108     -2,-0.5    18,-2.6    16,-0.2     2,-0.1  -0.743  17.2-142.7 -85.6 115.6    3.8   -5.2    2.4               
   78   78 A F  B     -b   95   0B   3     -2,-0.7     2,-0.9    16,-0.2    18,-0.2  -0.414  20.8-107.2 -76.4 147.9    2.3   -2.6    4.7               
   79   79 A C     >  -     0   0    0     16,-2.9     4,-1.9     1,-0.2     5,-0.2  -0.699  25.1-167.5 -79.8 108.8    4.1   -1.5    7.9               
   80   80 A H  H  > S+     0   0  111     -2,-0.9     4,-1.7     2,-0.2    -1,-0.2   0.837  89.3  58.7 -64.4 -31.8    2.3   -3.0   10.9               
   81   81 A D  H  >>S+     0   0   81      2,-0.2     5,-1.3     1,-0.2     4,-1.1   0.941 108.3  46.2 -61.7 -42.9    4.3   -0.6   13.2               
   82   82 A F  H  45S+     0   0   75      1,-0.2     3,-0.3     2,-0.2    -2,-0.2   0.881 112.9  49.7 -66.3 -38.9    2.7    2.4   11.3               
   83   83 A Q  H  <5S+     0   0   47     -4,-1.9    -1,-0.2     1,-0.2    -2,-0.2   0.794 109.4  52.8 -66.8 -29.8   -0.8    0.8   11.5               
   84   84 A N  H  <5S-     0   0  118     -4,-1.7    -1,-0.2    -5,-0.2    -2,-0.2   0.646 138.7 -56.3 -91.6 -18.1   -0.5    0.2   15.2               
   85   85 A K  T  <5S-     0   0  203     -4,-1.1     2,-0.2    -3,-0.3    -3,-0.2  -0.062 103.3 -23.9 179.1 -43.3    0.5    3.8   16.3               
   86   86 A E      < -     0   0  151     -5,-1.3     2,-0.6    -6,-0.1    -3,-0.1  -0.887  48.6-123.9-174.2 151.2    3.6    5.1   14.5               
   87   87 A C        -     0   0   20     -2,-0.2     5,-0.1    -5,-0.1    -5,-0.0  -0.928  14.2-166.2-104.2 117.7    6.7    3.8   12.7               
   88   88 A S        +     0   0  114     -2,-0.6    -1,-0.1     2,-0.0    -6,-0.0   0.374  57.5 108.8 -78.5   2.0   10.0    5.2   14.3               
   89   89 A R    >   -     0   0  149      1,-0.2     3,-0.9     2,-0.0    -2,-0.1  -0.756  55.7-160.4 -87.3 116.7   12.0    4.0   11.3               
   90   90 A P  T 3  S+     0   0  130      0, 0.0     2,-0.3     0, 0.0    -1,-0.2   0.847  96.2  33.2 -64.6 -30.8   13.2    7.0    9.0               
   91   91 A N  T 3  S-     0   0  157      2,-0.0     2,-0.3     0, 0.0    -2,-0.0  -0.626  84.8-177.7-120.8  62.9   13.7    4.5    6.1               
   92   92 A C    <   -     0   0   27     -3,-0.9     4,-0.1    -2,-0.3   -13,-0.1  -0.531  22.2-151.2 -65.4 128.8   11.0    1.9    6.8               
   93   93 A R  S    S+     0   0  185     -2,-0.3     2,-0.3     2,-0.1   -16,-0.2   0.583  77.9  74.1 -72.9 -13.6   11.1   -1.0    4.2               
   94   94 A F  S    S-     0   0   92    -18,-0.1     2,-0.4     1,-0.0   -16,-0.2  -0.721  95.8 -95.4-104.6 155.3    7.3   -1.4    4.6               
   95   95 A I  B     -b   78   0B  21    -18,-2.6   -16,-2.9    -2,-0.3     2,-1.5  -0.536  25.4-139.6 -79.6 122.1    4.6    0.9    3.2               
   96   96 A H        +     0   0   35     -2,-0.4     2,-0.3   -18,-0.2    -1,-0.1  -0.669  54.2 131.4 -79.4  84.6    3.2    3.5    5.6               
   97   97 A G        -     0   0    1     -2,-1.5   -18,-0.1   -18,-0.1   -15,-0.0  -0.880  58.8-100.9-127.2 161.2   -0.5    3.2    4.7               
   98   98 A S     >  -     0   0   41     -2,-0.3     4,-1.7     1,-0.1     5,-0.1  -0.201  37.6-104.8 -70.4 170.6   -3.6    2.9    6.9               
   99   99 A K  H  > S+     0   0  130      2,-0.2     4,-2.6     1,-0.2     5,-0.2   0.880 125.3  55.9 -64.4 -33.6   -5.4   -0.5    7.4               
  100  100 A E  H  > S+     0   0  134      2,-0.2     4,-2.3     1,-0.2    -1,-0.2   0.866 104.9  51.7 -65.0 -36.8   -8.1    0.8    4.9               
  101  101 A D  H  > S+     0   0   46      2,-0.2     4,-2.7     1,-0.2    -1,-0.2   0.873 111.6  47.0 -67.3 -38.2   -5.3    1.4    2.3               
  102  102 A E  H  X S+     0   0   23     -4,-1.7     4,-2.7     2,-0.2    -2,-0.2   0.926 114.4  45.7 -66.4 -46.4   -4.0   -2.2    2.8               
  103  103 A D  H  X S+     0   0   62     -4,-2.6     4,-1.3     2,-0.2    -2,-0.2   0.865 113.5  51.2 -66.4 -35.5   -7.6   -3.6    2.6               
  104  104 A G  H >X S+     0   0   25     -4,-2.3     4,-2.9    -5,-0.2     3,-0.7   0.973 111.3  47.3 -59.8 -52.8   -8.1   -1.4   -0.5               
  105  105 A Y  H 3X S+     0   0   18     -4,-2.7     4,-2.2     1,-0.3    -2,-0.2   0.881 111.0  51.2 -57.9 -42.6   -4.9   -2.7   -2.1               
  106  106 A K  H 3< S+     0   0  117     -4,-2.7    -1,-0.3     1,-0.2    -2,-0.2   0.785 118.6  38.2 -64.9 -30.3   -5.9   -6.3   -1.3               
  107  107 A K  H << S+     0   0  179     -4,-1.3    -2,-0.2    -3,-0.7    -1,-0.2   0.816 129.4  27.2 -88.5 -38.9   -9.4   -5.8   -3.0               
  108  108 A T  H  < S-     0   0   93     -4,-2.9    -3,-0.2     2,-0.2    -2,-0.2   0.638  86.9-134.9-100.1 -21.8   -8.4   -3.5   -6.0               
  109  109 A G  S  < S+     0   0   53     -4,-2.2     2,-0.5    -5,-0.4    -4,-0.2   0.447  74.3 109.6  70.1   3.1   -4.8   -4.5   -6.7               
  110  110 A E        -     0   0  132     -6,-0.3    -2,-0.2    -5,-0.0    -1,-0.2  -0.927  67.5-133.9-116.9 127.7   -4.1   -0.7   -6.9               
  111  111 A L        -     0   0    8     -2,-0.5     5,-0.1    -3,-0.1    -9,-0.1  -0.648  36.2-104.3 -71.5 132.8   -2.2    1.5   -4.4               
  112  112 A P    >>  -     0   0   36      0, 0.0     4,-2.8     0, 0.0     3,-1.1  -0.217  34.1-110.1 -50.5 142.5   -4.0    4.8   -3.5               
  113  113 A P  H 3> S+     0   0  106      0, 0.0     4,-2.5     0, 0.0     5,-0.2   0.799 118.7  56.3 -50.4 -34.1   -2.3    7.8   -5.4               
  114  114 A R  H 3> S+     0   0  209      2,-0.2     4,-1.3     1,-0.2     5,-0.1   0.886 112.6  39.2 -65.8 -42.1   -0.9    9.0   -2.0               
  115  115 A L  H <> S+     0   0   10     -3,-1.1     4,-3.0     2,-0.2     5,-0.3   0.871 111.7  59.7 -78.5 -34.3    0.9    5.7   -1.3               
  116  116 A R  H  X S+     0   0   47     -4,-2.8     4,-2.7     1,-0.2    -2,-0.2   0.952 109.3  43.1 -49.5 -55.2    1.8    5.5   -5.0               
  117  117 A Q  H  X S+     0   0  111     -4,-2.5     4,-2.8     1,-0.2    -1,-0.2   0.843 115.5  48.7 -64.7 -35.6    3.7    8.8   -4.7               
  118  118 A K  H  X S+     0   0  113     -4,-1.3     4,-2.4     2,-0.2    -2,-0.2   0.870 113.8  45.1 -75.2 -37.2    5.3    7.8   -1.3               
  119  119 A V  H  X S+     0   0   17     -4,-3.0     4,-1.6     2,-0.2     6,-0.3   0.899 114.3  50.8 -69.0 -41.1    6.4    4.4   -2.5               
  120  120 A A  H >X>S+     0   0    1     -4,-2.7     5,-2.8    -5,-0.3     3,-0.6   0.973 113.8  44.2 -58.0 -51.8    7.7    6.2   -5.7               
  121  121 A A  H ><5S+     0   0   77     -4,-2.8     3,-0.8     1,-0.2    -2,-0.2   0.881 113.6  50.0 -62.0 -41.1    9.6    8.7   -3.5               
  122  122 A G  H 3<5S+     0   0   68     -4,-2.4    -1,-0.2     1,-0.2    -2,-0.2   0.730 116.7  41.4 -71.9 -22.7   10.9    6.0   -1.1               
  123  123 A L  H <<5S-     0   0  119     -4,-1.6    -1,-0.2    -3,-0.6    -2,-0.2   0.329 114.3-113.5-102.1   2.7   12.2    3.9   -4.0               
  124  124 A G  T <<5S+     0   0   66     -3,-0.8     2,-0.3    -4,-0.5    -3,-0.2   0.743  74.0 135.2  67.1  24.2   13.6    6.9   -6.0               
  125  125 A L      < -     0   0   80     -5,-2.8    -1,-0.3    -6,-0.3    -2,-0.1  -0.702  60.3-110.4-100.2 151.3   10.9    6.3   -8.7               
  126  126 A S    >   -     0   0   63     -2,-0.3     3,-2.6     1,-0.1     4,-0.2  -0.540  33.8-109.9 -73.3 149.5    8.7    8.8  -10.5               
  127  127 A P  T 3  S+     0   0   69      0, 0.0     3,-0.3     0, 0.0    -1,-0.1   0.636 122.1  57.8 -55.6 -12.8    4.9    8.7   -9.6               
  128  128 A A  T 3  S+     0   0   78      1,-0.2     4,-0.3   -11,-0.1   -11,-0.0   0.519  86.4  77.1 -90.2 -11.5    4.5    7.4  -13.2               
  129  129 A D    <   +     0   0   93     -3,-2.6    -1,-0.2     2,-0.1    -4,-0.0   0.263  66.4 108.6 -89.2   9.5    6.9    4.4  -12.7               
  130  130 A L  S    S-     0   0   12     -3,-0.3     2,-1.2    -4,-0.2   -14,-0.0  -0.781  92.5 -86.4 -82.0 139.3    4.2    2.4  -10.8               
  131  131 A P        +     0   0   82      0, 0.0     2,-0.7     0, 0.0    -2,-0.1  -0.251  44.7 179.9 -65.0  88.3    2.9   -0.5  -12.9               
  132  132 A N        -     0   0  109     -2,-1.2     2,-2.8    -4,-0.3    -4,-0.0  -0.859  50.2-110.3 -68.2 113.7    0.2    0.8  -15.1               
  133  133 A G  S    S+     0   0   82     -2,-0.7     2,-0.3     2,-0.1    -1,-0.1  -0.289  88.0 100.9 -65.3  61.2   -0.3   -2.6  -16.7               
  134  134 A K  S    S-     0   0  183     -2,-2.8     2,-1.5     2,-0.1    -2,-0.2  -0.903  78.1-121.3-141.8 112.5    1.1   -1.9  -20.2               
  135  135 A E        +     0   0  199     -2,-0.3     2,-0.7    -4,-0.1    -2,-0.1  -0.368  44.9 163.5 -50.2  79.3    4.6   -3.1  -20.9               
  136  136 A E        -     0   0  148     -2,-1.5     3,-0.1    21,-0.0    -2,-0.1  -0.929  38.0-129.3-106.7 109.3    6.3    0.2  -21.9               
  137  137 A V        -     0   0   73     -2,-0.7    20,-0.3     1,-0.1     3,-0.1  -0.347  35.7-100.0 -50.6 127.8   10.1   -0.2  -21.6               
  138  138 A P        -     0   0   81      0, 0.0    19,-1.9     0, 0.0    -1,-0.1  -0.138  43.9 -97.0 -55.7 146.8   11.6    2.7  -19.5               
  139  139 A I  B     -c  157   0C  62     17,-0.2     2,-0.7     1,-0.1    19,-0.2  -0.380  39.6-106.1 -69.9 139.6   13.1    5.7  -21.5               
  140  140 A C     >  -     0   0    0     17,-2.8     4,-2.4     1,-0.2     3,-0.3  -0.527  23.0-160.1 -69.4 111.6   16.9    5.6  -21.9               
  141  141 A R  H  > S+     0   0  209     -2,-0.7     4,-1.1     1,-0.2     6,-0.2   0.863  95.3  52.8 -58.1 -35.7   18.5    8.3  -19.6               
  142  142 A D  H  >>S+     0   0   68      2,-0.2     5,-2.0     1,-0.2     6,-0.9   0.837 109.4  48.5 -70.2 -32.0   21.6    8.2  -21.8               
  143  143 A F  H  45S+     0   0   57     -3,-0.3     3,-0.5     4,-0.2    -2,-0.2   0.902 105.3  57.1 -76.8 -37.1   19.5    8.8  -25.0               
  144  144 A L  H  <5S+     0   0  112     -4,-2.4    -1,-0.2     1,-0.2    -2,-0.2   0.803 113.2  42.4 -58.2 -31.2   17.6   11.7  -23.3               
  145  145 A K  H  <5S-     0   0  164     -4,-1.1    -1,-0.2    -5,-0.2    -2,-0.2   0.634 116.3-116.5 -87.1 -16.7   21.1   13.3  -22.8               
  146  146 A G  T  <5S+     0   0   63     -4,-0.8    -3,-0.2    -3,-0.5    -4,-0.1   0.393  89.5 105.7  91.0   4.5   22.4   12.3  -26.4               
  147  147 A D      < +     0   0  108     -5,-2.0     2,-1.4    -6,-0.2    -4,-0.2   0.277  37.0 127.4 -98.4   5.5   25.1   10.0  -25.0               
  148  148 A C    >   +     0   0   20     -6,-0.9     3,-0.9     1,-0.2     6,-0.1  -0.496  25.4 171.9 -75.9  98.9   23.5    6.6  -25.8               
  149  149 A Q  T 3   +     0   0  198     -2,-1.4    -1,-0.2     1,-0.2    -2,-0.0   0.455  65.9  82.8 -76.6  -2.0   26.0    4.5  -27.8               
  150  150 A R  T >   +     0   0  101      1,-0.2     3,-2.0     2,-0.1    -1,-0.2   0.656  68.8 177.8 -80.9 -14.5   23.7    1.4  -27.6               
  151  151 A G  G X   -     0   0   35     -3,-0.9     3,-1.6     1,-0.3    -1,-0.2  -0.129  69.1  -9.6  50.6-136.8   21.5    2.6  -30.6               
  152  152 A A  G 3  S+     0   0  115      1,-0.3    -1,-0.3     3,-0.1    -2,-0.1   0.581 132.8  67.8 -66.4 -11.2   18.7    0.1  -31.5               
  153  153 A K  G <  S+     0   0  199     -3,-2.0     2,-0.4     2,-0.0    -1,-0.3   0.284  72.1 123.6 -88.8   5.4   20.3   -2.4  -29.0               
  154  154 A C    <   -     0   0   19     -3,-1.6     4,-0.1     1,-0.1   -14,-0.1  -0.603  59.9-146.9 -70.9 126.2   19.4   -0.2  -26.0               
  155  155 A K  S    S+     0   0  158     -2,-0.4     2,-0.3     2,-0.1    -1,-0.1   0.344  83.7  70.8 -66.1   1.0   17.3   -2.1  -23.4               
  156  156 A F  S    S-     0   0   67    -19,-0.1   -17,-0.2   -16,-0.0    -2,-0.1  -0.964  97.0 -96.8-125.7 143.9   15.6    1.4  -22.8               
  157  157 A R  B     -c  139   0C 108    -19,-1.9   -17,-2.8    -2,-0.3     2,-0.7  -0.337  28.3-144.1 -66.9 130.9   13.2    3.3  -25.1               
  158  158 A H        -     0   0   47    -19,-0.2     2,-1.5    -4,-0.1    -1,-0.1  -0.882   7.9-148.7 -93.7 109.6   14.8    6.0  -27.3               
  159  159 A L        -     0   0   70     -2,-0.7    -2,-0.0   -19,-0.2   -20,-0.0  -0.724  16.3-145.1 -77.7  87.5   12.3    8.9  -27.7               
  160  160 A Q        -     0   0  132     -2,-1.5     2,-2.1     1,-0.1   -17,-0.0  -0.359  20.9-118.9 -46.2 124.0   13.3   10.1  -31.2               
  161  161 A R        -     0   0  215      1,-0.1     2,-2.1     2,-0.1    -1,-0.1  -0.621  35.7-164.9 -72.1  80.0   12.9   13.9  -31.0               
  162  162 A D        +     0   0  130     -2,-2.1     2,-1.1     2,-0.1    -1,-0.1  -0.555  23.1 163.2 -74.5  73.8   10.2   13.8  -33.7               
  163  163 A F        -     0   0  178     -2,-2.1     2,-1.2     2,-0.0    -2,-0.1  -0.924  40.7-136.4 -77.7  98.2   10.1   17.4  -34.6               
  164  164 A E        +     0   0  186     -2,-1.1    -2,-0.1     1,-0.2    -3,-0.0  -0.535  42.7 160.3 -52.0  91.7    8.3   16.7  -37.9               
  165  165 A F        +     0   0  179     -2,-1.2     2,-1.1     1,-0.0    -1,-0.2  -0.387  29.4 130.4-103.6  45.5   10.2   18.9  -40.3               
  166  166 A D        +     0   0  166      1,-0.1     3,-0.1     3,-0.0    -2,-0.1  -0.608  37.6 106.6 -89.4  67.1    8.8   16.7  -43.0               
  167  167 A A        +     0   0   66     -2,-1.1    -1,-0.1     1,-0.1    -3,-0.0  -0.305  61.6  45.6-152.6  65.7    7.6   19.8  -45.0               
  168  168 A R        -     0   0  239     -3,-0.0    -1,-0.1     0, 0.0    -3,-0.0   0.372  64.5-121.1 160.0 103.5    9.7   20.6  -48.0               
  169  169 A G        +     0   0   84     -3,-0.1    -2,-0.0     2,-0.0    -3,-0.0   0.816  41.6  71.8  60.7 123.1   11.2   19.0  -50.9               
  170  170 A G        -     0   0   78      0, 0.0     0, 0.0     0, 0.0     0, 0.0   0.808  48.9-112.3 102.1 114.3   14.2   18.2  -52.9               
  171  171 A G        +     0   0   88      1,-0.0    -2,-0.0     2,-0.0     0, 0.0  -0.168  32.7 167.1 -61.2 157.1   17.3   16.1  -53.0               
  172  172 A G        -     0   0   74      0, 0.0    -1,-0.0     0, 0.0     0, 0.0  -0.251  18.2-152.2 176.8  80.4   20.8   17.7  -52.8               
  173  173 A T        +     0   0  147      1,-0.0    -2,-0.0     0, 0.0     0, 0.0  -0.170  33.2  59.9 -31.0 136.1   24.0   15.7  -52.3               
  174  174 A G        -     0   0   80      0, 0.0    -1,-0.0     0, 0.0     0, 0.0   0.895  38.0 -16.2 110.7 112.8   27.2   16.7  -50.7               
  175  175 A G        +     0   0   87      0, 0.0     0, 0.0     0, 0.0     0, 0.0   0.975  24.5  40.1 101.3 115.0   29.8   17.8  -48.5               
  176  176 A G        -     0   0   72      0, 0.0     0, 0.0     0, 0.0     0, 0.0   0.983  22.5-116.2  98.2  90.3   32.0   19.1  -46.0               
  177  177 A S        +     0   0  110      0, 0.0     0, 0.0     0, 0.0     0, 0.0   0.857  30.6  86.7  56.6 133.6   33.3   20.0  -42.7               
  178  178 A T        +     0   0  148      0, 0.0     0, 0.0     0, 0.0     0, 0.0   0.668  26.6  89.2 103.0 130.4   34.4   22.4  -40.0               
  179  179 A G        -     0   0   69      0, 0.0     0, 0.0     0, 0.0     0, 0.0   0.808  33.0-159.9 111.7  82.0   33.9   24.7  -37.0               
  180  180 A S        +     0   0  116      1,-0.0     0, 0.0     0, 0.0     0, 0.0   0.298  24.1  46.7  64.6 111.9   33.9   24.5  -33.5               
  181  181 A V        +     0   0  122      0, 0.0    -1,-0.0     0, 0.0     0, 0.0   0.974  37.0  79.4  80.0  99.9   32.9   25.8  -30.2               
  182  182 A L        -     0   0  160      2,-0.0     2,-0.8     0, 0.0     0, 0.0   0.028  39.8-131.4 167.2 142.9   30.6   27.3  -27.7               
  183  183 A P        -     0   0  122      0, 0.0     2,-0.8     0, 0.0     0, 0.0  -0.649  22.9-151.8 -87.4 108.5   27.8   26.2  -25.2               
  184  184 A G        -     0   0   70     -2,-0.8     2,-0.4     1,-0.0    -2,-0.0  -0.709  15.5-130.6 -79.3 109.6   24.7   28.5  -25.4               
  185  185 A R        -     0   0  240     -2,-0.8     2,-0.6     1,-0.0    -1,-0.0  -0.445  19.1-157.2 -48.1 111.9   22.8   28.7  -22.1               
  186  186 A R        -     0   0  249     -2,-0.4     3,-0.1     3,-0.0    -1,-0.0  -0.940  20.8-125.0 -99.5 115.1   19.1   28.0  -22.9               
  187  187 A H        -     0   0  176     -2,-0.6     2,-0.4     1,-0.1     0, 0.0  -0.272  24.9-101.1 -49.9 135.3   16.9   29.5  -20.1               
  188  188 A D        -     0   0  142      1,-0.1     2,-0.6    -2,-0.0     3,-0.5  -0.495  27.2-160.7 -58.5 116.8   14.4   27.3  -18.2               
  189  189 A L  S    S+     0   0  142     -2,-0.4    -1,-0.1     1,-0.2     3,-0.0  -0.582  73.9  78.6 -99.5  58.0   10.9   28.0  -19.6               
  190  190 A Y        +     0   0  212     -2,-0.6     2,-0.4     0, 0.0     3,-0.2   0.358  60.6  90.3-142.7   5.1    9.1   26.7  -16.4               
  191  191 A D        +     0   0  145     -3,-0.5     3,-0.1     1,-0.2    -2,-0.0  -0.231  58.2 100.2 -96.0  41.0    9.3   29.5  -13.8               
  192  192 A I  S    S+     0   0  127     -2,-0.4    -1,-0.2     1,-0.1     3,-0.1   0.062  70.6  57.7-119.0  26.3    6.0   31.3  -14.8               
  193  193 A Y  S    S+     0   0  221     -3,-0.2     2,-0.5     1,-0.1    -1,-0.1   0.445  86.5  76.0-133.1   5.9    3.5   30.1  -12.1               
  194  194 A D        +     0   0  150      2,-0.1    -1,-0.1    -3,-0.1    -3,-0.0  -0.752  48.5 119.3-122.2  83.2    5.1   31.1   -8.8               
  195  195 A L        -     0   0  173     -2,-0.5     2,-0.2    -3,-0.1    -3,-0.0  -0.892  53.3-139.7-133.2 115.7    4.7   34.9   -8.0               
  196  196 A P        -     0   0  114      0, 0.0    -2,-0.1     0, 0.0     0, 0.0  -0.492  26.6 -80.1 -82.6 143.0    2.7   35.5   -4.7               
  197  197 A D        -     0   0  162     -2,-0.2     2,-0.3     1,-0.1     0, 0.0   0.049  41.8-166.4 -15.3 108.8    0.1   38.0   -3.8               
  198  198 A R        -     0   0  245      1,-0.0    -1,-0.1     0, 0.0     0, 0.0  -0.814  28.8 -97.6-126.7  94.0    1.4   41.5   -2.9               
  199  199 A G        -     0   0   65     -2,-0.3    -1,-0.0     1,-0.1     0, 0.0   0.576  30.6 -81.7  51.2  95.8   -0.8   43.9   -1.3               
  200  200 A F        +     0   0  188      0, 0.0     2,-0.2     0, 0.0    -1,-0.1   0.165  38.6 154.1  18.1 104.3   -3.0   46.8   -1.8               
  201  201 A E        -     0   0  183      2,-0.0     0, 0.0     0, 0.0     0, 0.0  -0.626  32.9-133.0-152.4 128.7   -2.3   50.4   -2.1               
  202  202 A D        +     0   0  123     -2,-0.2     2,-0.1     0, 0.0     0, 0.0  -0.127  29.3 160.7 -35.8 142.2   -4.5   52.8   -4.0               
  203  203 A H        -     0   0  198      2,-0.0    -2,-0.0     0, 0.0     0, 0.0  -0.377  28.7-135.2-169.7 128.1   -3.5   55.4   -6.5               
  204  204 A E        -     0   0  177      1,-0.1     2,-0.6    -2,-0.1     0, 0.0  -0.034  24.1-100.3 -67.7 155.5   -5.9   57.0   -9.0               
  205  205 A P        -     0   0  117      0, 0.0    -1,-0.1     0, 0.0    -2,-0.0  -0.693  33.2-165.1 -93.6 119.4   -5.4   57.8  -12.8               
  206  206 A G        -     0   0   74     -2,-0.6     2,-0.2     1,-0.0     0, 0.0  -0.791  18.6-121.4-106.1 142.7   -4.5   61.4  -13.9               
  207  207 A P        -     0   0  117      0, 0.0    -1,-0.0     0, 0.0     0, 0.0  -0.463  31.0 -32.3-101.8 155.8   -4.8   62.7  -17.6               
  208  208 A K        +     0   0  199     -2,-0.2     2,-0.3     1,-0.1     0, 0.0   0.831  18.7 179.6  45.4 120.3   -3.2   64.2  -20.7               
  209  209 A R        -     0   0  260      2,-0.0    -1,-0.1     0, 0.0     2,-0.1  -0.953  31.1-142.5-143.1 141.9   -0.5   66.5  -22.0               
  210  210 A R        +     0   0  242     -2,-0.3     0, 0.0     2,-0.0     0, 0.0  -0.240  28.8 140.6 -75.3 164.1   -0.0   67.1  -25.8               
  211  211 A R        -     0   0  243     -2,-0.1    -2,-0.0     0, 0.0     0, 0.0   0.614  24.4-169.9 122.0 125.0    2.2   67.7  -28.8               
  212  212 A G        +     0   0   72      0, 0.0    -2,-0.0     0, 0.0     0, 0.0   0.769  27.1 157.6 163.0 152.8    2.5   66.9  -31.9               
  213  213 A G        -     0   0   76      2,-0.0     0, 0.0     0, 0.0     0, 0.0   0.529  38.5  -7.5  87.7 136.3    3.3   66.1  -35.6               
  214  214 A C        +     0   0  126      1,-0.2     0, 0.0     0, 0.0     0, 0.0   0.603  17.4 176.4-167.6 129.6    2.8   64.4  -38.3               
  215  215 A C        -     0   0  122      2,-0.0    -1,-0.2     0, 0.0    -2,-0.0  -0.502   5.9-171.4 -71.7 156.3    1.4   61.6  -40.6               
  216  216 A P        -     0   0  121      0, 0.0     2,-0.7     0, 0.0     0, 0.0  -0.853  21.8-148.4-121.7 146.6    1.6   60.8  -44.0               
  217  217 A P        +     0   0  110      0, 0.0     2,-0.1     0, 0.0    -2,-0.0  -0.876  38.5 132.4-101.4 106.6   -0.8   57.8  -44.9               
  218  218 A D        +     0   0  166     -2,-0.7     0, 0.0     1,-0.2     0, 0.0  -0.542  36.4  24.3-160.9  99.4    0.4   55.5  -47.7               
  219  219 A G        +     0   0   79     -2,-0.1    -1,-0.2     0, 0.0     0, 0.0   0.785  53.9  14.0  71.7 155.7    0.5   51.7  -47.9               
  220  220 A P        -     0   0  122      0, 0.0    -2,-0.0     0, 0.0     0, 0.0   0.553  41.5-117.4-124.1 139.5    0.2   48.6  -47.7               
  221  221 A H        -     0   0  173      1,-0.1     2,-1.3     3,-0.0     0, 0.0   0.395  14.1-156.8  35.5  70.9   -2.2   46.1  -46.2               
  222  222 A F        -     0   0  203      2,-0.0     2,-0.2     1,-0.0    -1,-0.1  -0.765  30.1-132.9 -77.5  95.6   -0.8   43.8  -43.5               
  223  223 A E        -     0   0  106     -2,-1.3     2,-1.9     1,-0.1    -1,-0.0  -0.400   7.4-131.3 -47.2 113.8   -3.3   41.0  -44.0               
  224  224 A S        -     0   0  117     -2,-0.2     2,-1.5     1,-0.0    -1,-0.1  -0.659  25.7-154.9 -63.9  83.2   -4.7   40.0  -40.6               
  225  225 A Y        -     0   0  174     -2,-1.9     2,-0.8     2,-0.1    -1,-0.0  -0.692   8.6-141.4 -68.4  93.2   -4.1   36.3  -41.2               
  226  226 A E        -     0   0  157     -2,-1.5     2,-2.2     1,-0.1    -1,-0.0  -0.526   9.2-145.4 -42.4  95.8   -6.6   34.8  -38.9               
  227  227 A Y        +     0   0  208     -2,-0.8     2,-1.2     1,-0.1    -1,-0.1  -0.474  33.8 165.7 -77.6  65.7   -4.5   31.9  -37.8               
  228  228 A S        +     0   0   82     -2,-2.2    -1,-0.1     1,-0.2    -2,-0.1  -0.270  41.5 100.9 -77.6  45.6   -7.7   29.7  -37.6               
  229  229 A L        +     0   0  144     -2,-1.2    -1,-0.2     2,-0.0    -2,-0.0  -0.410  34.3 148.7-136.2  59.2   -5.6   26.5  -37.4               
  230  230 A A        -     0   0   89      1,-0.1     4,-0.1     2,-0.0    -2,-0.0  -0.742  58.5-101.8 -72.0 140.7   -5.4   25.4  -33.8               
  231  231 A P    >   -     0   0   92      0, 0.0     3,-1.0     0, 0.0     2,-0.4  -0.141  48.9 -79.9 -60.7 168.8   -5.2   21.5  -33.8               
  232  232 A P  T >> S+     0   0  111      0, 0.0     4,-1.2     0, 0.0     3,-0.9   0.350 102.8 108.9 -65.2  14.6   -8.4   19.5  -33.0               
  233  233 A R  H 3>  +     0   0  181     -2,-0.4     4,-2.6     1,-0.2     5,-0.2   0.725  64.4  70.9 -54.1 -27.8   -7.8   20.1  -29.2               
  234  234 A G  H <> S+     0   0   53     -3,-1.0     4,-1.8     2,-0.2    -1,-0.2   0.873 100.0  42.8 -65.2 -36.9  -10.8   22.6  -29.2               
  235  235 A V  H <> S+     0   0  101     -3,-0.9     4,-2.2     2,-0.2    -2,-0.2   0.927 116.3  47.3 -77.2 -43.0  -13.5   19.8  -29.6               
  236  236 A E  H  X S+     0   0  110     -4,-1.2     4,-2.7     2,-0.2     5,-0.2   0.906 111.2  52.9 -62.1 -40.6  -11.8   17.4  -27.1               
  237  237 A C  H  X S+     0   0   64     -4,-2.6     4,-2.3     1,-0.2    -2,-0.2   0.944 110.7  47.0 -60.3 -45.2  -11.5   20.4  -24.6               
  238  238 A R  H  X S+     0   0  187     -4,-1.8     4,-2.3     2,-0.2    -2,-0.2   0.887 113.8  46.9 -65.1 -41.8  -15.2   21.2  -25.0               
  239  239 A L  H  X S+     0   0  105     -4,-2.2     4,-2.7     2,-0.2    -1,-0.2   0.913 114.4  47.1 -66.6 -41.9  -16.3   17.5  -24.5               
  240  240 A L  H  X S+     0   0   93     -4,-2.7     4,-2.5     2,-0.2    -2,-0.2   0.843 111.9  51.3 -67.7 -35.2  -13.9   17.1  -21.5               
  241  241 A E  H  X S+     0   0  119     -4,-2.3     4,-2.1    -5,-0.2    -2,-0.2   0.924 112.1  46.4 -64.5 -44.8  -15.3   20.5  -20.1               
  242  242 A E  H  X S+     0   0  114     -4,-2.3     4,-2.6     2,-0.2    -2,-0.2   0.928 113.7  48.6 -64.0 -44.1  -18.9   19.1  -20.5               
  243  243 A E  H  X S+     0   0   98     -4,-2.7     4,-2.9     2,-0.2    -2,-0.2   0.941 111.1  50.2 -61.2 -45.6  -18.0   15.8  -18.9               
  244  244 A N  H  X S+     0   0   82     -4,-2.5     4,-2.5     2,-0.2    -2,-0.2   0.880 110.4  50.6 -60.7 -38.3  -16.3   17.7  -16.0               
  245  245 A A  H  X S+     0   0   56     -4,-2.1     4,-2.3     2,-0.2    -2,-0.2   0.934 112.2  46.5 -65.0 -44.0  -19.5   19.8  -15.6               
  246  246 A M  H  X S+     0   0  118     -4,-2.6     4,-2.4     2,-0.2    -2,-0.2   0.918 112.9  49.8 -62.5 -43.2  -21.6   16.5  -15.5               
  247  247 A L  H  X S+     0   0   92     -4,-2.9     4,-2.6     2,-0.2    -2,-0.2   0.915 109.3  51.7 -63.7 -41.9  -19.2   14.9  -13.0               
  248  248 A R  H  X S+     0   0  183     -4,-2.5     4,-2.2     2,-0.2    -2,-0.2   0.938 111.2  47.7 -59.3 -45.7  -19.4   18.0  -10.8               
  249  249 A K  H  X S+     0   0  158     -4,-2.3     4,-2.4     2,-0.2    -2,-0.2   0.884 112.4  49.4 -61.7 -40.5  -23.2   17.8  -10.8               
  250  250 A R  H  X S+     0   0  124     -4,-2.4     4,-2.6     2,-0.2    -2,-0.2   0.893 110.1  50.5 -67.5 -39.3  -23.1   14.1  -10.0               
  251  251 A V  H  X S+     0   0   75     -4,-2.6     4,-2.3     2,-0.2    -2,-0.2   0.887 111.1  49.5 -63.5 -41.0  -20.6   14.7   -7.1               
  252  252 A E  H  X S+     0   0  140     -4,-2.2     4,-2.3     2,-0.2    -2,-0.2   0.939 111.8  47.8 -64.4 -44.1  -23.0   17.4   -5.8               
  253  253 A E  H  X S+     0   0   79     -4,-2.4     4,-2.5     2,-0.2    -2,-0.2   0.928 112.2  49.5 -61.8 -44.0  -26.0   15.0   -6.0               
  254  254 A L  H  X S+     0   0   76     -4,-2.6     4,-2.7     2,-0.2    -2,-0.2   0.904 109.6  51.9 -63.2 -39.0  -24.0   12.2   -4.3               
  255  255 A K  H  X S+     0   0  144     -4,-2.3     4,-2.5     2,-0.2    -2,-0.2   0.915 110.3  48.7 -61.5 -42.1  -23.0   14.7   -1.5               
  256  256 A K  H  X S+     0   0  146     -4,-2.3     4,-2.4     2,-0.2    -2,-0.2   0.904 111.4  49.8 -63.1 -41.6  -26.8   15.6   -1.1               
  257  257 A Q  H  X S+     0   0   79     -4,-2.5     4,-2.8     2,-0.2    -2,-0.2   0.923 111.5  48.1 -63.5 -43.9  -27.6   11.8   -1.0               
  258  258 A V  H  X S+     0   0   83     -4,-2.7     4,-2.4     2,-0.2    -2,-0.2   0.920 111.3  51.1 -62.6 -42.7  -24.9   11.2    1.7               
  259  259 A S  H  X S+     0   0   77     -4,-2.5     4,-2.4     2,-0.2    -2,-0.2   0.919 112.2  46.2 -61.2 -42.7  -26.2   14.2    3.7               
  260  260 A N  H  X S+     0   0  103     -4,-2.4     4,-2.8     2,-0.2     5,-0.2   0.943 112.6  50.1 -64.7 -45.2  -29.8   12.8    3.6               
  261  261 A L  H  X S+     0   0  108     -4,-2.8     4,-2.3     2,-0.2    -2,-0.2   0.862 110.8  50.2 -61.8 -35.6  -28.5    9.3    4.5               
  262  262 A L  H  X S+     0   0  114     -4,-2.4     4,-2.4     2,-0.2    -2,-0.2   0.947 111.6  47.4 -67.4 -44.6  -26.6   10.9    7.5               
  263  263 A A  H  X S+     0   0   48     -4,-2.4     4,-2.1     2,-0.2    -2,-0.2   0.899 114.0  47.5 -62.9 -41.1  -29.7   12.8    8.6               
  264  264 A T  H  X S+     0   0   56     -4,-2.8     4,-2.4     2,-0.2    -1,-0.2   0.920 111.5  50.5 -66.8 -41.0  -31.8    9.5    8.3               
  265  265 A N  H  X S+     0   0   85     -4,-2.3     4,-2.4    -5,-0.2    -2,-0.2   0.895 108.5  53.4 -62.0 -39.7  -29.2    7.5   10.2               
  266  266 A E  H  X S+     0   0  134     -4,-2.4     4,-2.5     2,-0.2    -2,-0.2   0.957 110.9  45.6 -59.3 -49.0  -29.2   10.2   13.0               
  267  267 A V  H  X S+     0   0   81     -4,-2.1     4,-2.7     1,-0.2    -2,-0.2   0.904 114.3  48.6 -61.0 -43.8  -33.0    9.9   13.4               
  268  268 A L  H  X S+     0   0   88     -4,-2.4     4,-2.5     2,-0.2    -1,-0.2   0.865 111.0  50.4 -66.1 -37.1  -32.8    6.0   13.4               
  269  269 A L  H  X S+     0   0  119     -4,-2.4     4,-2.3     2,-0.2    -2,-0.2   0.919 112.1  47.6 -65.9 -41.9  -30.0    6.1   16.0               
  270  270 A E  H  X S+     0   0  120     -4,-2.5     4,-2.6     2,-0.2    -2,-0.2   0.938 112.7  48.5 -65.2 -44.5  -32.1    8.4   18.2               
  271  271 A Q  H  X S+     0   0   83     -4,-2.7     4,-2.7     2,-0.2    -2,-0.2   0.933 111.8  50.0 -59.6 -44.5  -35.2    6.2   17.8               
  272  272 A N  H  X S+     0   0   95     -4,-2.5     4,-2.3     2,-0.2    -2,-0.2   0.899 110.2  50.3 -61.8 -39.8  -33.0    3.1   18.6               
  273  273 A A  H  X S+     0   0   47     -4,-2.3     4,-1.9     2,-0.2    -2,-0.2   0.926 110.5  50.2 -63.2 -41.9  -31.7    5.0   21.7               
  274  274 A Q  H  X S+     0   0   97     -4,-2.6     4,-2.9     2,-0.2    -2,-0.2   0.934 110.3  49.2 -61.4 -45.8  -35.3    5.7   22.7               
  275  275 A F  H  X S+     0   0  119     -4,-2.7     4,-2.7     1,-0.2    -2,-0.2   0.900 110.6  50.7 -62.0 -39.6  -36.3    2.0   22.3               
  276  276 A R  H  X S+     0   0  184     -4,-2.3     4,-1.5     2,-0.2    -1,-0.2   0.858 113.3  45.9 -64.9 -35.0  -33.3    1.0   24.4               
  277  277 A N  H  X S+     0   0   90     -4,-1.9     4,-2.3     2,-0.2    -2,-0.2   0.897 111.7  50.6 -75.2 -38.8  -34.4    3.5   27.1               
  278  278 A Q  H  X S+     0   0  104     -4,-2.9     4,-2.8     2,-0.2     5,-0.2   0.931 109.2  51.8 -63.4 -42.6  -38.1    2.3   26.9               
  279  279 A A  H  X S+     0   0   52     -4,-2.7     4,-1.8     1,-0.2    -1,-0.2   0.909 110.5  49.2 -59.2 -40.4  -36.9   -1.3   27.3               
  280  280 A K  H  X S+     0   0  131     -4,-1.5     4,-1.8     2,-0.2    -2,-0.2   0.912 110.9  49.1 -64.8 -41.7  -34.9   -0.2   30.4               
  281  281 A V  H  X S+     0   0   91     -4,-2.3     4,-2.0     2,-0.2    -2,-0.2   0.931 111.0  50.2 -65.1 -41.8  -38.0    1.6   31.9               
  282  282 A I  H  < S+     0   0  120     -4,-2.8     4,-0.4     1,-0.2    -1,-0.2   0.874 112.5  48.0 -61.9 -36.6  -40.2   -1.5   31.3               
  283  283 A T  H  < S+     0   0  102     -4,-1.8     3,-0.2    -5,-0.2    -1,-0.2   0.823 113.2  46.6 -76.9 -29.4  -37.6   -3.7   33.1               
  284  284 A L  H  < S+     0   0  140     -4,-1.8     3,-0.3     1,-0.2    -2,-0.2   0.754 108.1  55.0 -84.8 -25.8  -37.2   -1.3   36.1               
  285  285 A S  S  < S+     0   0   96     -4,-2.0     2,-0.3     1,-0.2    -1,-0.2   0.579  93.9  77.0 -79.4  -8.6  -41.0   -0.9   36.6               
  286  286 A S        +     0   0   97     -4,-0.4    -1,-0.2    -3,-0.2    -2,-0.1  -0.318  66.6  89.6-105.3  48.5  -41.5   -4.7   36.9               
  287  287 A T        +     0   0  126     -3,-0.3    -1,-0.2    -2,-0.3    -4,-0.0  -0.543  46.1 119.1-136.2  74.1  -40.2   -5.5   40.4               
  288  288 A A        -     0   0   89     -2,-0.0     2,-0.1    -3,-0.0    -3,-0.0  -0.991  67.9-109.8-123.2 132.8  -43.2   -5.2   42.8               
  289  289 A P        -     0   0  125      0, 0.0     2,-0.2     0, 0.0    -2,-0.1  -0.343  38.5 -92.7 -71.2 144.9  -44.0   -8.5   44.6               
  290  290 A A        +     0   0  104     -2,-0.1     2,-0.3     2,-0.0     0, 0.0  -0.333  50.1 155.3 -55.2 121.1  -47.1  -10.5   43.8               
  291  291 A T        -     0   0  138     -2,-0.2     2,-0.0     2,-0.0     0, 0.0  -0.938  41.1-106.6-143.1 136.5  -50.3  -10.0   45.7               
  292  292 A E        +     0   0  180     -2,-0.3    -2,-0.0     2,-0.0     0, 0.0  -0.228  49.2 128.0 -55.6 134.3  -53.7  -10.9   44.1               
  293  293 A Q        -     0   0  187     -2,-0.0    -2,-0.0     2,-0.0    -1,-0.0   0.088  38.9-126.2 173.5 110.3  -56.6   -9.0   42.7               
  294  294 A T        +     0   0  128      2,-0.0     2,-0.1     0, 0.0    -2,-0.0   0.117  46.4 113.6  16.4 103.1  -58.6   -8.9   39.6               
  295  295 A L        -     0   0  164      2,-0.0    -2,-0.0     0, 0.0     0, 0.0  -0.155  41.2-140.0 176.6 132.8  -59.4   -6.1   37.3               
  296  296 A A        -     0   0   98     -2,-0.1     2,-0.2     1,-0.0    -2,-0.0  -0.198   7.6-160.1 -63.0 155.7  -58.4   -5.4   33.6               
  297  297 A P        -     0   0  115      0, 0.0    -2,-0.0     0, 0.0    -1,-0.0  -0.730  35.5-101.1-137.2 121.0  -57.4   -2.7   31.5               
  298  298 A T        -     0   0  135     -2,-0.2     2,-0.9     1,-0.2     0, 0.0   0.401  16.0-127.8  29.1 101.5  -57.7   -2.8   27.8               
  299  299 A V        +     0   0  157      2,-0.0     2,-0.3     3,-0.0    -1,-0.2  -0.710  54.8 141.7 -72.0 103.7  -55.0   -3.5   25.2               
  300  300 A G        +     0   0   51     -2,-0.9     0, 0.0     1,-0.1     0, 0.0  -0.976  38.0  41.8-144.9 145.4  -55.4   -0.5   22.8               
  301  301 A T  S    S+     0   0  137     -2,-0.3     4,-0.1     0, 0.0    -1,-0.1   0.652  76.0  91.9  96.5  29.2  -52.9    1.8   20.9               
  302  302 A V  S    S+     0   0  125      2,-0.1     4,-0.3     3,-0.0     3,-0.2   0.409  72.1  74.0-117.8   2.2  -50.0   -0.3   19.3               
  303  303 A A  S    S+     0   0   88      1,-0.2     4,-0.2     2,-0.1     3,-0.2   0.726  86.6  60.0 -86.3 -18.8  -51.7   -0.9   15.8               
  304  304 A T  S >  S+     0   0  116      1,-0.2     3,-0.6     2,-0.1     4,-0.4   0.715  91.0  65.8 -87.1 -18.5  -51.3    2.7   14.3               
  305  305 A F  T >> S+     0   0  169      1,-0.2     4,-0.8    -3,-0.2     3,-0.6   0.781  89.7  63.8 -82.1 -22.4  -47.4    3.0   14.4               
  306  306 A N  H 3> S+     0   0  116     -4,-0.3     4,-1.2    -3,-0.2    -1,-0.2   0.731  92.4  66.3 -71.6 -19.3  -46.6    0.3   11.9               
  307  307 A H  H <> S+     0   0  131     -3,-0.6     4,-1.0    -4,-0.2    -1,-0.2   0.798  96.8  53.0 -76.4 -25.9  -48.4    2.2    9.1               
  308  308 A G  H <> S+     0   0   42     -3,-0.6     4,-1.0    -4,-0.4    -1,-0.2   0.818 105.8  53.6 -76.6 -30.1  -45.8    5.1    9.1               
  309  309 A I  H  X S+     0   0   97     -4,-0.8     4,-0.6     1,-0.2    -2,-0.2   0.821 107.4  51.3 -76.5 -30.1  -42.8    2.7    8.7               
  310  310 A A  H  X S+     0   0   53     -4,-1.2     4,-0.6     1,-0.2     3,-0.3   0.862 105.3  57.0 -72.2 -31.9  -44.4    1.1    5.6               
  311  311 A Q  H  < S+     0   0  134     -4,-1.0     3,-0.4     1,-0.2     4,-0.2   0.832 103.2  50.9 -75.4 -28.8  -45.0    4.6    3.9               
  312  312 A T  H  < S+     0   0   96     -4,-1.0     3,-0.3     1,-0.2    -1,-0.2   0.724 109.9  50.9 -81.1 -18.4  -41.3    5.8    3.9               
  313  313 A H  H >< S+     0   0  131     -4,-0.6     3,-0.6    -3,-0.3     4,-0.4   0.565  92.2  77.0 -91.4  -8.7  -40.0    2.5    2.3               
  314  314 A T  T 3< S+     0   0   97     -4,-0.6    -1,-0.2    -3,-0.4    -2,-0.1   0.603  89.0  54.3 -84.2  -8.5  -42.5    2.5   -0.6               
  315  315 A T  T 3  S+     0   0  121     -3,-0.3    -1,-0.2    -4,-0.2    -2,-0.1   0.489 106.0  46.7-105.0  -0.5  -40.7    5.3   -2.8               
  316  316 A L  S <  S+     0   0  155     -3,-0.6     3,-0.1    -4,-0.1    -2,-0.1   0.494 101.9  55.5-121.9  -4.4  -37.1    3.9   -3.1               
  317  317 A S  S    S+     0   0  108     -4,-0.4    -2,-0.1     1,-0.1    -1,-0.1   0.198  76.6  95.9-117.0  16.2  -37.4    0.1   -4.1               
  318  318 A S        +     0   0   97     -4,-0.1     2,-0.3     1,-0.1    -1,-0.1  -0.229  60.8  80.8-113.9  42.4  -39.5    0.1   -7.3               
  319  319 A Q  S    S-     0   0  190     -3,-0.1    -1,-0.1     1,-0.1     0, 0.0  -0.850  88.5  -0.6-142.6 119.1  -37.1    0.0  -10.2               
  320  320 A A  S    S+     0   0   98     -2,-0.3    -1,-0.1     2,-0.0    -2,-0.0   0.994  95.3  56.7  69.5  82.0  -35.4   -3.2  -11.5               
  321  321 A L        +     0   0  174     -3,-0.1    -2,-0.1     0, 0.0     0, 0.0   0.395  48.2 173.1 167.0  91.7  -35.7   -6.6  -10.3               
  322  322 A Q        -     0   0  187      2,-0.0     2,-0.5     0, 0.0    -2,-0.0  -0.813  13.4-167.1 -87.2 134.1  -39.1   -8.5  -10.0               
  323  323 A P        -     0   0  121      0, 0.0     0, 0.0     0, 0.0     0, 0.0  -0.989  28.2-127.5-106.7 126.3  -39.6  -12.1   -9.1               
  324  324 A R        -     0   0  222     -2,-0.5     2,-0.4     1,-0.1    -2,-0.0  -0.404  14.6-128.5 -60.4 142.8  -43.2  -13.3   -9.9               
  325  325 A P        -     0   0  125      0, 0.0     2,-0.5     0, 0.0    -1,-0.1  -0.792  17.8-160.1 -88.1 133.4  -45.3  -15.0   -7.1               
  326  326 A V        +     0   0  131     -2,-0.4     2,-0.5     2,-0.0    -2,-0.0  -0.977  11.6 179.4-110.2 115.2  -46.9  -18.3   -8.2               
  327  327 A S        +     0   0  104     -2,-0.5     2,-0.2     2,-0.0     0, 0.0  -0.978  15.7 148.4-102.3 125.8  -49.9  -19.4   -6.0               
  328  328 A Q        +     0   0  187     -2,-0.5     2,-0.8     2,-0.0    -2,-0.0  -0.657  15.3 179.6-152.2 110.9  -51.7  -22.6   -6.7               
  329  329 A Q        +     0   0  185     -2,-0.2     2,-0.3     0, 0.0    -2,-0.0  -0.933  29.9 136.3 -97.5  97.7  -53.1  -24.5   -3.8               
  330  330 A E        +     0   0  168     -2,-0.8    -2,-0.0     1,-0.1     0, 0.0  -0.827  36.3  13.9-155.5 127.1  -54.8  -27.6   -5.3               
  331  331 A L        -     0   0  144     -2,-0.3    -1,-0.1     2,-0.0     0, 0.0   0.998  56.8-100.9  76.7  92.9  -55.1  -31.3   -4.5               
  332  332 A V        -     0   0  137      1,-0.0    -2,-0.0     2,-0.0     0, 0.0   0.703  31.9-109.9  52.1 118.2  -54.4  -33.8   -1.9               
  333  333 A A        +     0   0   85      0, 0.0    -1,-0.0     0, 0.0    -2,-0.0   0.102  26.5 119.4 -69.6-165.2  -51.9  -36.6   -1.0               
  334  334 A P        -     0   0  117      0, 0.0    -2,-0.0     0, 0.0     0, 0.0   0.763  26.1 -45.9-137.0-175.1  -50.7  -39.5   -0.5               
  335  335 A A        +     0   0  106      1,-0.0     0, 0.0     0, 0.0     0, 0.0   0.872  32.3 112.1  81.3 133.9  -48.7  -42.8   -0.6               
  336  336 A G        +     0   0   77      0, 0.0    -1,-0.0     0, 0.0     0, 0.0   0.637  14.4 170.3 132.6  91.5  -46.8  -45.6   -2.3               
  337  337 A A        +     0   0   98      0, 0.0     2,-0.2     0, 0.0     0, 0.0  -0.679   8.0 169.2 -72.6 149.9  -43.3  -46.9   -2.8               
  338  338 A P        -     0   0  133      0, 0.0     0, 0.0     0, 0.0     0, 0.0  -0.784  25.1 -96.5-149.4-178.7  -42.2  -49.9   -4.2               
  339  339 A A        -     0   0   99     -2,-0.2     0, 0.0     1,-0.1     0, 0.0   0.247  22.9-125.9 -61.8 165.8  -38.9  -51.5   -5.3               
  340  340 A A        -     0   0   88      0, 0.0    -1,-0.1     0, 0.0     0, 0.0   0.406  10.4-171.1 -47.4-167.8  -36.4  -52.2   -8.1               
  341  341 A P        -     0   0  121      0, 0.0     2,-0.0     0, 0.0     0, 0.0   0.166   9.6-154.2-148.2-140.7  -34.5  -54.2   -9.9               
  342  342 A P        -     0   0  110      0, 0.0     2,-0.2     0, 0.0     0, 0.0   0.116  19.9-121.8-130.5 177.4  -31.9  -54.8  -12.4               
  343  343 A T        -     0   0  133      1,-0.1     0, 0.0    -2,-0.0     0, 0.0  -0.745  51.1 -50.4-150.0 119.1  -29.5  -56.0  -15.1               
  344  344 A N        -     0   0  153     -2,-0.2    -1,-0.1     0, 0.0     0, 0.0   0.857  37.8 -98.9  48.4 112.7  -25.8  -56.5  -15.2               
  345  345 A A        +     0   0   92      2,-0.0     0, 0.0     0, 0.0     0, 0.0   0.778  23.4  59.1  76.3 134.8  -22.4  -55.9  -14.8               
  346  346 A A        -     0   0   92      2,-0.0     0, 0.0     0, 0.0     0, 0.0   0.917  18.9-137.2-170.3 168.6  -19.2  -55.1  -15.0               
  347  347 A P        +     0   0  120      0, 0.0    -2,-0.0     0, 0.0     0, 0.0   0.207  15.8   5.3-112.2-145.8  -15.9  -53.1  -15.6               
  348  348 A P        +     0   0  120      0, 0.0     2,-0.2     0, 0.0    -2,-0.0   0.593   4.0 168.2-122.3 168.7  -12.7  -51.9  -16.4               
  349  349 A A        -     0   0   99      1,-0.2     0, 0.0     0, 0.0     0, 0.0  -0.793  47.9 -53.4-157.1 125.9   -9.1  -51.6  -17.8               
  350  350 A A        -     0   0   96     -2,-0.2    -1,-0.2     1,-0.1     0, 0.0   0.921  40.2-107.3  56.9 138.1   -6.5  -48.9  -18.4               
  351  351 A P        -     0   0  122      0, 0.0    -1,-0.1     0, 0.0     0, 0.0  -0.571  26.3-126.8 -91.7 156.1   -5.9  -45.4  -20.0               
  352  352 A P        -     0   0  122      0, 0.0    -2,-0.0     0, 0.0     0, 0.0  -0.711  24.8-119.0 -97.5 156.3   -3.9  -44.5  -23.2               
  353  353 A P        -     0   0  119      0, 0.0     0, 0.0     0, 0.0     0, 0.0  -0.348  27.2-103.8 -88.3 169.0   -1.1  -41.8  -23.4               
  354  354 A P        -     0   0  124      0, 0.0     0, 0.0     0, 0.0     0, 0.0  -0.635  21.6-134.8 -94.5 151.7   -0.9  -38.5  -25.5               
  355  355 A P        -     0   0  122      0, 0.0     2,-0.1     0, 0.0     0, 0.0  -0.684  33.1-123.7-103.9 165.6    1.1  -37.7  -28.7               
  356  356 A P        -     0   0  106      0, 0.0     0, 0.0     0, 0.0     0, 0.0  -0.295  25.8 -17.6-113.9 171.5    3.1  -34.5  -29.3               
  357  357 A H        +     0   0  177     -2,-0.1     2,-0.2     1,-0.0     0, 0.0   0.637  20.3 158.7  31.1 122.6    4.3  -31.2  -30.8               
  358  358 A L        -     0   0  179      0, 0.0    -1,-0.0     0, 0.0     0, 0.0  -0.639  29.7-141.6-158.9 137.4    4.4  -29.1  -33.9               
  359  359 A T        -     0   0  134     -2,-0.2     2,-0.0     1,-0.1     0, 0.0  -0.180  30.8 -67.7 -88.5 172.3    5.1  -25.3  -33.8               
  360  360 A P        -     0   0  121      0, 0.0     2,-0.3     0, 0.0    -1,-0.1  -0.067  18.5-154.0 -98.8 162.4    3.6  -22.4  -35.9               
  361  361 A E        -     0   0  186      2,-0.1     2,-0.3    -2,-0.0     0, 0.0  -0.917  31.8-117.8-122.2 148.1    3.2  -20.6  -39.2               
  362  362 A I        +     0   0  142     -2,-0.3     0, 0.0     2,-0.0     0, 0.0  -0.625  46.7 119.8 -87.4 133.6    2.4  -16.9  -39.7               
  363  363 A T        -     0   0  136     -2,-0.3     2,-0.3     2,-0.0    -2,-0.1  -0.447  38.4-137.1 179.6 142.0   -0.4  -14.9  -41.3               
  364  364 A P        -     0   0  108      0, 0.0     2,-0.6     0, 0.0    -2,-0.0  -0.686   7.0-153.4 -92.6 142.0   -3.0  -12.3  -40.1               
  365  365 A L        +     0   0  180     -2,-0.3     2,-0.5     2,-0.0    -2,-0.0  -0.929  20.0 168.2-113.4 106.7   -6.7  -12.1  -41.0               
  366  366 A S        +     0   0  117     -2,-0.6     2,-0.2     0, 0.0     0, 0.0  -0.956  37.8  85.5-111.9 100.9   -8.2   -8.6  -40.9               
  367  367 A A        +     0   0  100     -2,-0.5    -2,-0.0     1,-0.0     0, 0.0  -0.522  52.7  42.1 176.3 146.9  -11.7   -8.5  -42.5               
  368  368 A A        +     0   0   98     -2,-0.2    -1,-0.0     1,-0.1     0, 0.0   0.979  43.4 112.3  82.1  83.3  -15.5   -9.0  -42.0               
  369  369 A L        +     0   0  181      0, 0.0     2,-0.4     0, 0.0    -1,-0.1  -0.424  38.1 135.4-146.5  92.6  -17.8   -8.3  -39.3               
  370  370 A A        +     0   0   83      1,-0.0     0, 0.0     0, 0.0     0, 0.0  -0.942  37.4  64.6-104.9 150.1  -20.3   -5.7  -40.6               
  371  371 A Q        +     0   0  178     -2,-0.4    -1,-0.0     2,-0.0     0, 0.0   0.477  50.8  64.4 110.4 133.1  -24.1   -5.9  -40.1               
  372  372 A T        +     0   0  130      2,-0.0     0, 0.0     0, 0.0     0, 0.0   0.848  56.2  42.6  78.3 115.5  -26.9   -5.9  -37.6               
  373  373 A I        +     0   0  148      1,-0.0     2,-0.5     0, 0.0    -2,-0.0   0.603  27.6 153.4-157.5 127.6  -28.6   -4.3  -35.3               
  374  374 A A        +     0   0   93      0, 0.0     2,-0.1     0, 0.0    -1,-0.0  -0.948  34.6 128.0 -92.7 125.5  -30.0   -0.7  -35.1               
  375  375 A Q        +     0   0  188     -2,-0.5     0, 0.0     1,-0.3     0, 0.0  -0.390  29.5  53.5-177.0 120.7  -33.1   -0.4  -32.8               
  376  376 A G        -     0   0   66     -2,-0.1    -1,-0.3     0, 0.0     0, 0.0   0.594  47.6  -7.6  90.2 142.1  -34.3    1.6  -29.9               
  377  377 A M        -     0   0  184      1,-0.2    -2,-0.0     2,-0.0     0, 0.0   0.720   8.2-167.4-160.0 140.4  -35.1    4.1  -28.0               
  378  378 A A        -     0   0   88      1,-0.1    -1,-0.2     0, 0.0     0, 0.0  -0.277  52.9 -92.9 -61.7 158.0  -35.2    7.8  -27.2               
  379  379 A P        -     0   0  119      0, 0.0    -1,-0.1     0, 0.0    -2,-0.0  -0.531  42.2-118.8 -73.8 144.0  -36.2    8.9  -23.6               
  380  380 A P        -     0   0  114      0, 0.0     2,-0.5     0, 0.0     0, 0.0  -0.565  21.5-118.5 -79.7 147.6  -40.0    9.6  -23.1               
  381  381 A P        -     0   0  128      0, 0.0     2,-0.6     0, 0.0     0, 0.0  -0.733  23.3-136.2 -81.4 129.2  -41.2   13.1  -22.0               
  382  382 A V        -     0   0  135     -2,-0.5     2,-0.5     2,-0.0     0, 0.0  -0.787  14.6-155.9 -84.5 118.7  -43.0   13.1  -18.6               
  383  383 A S        -     0   0  120     -2,-0.6     2,-0.7     2,-0.0     0, 0.0  -0.872   7.7-148.6 -93.6 124.4  -46.2   15.2  -18.7               
  384  384 A M        +     0   0  178     -2,-0.5    -2,-0.0     2,-0.0     0, 0.0  -0.885  25.2 164.1 -99.5 112.4  -47.2   16.5  -15.2               
  385  385 A A        -     0   0   85     -2,-0.7     2,-0.4     2,-0.0    -2,-0.0  -0.999  29.0-138.9-118.7 128.9  -51.0   17.0  -14.6               
  386  386 A P        -     0   0  129      0, 0.0     2,-0.4     0, 0.0    -2,-0.0  -0.751  16.1-170.6 -86.6 131.5  -52.1   17.3  -10.9               
  387  387 A V        -     0   0  145     -2,-0.4    -2,-0.0     1,-0.0     0, 0.0  -0.989  28.1-112.0-120.8 134.2  -55.3   15.5   -9.7               
  388  388 A A        -     0   0   97     -2,-0.4     2,-0.1     1,-0.1    -1,-0.0  -0.119  24.6-102.0 -72.4 157.5  -56.6   16.4   -6.2               
  389  389 A V        +     0   0  120      2,-0.0     2,-0.2     0, 0.0    -1,-0.1  -0.339  28.3 174.6 -67.4 144.1  -56.8   14.5   -2.9               
  390  390 A S        -     0   0  127     -2,-0.1     2,-0.4     2,-0.0     0, 0.0  -0.785   9.3-170.1-150.5 123.0  -59.8   12.8   -1.2               
  391  391 A V        +     0   0  131     -2,-0.2    -2,-0.0     2,-0.0     0, 0.0  -0.882   5.2 179.4-101.3 132.0  -59.4   10.8    2.0               
  392  392 A A        -     0   0   88     -2,-0.4     2,-0.4     2,-0.0    -2,-0.0  -0.997  18.5-142.2-129.3 131.0  -62.2    8.7    3.5               
  393  393 A P        -     0   0  127      0, 0.0     2,-0.4     0, 0.0    -2,-0.0  -0.752   7.3-155.0 -90.8 140.4  -61.7    6.6    6.8               
  394  394 A V        -     0   0  144     -2,-0.4    -2,-0.0     0, 0.0     0, 0.0  -0.968  17.9-130.5-113.9 128.1  -63.2    3.1    7.2               
  395  395 A A        -     0   0   86     -2,-0.4     2,-0.3     1,-0.1     0, 0.0  -0.338  26.6-103.3 -72.5 155.0  -63.8    1.9   10.8               
  396  396 A P        -     0   0  131      0, 0.0     2,-0.5     0, 0.0    -1,-0.1  -0.631  19.1-146.8 -89.8 139.6  -62.7   -1.6   12.1               
  397  397 A V        -     0   0  137     -2,-0.3     2,-0.4     2,-0.0     0, 0.0  -0.893  18.5-144.8 -95.9 124.9  -64.9   -4.7   12.6               
  398  398 A A        +     0   0   95     -2,-0.5     2,-0.3     2,-0.0     0, 0.0  -0.763  19.2 178.6 -85.9 134.8  -63.7   -6.9   15.6               
  399  399 A V        -     0   0  117     -2,-0.4     2,-0.5     2,-0.0    -2,-0.0  -0.910   9.8-163.7-134.0 110.9  -64.0  -10.7   15.5               
  400  400 A S        +     0   0  111     -2,-0.3     2,-0.3     2,-0.0    -2,-0.0  -0.820  15.9 165.8 -79.6 127.5  -62.8  -12.6   18.5               
  401  401 A M        -     0   0  176     -2,-0.5     2,-0.4     2,-0.0    -2,-0.0  -0.911  15.7-165.2-138.4 118.5  -62.1  -16.3   18.1               
  402  402 A A        +     0   0   96     -2,-0.3    -2,-0.0     2,-0.0     0, 0.0  -0.824  28.2 125.9 -90.1 138.0  -60.1  -18.1   20.8               
  403  403 A Q        -     0   0  192     -2,-0.4     2,-0.3     2,-0.0    -2,-0.0  -0.420  32.7-154.6-176.0 136.8  -58.5  -21.5   20.8               
  404  404 A P        +     0   0  115      0, 0.0     2,-0.2     0, 0.0    -2,-0.0  -0.799  18.0 154.0-104.1 144.1  -54.8  -22.5   21.6               
  405  405 A L        -     0   0  174     -2,-0.3    -2,-0.0     1,-0.1     0, 0.0  -0.695  36.7  -2.0-166.7 144.3  -52.4  -25.3   20.7               
  406  406 A A        -     0   0   91     -2,-0.2    -1,-0.1     1,-0.0     2,-0.0   0.971  49.2-125.6  76.9 112.1  -48.8  -26.3   20.2               
  407  407 A G        -     0   0   80      1,-0.0     2,-0.4     0, 0.0    -1,-0.0  -0.244   2.9-153.7 -72.2 155.7  -45.4  -24.7   20.4               
  408  408 A I        -     0   0  163     -2,-0.0     2,-0.3     2,-0.0    -1,-0.0  -0.988  29.7-129.3-125.3 119.3  -42.4  -24.3   18.1               
  409  409 A T        -     0   0  134     -2,-0.4     2,-0.7     1,-0.1     0, 0.0  -0.529  14.7-134.7 -66.1 126.7  -39.2  -23.9   20.1               
  410  410 A M        -     0   0  138     -2,-0.3     2,-1.2     2,-0.0    -1,-0.1  -0.780   8.0-154.1 -84.8 112.2  -37.0  -20.9   19.0               
  411  411 A S        -     0   0  105     -2,-0.7     2,-1.1     2,-0.1    -1,-0.0  -0.761  14.1-164.5 -79.1  93.9  -33.3  -21.8   18.8               
  412  412 A H        -     0   0  157     -2,-1.2     2,-1.2     2,-0.0    -2,-0.0  -0.760   6.2-166.5 -76.9  99.1  -31.8  -18.4   19.4               
  413  413 A T        -     0   0  129     -2,-1.1     2,-0.6     2,-0.0    -2,-0.1  -0.801  14.0-162.7 -80.9  94.3  -28.2  -18.6   18.3               
  414  414 A T        -     0   0  129     -2,-1.2    -2,-0.0     3,-0.0     0, 0.0  -0.750   5.5-153.3 -77.2 114.8  -27.1  -15.4   19.9               
  415  415 A T        -     0   0  110     -2,-0.6     2,-0.3     1,-0.0    -2,-0.0  -0.855  31.1-108.5 -82.3 129.4  -23.7  -14.3   18.4               
  416  416 A P        -     0   0  121      0, 0.0     2,-0.6     0, 0.0    -1,-0.0  -0.438  29.9-128.3 -64.5 118.5  -21.9  -12.2   21.0               
  417  417 A M        -     0   0  171     -2,-0.3     2,-0.7     1,-0.1    -3,-0.0  -0.576  17.3-131.8 -65.2 115.0  -21.9   -8.5   19.9               
  418  418 A V        -     0   0  107     -2,-0.6     2,-0.7     1,-0.0    -1,-0.1  -0.626  21.9-149.3 -67.3 108.3  -18.3   -7.2   20.0               
  419  419 A T        -     0   0  130     -2,-0.7    -1,-0.0     2,-0.0    -2,-0.0  -0.800  12.5-167.5 -83.4 112.5  -18.8   -3.9   21.9               
  420  420 A Y        -     0   0  187     -2,-0.7     2,-0.4     1,-0.0    -2,-0.0  -0.856  28.7-111.4 -93.6 138.1  -16.2   -1.3   20.7               
  421  421 A P        -     0   0  120      0, 0.0     2,-1.0     0, 0.0    -2,-0.0  -0.557  25.1-131.7 -68.4 124.8  -15.8    1.8   22.9               
  422  422 A I        -     0   0  156     -2,-0.4     2,-1.3     1,-0.1     0, 0.0  -0.707  17.0-157.6 -75.8 102.0  -17.1    5.0   21.0               
  423  423 A A        -     0   0   97     -2,-1.0     2,-1.4     2,-0.1    -1,-0.1  -0.731   6.4-166.7 -80.6  89.9  -14.2    7.5   21.5               
  424  424 A S        +     0   0  112     -2,-1.3     2,-0.7     2,-0.0    -2,-0.0  -0.698  13.5 174.0 -73.9  91.0  -16.2   10.8   21.0               
  425  425 A Q        -     0   0  180     -2,-1.4     2,-0.4     2,-0.0    -2,-0.1  -0.927  28.9-132.6-101.5 110.3  -13.2   13.2   20.6               
  426  426 A S        -     0   0   92     -2,-0.7     2,-1.3     1,-0.1    -2,-0.0  -0.480   8.5-142.1 -57.6 114.4  -14.6   16.6   19.6               
  427  427 A M        -     0   0  178     -2,-0.4     2,-0.8     2,-0.0    -1,-0.1  -0.722  16.2-162.6 -76.1  94.9  -12.6   18.1   16.7               
  428  428 A R        -     0   0  220     -2,-1.3     2,-1.0     2,-0.0    -2,-0.0  -0.797  13.9-141.4 -71.5 112.3  -12.5   21.8   17.8               
  429  429 A I        -     0   0  160     -2,-0.8     2,-0.8     2,-0.0    -2,-0.0  -0.751  15.0-159.6 -72.9 100.7  -11.6   23.5   14.5               
  430  430 A T        -     0   0  119     -2,-1.0     2,-0.4     0, 0.0    -2,-0.0  -0.855  12.3-140.4 -81.5 112.1   -9.3   26.3   15.8               
  431  431 A A        -     0   0   87     -2,-0.8    -2,-0.0     1,-0.0     0, 0.0  -0.642   9.5-141.9 -67.4 125.2   -9.2   28.9   13.0               
  432  432 A M        -     0   0  167     -2,-0.4     2,-0.1     1,-0.0    -1,-0.0  -0.779  24.6-117.7 -81.8 136.0   -5.7   30.3   12.5               
  433  433 A P              0   0  116      0, 0.0    -1,-0.0     0, 0.0     0, 0.0  -0.413 360.0 360.0 -77.1 159.0   -5.8   34.1   11.7               
  434  434 A H              0   0  271     -2,-0.1     0, 0.0     0, 0.0     0, 0.0   0.160 360.0 360.0 -41.4 360.0   -4.6   35.7    8.4               
