==== Secondary Structure Definition by the program DSSP, CMBI version 2.0                          ==== DATE=2026-03-08        .
REFERENCE W. KABSCH AND C.SANDER, BIOPOLYMERS 22 (1983) 2577-2637                                                              .
HEADER                                            01-AUG-25                                                                    .
COMPND    MOL_ID: 1; MOLECULE: N-ALPHA-ACETYLTRANSFERASE 38, NATC AUXILIARY SUBU                                               .
SOURCE    MOL_ID: 1; ORGANISM_SCIENTIFIC: HOMO SAPIENS; ORGANISM_TAXID: 9606                                                   .
AUTHOR                                                                                                                         .
  125  1  0  0  0 TOTAL NUMBER OF RESIDUES, NUMBER OF CHAINS, NUMBER OF SS-BRIDGES(TOTAL,INTRACHAIN,INTERCHAIN)                .
 11822.4   ACCESSIBLE SURFACE OF PROTEIN (ANGSTROM**2)                                                                         .
   79 63.2   TOTAL NUMBER OF HYDROGEN BONDS OF TYPE O(I)-->H-N(J)  , SAME NUMBER PER 100 RESIDUES                              .
    0  0.0   TOTAL NUMBER OF HYDROGEN BONDS IN     PARALLEL BRIDGES, SAME NUMBER PER 100 RESIDUES                              .
   31 24.8   TOTAL NUMBER OF HYDROGEN BONDS IN ANTIPARALLEL BRIDGES, SAME NUMBER PER 100 RESIDUES                              .
    0  0.0   TOTAL NUMBER OF HYDROGEN BONDS OF TYPE O(I)-->H-N(I-5), SAME NUMBER PER 100 RESIDUES                              .
    2  1.6   TOTAL NUMBER OF HYDROGEN BONDS OF TYPE O(I)-->H-N(I-4), SAME NUMBER PER 100 RESIDUES                              .
    0  0.0   TOTAL NUMBER OF HYDROGEN BONDS OF TYPE O(I)-->H-N(I-3), SAME NUMBER PER 100 RESIDUES                              .
    0  0.0   TOTAL NUMBER OF HYDROGEN BONDS OF TYPE O(I)-->H-N(I-2), SAME NUMBER PER 100 RESIDUES                              .
    0  0.0   TOTAL NUMBER OF HYDROGEN BONDS OF TYPE O(I)-->H-N(I-1), SAME NUMBER PER 100 RESIDUES                              .
    0  0.0   TOTAL NUMBER OF HYDROGEN BONDS OF TYPE O(I)-->H-N(I+0), SAME NUMBER PER 100 RESIDUES                              .
    0  0.0   TOTAL NUMBER OF HYDROGEN BONDS OF TYPE O(I)-->H-N(I+1), SAME NUMBER PER 100 RESIDUES                              .
   19 15.2   TOTAL NUMBER OF HYDROGEN BONDS OF TYPE O(I)-->H-N(I+2), SAME NUMBER PER 100 RESIDUES                              .
   11  8.8   TOTAL NUMBER OF HYDROGEN BONDS OF TYPE O(I)-->H-N(I+3), SAME NUMBER PER 100 RESIDUES                              .
   15 12.0   TOTAL NUMBER OF HYDROGEN BONDS OF TYPE O(I)-->H-N(I+4), SAME NUMBER PER 100 RESIDUES                              .
    0  0.0   TOTAL NUMBER OF HYDROGEN BONDS OF TYPE O(I)-->H-N(I+5), SAME NUMBER PER 100 RESIDUES                              .
  1  2  3  4  5  6  7  8  9 10 11 12 13 14 15 16 17 18 19 20 21 22 23 24 25 26 27 28 29 30     *** HISTOGRAMS OF ***           .
  0  0  0  0  0  0  0  0  0  0  0  0  0  0  0  0  1  0  0  0  0  0  0  0  0  0  0  0  0  0    RESIDUES PER ALPHA HELIX         .
  0  0  0  0  0  0  0  0  0  0  0  0  0  0  0  0  0  0  0  0  0  0  0  0  0  0  0  0  0  0    PARALLEL BRIDGES PER LADDER      .
  0  0  0  0  2  0  2  0  0  0  0  0  0  0  0  0  0  0  0  0  0  0  0  0  0  0  0  0  0  0    ANTIPARALLEL BRIDGES PER LADDER  .
  0  0  0  1  0  0  0  0  0  0  0  0  0  0  0  0  0  0  0  0  0  0  0  0  0  0  0  0  0  0    LADDERS PER SHEET                .
  #  RESIDUE AA STRUCTURE BP1 BP2  ACC     N-H-->O    O-->H-N    N-H-->O    O-->H-N    TCO  KAPPA ALPHA  PHI   PSI    X-CA   Y-CA   Z-CA            CHAIN
    1    1 A M              0   0  248      0, 0.0     2,-0.2     0, 0.0     0, 0.0   0.000 360.0 360.0 360.0 128.6  -10.2   42.0   58.2               
    2    2 A A        +     0   0  113      2,-0.0     0, 0.0     1,-0.0     0, 0.0  -0.536 360.0 164.1 -70.1 145.1   -9.3   38.8   56.3               
    3    3 A G        +     0   0   81     -2,-0.2     2,-0.6     0, 0.0    -1,-0.0  -0.332   7.2 157.7-164.6  66.1  -12.0   37.3   54.0               
    4    4 A A        +     0   0  111      0, 0.0    -2,-0.0     0, 0.0     0, 0.0  -0.909  30.3 137.7 -89.0 121.5  -10.6   34.8   51.6               
    5    5 A G        +     0   0   70     -2,-0.6     0, 0.0     1,-0.1     0, 0.0  -0.312  21.8  10.5 134.0 162.0  -13.2   32.3   50.3               
    6    6 A P        -     0   0  117      0, 0.0     2,-0.3     0, 0.0    -1,-0.1   0.659  27.6-153.5-118.1 159.2  -14.9   30.4   48.6               
    7    7 A T        -     0   0  133      1,-0.0     2,-0.5     2,-0.0     0, 0.0  -0.499  13.7-166.6 -55.8 120.7  -14.7   29.1   45.0               
    8    8 A M        -     0   0  163     -2,-0.3     2,-1.0     2,-0.0    -1,-0.0  -0.939   9.3-153.8-114.7 102.3  -18.1   28.2   43.5               
    9    9 A L        -     0   0  165     -2,-0.5     2,-1.0     1,-0.0    -2,-0.0  -0.705  14.7-144.3 -65.2 100.2  -17.5   26.1   40.3               
   10   10 A L        -     0   0  155     -2,-1.0     2,-0.5     1,-0.0    -2,-0.0  -0.716  12.2-140.0 -71.0 103.6  -20.7   27.0   38.4               
   11   11 A R        -     0   0  224     -2,-1.0     2,-0.3     1,-0.1    -1,-0.0  -0.630  19.1-122.7 -56.6 111.4  -21.5   23.7   36.6               
   12   12 A E        -     0   0  198     -2,-0.5     2,-0.5     1,-0.1     3,-0.1  -0.533  35.6-142.1 -66.7 127.2  -22.6   24.6   33.1               
   13   13 A E        -     0   0  156     -2,-0.3    -1,-0.1     1,-0.1    -3,-0.0  -0.854  31.1 -53.0-108.0 123.1  -26.1   23.1   32.8               
   14   14 A N        -     0   0  161     -2,-0.5     2,-1.0     1,-0.2    -1,-0.1   0.536  37.6-139.9  32.6  87.0  -27.9   21.4   30.0               
   15   15 A G        -     0   0   84     -3,-0.1     2,-0.3     1,-0.1    -1,-0.2  -0.656  37.2-126.2 -69.6 101.7  -28.3   23.1   26.6               
   16   16 A C        +     0   0  111     -2,-1.0    -1,-0.1     1,-0.1     3,-0.0  -0.401  49.8 151.6 -56.1 115.9  -31.9   22.1   25.8               
   17   17 A C        +     0   0  133     -2,-0.3     2,-0.5     1,-0.0    -1,-0.1  -0.307  36.6 119.8-134.2  53.1  -32.9   20.4   22.5               
   18   18 A S        +     0   0  109      1,-0.1    -2,-0.1     0, 0.0    -1,-0.0  -0.719  46.1 103.5-108.0  77.0  -36.0   18.4   23.8               
   19   19 A R        +     0   0  216     -2,-0.5    -1,-0.1     1,-0.1    -3,-0.0  -0.188  46.1  35.8-174.2 107.3  -38.9   19.8   21.7               
   20   20 A R        -     0   0  211     -3,-0.0     2,-0.2    -2,-0.0    -1,-0.1   0.384  30.5-153.7 161.8 132.4  -40.9   18.9   18.9               
   21   21 A Q        +     0   0  201      2,-0.0     2,-0.3     0, 0.0     0, 0.0  -0.534  23.8 175.4 -55.5 129.6  -42.8   16.2   17.0               
   22   22 A S        -     0   0  112     -2,-0.2     2,-0.1     2,-0.0     0, 0.0  -0.809  19.2-143.0-144.7 110.4  -43.2   17.0   13.3               
   23   23 A S        +     0   0  114     -2,-0.3     2,-0.0     2,-0.0    -2,-0.0  -0.321  33.9 133.3 -48.2 137.1  -44.9   14.4   11.1               
   24   24 A S        -     0   0  110     -2,-0.1     2,-0.2     2,-0.0    -2,-0.0   0.180  34.2-144.8 155.1 102.4  -44.1   13.4    7.5               
   25   25 A S        +     0   0  131      2,-0.0     2,-0.2    -2,-0.0    -2,-0.0  -0.356  35.4 139.6  49.7  73.1  -43.7   10.5    5.7               
   26   26 A A        -     0   0   93     -2,-0.2     2,-0.6     2,-0.0    -2,-0.0  -0.622  47.0-131.2-154.0 114.0  -41.3   10.2    2.9               
   27   27 A G        -     0   0   79     -2,-0.2     2,-1.1     1,-0.1    -2,-0.0  -0.544   9.7-155.8 -62.9 111.2  -39.4    6.8    2.9               
   28   28 A D        +     0   0  133     -2,-0.6     3,-0.2     1,-0.1     4,-0.2  -0.818  26.3 164.7 -80.9  89.7  -35.7    7.4    2.4               
   29   29 A S        +     0   0   84     -2,-1.1     4,-0.3     1,-0.1    -1,-0.1   0.245  55.7  80.5 -93.7  10.7  -35.0    3.9    0.9               
   30   30 A D  S >> S+     0   0  111      1,-0.1     4,-1.1     2,-0.1     3,-1.0   0.827  76.7  68.7 -87.6 -28.8  -31.5    4.9   -0.4               
   31   31 A G  H 3> S+     0   0   34      1,-0.2     4,-1.7     2,-0.2     5,-0.2   0.792  90.0  61.3 -64.0 -30.7  -29.5    4.6    2.9               
   32   32 A E  H 3> S+     0   0  161      1,-0.2     4,-1.3     2,-0.2    -1,-0.2   0.806 104.1  50.0 -68.1 -28.4  -29.8    0.7    3.1               
   33   33 A R  H <> S+     0   0  193     -3,-1.0     4,-1.7    -4,-0.3    -1,-0.2   0.870 107.5  51.9 -78.4 -38.2  -27.9    0.2   -0.2               
   34   34 A E  H  X S+     0   0  150     -4,-1.1     4,-2.7     2,-0.2     5,-0.2   0.925 108.0  51.7 -65.1 -43.4  -25.0    2.5    0.7               
   35   35 A D  H  X S+     0   0  119     -4,-1.7     4,-2.8     1,-0.2     5,-0.2   0.934 109.6  50.7 -60.0 -42.7  -24.4    0.7    4.0               
   36   36 A S  H  X S+     0   0   68     -4,-1.3     4,-2.0     1,-0.2    -1,-0.2   0.879 112.0  47.0 -62.3 -38.6  -24.3   -2.7    2.1               
   37   37 A A  H  X S+     0   0   58     -4,-1.7     4,-2.2     2,-0.2    -2,-0.2   0.929 113.7  47.0 -69.9 -43.9  -21.8   -1.3   -0.4               
   38   38 A A  H  X S+     0   0   60     -4,-2.7     4,-2.7     2,-0.2    -2,-0.2   0.917 112.0  51.2 -62.4 -42.8  -19.5    0.2    2.4               
   39   39 A E  H  X S+     0   0   67     -4,-2.8     4,-2.5    -5,-0.2    -2,-0.2   0.915 110.7  48.4 -63.5 -41.3  -19.7   -3.1    4.4               
   40   40 A R  H  X S+     0   0  156     -4,-2.0     4,-2.1    -5,-0.2    -1,-0.2   0.898 111.7  49.7 -63.6 -41.2  -18.7   -5.1    1.2               
   41   41 A A  H  X S+     0   0   50     -4,-2.2     4,-2.6     2,-0.2    -2,-0.2   0.911 110.6  50.4 -65.0 -40.6  -15.8   -2.7    0.6               
   42   42 A R  H  X S+     0   0  107     -4,-2.7     4,-2.7     2,-0.2    -2,-0.2   0.947 110.5  49.1 -59.8 -49.2  -14.7   -3.1    4.3               
   43   43 A Q  H  X S+     0   0   99     -4,-2.5     4,-2.1     1,-0.2    -2,-0.2   0.873 111.8  49.7 -60.0 -39.4  -14.8   -6.9    4.0               
   44   44 A Q  H  X S+     0   0  126     -4,-2.1     4,-0.7     2,-0.2    -1,-0.2   0.939 112.0  47.2 -63.4 -46.6  -12.8   -6.7    0.8               
   45   45 A L  H >< S+     0   0   72     -4,-2.6     3,-0.6     1,-0.2     4,-0.5   0.882 111.4  51.5 -64.4 -38.2  -10.2   -4.4    2.4               
   46   46 A E  H >< S+     0   0   93     -4,-2.7     3,-1.4     1,-0.2    -1,-0.2   0.908 104.6  56.2 -64.5 -40.7  -10.0   -6.7    5.5               
   47   47 A A  H 3< S+     0   0   67     -4,-2.1    -1,-0.2     1,-0.3    -2,-0.2   0.696 104.2  56.2 -63.8 -19.4   -9.4   -9.7    3.2               
   48   48 A L  T X< S+     0   0   57     -4,-0.7     3,-1.9    -3,-0.6    19,-0.3   0.609  80.1 119.3 -85.0 -16.6   -6.4   -7.8    1.8               
   49   49 A L  T <  S+     0   0   66     -3,-1.4    19,-0.2    -4,-0.5     3,-0.1  -0.242  84.9   4.0 -58.3 138.5   -4.7   -7.3    5.3               
   50   50 A N  T 3  S+     0   0  117     17,-3.1     2,-0.3     1,-0.2    -1,-0.3   0.472  97.9 134.4  59.5   9.3   -1.3   -8.9    5.6               
   51   51 A K    <   -     0   0   55     -3,-1.9    16,-2.7    16,-0.3     2,-0.4  -0.627  65.4-108.5 -79.6 141.8   -1.3   -9.9    1.9               
   52   52 A T  E     -A   66   0A  44     -2,-0.3    63,-3.1    14,-0.2     2,-0.3  -0.579  43.8-168.7 -69.1 125.1    1.8   -9.2   -0.1               
   53   53 A M  E     -AB  65 114A   5     12,-3.3    12,-2.1    -2,-0.4     2,-0.5  -0.913  21.7-149.4-118.7 146.2    1.1   -6.3   -2.5               
   54   54 A R  E     -AB  64 113A 109     59,-2.9    59,-2.2    -2,-0.3     2,-0.5  -0.978  20.6-169.3-110.4 117.1    3.0   -4.8   -5.5               
   55   55 A I  E     -AB  63 112A   0      8,-3.0     8,-2.9    -2,-0.5     2,-0.5  -0.932   9.0-154.2-111.2 122.9    2.3   -1.0   -5.8               
   56   56 A R  E     -AB  62 111A  86     55,-2.5    54,-2.9    -2,-0.5    55,-1.2  -0.863  16.0-149.4 -93.8 132.5    3.3    1.0   -8.9               
   57   57 A M  E >   - B   0 109A  15      4,-2.9     3,-1.8    -2,-0.5    52,-0.2  -0.622  24.1-115.0-100.1 158.0    3.9    4.7   -8.3               
   58   58 A T  T 3  S+     0   0   83     50,-1.7    51,-0.1     1,-0.3    -1,-0.1   0.718 115.5  59.2 -62.0 -24.3    3.4    7.7  -10.7               
   59   59 A D  T 3  S-     0   0   74     49,-0.2    -1,-0.3     2,-0.1    27,-0.2   0.437 123.6-102.6 -85.1   0.4    7.2    8.3  -10.6               
   60   60 A G  S <  S+     0   0   32     -3,-1.8    -2,-0.1     1,-0.3     2,-0.1   0.365  79.4 132.4  91.4  -0.9    7.9    4.8  -12.0               
   61   61 A R        -     0   0   82     25,-0.1    -4,-2.9    24,-0.1     2,-0.4  -0.440  44.3-148.5 -73.4 152.5    9.0    3.2   -8.7               
   62   62 A T  E     -AC  56  84A  33     22,-2.6    22,-3.2    -6,-0.2     2,-0.4  -0.992   8.1-161.7-122.8 125.3    7.5   -0.2   -7.6               
   63   63 A L  E     -AC  55  83A   7     -8,-2.9    -8,-3.0    -2,-0.4     2,-0.4  -0.872   3.5-169.2-104.2 139.3    7.0   -1.0   -3.9               
   64   64 A V  E     +AC  54  82A  37     18,-2.7    18,-2.6    -2,-0.4     2,-0.3  -0.998  31.8 112.1-125.5 128.0    6.5   -4.6   -2.7               
   65   65 A G  E     -A   53   0A   4    -12,-2.1   -12,-3.3    -2,-0.4     2,-0.5  -0.976  65.6 -68.2-174.8 177.0    5.4   -5.3    0.9               
   66   66 A C  E     -AC  52  79A  37     13,-2.8    13,-2.9    -2,-0.3     2,-0.4  -0.745  48.4-120.8 -84.5 126.7    2.7   -6.6    3.2               
   67   67 A F  E     + C   0  78A   5    -16,-2.7   -17,-3.1    -2,-0.5   -16,-0.3  -0.543  39.6 166.5 -67.0 119.3   -0.5   -4.5    3.4               
   68   68 A L  E     -     0   0A  68      9,-2.8     2,-0.3    -2,-0.4    -1,-0.2   0.804  55.5 -38.8-103.2 -43.5   -1.0   -3.4    7.0               
   69   69 A C  E     - C   0  77A  59      8,-0.9     8,-2.8   -20,-0.1    -1,-0.4  -0.976  42.9-132.7-168.3 171.4   -3.6   -0.7    6.8               
   70   70 A T  E     - C   0  76A  55     -2,-0.3     6,-0.2     6,-0.2     2,-0.2  -0.902  19.4-145.1-126.1 161.3   -5.0    2.4    5.0               
   71   71 A D    >   -     0   0   72      4,-1.3     3,-1.2    -2,-0.3     6,-0.0  -0.472  39.1 -84.5-110.5-172.5   -6.1    5.8    6.3               
   72   72 A R  T 3  S+     0   0  237      1,-0.2    -2,-0.0    -2,-0.2     0, 0.0   0.796 127.0  54.5 -61.3 -34.0   -8.8    8.4    5.4               
   73   73 A D  T 3  S-     0   0  116      2,-0.1    33,-0.3     1,-0.0    -1,-0.2   0.246 119.1-110.1 -89.2  12.1   -6.7    9.9    2.6               
   74   74 A C    <   +     0   0   82     -3,-1.2     2,-0.3     1,-0.2    -2,-0.1   0.728  63.3 157.8  61.2  25.9   -6.2    6.4    1.0               
   75   75 A N        -     0   0   25     30,-0.2    -4,-1.3    31,-0.1     2,-0.5  -0.631  34.4-137.6 -71.9 139.4   -2.5    6.3    2.0               
   76   76 A V  E     -CD  70 104A   9     28,-2.7    28,-2.9    -2,-0.3     2,-0.6  -0.867   7.1-150.3-105.3 129.9   -1.3    2.7    2.1               
   77   77 A I  E     -CD  69 103A  42     -8,-2.8    -9,-2.8    -2,-0.5    -8,-0.9  -0.882  14.6-165.8 -98.8 122.8    1.0    1.3    4.9               
   78   78 A L  E     -CD  67 102A   0     24,-3.0    24,-2.4    -2,-0.6     3,-0.4  -0.935   5.2-154.4-109.2 128.2    3.3   -1.5    3.8               
   79   79 A G  E    S+CD  66 101A   8    -13,-2.9   -13,-2.8    -2,-0.5    22,-0.2  -0.619  80.9  15.5 -90.8 156.8    5.3   -3.8    6.2               
   80   80 A S  E    S-     0   0A  94     20,-1.1    21,-0.2    -2,-0.2    -1,-0.2   0.826  96.1-173.6  46.4  38.0    8.6   -5.5    5.2               
   81   81 A A  E     - D   0 100A   0     19,-1.4    18,-2.8    -3,-0.4    19,-1.9  -0.320  19.9-171.6 -74.2 144.1    8.6   -3.1    2.3               
   82   82 A Q  E     -CD  64  98A  72    -18,-2.6   -18,-2.7    16,-0.2     2,-0.5  -0.976  11.9-145.3-129.4 142.0   11.1   -3.1   -0.6               
   83   83 A E  E     -CD  63  97A  12     14,-2.7    14,-2.9    -2,-0.3     2,-0.5  -0.943   5.6-162.1-114.1 127.6   11.5   -0.4   -3.4               
   84   84 A F  E     -C   62   0A  63    -22,-3.2   -22,-2.6    -2,-0.5     9,-0.1  -0.940  18.4-138.8-106.1 120.9   12.4   -1.1   -7.0               
   85   85 A L        -     0   0   84     -2,-0.5   -24,-0.1    10,-0.3     5,-0.1  -0.317  37.5 -78.9 -71.6 160.3   13.7    1.8   -9.0               
   86   86 A K    >   -     0   0   94    -27,-0.2     3,-2.2     1,-0.1     4,-0.4  -0.373  40.9-119.3 -58.7 139.3   12.7    2.5  -12.6               
   87   87 A P  T 3  S+     0   0  111      0, 0.0     3,-0.4     0, 0.0     6,-0.2   0.720 112.1  55.8 -55.8 -25.3   14.6    0.2  -15.0               
   88   88 A S  T 3  S+     0   0   81      1,-0.2     3,-0.1     5,-0.1    -2,-0.1   0.644  95.6  66.8 -75.1 -19.3   16.1    3.4  -16.8               
   89   89 A D  S <  S+     0   0  103     -3,-2.2     2,-0.3     1,-0.2    -1,-0.2   0.488 103.1  20.3 -97.1  -4.1   17.6    4.9  -13.6               
   90   90 A S    >   -     0   0   54     -3,-0.4     3,-1.6    -4,-0.4    -1,-0.2  -0.929  50.4-137.0-162.3 144.8   20.4    2.4  -12.7               
   91   91 A F  T 3  S+     0   0  230     -2,-0.3     3,-0.3     1,-0.3    -1,-0.1   0.744 115.7  61.2 -57.8 -22.5   22.8   -0.4  -13.8               
   92   92 A S  T >   +     0   0   75      1,-0.2     3,-2.3     2,-0.1    -1,-0.3   0.156  64.7 128.3 -89.0  13.9   21.6   -1.8  -10.4               
   93   93 A A  T <   +     0   0   38     -3,-1.6    -1,-0.2     1,-0.3    -2,-0.1   0.517  67.4  60.5 -55.6  -7.1   17.8   -1.9  -11.6               
   94   94 A G  T 3  S+     0   0   70     -3,-0.3    -1,-0.3     1,-0.1    -2,-0.1   0.703  87.9  79.0 -88.4 -24.3   17.7   -5.6  -10.3               
   95   95 A E  S <  S-     0   0  166     -3,-2.3   -10,-0.3     1,-0.0     2,-0.2  -0.785  73.7-139.6 -97.1 118.5   18.5   -5.0   -6.6               
   96   96 A P        -     0   0   36      0, 0.0     2,-0.6     0, 0.0   -12,-0.2  -0.487  13.9-124.3 -71.3 142.8   15.6   -3.8   -4.4               
   97   97 A R  E     -D   83   0A 169    -14,-2.9   -14,-2.7    -2,-0.2     2,-0.4  -0.736  26.1-130.6 -79.8 123.8   16.2   -1.1   -1.7               
   98   98 A V  E     +D   82   0A 113     -2,-0.6   -16,-0.2   -16,-0.2   -17,-0.1  -0.627  35.5 165.1 -75.5 127.1   15.0   -2.5    1.7               
   99   99 A L  E     -     0   0A  61    -18,-2.8     2,-1.7    -2,-0.4   -17,-0.2   0.675  24.0-157.4-108.7 -33.9   12.7    0.0    3.6               
  100  100 A G  E    S+D   81   0A  36    -19,-1.9   -19,-1.4   -21,-0.1   -20,-1.1  -0.493  79.2  28.7  80.6 -62.9   11.1   -2.2    6.3               
  101  101 A L  E    S+D   79   0A 118     -2,-1.7     2,-0.4   -21,-0.2   -22,-0.2  -0.990  74.2 179.9-127.3 136.3    8.1    0.2    6.7               
  102  102 A A  E     -D   78   0A  12    -24,-2.4   -24,-3.0    -2,-0.4     2,-0.5  -0.999  20.7-153.5-138.5 138.3    6.7    2.4    3.9               
  103  103 A M  E     -D   77   0A 120     -2,-0.4   -26,-0.2   -26,-0.2    -2,-0.0  -0.946  16.1-162.7-101.9 126.2    3.8    4.9    3.5               
  104  104 A V  E     -D   76   0A   1    -28,-2.9   -28,-2.7    -2,-0.5     2,-0.2  -0.951  19.2-128.6-111.4 113.8    2.5    5.2   -0.1               
  105  105 A P    >   -     0   0   30      0, 0.0     3,-1.9     0, 0.0     4,-0.4  -0.428  14.7-132.9 -63.6 132.4    0.4    8.3   -0.8               
  106  106 A G  G >  S+     0   0   19    -33,-0.3     3,-1.7     1,-0.3   -32,-0.1   0.868 103.4  58.0 -56.5 -41.0   -2.9    7.3   -2.5               
  107  107 A H  G 3  S+     0   0  147      1,-0.3    -1,-0.3   -34,-0.2   -32,-0.1   0.584 104.5  53.4 -68.3 -11.6   -2.6   10.0   -5.2               
  108  108 A H  G <  S+     0   0   67     -3,-1.9   -50,-1.7   -51,-0.1     2,-0.6   0.478  83.2 107.3 -96.6  -6.9    0.7    8.4   -6.3               
  109  109 A I  E <   +B   57   0A  40     -3,-1.7   -52,-0.2    -4,-0.4     3,-0.1  -0.637  36.5 172.0 -78.7 117.6   -0.7    4.9   -6.7               
  110  110 A V  E     -     0   0A  93    -54,-2.9     2,-0.3    -2,-0.6    -1,-0.2   0.800  69.6 -13.6 -87.5 -38.4   -1.1    3.9  -10.4               
  111  111 A S  E     -B   56   0A  29    -55,-1.2   -55,-2.5     2,-0.0     2,-0.4  -0.941  53.4-147.4-164.7 150.0   -2.0    0.2   -9.6               
  112  112 A I  E     -B   55   0A  77     -2,-0.3     2,-0.4   -57,-0.2   -57,-0.2  -0.960  13.4-172.7-119.7 134.1   -2.1   -2.4   -6.8               
  113  113 A E  E     -B   54   0A  72    -59,-2.2   -59,-2.9    -2,-0.4     2,-0.5  -0.993  13.2-145.9-124.7 138.2   -1.5   -6.1   -7.4               
  114  114 A V  E     -B   53   0A  57     -2,-0.4     2,-0.3   -61,-0.2   -61,-0.2  -0.875  19.9-120.6-106.3 128.7   -2.0   -8.8   -4.7               
  115  115 A Q        -     0   0  130    -63,-3.1     2,-0.3    -2,-0.5   -63,-0.2  -0.520  30.2-128.5 -64.0 124.7    0.1  -11.9   -4.6               
  116  116 A R        -     0   0  231     -2,-0.3     2,-0.7     1,-0.1    -1,-0.1  -0.621  22.6-112.0 -72.0 135.3   -2.1  -14.9   -4.8               
  117  117 A E        -     0   0  146     -2,-0.3     2,-0.7     2,-0.0    -1,-0.1  -0.574  30.8-148.8 -63.3 106.3   -1.6  -17.5   -2.1               
  118  118 A S        -     0   0   85     -2,-0.7     2,-2.5     1,-0.1    -1,-0.0  -0.796   9.0-139.9 -75.0 116.8   -0.1  -20.4   -4.0               
  119  119 A L        -     0   0  179     -2,-0.7     2,-1.4     1,-0.1    -1,-0.1  -0.479  34.8-179.4 -68.3  64.4   -1.2  -23.6   -2.3               
  120  120 A T        -     0   0  118     -2,-2.5    -2,-0.1     1,-0.1    -1,-0.1  -0.696  37.9 -66.1 -82.5  89.2    2.3  -25.0   -2.9               
  121  121 A G        -     0   0   59     -2,-1.4    -1,-0.1     2,-0.0    -3,-0.0   0.870  54.2 -72.9  73.6 138.4    2.4  -28.5   -1.5               
  122  122 A P        -     0   0  115      0, 0.0     2,-2.1     0, 0.0    -1,-0.0  -0.359  51.9-108.8 -64.8 148.4    2.3  -30.4    1.8               
  123  123 A P  S    S+     0   0  120      0, 0.0     2,-0.1     0, 0.0    -2,-0.0  -0.403  80.8 106.2 -80.6  62.3    5.5  -30.1    4.0               
  124  124 A Y              0   0  207     -2,-2.1    -3,-0.0     1,-0.1     0, 0.0  -0.582 360.0 360.0-155.3  97.2    6.8  -33.7    3.6               
  125  125 A L              0   0  254     -2,-0.1    -1,-0.1     0, 0.0     0, 0.0  -0.458 360.0 360.0-154.3 360.0    9.6  -35.1    1.6               
