==== Secondary Structure Definition by the program DSSP, CMBI version 2.0                          ==== DATE=2026-03-08        .
REFERENCE W. KABSCH AND C.SANDER, BIOPOLYMERS 22 (1983) 2577-2637                                                              .
HEADER                                            01-AUG-25                                                                    .
COMPND    MOL_ID: 1; MOLECULE: SERINE/ARGININE-RICH SPLICING FACTOR 8; CHAIN: A                                                .
SOURCE    MOL_ID: 1; ORGANISM_SCIENTIFIC: HOMO SAPIENS; ORGANISM_TAXID: 9606                                                   .
AUTHOR                                                                                                                         .
  282  1  0  0  0 TOTAL NUMBER OF RESIDUES, NUMBER OF CHAINS, NUMBER OF SS-BRIDGES(TOTAL,INTRACHAIN,INTERCHAIN)                .
 35157.6   ACCESSIBLE SURFACE OF PROTEIN (ANGSTROM**2)                                                                         .
   62 22.0   TOTAL NUMBER OF HYDROGEN BONDS OF TYPE O(I)-->H-N(J)  , SAME NUMBER PER 100 RESIDUES                              .
    0  0.0   TOTAL NUMBER OF HYDROGEN BONDS IN     PARALLEL BRIDGES, SAME NUMBER PER 100 RESIDUES                              .
   22  7.8   TOTAL NUMBER OF HYDROGEN BONDS IN ANTIPARALLEL BRIDGES, SAME NUMBER PER 100 RESIDUES                              .
    1  0.4   TOTAL NUMBER OF HYDROGEN BONDS OF TYPE O(I)-->H-N(I-5), SAME NUMBER PER 100 RESIDUES                              .
    0  0.0   TOTAL NUMBER OF HYDROGEN BONDS OF TYPE O(I)-->H-N(I-4), SAME NUMBER PER 100 RESIDUES                              .
    1  0.4   TOTAL NUMBER OF HYDROGEN BONDS OF TYPE O(I)-->H-N(I-3), SAME NUMBER PER 100 RESIDUES                              .
    0  0.0   TOTAL NUMBER OF HYDROGEN BONDS OF TYPE O(I)-->H-N(I-2), SAME NUMBER PER 100 RESIDUES                              .
    0  0.0   TOTAL NUMBER OF HYDROGEN BONDS OF TYPE O(I)-->H-N(I-1), SAME NUMBER PER 100 RESIDUES                              .
    0  0.0   TOTAL NUMBER OF HYDROGEN BONDS OF TYPE O(I)-->H-N(I+0), SAME NUMBER PER 100 RESIDUES                              .
    0  0.0   TOTAL NUMBER OF HYDROGEN BONDS OF TYPE O(I)-->H-N(I+1), SAME NUMBER PER 100 RESIDUES                              .
   15  5.3   TOTAL NUMBER OF HYDROGEN BONDS OF TYPE O(I)-->H-N(I+2), SAME NUMBER PER 100 RESIDUES                              .
    7  2.5   TOTAL NUMBER OF HYDROGEN BONDS OF TYPE O(I)-->H-N(I+3), SAME NUMBER PER 100 RESIDUES                              .
   17  6.0   TOTAL NUMBER OF HYDROGEN BONDS OF TYPE O(I)-->H-N(I+4), SAME NUMBER PER 100 RESIDUES                              .
    0  0.0   TOTAL NUMBER OF HYDROGEN BONDS OF TYPE O(I)-->H-N(I+5), SAME NUMBER PER 100 RESIDUES                              .
  1  2  3  4  5  6  7  8  9 10 11 12 13 14 15 16 17 18 19 20 21 22 23 24 25 26 27 28 29 30     *** HISTOGRAMS OF ***           .
  0  0  0  0  0  0  0  0  2  0  0  0  0  0  0  0  0  0  0  0  0  0  0  0  0  0  0  0  0  0    RESIDUES PER ALPHA HELIX         .
  0  0  0  0  0  0  0  0  0  0  0  0  0  0  0  0  0  0  0  0  0  0  0  0  0  0  0  0  0  0    PARALLEL BRIDGES PER LADDER      .
  1  1  0  2  1  0  0  0  0  0  0  0  0  0  0  0  0  0  0  0  0  0  0  0  0  0  0  0  0  0    ANTIPARALLEL BRIDGES PER LADDER  .
  1  0  1  0  0  0  0  0  0  0  0  0  0  0  0  0  0  0  0  0  0  0  0  0  0  0  0  0  0  0    LADDERS PER SHEET                .
  #  RESIDUE AA STRUCTURE BP1 BP2  ACC     N-H-->O    O-->H-N    N-H-->O    O-->H-N    TCO  KAPPA ALPHA  PHI   PSI    X-CA   Y-CA   Z-CA            CHAIN
    1    1 A M              0   0  240      0, 0.0     0, 0.0     0, 0.0     0, 0.0   0.000 360.0 360.0 360.0 134.2   -0.3   22.5  -16.7               
    2    2 A S        -     0   0  119      1,-0.2     2,-0.4     2,-0.0     3,-0.0   0.802 360.0-133.6  34.6  89.0   -1.9   20.2  -14.1               
    3    3 A C        -     0   0  126      1,-0.1     2,-0.5     3,-0.0    -1,-0.2  -0.448  15.4-134.0 -48.2 113.8   -1.9   21.3  -10.5               
    4    4 A G        -     0   0   73     -2,-0.4    -1,-0.1     1,-0.1    -2,-0.0  -0.705  34.4-113.7 -64.4 122.0   -0.9   18.4   -8.2               
    5    5 A R        -     0   0  236     -2,-0.5    -1,-0.1     1,-0.1     0, 0.0  -0.357  34.6 -98.2 -53.3 141.7   -3.5   18.7   -5.4               
    6    6 A P        -     0   0  111      0, 0.0    -1,-0.1     0, 0.0     3,-0.0  -0.390  52.7 -93.6 -55.2 141.0   -2.0   19.7   -2.1               
    7    7 A P        -     0   0  102      0, 0.0     2,-0.2     0, 0.0     3,-0.2  -0.447  45.6-105.7 -60.1 131.2   -1.5   16.5   -0.0               
    8    8 A P        -     0   0   48      0, 0.0    33,-0.0     0, 0.0    -3,-0.0  -0.491  59.0 -75.9 -64.5 128.7   -4.6   15.9    2.2               
    9    9 A D        -     0   0  147     -2,-0.2     3,-0.4     1,-0.2     4,-0.2   0.132  57.4-168.8 -40.0 105.8   -3.5   16.8    5.8               
   10   10 A V    >   +     0   0   77      1,-0.2     3,-0.8    -3,-0.2    -1,-0.2   0.644  59.5  81.9 -81.9 -16.5   -1.5   13.7    6.5               
   11   11 A D  T 3  S+     0   0  166      1,-0.3    -1,-0.2    82,-0.0    -2,-0.1   0.780  96.4  35.7 -73.2 -36.6   -0.8   13.9   10.3               
   12   12 A G  T 3  S+     0   0   68     -3,-0.4     2,-0.3     2,-0.1    -1,-0.3   0.372  95.0 104.9 -96.1   0.1   -4.1   12.6   11.9               
   13   13 A M    <   -     0   0   24     -3,-0.8     2,-0.3    -4,-0.2    50,-0.2  -0.695  63.4-133.9 -93.7 140.6   -4.9    9.9    9.2               
   14   14 A I  E     -A   62   0A  47     48,-1.5    48,-2.9    -2,-0.3     2,-0.5  -0.677  18.3-145.9 -91.1 134.9   -4.5    6.1    9.6               
   15   15 A T  E     -A   61   0A  12     75,-0.4    75,-2.4    -2,-0.3     2,-0.4  -0.911   8.0-162.0-104.1 123.1   -2.9    4.2    6.7               
   16   16 A L  E     -AB  60  89A   0     44,-3.2    44,-2.4    -2,-0.5     2,-0.5  -0.846  11.1-145.0 -92.6 138.6   -3.9    0.7    5.8               
   17   17 A K  E     -AB  59  88A  63     71,-3.2    71,-2.5    -2,-0.4     2,-0.5  -0.938  11.0-160.2 -97.5 127.4   -1.6   -1.4    3.6               
   18   18 A V  E     -AB  58  87A   0     40,-2.7    40,-2.6    -2,-0.5    69,-0.2  -0.949  15.3-176.1-107.4 126.3   -3.4   -3.7    1.2               
   19   19 A D  E     + B   0  86A  54     67,-3.0    67,-1.6    -2,-0.5    38,-0.2  -0.666  53.5  41.7-120.2 171.6   -1.2   -6.6   -0.2               
   20   20 A N  S    S+     0   0   63     -2,-0.2     2,-0.2    65,-0.2    37,-0.2   0.717  73.9 167.9  55.4  30.9   -1.6   -9.5   -2.7               
   21   21 A L        -     0   0    7     35,-2.7    -1,-0.2    -3,-0.2    60,-0.1  -0.487  37.3-116.3 -69.3 136.1   -3.4   -7.2   -5.2               
   22   22 A T    >   -     0   0   14     58,-0.2     3,-1.5    -2,-0.2    34,-0.1  -0.329  25.3-116.0 -57.5 149.1   -4.0   -8.4   -8.8               
   23   23 A Y  T 3  S+     0   0  150      1,-0.2    -1,-0.1    32,-0.1    -2,-0.1   0.655 114.9  63.0 -63.8 -15.1   -2.2   -6.3  -11.5               
   24   24 A R  T 3  S+     0   0  201     57,-0.1     2,-0.5     2,-0.1    -1,-0.2   0.628  74.7 112.0 -82.5 -18.2   -5.7   -5.4  -12.8               
   25   25 A T    <   -     0   0   23     -3,-1.5    31,-0.1    55,-0.1    -4,-0.0  -0.438  53.0-158.4 -71.7 117.0   -6.8   -3.5   -9.6               
   26   26 A S     >  -     0   0   57     -2,-0.5     4,-1.9     1,-0.1     3,-0.5  -0.546  29.1-115.8 -85.1 154.9   -7.2    0.2  -10.2               
   27   27 A P  H  > S+     0   0   41      0, 0.0     4,-2.8     0, 0.0    -1,-0.1   0.844 118.7  58.2 -61.1 -29.5   -7.0    2.8   -7.3               
   28   28 A D  H  > S+     0   0  105      2,-0.2     4,-2.4     1,-0.2     5,-0.1   0.857 103.4  51.3 -65.1 -37.7  -10.7    3.6   -8.1               
   29   29 A S  H  > S+     0   0   56     -3,-0.5     4,-2.1     2,-0.2    -1,-0.2   0.947 112.7  45.4 -66.1 -46.6  -11.6   -0.1   -7.5               
   30   30 A L  H  X S+     0   0    0     -4,-1.9     4,-2.7     2,-0.2     5,-0.3   0.942 111.0  54.1 -58.7 -48.1   -9.9    0.0   -4.1               
   31   31 A R  H  X S+     0   0  107     -4,-2.8     4,-2.4     1,-0.2    -2,-0.2   0.927 110.6  45.7 -53.6 -50.0  -11.5    3.4   -3.3               
   32   32 A R  H  X S+     0   0  196     -4,-2.4     4,-0.5     1,-0.2    -1,-0.2   0.864 114.9  47.2 -60.4 -42.0  -15.0    1.9   -4.0               
   33   33 A V  H  < S+     0   0   34     -4,-2.1     3,-0.3     1,-0.2    -1,-0.2   0.853 119.0  39.5 -70.6 -35.8  -14.3   -1.3   -1.9               
   34   34 A F  H >X S+     0   0    0     -4,-2.7     3,-1.4     1,-0.2     4,-0.8   0.757 101.5  71.2 -86.9 -25.3  -12.9    0.7    1.1               
   35   35 A E  H 3< S+     0   0   90     -4,-2.4    -1,-0.2    -5,-0.3    -2,-0.2   0.697  87.8  67.3 -64.3 -18.8  -15.5    3.6    0.9               
   36   36 A K  T 3< S+     0   0  138     -4,-0.5    -1,-0.2    -3,-0.3    -2,-0.1   0.719 103.3  43.8 -73.1 -23.0  -18.2    1.2    2.2               
   37   37 A Y  T <4 S-     0   0   46     -3,-1.4     2,-0.3     1,-0.3    -1,-0.2   0.595 127.2 -56.0 -95.3 -18.9  -16.4    1.0    5.6               
   38   38 A G  S  < S-     0   0   17     -4,-0.8     2,-1.2    32,-0.1    -1,-0.3  -0.986  79.6 -25.5 162.0-171.7  -15.7    4.7    6.0               
   39   39 A R        -     0   0  165     -2,-0.3    24,-1.8    -3,-0.1     2,-0.4  -0.507  48.2-159.6 -80.8  98.9  -14.1    8.0    4.8               
   40   40 A V  E     +C   62   0A  21     -2,-1.2    22,-0.2    22,-0.2     3,-0.1  -0.595  12.8 178.0 -72.1 121.7  -11.2    7.3    2.5               
   41   41 A G  E     +     0   0A  26     20,-3.1     2,-0.3    -2,-0.4    21,-0.2   0.794  64.9   5.8 -94.8 -37.2   -8.9   10.4    2.3               
   42   42 A D  E     -C   61   0A  36     19,-1.2    19,-2.8   -35,-0.1     2,-0.4  -0.992  53.5-161.2-150.8 144.0   -6.1    9.2   -0.1               
   43   43 A V  E     +C   60   0A  30     -2,-0.3     2,-0.4    17,-0.2    17,-0.2  -0.981  16.4 179.9-129.2 119.2   -5.3    6.0   -2.2               
   44   44 A Y  E     -C   59   0A 101     15,-2.9    15,-2.7    -2,-0.4    -2,-0.0  -0.971  12.3-170.4-127.8 121.1   -1.7    5.5   -3.3               
   45   45 A I        -     0   0   23     -2,-0.4     2,-0.5    13,-0.2    13,-0.2  -0.921  20.1-141.9-109.3 105.9   -0.4    2.5   -5.4               
   46   46 A P        -     0   0   16      0, 0.0     9,-1.5     0, 0.0    11,-0.3  -0.559  19.0-162.8 -66.2 117.0    3.4    2.4   -5.6               
   47   47 A R  B     -D   54   0B 165     -2,-0.5     6,-0.1     7,-0.2     5,-0.0  -0.760  27.6-105.1 -95.5 146.9    4.5    1.3   -9.1               
   48   48 A E     >  -     0   0   74      5,-2.4     4,-1.8    -2,-0.3    -1,-0.0  -0.581  24.0-139.4 -71.5 131.4    8.0   -0.0   -9.8               
   49   49 A P  T  4 S+     0   0  110      0, 0.0    -1,-0.1     0, 0.0    -2,-0.0   0.770  97.4  38.7 -68.5 -25.2   10.0    2.7  -11.6               
   50   50 A H  T  4 S+     0   0  172      1,-0.1    -2,-0.0     3,-0.1    -3,-0.0   0.948 128.7  26.4 -85.1 -59.2   11.7    0.2  -14.0               
   51   51 A T  T  4 S-     0   0   96      2,-0.1    -1,-0.1     1,-0.1    -3,-0.0   0.581  86.4-143.8 -82.7 -15.1    9.0   -2.3  -14.9               
   52   52 A K     <  +     0   0  168     -4,-1.8    -1,-0.1     1,-0.2     3,-0.1   0.268  54.9 138.2  56.3  -6.3    6.0    0.1  -14.3               
   53   53 A A        -     0   0   34     -6,-0.1    -5,-2.4     1,-0.1     2,-0.3  -0.274  66.1-106.8 -55.6 139.3    4.1   -3.0  -12.9               
   54   54 A P  B     -D   47   0B  32      0, 0.0    -7,-0.2     0, 0.0    -1,-0.1  -0.588  28.7-127.5 -65.0 136.3    2.0   -2.4   -9.7               
   55   55 A R        -     0   0  143     -9,-1.5   -35,-0.2     2,-0.3    -8,-0.1   0.183  44.6 -99.9 -75.5  15.5    4.0   -4.1   -6.9               
   56   56 A G  S    S+     0   0   12      1,-0.2   -35,-2.7   -36,-0.1     2,-0.3   0.528  96.8  87.0  72.0   9.6    0.9   -6.1   -5.7               
   57   57 A F        -     0   0   30    -11,-0.3    -2,-0.3   -38,-0.2     2,-0.3  -0.980  49.9-175.9-142.1 155.6    0.3   -3.6   -2.9               
   58   58 A A  E     -A   18   0A   0    -40,-2.6   -40,-2.7    -2,-0.3     2,-0.4  -0.909  21.1-130.3-138.2 163.2   -1.5   -0.3   -2.2               
   59   59 A F  E     -AC  17  44A  48    -15,-2.7   -15,-2.9    -2,-0.3     2,-0.4  -0.990  18.4-170.3-119.5 125.1   -2.0    2.2    0.7               
   60   60 A V  E     -AC  16  43A   0    -44,-2.4   -44,-3.2    -2,-0.4     2,-0.5  -0.948  10.7-152.8-114.0 129.9   -5.5    3.4    1.6               
   61   61 A R  E     -AC  15  42A   7    -19,-2.8   -20,-3.1    -2,-0.4   -19,-1.2  -0.943  10.0-166.3-114.0 124.5   -5.7    6.4    4.1               
   62   62 A F  E     -AC  14  40A   0    -48,-2.9   -48,-1.5    -2,-0.5   -22,-0.2  -0.762  24.0-143.0-107.3 149.8   -8.7    6.8    6.4               
   63   63 A H  S    S+     0   0   71    -24,-1.8     2,-0.3    -2,-0.3    -1,-0.1   0.881  87.6  52.0 -72.8 -40.1   -9.8    9.8    8.5               
   64   64 A D     >  -     0   0   60    -25,-0.2     4,-1.3     1,-0.1    -2,-0.1  -0.742  68.2-145.1-106.0 145.3  -11.1    7.6   11.4               
   65   65 A R  H  > S+     0   0  161     -2,-0.3     4,-1.7     2,-0.2     5,-0.1   0.843 101.9  54.1 -67.7 -38.2   -9.3    4.8   13.4               
   66   66 A R  H >> S+     0   0  179      2,-0.2     4,-2.5     1,-0.2     3,-0.6   0.979 107.6  48.7 -66.5 -53.7  -12.5    2.8   13.8               
   67   67 A D  H 3> S+     0   0   34      1,-0.2     4,-2.7     2,-0.2    -1,-0.2   0.834 111.5  51.8 -48.2 -44.9  -13.3    2.8   10.0               
   68   68 A A  H 3X S+     0   0    0     -4,-1.3     4,-1.2     2,-0.2    -1,-0.2   0.863 111.9  44.5 -67.7 -37.3   -9.7    1.6    9.3               
   69   69 A Q  H <X S+     0   0   86     -4,-1.7     4,-2.5    -3,-0.6    -2,-0.2   0.848 114.5  49.1 -76.4 -34.4   -9.9   -1.3   11.9               
   70   70 A D  H  X S+     0   0   92     -4,-2.5     4,-2.2     2,-0.2    -2,-0.2   0.959 112.5  48.0 -65.7 -47.5  -13.4   -2.4   10.6               
   71   71 A A  H  < S+     0   0    0     -4,-2.7     4,-0.4    -5,-0.2    -2,-0.2   0.782 112.2  50.9 -62.6 -32.1  -12.0   -2.2    7.0               
   72   72 A E  H >X S+     0   0   49     -4,-1.2     4,-2.2     2,-0.2     3,-1.2   0.977 113.1  43.6 -65.3 -56.4   -9.0   -4.3    8.1               
   73   73 A A  H 3< S+     0   0   83     -4,-2.5    -2,-0.2     1,-0.3    -3,-0.1   0.756 118.4  44.4 -62.9 -30.1  -11.1   -7.0    9.8               
   74   74 A A  T 3< S+     0   0   47     -4,-2.2    -1,-0.3    -5,-0.1    -2,-0.2   0.386 120.3  37.8 -98.6  -1.6  -13.6   -7.2    7.0               
   75   75 A M  T X4 S+     0   0    5     -3,-1.2     3,-1.6    -4,-0.4     2,-0.4   0.527  84.7 101.4-123.4 -16.4  -11.1   -7.2    4.0               
   76   76 A D  T 3< S+     0   0   82     -4,-2.2    10,-0.2     1,-0.3     3,-0.1  -0.615 101.9  12.2 -65.6 121.7   -8.2   -9.3    5.4               
   77   77 A G  T 3  S+     0   0   43      8,-2.8     2,-0.3    -2,-0.4    -1,-0.3   0.362  96.8 136.6  83.0  -1.5   -8.8  -12.7    3.6               
   78   78 A A    <   -     0   0   30     -3,-1.6     7,-2.9     7,-0.2     2,-0.4  -0.594  54.3-123.1 -76.3 135.5  -11.4  -11.2    1.2               
   79   79 A E  E     +E   84   0C 140     -2,-0.3     2,-0.4     5,-0.2     5,-0.3  -0.614  31.3 174.6 -81.5 129.3  -11.1  -12.4   -2.5               
   80   80 A L  E >  S-E   83   0C  46      3,-2.7     3,-0.7    -2,-0.4   -58,-0.2  -0.990  74.0 -12.2-128.6 129.6  -10.6   -9.9   -5.3               
   81   81 A D  T 3  S-     0   0   92     -2,-0.4   -57,-0.1     1,-0.2    -1,-0.1   0.824 132.5 -50.2  54.8  34.4   -9.9  -11.0   -9.0               
   82   82 A G  T 3  S+     0   0   69      1,-0.2     2,-0.3   -60,-0.0    -1,-0.2   0.784 119.7 104.2  75.1  27.1   -9.3  -14.6   -7.7               
   83   83 A R  E <  S-E   80   0C  94     -3,-0.7    -3,-2.7    -5,-0.0     2,-0.4  -0.973  71.3-122.2-138.6 131.8   -6.8  -13.6   -4.9               
   84   84 A E  E     -E   79   0C 115     -2,-0.3    -5,-0.2    -5,-0.3     2,-0.2  -0.509  32.5-136.6 -63.7 120.9   -7.1  -13.3   -1.1               
   85   85 A L        -     0   0    1     -7,-2.9    -8,-2.8    -2,-0.4     2,-0.5  -0.532   7.1-148.4 -71.3 148.4   -6.3   -9.7   -0.0               
   86   86 A R  E     -B   19   0A 153    -67,-1.6   -67,-3.0   -10,-0.2     2,-0.4  -0.989  15.2-171.0-113.9 127.3   -4.2   -9.1    3.0               
   87   87 A V  E     +B   18   0A   2     -2,-0.5     2,-0.3   -69,-0.2   -69,-0.2  -0.962  11.1 166.1-120.1 128.2   -5.0   -5.8    4.9               
   88   88 A Q  E     -B   17   0A 106    -71,-2.5   -71,-3.2    -2,-0.4     2,-0.4  -0.999  44.4-102.8-140.7 140.7   -2.8   -4.5    7.7               
   89   89 A V  E     -B   16   0A  62     -2,-0.3     2,-1.2   -73,-0.2   -73,-0.3  -0.446  43.8-126.0 -58.0 115.6   -2.5   -1.2    9.7               
   90   90 A A        -     0   0   17    -75,-2.4   -75,-0.4    -2,-0.4    -1,-0.1  -0.531  19.3-165.0 -71.7 100.1    0.6    0.4    8.1               
   91   91 A R  S    S+     0   0  238     -2,-1.2     2,-0.6     1,-0.2    -1,-0.2   0.640  81.3  70.1 -56.5 -16.1    2.9    1.1   11.0               
   92   92 A Y  S    S-     0   0  163    -77,-0.1    -1,-0.2    -3,-0.0     3,-0.2  -0.896  70.8-165.5-105.9 100.8    4.6    3.3    8.4               
   93   93 A G        -     0   0   43     -2,-0.6   -79,-0.0     1,-0.2   -82,-0.0  -0.289  63.9 -46.9 -52.7 162.9    2.7    6.3    7.4               
   94   94 A R        -     0   0  122      1,-0.2     2,-2.3   -84,-0.1    -1,-0.2  -0.150  51.0-129.9 -41.4 123.4    4.3    7.6    4.1               
   95   95 A R        -     0   0  192     -3,-0.2     2,-0.5     3,-0.0    -1,-0.2  -0.695  24.1-156.8 -64.4  78.3    8.1    7.8    4.2               
   96   96 A D        -     0   0  136     -2,-2.3     3,-0.1     1,-0.1    -3,-0.0  -0.652  48.2 -91.3 -49.0 110.3    7.7   11.3    3.0               
   97   97 A L        -     0   0  146     -2,-0.5     2,-0.9     1,-0.2     3,-0.4  -0.290  48.1-104.2 -50.6 123.9   11.3   10.9    1.7               
   98   98 A P  S    S-     0   0  112      0, 0.0     3,-0.2     0, 0.0    -1,-0.2  -0.370  75.4 -41.9 -60.6 103.5   13.5   12.1    4.6               
   99   99 A R  S    S-     0   0  231     -2,-0.9    -2,-0.0     1,-0.2    -3,-0.0   0.876  78.9 -83.7  59.8  80.0   14.8   15.5    3.6               
  100  100 A S        -     0   0  134     -3,-0.4     2,-0.7     1,-0.1    -1,-0.2   0.318  51.4-169.8  -5.7  82.9   16.0   16.1   -0.0               
  101  101 A R        -     0   0  222     -3,-0.2    -1,-0.1     1,-0.2    -2,-0.0  -0.886  51.8  -6.4 -98.8 110.1   19.6   14.8    0.2               
  102  102 A Q  S    S+     0   0  171     -2,-0.7    -1,-0.2     1,-0.0    -2,-0.0   0.740  71.0 113.6  80.6 127.9   21.6   15.6   -3.0               
  103  103 A G        -     0   0   75     -3,-0.1    -1,-0.0     0, 0.0    -3,-0.0   0.374  36.3-158.3 147.8  74.8   20.7   17.2   -6.4               
  104  104 A E        -     0   0   78      1,-0.1     2,-1.6     2,-0.0   102,-0.0  -0.476  19.2-132.9 -63.2 134.1   22.1   20.7   -7.6               
  105  105 A P        +     0   0  132      0, 0.0     2,-1.8     0, 0.0    -1,-0.1  -0.551  30.1 175.5 -83.6  77.9   20.2   22.6  -10.3               
  106  106 A R        +     0   0  150     -2,-1.6     2,-0.7     2,-0.1    -2,-0.0  -0.565  15.4 158.9 -77.5  76.5   23.2   23.6  -12.5               
  107  107 A G        -     0   0   66     -2,-1.8     2,-1.8     2,-0.1    -1,-0.0  -0.821  27.6-159.3-108.2  92.0   21.0   25.1  -15.3               
  108  108 A R        -     0   0  222     -2,-0.7     2,-1.7     1,-0.1    -2,-0.1  -0.466  10.2-177.3 -77.8  78.1   23.1   27.6  -17.4               
  109  109 A S        +     0   0  125     -2,-1.8     2,-0.5     1,-0.0    -1,-0.1  -0.557  21.0 150.5 -74.7  84.2   20.5   29.9  -19.1               
  110  110 A R        +     0   0  229     -2,-1.7     2,-0.1     2,-0.0    -2,-0.1  -0.885  34.0  96.2-116.4  99.9   22.9   32.1  -21.2               
  111  111 A G        -     0   0   76     -2,-0.5     0, 0.0     2,-0.0     0, 0.0  -0.247  62.0 -40.8 136.5 127.8   20.9   33.2  -24.2               
  112  112 A G        +     0   0   72     -2,-0.1     2,-0.3    -3,-0.0    -2,-0.0   0.345  33.9 146.0 179.0 116.0   19.2   35.5  -25.3               
  113  113 A G        -     0   0   78      0, 0.0     2,-0.2     0, 0.0    -2,-0.0  -0.765  19.7-171.2-146.9  86.8   16.6   38.3  -25.0               
  114  114 A Y        +     0   0  217     -2,-0.3     0, 0.0     0, 0.0     0, 0.0  -0.568  41.3  54.5 -76.1 142.4   16.9   41.6  -27.0               
  115  115 A G        +     0   0   64     -2,-0.2     2,-0.0     1,-0.1     0, 0.0   0.437  22.4 118.5  78.8 139.0   14.4   44.5  -26.1               
  116  116 A R        -     0   0  236      0, 0.0    -1,-0.1     0, 0.0     2,-0.1   0.383  31.9-174.6-113.1 138.4   12.9   46.6  -24.3               
  117  117 A R        +     0   0  221     -2,-0.0     0, 0.0     0, 0.0     0, 0.0   0.151  29.6  76.9  52.0 124.5   13.4   49.8  -25.0               
  118  118 A S        -     0   0   72     -2,-0.1     0, 0.0     0, 0.0     0, 0.0   0.914  44.0 -34.9  78.3 116.7   12.1   52.8  -23.1               
  119  119 A R        +     0   0  218      0, 0.0     2,-0.0     0, 0.0     0, 0.0   0.843  21.8 121.6  58.8 127.6   12.2   55.1  -20.3               
  120  120 A S        -     0   0   80      0, 0.0     0, 0.0     0, 0.0     0, 0.0   0.535  17.3-130.1-178.9 175.6   12.4   56.7  -17.7               
  121  121 A Y        +     0   0  210     -2,-0.0     0, 0.0     0, 0.0     0, 0.0   0.692  28.0 133.7  20.5 132.2   13.4   59.3  -15.0               
  122  122 A G        -     0   0   58      0, 0.0     0, 0.0     0, 0.0     0, 0.0   0.763  24.4 -85.1 137.0 109.4   14.4   59.6  -11.6               
  123  123 A R        -     0   0  220      0, 0.0     0, 0.0     0, 0.0     0, 0.0   0.936  24.3 -49.7  68.5 110.7   16.4   60.7   -8.7               
  124  124 A R        +     0   0  227      0, 0.0     0, 0.0     0, 0.0     0, 0.0   0.699  23.2 101.1  66.2 127.9   18.9   61.0   -6.3               
  125  125 A S        +     0   0   90      0, 0.0     0, 0.0     0, 0.0     0, 0.0   0.719  42.0  46.8-163.8 149.2   21.1   60.6   -4.1               
  126  126 A R        -     0   0  254      0, 0.0     0, 0.0     0, 0.0     0, 0.0  -0.059  57.0-171.7-175.1  93.4   24.5   60.2   -2.5               
  127  127 A S        +     0   0  107      0, 0.0     2,-0.0     0, 0.0     0, 0.0  -0.103   9.0  48.3 -68.7-172.4   27.3   62.7   -3.5               
  128  128 A P        +     0   0  106      0, 0.0     0, 0.0     0, 0.0     0, 0.0   0.849  16.4 106.2-131.5-158.9   30.3   63.9   -3.5               
  129  129 A R        +     0   0  202     -2,-0.0     0, 0.0     0, 0.0     0, 0.0   0.487  48.0  27.0 102.6 133.6   34.1   64.5   -3.7               
  130  130 A R        -     0   0  164      0, 0.0     0, 0.0     0, 0.0     0, 0.0   0.668  46.4-141.6-137.9 134.6   36.6   65.8   -5.4               
  131  131 A R        +     0   0  177      0, 0.0     0, 0.0     0, 0.0     0, 0.0   0.830  17.1  90.6  78.0 124.7   37.4   68.3   -7.8               
  132  132 A H        +     0   0  141      0, 0.0     0, 0.0     0, 0.0     0, 0.0   0.833  21.5  39.9  66.9 139.5   39.1   70.0  -10.7               
  133  133 A R        -     0   0  213      0, 0.0     0, 0.0     0, 0.0     0, 0.0   0.751  32.5 -81.7-153.6 154.3   40.0   71.1  -13.4               
  134  134 A S        +     0   0   79      1,-0.0     0, 0.0     0, 0.0     0, 0.0   0.672  30.1  50.2  36.2 136.7   39.6   72.7  -16.7               
  135  135 A R        -     0   0  217      0, 0.0    -1,-0.0     0, 0.0     0, 0.0   0.646  20.4-150.5-175.8 130.7   39.0   73.2  -19.7               
  136  136 A S        +     0   0  107      0, 0.0     0, 0.0     0, 0.0     0, 0.0   0.746  18.6 144.4  64.8 152.9   37.4   73.3  -23.1               
  137  137 A R        +     0   0  237      1,-0.1     0, 0.0     0, 0.0     0, 0.0   0.731  15.5 143.4-147.0 148.8   36.5   73.3  -26.2               
  138  138 A G        -     0   0   67      0, 0.0    -1,-0.1     0, 0.0     2,-0.1  -0.452  25.6-148.8 -78.7 171.8   33.9   72.2  -28.8               
  139  139 A P        -     0   0  115      0, 0.0     2,-0.0     0, 0.0     0, 0.0  -0.415  10.0-169.6-145.7 137.7   32.5   73.7  -31.6               
  140  140 A S        -     0   0  107      1,-0.2     0, 0.0    -2,-0.1     0, 0.0   0.429  26.6 -56.3  64.4 129.4   29.4   73.4  -33.1               
  141  141 A C        +     0   0  110     -2,-0.0    -1,-0.2     0, 0.0     2,-0.0  -0.002  40.2 143.0 -39.4 157.0   27.6   74.5  -36.4               
  142  142 A S        -     0   0  110      0, 0.0     0, 0.0     0, 0.0     0, 0.0   0.188  25.7-149.6-168.7 173.0   26.8   77.0  -38.3               
  143  143 A R        +     0   0  239      1,-0.0     0, 0.0    -2,-0.0     0, 0.0  -0.201  47.1  90.0 -53.9 163.4   26.1   78.7  -41.8               
  144  144 A S        -     0   0  109      0, 0.0    -1,-0.0     0, 0.0     0, 0.0   0.929  50.3-110.9  97.4  96.4   26.5   82.3  -42.7               
  145  145 A R        +     0   0  241      2,-0.0    -2,-0.0     0, 0.0     0, 0.0   0.513  41.9  65.2  31.2 123.7   28.7   85.0  -44.0               
  146  146 A S        +     0   0  115      0, 0.0     0, 0.0     0, 0.0     0, 0.0   0.630  38.7  53.1 108.5 137.0   30.5   88.2  -43.0               
  147  147 A R        -     0   0  236      0, 0.0    -2,-0.0     0, 0.0     0, 0.0   0.924  45.0-134.4  79.6  79.8   33.0   90.5  -41.3               
  148  148 A S        +     0   0  100      0, 0.0     0, 0.0     0, 0.0     0, 0.0   0.926  29.1 146.1  79.7 146.2   36.5   90.6  -40.8               
  149  149 A R        -     0   0  215      0, 0.0     0, 0.0     0, 0.0     0, 0.0   0.935  32.6 -98.7  96.8  89.5   39.9   91.0  -39.1               
  150  150 A Y        +     0   0  205      0, 0.0     0, 0.0     0, 0.0     0, 0.0   0.954  43.9  74.7  69.1 136.6   43.4   89.7  -39.1               
  151  151 A R        +     0   0  243      0, 0.0     2,-0.0     0, 0.0     0, 0.0   0.908  21.6 167.9  51.1 105.8   46.4   87.6  -38.1               
  152  152 A G        +     0   0   69      0, 0.0     0, 0.0     0, 0.0     0, 0.0   0.825   9.3 165.1 102.2 164.6   47.4   84.6  -38.4               
  153  153 A S        +     0   0   99     -2,-0.0     0, 0.0     0, 0.0     0, 0.0   0.492  14.3  53.0  67.7 145.8   50.8   82.7  -37.8               
  154  154 A R        -     0   0  203      0, 0.0     0, 0.0     0, 0.0     0, 0.0   0.683  40.0  -9.5-162.3 151.3   52.4   80.1  -37.5               
  155  155 A Y        +     0   0  212      0, 0.0     0, 0.0     0, 0.0     0, 0.0   0.755  44.3  42.6  71.9 139.0   54.0   76.6  -38.0               
  156  156 A S        -     0   0   84      2,-0.1     0, 0.0     0, 0.0     0, 0.0   0.453  35.4-119.9-159.7 141.3   54.2   73.8  -39.4               
  157  157 A R        -     0   0  225      1,-0.1     0, 0.0     0, 0.0     0, 0.0   0.859   4.9-150.7  53.7 103.8   54.2   71.4  -42.3               
  158  158 A S        -     0   0  105      0, 0.0     2,-0.2     0, 0.0    -1,-0.1  -0.490  27.2-174.6 -47.8 143.4   52.7   68.5  -43.9               
  159  159 A P        -     0   0   91      0, 0.0     0, 0.0     0, 0.0     0, 0.0  -0.613  10.5 -88.9-146.5 150.6   54.7   66.4  -45.9               
  160  160 A Y        -     0   0  199     -2,-0.2     0, 0.0     0, 0.0     0, 0.0   0.781  28.5 -60.2  44.1 121.1   54.5   63.4  -48.1               
  161  161 A S        +     0   0  103      0, 0.0     0, 0.0     0, 0.0     0, 0.0   0.776  45.5  74.6  72.1 137.0   54.4   60.1  -49.2               
  162  162 A R        +     0   0  243      0, 0.0     0, 0.0     0, 0.0     0, 0.0   0.272  21.8  85.1  65.4 161.6   56.4   56.7  -49.3               
  163  163 A S        -     0   0  102      1,-0.1     2,-0.1     0, 0.0     0, 0.0   0.815  14.9-168.0-148.5 167.2   57.9   54.0  -48.5               
  164  164 A P        +     0   0   91      0, 0.0    -1,-0.1     0, 0.0     0, 0.0  -0.235  46.8  58.8 -81.9 179.5   57.9   50.2  -47.9               
  165  165 A Y        +     0   0  217      1,-0.1     2,-0.0    -2,-0.1     0, 0.0   0.957  28.6 146.0  69.8 114.2   60.5   47.8  -46.3               
  166  166 A S        -     0   0  108      0, 0.0    -1,-0.1     0, 0.0     0, 0.0  -0.173  39.0 -56.6-169.2 119.2   62.3   47.0  -43.3               
  167  167 A R        -     0   0  227      1,-0.0     0, 0.0    -2,-0.0     0, 0.0   0.866  20.4-132.9  63.6  99.5   63.5   44.0  -41.6               
  168  168 A S        -     0   0   94      0, 0.0     2,-0.1     0, 0.0    -1,-0.0   0.403   9.6-152.2  68.4 109.7   63.4   41.0  -40.2               
  169  169 A R        +     0   0  254      2,-0.0     2,-0.2     0, 0.0     0, 0.0  -0.603  27.4 175.6-139.6  93.2   64.6   39.0  -37.3               
  170  170 A Y        -     0   0  205     -2,-0.1     2,-0.0     1,-0.0     0, 0.0  -0.513   5.1-178.2 -55.2 148.1   64.7   35.3  -38.4               
  171  171 A S        -     0   0  115     -2,-0.2    -1,-0.0     1,-0.1    -2,-0.0  -0.370  39.3 -26.8-158.2  91.8   66.1   32.8  -35.9               
  172  172 A R        -     0   0  224     -2,-0.0    -1,-0.1     0, 0.0     0, 0.0   0.898  45.1-144.6  66.6 123.1   66.4   29.2  -36.9               
  173  173 A S        -     0   0   94      0, 0.0     0, 0.0     0, 0.0     0, 0.0   0.722   6.0-154.4  90.7 153.8   65.7   26.3  -38.6               
  174  174 A P        -     0   0   96      0, 0.0     0, 0.0     0, 0.0     0, 0.0   0.718   6.6-115.6-142.0-172.3   65.1   23.2  -39.7               
  175  175 A Y        +     0   0  213      0, 0.0     0, 0.0     0, 0.0     0, 0.0   0.565  26.0  71.9  70.9 151.7   64.6   19.6  -41.1               
  176  176 A S        -     0   0   99      0, 0.0     0, 0.0     0, 0.0     0, 0.0   0.778  22.3-179.3-150.6 137.0   63.3   16.7  -42.0               
  177  177 A R        -     0   0  223      0, 0.0     0, 0.0     0, 0.0     0, 0.0   0.224  15.5 -55.9  76.5 108.4   61.2   15.0  -44.3               
  178  178 A S        -     0   0   96      0, 0.0     0, 0.0     0, 0.0     0, 0.0   0.449   3.5-156.2  69.9 166.6   59.5   11.8  -45.6               
  179  179 A R        -     0   0  222      0, 0.0     0, 0.0     0, 0.0     0, 0.0   0.578  25.1-139.9-144.1 139.1   58.6    8.8  -46.8               
  180  180 A Y        +     0   0  219      0, 0.0     0, 0.0     0, 0.0     0, 0.0   0.921  20.6 134.5  52.7 154.0   55.8    7.1  -48.6               
  181  181 A R        +     0   0  227      0, 0.0     2,-0.1     0, 0.0     0, 0.0   0.726  10.5 176.9  80.2 123.2   53.3    4.2  -49.3               
  182  182 A E        +     0   0  171      0, 0.0     0, 0.0     0, 0.0     0, 0.0   0.300   1.8 170.9  73.2 123.9   50.3    3.0  -50.0               
  183  183 A S        -     0   0   85     -2,-0.1     0, 0.0     0, 0.0     0, 0.0   0.563  18.4 -36.5-165.3 171.6   48.1    0.7  -50.6               
  184  184 A R        -     0   0  220      0, 0.0     0, 0.0     0, 0.0     0, 0.0   0.992  29.0 -98.3  77.7 111.2   44.7   -1.0  -51.2               
  185  185 A Y        +     0   0  238      0, 0.0     2,-0.1     0, 0.0     0, 0.0   0.489  36.2 131.9  33.3 124.5   41.1   -1.8  -50.7               
  186  186 A G        +     0   0   78      1,-0.0     0, 0.0     0, 0.0     0, 0.0  -0.063  29.6  33.1 150.5 130.7   39.0   -4.4  -48.9               
  187  187 A G        -     0   0   77     -2,-0.1     2,-0.1     0, 0.0    -1,-0.0   0.903  30.4-159.9  73.2 107.5   36.0   -5.3  -46.6               
  188  188 A S        +     0   0   99      1,-0.0     0, 0.0     0, 0.0     0, 0.0   0.130  34.5  34.5  75.1 112.5   33.0   -4.5  -45.6               
  189  189 A H        +     0   0  175     -2,-0.1     2,-0.2     1,-0.1    -1,-0.0   0.929  24.8 127.7  59.3 113.6   30.6   -5.1  -42.6               
  190  190 A Y        -     0   0  226      0, 0.0     2,-0.2     0, 0.0    -1,-0.1  -0.598  21.6-170.2-163.1 155.9   29.7   -5.7  -39.3               
  191  191 A S        +     0   0  113     -2,-0.2     0, 0.0     2,-0.0     0, 0.0  -0.608  28.2  68.2 -98.7 171.8   27.2   -4.0  -36.8               
  192  192 A S        -     0   0  105     -2,-0.2     0, 0.0     2,-0.0     0, 0.0   0.674  56.7 -13.6  99.3 131.3   26.4   -4.2  -33.1               
  193  193 A S        +     0   0  110      1,-0.1    -2,-0.0     0, 0.0     0, 0.0   0.852  29.6 160.5  51.3 112.6   26.9   -3.7  -29.4               
  194  194 A G        -     0   0   75      0, 0.0    -1,-0.1     0, 0.0    -2,-0.0  -0.267  32.4-133.0-169.7  70.1   29.9   -2.9  -27.1               
  195  195 A Y        +     0   0  223      1,-0.1     0, 0.0     2,-0.0     0, 0.0   0.600  34.1  49.7  21.9 132.6   29.4   -1.6  -23.5               
  196  196 A S        -     0   0   98      2,-0.0    -1,-0.1     0, 0.0     0, 0.0   0.956  39.1-112.9  77.7  95.0   30.4    1.0  -21.0               
  197  197 A N        -     0   0  154      1,-0.1     2,-0.2     0, 0.0    -2,-0.0   0.637  10.6-155.5  55.3 107.3   31.2    4.1  -19.6               
  198  198 A S        -     0   0   96      1,-0.1    -1,-0.1     2,-0.0    -2,-0.0  -0.687  37.7 -81.8-145.5 102.7   34.2    6.1  -18.2               
  199  199 A R        +     0   0  214     -2,-0.2    -1,-0.1     2,-0.0     0, 0.0   0.970  45.7  31.2  72.1 126.4   34.0    8.9  -15.8               
  200  200 A Y        +     0   0  179      1,-0.1     2,-0.2     0, 0.0    -2,-0.0   0.990  16.6 138.8  78.2 104.2   33.5   12.2  -14.3               
  201  201 A S        -     0   0  119      0, 0.0     2,-0.4     0, 0.0    -1,-0.1  -0.829  37.7-178.6-144.6 134.0   32.2   15.6  -14.0               
  202  202 A R        -     0   0  162     -2,-0.2     0, 0.0     1,-0.2     0, 0.0  -0.975  13.6 -42.2-124.7 140.3   31.4   16.9  -10.4               
  203  203 A Y        +     0   0  124     -2,-0.4    -1,-0.2   -99,-0.0     0, 0.0   0.950  42.4  74.5  68.6 136.3   30.0   19.7   -8.5               
  204  204 A H        +     0   0  129      1,-0.1     2,-0.2     0, 0.0    -2,-0.0   0.990  18.9 118.7  90.0 106.1   29.3   23.3   -7.3               
  205  205 A S        -     0   0  102      0, 0.0     2,-0.2     0, 0.0    -1,-0.1  -0.700  39.0-177.5-157.6 150.6   27.9   26.6   -7.4               
  206  206 A S        +     0   0  101     -2,-0.2  -102,-0.0  -102,-0.0     0, 0.0  -0.741  12.1  78.3-134.0 167.2   25.6   28.0   -4.6               
  207  207 A R        -     0   0  216     -2,-0.2     0, 0.0     0, 0.0     0, 0.0   0.624  25.6-144.7  79.5 123.6   23.3   30.7   -3.0               
  208  208 A S        -     0   0   97      0, 0.0    -2,-0.0     0, 0.0     0, 0.0   0.630  10.0-174.5  68.2 136.7   20.4   32.5   -2.6               
  209  209 A H        +     0   0  163      0, 0.0     2,-0.0     0, 0.0     0, 0.0   0.707  27.2 130.5-157.4 177.5   18.5   35.2   -1.9               
  210  210 A S        +     0   0   92      0, 0.0     0, 0.0     0, 0.0     0, 0.0   0.341  12.7 124.9-177.6 155.0   15.2   36.0   -1.5               
  211  211 A K        +     0   0  196     -2,-0.0     0, 0.0     1,-0.0     0, 0.0   0.569  19.2 113.2  87.6 150.9   11.5   37.2   -0.5               
  212  212 A S        +     0   0  130      0, 0.0    -1,-0.0     0, 0.0     0, 0.0   0.665  24.2  87.5  73.8 140.8    8.1   39.0   -1.1               
  213  213 A G        -     0   0   66      2,-0.0     0, 0.0     0, 0.0     0, 0.0   0.661  21.6-158.7-175.1 162.0    5.0   38.9   -1.5               
  214  214 A S        -     0   0  110      1,-0.0     0, 0.0     0, 0.0     0, 0.0   0.640  19.4-131.6  30.5 106.1    1.2   38.9   -1.1               
  215  215 A S        +     0   0  103      2,-0.0     2,-0.1     0, 0.0    -1,-0.0   0.524  14.6 176.6  72.1 118.8   -1.8   38.1   -2.5               
  216  216 A T        +     0   0  154      2,-0.0     2,-0.4     0, 0.0     0, 0.0  -0.335  10.6 178.9 179.6 135.4   -5.3   39.2   -3.4               
  217  217 A S        -     0   0  107      1,-0.2    -2,-0.0    -2,-0.1     0, 0.0  -0.980  27.1 -29.2-125.3 142.9   -8.3   37.7   -5.3               
  218  218 A S        -     0   0   98     -2,-0.4    -1,-0.2     2,-0.0     2,-0.0   0.787  35.5-106.1  43.6 117.1  -11.8   38.4   -6.3               
  219  219 A R        +     0   0  236      1,-0.0     0, 0.0     0, 0.0     0, 0.0   0.311  29.9  98.8  42.3 133.3  -14.9   39.8   -6.1               
  220  220 A S        -     0   0  104     -2,-0.0    -1,-0.0     0, 0.0    -2,-0.0   0.705  22.7 -49.9 179.6 152.3  -18.1   39.4   -5.5               
  221  221 A A        +     0   0   95      0, 0.0     0, 0.0     0, 0.0     0, 0.0   0.593  15.8 147.4  64.6 152.6  -21.8   39.0   -4.6               
  222  222 A S        -     0   0   97      0, 0.0     2,-0.0     0, 0.0     0, 0.0   0.617  19.2 -71.3-175.6 151.4  -24.5   38.2   -3.0               
  223  223 A T        -     0   0  123      0, 0.0     0, 0.0     0, 0.0     0, 0.0   0.213  34.9 -18.9 160.2 130.3  -27.9   37.8   -1.4               
  224  224 A S        +     0   0  100     -2,-0.0     0, 0.0     0, 0.0     0, 0.0   0.872  32.9  54.7  50.4 144.7  -30.5   38.7    1.2               
  225  225 A K        -     0   0  191      0, 0.0     0, 0.0     0, 0.0     0, 0.0   0.760  18.7-132.7-166.4 150.1  -32.2   39.7    3.7               
  226  226 A S        +     0   0   95      0, 0.0     0, 0.0     0, 0.0     0, 0.0   0.886  26.4  96.9  48.6 139.9  -33.7   41.9    6.5               
  227  227 A S        +     0   0  105      0, 0.0     0, 0.0     0, 0.0     0, 0.0   0.835  24.1  48.1  66.2 138.4  -34.6   42.5   10.1               
  228  228 A S        -     0   0  107      0, 0.0     0, 0.0     0, 0.0     0, 0.0   0.562  20.4-154.8-167.0 143.3  -34.5   43.6   13.0               
  229  229 A A        +     0   0   75      0, 0.0     0, 0.0     0, 0.0     0, 0.0   0.873  20.0  89.4  57.3 126.0  -34.2   46.0   15.8               
  230  230 A R        -     0   0  236      0, 0.0     0, 0.0     0, 0.0     0, 0.0   0.706  20.9 -22.3  75.3 147.7  -33.4   47.0   19.3               
  231  231 A R        -     0   0  210      0, 0.0     0, 0.0     0, 0.0     0, 0.0   0.472  12.4 -89.4-175.5 140.1  -32.1   47.9   22.1               
  232  232 A S        +     0   0   93      0, 0.0     0, 0.0     0, 0.0     0, 0.0   0.454  16.1 122.2  63.5 163.9  -30.2   49.0   25.3               
  233  233 A K        -     0   0  194      1,-0.1     2,-0.3     0, 0.0     0, 0.0   0.791   8.6-172.4-150.6 163.7  -28.7   49.3   28.2               
  234  234 A S        +     0   0  115      0, 0.0     2,-0.2     0, 0.0    -1,-0.1  -0.720  10.2 169.8 -92.2 143.8  -25.6   50.1   30.3               
  235  235 A S        -     0   0  102     -2,-0.3     0, 0.0     2,-0.0     0, 0.0  -0.704  14.6-166.6-161.0 111.0  -24.6   49.8   33.9               
  236  236 A S        +     0   0  108     -2,-0.2     0, 0.0     0, 0.0     0, 0.0   0.576  20.5 168.6  54.5 132.5  -21.5   50.2   35.6               
  237  237 A V        -     0   0  121      0, 0.0    -2,-0.0     0, 0.0     0, 0.0   0.567  27.4 -92.9-162.8 139.9  -19.5   49.9   38.2               
  238  238 A S        -     0   0   85      0, 0.0     0, 0.0     0, 0.0     0, 0.0   0.909  23.1 -56.4  53.5 129.4  -15.8   50.2   39.2               
  239  239 A R        +     0   0  230      0, 0.0     0, 0.0     0, 0.0     0, 0.0   0.698  14.9 150.1  62.3 134.4  -12.4   49.3   39.9               
  240  240 A S        -     0   0   98      0, 0.0     0, 0.0     0, 0.0     0, 0.0   0.691  10.7-146.8-153.6 160.3   -9.5   48.2   41.0               
  241  241 A R        +     0   0  238      0, 0.0     0, 0.0     0, 0.0     0, 0.0   0.295  18.6 125.4  39.1 126.8   -6.0   47.1   41.1               
  242  242 A S        -     0   0  100      0, 0.0     0, 0.0     0, 0.0     0, 0.0   0.672  18.7-149.5-164.1 166.7   -3.5   45.2   42.0               
  243  243 A R        +     0   0  231      0, 0.0     0, 0.0     0, 0.0     0, 0.0   0.248  17.6 139.3   7.8 135.5   -0.5   42.9   42.1               
  244  244 A S        -     0   0  109      0, 0.0     0, 0.0     0, 0.0     0, 0.0   0.448  20.1-152.0-171.9 153.6    1.2   40.5   43.5               
  245  245 A R        +     0   0  233      0, 0.0     0, 0.0     0, 0.0     0, 0.0   0.466  31.6 101.3   4.8 153.5    3.3   37.3   43.3               
  246  246 A S        +     0   0  114      2,-0.0     0, 0.0     0, 0.0     0, 0.0   0.360  17.8  69.0  79.0 148.0    4.2   34.3   45.5               
  247  247 A S        -     0   0   95      0, 0.0     0, 0.0     0, 0.0     0, 0.0   0.609  20.7-151.8-166.1 145.1    4.2   31.4   46.9               
  248  248 A S        +     0   0  108      0, 0.0    -2,-0.0     0, 0.0     0, 0.0   0.481   9.6 144.3  67.5 166.1    4.9   27.7   47.4               
  249  249 A M        -     0   0  158      0, 0.0     0, 0.0     0, 0.0     0, 0.0   0.850  18.2 -64.4-154.3 162.4    4.9   24.4   48.2               
  250  250 A T        -     0   0  110      0, 0.0     0, 0.0     0, 0.0     0, 0.0   0.896  19.9 -93.4  59.5 124.7    5.2   20.5   48.2               
  251  251 A R        +     0   0  229      0, 0.0     0, 0.0     0, 0.0     0, 0.0   0.532  21.9 136.7  57.1 130.7    4.7   17.1   47.4               
  252  252 A S        -     0   0  101      2,-0.0     0, 0.0     0, 0.0     0, 0.0   0.475  18.5-146.8-169.2-177.8    3.6   14.0   47.7               
  253  253 A P        -     0   0  122      0, 0.0     2,-0.1     0, 0.0     0, 0.0   0.358  24.4 -39.1-116.4-146.9    2.1   10.8   46.0               
  254  254 A P        -     0   0  109      0, 0.0     2,-0.2     0, 0.0    -2,-0.0  -0.289  22.3-179.2-115.6 161.6   -0.1    7.7   45.9               
  255  255 A R        +     0   0  243     -2,-0.1     0, 0.0     1,-0.1     0, 0.0  -0.867  18.3 104.4-173.8 161.3   -1.9    4.5   47.4               
  256  256 A V        +     0   0  122     -2,-0.2    -1,-0.1     0, 0.0     0, 0.0   0.520  18.1 173.2-170.9 155.6   -3.9    1.8   47.0               
  257  257 A S        +     0   0   91      1,-0.1    -2,-0.0     0, 0.0     2,-0.0   0.815   5.9 178.5  77.7 138.2   -6.1   -1.4   46.5               
  258  258 A K        -     0   0  198      2,-0.0     2,-0.1     0, 0.0    -1,-0.1   0.166  18.2-171.4 170.6 114.4   -9.0   -3.6   46.2               
  259  259 A R        -     0   0  241     -2,-0.0     2,-0.1     0, 0.0     0, 0.0  -0.120  10.3-180.0  67.5 101.8   -9.4   -7.1   45.6               
  260  260 A K        -     0   0  203     -2,-0.1     2,-0.1     2,-0.0    -2,-0.0  -0.377  14.5-177.8-176.6 123.9  -12.0   -9.8   44.8               
  261  261 A S        +     0   0  103     -2,-0.1     0, 0.0     0, 0.0     0, 0.0   0.391  10.6 150.7  98.2 137.5  -11.6  -13.2   44.2               
  262  262 A K        +     0   0  203     -2,-0.1     2,-0.0     0, 0.0    -2,-0.0   0.487  13.3 171.4  85.2 146.6  -13.3  -16.6   43.3               
  263  263 A S        +     0   0   83      0, 0.0     0, 0.0     0, 0.0     0, 0.0   0.299  13.8 145.4 173.0 153.0  -13.0  -19.6   41.9               
  264  264 A R        -     0   0  232     -2,-0.0     2,-0.0     0, 0.0     0, 0.0   0.588  14.2-144.0  69.5 152.7  -13.5  -23.3   40.6               
  265  265 A S        +     0   0   97      2,-0.0     0, 0.0     0, 0.0     0, 0.0   0.546  13.1 165.6 159.9 163.0  -13.2  -25.9   38.4               
  266  266 A R        -     0   0  232     -2,-0.0     2,-0.1     0, 0.0     0, 0.0   0.511  16.0-148.2  85.0 121.1  -14.2  -29.1   36.4               
  267  267 A S        +     0   0  111      0, 0.0     2,-0.1     0, 0.0    -2,-0.0  -0.147  12.0 177.4  78.2 103.0  -13.4  -31.0   33.8               
  268  268 A K        -     0   0  204     -2,-0.1     0, 0.0     0, 0.0     0, 0.0  -0.283  25.4-108.4-177.6 116.8  -15.3  -33.3   31.3               
  269  269 A R        -     0   0  237      1,-0.1     0, 0.0    -2,-0.1     0, 0.0   0.768  22.6-106.8  29.9 147.6  -14.4  -35.3   28.1               
  270  270 A P        -     0   0  119      0, 0.0     2,-0.3     0, 0.0    -1,-0.1  -0.665  29.1-115.5 -95.9 158.1  -14.8  -35.3   24.3               
  271  271 A P        -     0   0  120      0, 0.0     2,-0.1     0, 0.0     0, 0.0  -0.894  28.0-118.9 -96.5 136.6  -17.0  -37.4   21.9               
  272  272 A K        -     0   0  201     -2,-0.3     0, 0.0     1,-0.1     0, 0.0  -0.004  31.3 -52.5  82.6  99.4  -16.1  -39.7   19.4               
  273  273 A S        -     0   0  108     -2,-0.1    -1,-0.1     2,-0.0     2,-0.1   0.823  10.9-158.9  29.9 144.0  -16.3  -40.4   15.6               
  274  274 A P        +     0   0  124      0, 0.0     2,-0.3     0, 0.0    -1,-0.0  -0.394  40.5 120.6-148.7 118.1  -18.2  -40.9   12.6               
  275  275 A E        +     0   0  203     -2,-0.1     2,-0.3     0, 0.0    -2,-0.0  -0.840  26.1 138.8-144.3 113.1  -16.8  -42.9    9.6               
  276  276 A E        +     0   0  188     -2,-0.3     0, 0.0     1,-0.1     0, 0.0  -0.913  34.3  62.8-134.4 165.0  -18.7  -45.9    8.3               
  277  277 A E        +     0   0  194     -2,-0.3    -1,-0.1     1,-0.0     0, 0.0   0.646  39.4 127.2  83.0 128.0  -19.5  -47.2    4.7               
  278  278 A G        -     0   0   66      0, 0.0    -1,-0.0     0, 0.0     0, 0.0   0.417  42.4-146.2 136.5  56.5  -17.1  -48.3    1.8               
  279  279 A Q        +     0   0  174      2,-0.0     0, 0.0     0, 0.0     0, 0.0   0.907  31.7 117.7  82.0 139.6  -17.6  -51.4    0.2               
  280  280 A M        -     0   0  173      1,-0.0     2,-0.2     0, 0.0     0, 0.0   0.863  23.3-151.6  69.1 116.3  -16.4  -54.7   -1.5               
  281  281 A S              0   0  116      0, 0.0    -2,-0.0     0, 0.0    -1,-0.0  -0.370 360.0 360.0  79.4  85.8  -16.2  -58.0   -1.4               
  282  282 A S              0   0  200     -2,-0.2     0, 0.0     0, 0.0     0, 0.0  -0.684 360.0 360.0-165.0 360.0  -13.8  -60.7   -2.6               
