==== Secondary Structure Definition by the program DSSP, CMBI version 2.0                          ==== DATE=2026-03-08        .
REFERENCE W. KABSCH AND C.SANDER, BIOPOLYMERS 22 (1983) 2577-2637                                                              .
HEADER                                            01-AUG-25                                                                    .
COMPND    MOL_ID: 1; MOLECULE: RNA-BINDING PROTEIN 42; CHAIN: A                                                                .
SOURCE    MOL_ID: 1; ORGANISM_SCIENTIFIC: HOMO SAPIENS; ORGANISM_TAXID: 9606                                                   .
AUTHOR                                                                                                                         .
  480  1  0  0  0 TOTAL NUMBER OF RESIDUES, NUMBER OF CHAINS, NUMBER OF SS-BRIDGES(TOTAL,INTRACHAIN,INTERCHAIN)                .
 55623.4   ACCESSIBLE SURFACE OF PROTEIN (ANGSTROM**2)                                                                         .
  174 36.2   TOTAL NUMBER OF HYDROGEN BONDS OF TYPE O(I)-->H-N(J)  , SAME NUMBER PER 100 RESIDUES                              .
    0  0.0   TOTAL NUMBER OF HYDROGEN BONDS IN     PARALLEL BRIDGES, SAME NUMBER PER 100 RESIDUES                              .
   30  6.2   TOTAL NUMBER OF HYDROGEN BONDS IN ANTIPARALLEL BRIDGES, SAME NUMBER PER 100 RESIDUES                              .
    1  0.2   TOTAL NUMBER OF HYDROGEN BONDS OF TYPE O(I)-->H-N(I-5), SAME NUMBER PER 100 RESIDUES                              .
    0  0.0   TOTAL NUMBER OF HYDROGEN BONDS OF TYPE O(I)-->H-N(I-4), SAME NUMBER PER 100 RESIDUES                              .
    2  0.4   TOTAL NUMBER OF HYDROGEN BONDS OF TYPE O(I)-->H-N(I-3), SAME NUMBER PER 100 RESIDUES                              .
    0  0.0   TOTAL NUMBER OF HYDROGEN BONDS OF TYPE O(I)-->H-N(I-2), SAME NUMBER PER 100 RESIDUES                              .
    0  0.0   TOTAL NUMBER OF HYDROGEN BONDS OF TYPE O(I)-->H-N(I-1), SAME NUMBER PER 100 RESIDUES                              .
    0  0.0   TOTAL NUMBER OF HYDROGEN BONDS OF TYPE O(I)-->H-N(I+0), SAME NUMBER PER 100 RESIDUES                              .
    0  0.0   TOTAL NUMBER OF HYDROGEN BONDS OF TYPE O(I)-->H-N(I+1), SAME NUMBER PER 100 RESIDUES                              .
   60 12.5   TOTAL NUMBER OF HYDROGEN BONDS OF TYPE O(I)-->H-N(I+2), SAME NUMBER PER 100 RESIDUES                              .
   22  4.6   TOTAL NUMBER OF HYDROGEN BONDS OF TYPE O(I)-->H-N(I+3), SAME NUMBER PER 100 RESIDUES                              .
   58 12.1   TOTAL NUMBER OF HYDROGEN BONDS OF TYPE O(I)-->H-N(I+4), SAME NUMBER PER 100 RESIDUES                              .
    2  0.4   TOTAL NUMBER OF HYDROGEN BONDS OF TYPE O(I)-->H-N(I+5), SAME NUMBER PER 100 RESIDUES                              .
  1  2  3  4  5  6  7  8  9 10 11 12 13 14 15 16 17 18 19 20 21 22 23 24 25 26 27 28 29 30     *** HISTOGRAMS OF ***           .
  0  0  0  0  0  0  0  1  0  1  0  0  1  0  1  0  0  0  1  0  0  0  0  0  0  0  0  0  0  0    RESIDUES PER ALPHA HELIX         .
  0  0  0  0  0  0  0  0  0  0  0  0  0  0  0  0  0  0  0  0  0  0  0  0  0  0  0  0  0  0    PARALLEL BRIDGES PER LADDER      .
  1  1  0  2  1  0  1  0  0  0  0  0  0  0  0  0  0  0  0  0  0  0  0  0  0  0  0  0  0  0    ANTIPARALLEL BRIDGES PER LADDER  .
  1  1  1  0  0  0  0  0  0  0  0  0  0  0  0  0  0  0  0  0  0  0  0  0  0  0  0  0  0  0    LADDERS PER SHEET                .
  #  RESIDUE AA STRUCTURE BP1 BP2  ACC     N-H-->O    O-->H-N    N-H-->O    O-->H-N    TCO  KAPPA ALPHA  PHI   PSI    X-CA   Y-CA   Z-CA            CHAIN
    1    1 A M              0   0  239      0, 0.0     2,-0.1     0, 0.0     0, 0.0   0.000 360.0 360.0 360.0  95.7   -2.1  -39.4  -66.6               
    2    2 A A        +     0   0  104      0, 0.0     0, 0.0     0, 0.0     0, 0.0   0.285 360.0 124.5  73.2 118.4   -2.6  -40.3  -63.4               
    3    3 A G        +     0   0   85     -2,-0.1     0, 0.0     0, 0.0     0, 0.0   0.632  34.6  24.3  90.7 130.6   -1.3  -39.6  -59.9               
    4    4 A A        +     0   0  103      1,-0.2     3,-0.1     0, 0.0     0, 0.0   0.624  21.5 163.5-153.7 132.3   -1.6  -38.7  -56.9               
    5    5 A G        -     0   0   69      1,-0.1     2,-0.2     0, 0.0    -1,-0.2  -0.435  58.2 -79.1 -77.7 165.4   -4.1  -38.5  -54.0               
    6    6 A P        -     0   0  135      0, 0.0    -1,-0.1     0, 0.0     0, 0.0  -0.462  35.2-139.7 -80.4 137.2   -2.8  -38.0  -50.4               
    7    7 A A        -     0   0   97     -2,-0.2     2,-0.3    -3,-0.1     0, 0.0  -0.756  21.5-124.9 -89.6 138.2   -1.5  -40.9  -48.2               
    8    8 A P        -     0   0  136      0, 0.0     2,-0.4     0, 0.0    -1,-0.0  -0.621  23.5-159.5 -87.4 142.0   -2.5  -40.9  -44.5               
    9    9 A G        -     0   0   71     -2,-0.3    -2,-0.0     1,-0.2     0, 0.0  -0.847  34.5 -46.9-140.2 102.9    0.2  -41.0  -41.8               
   10   10 A L        -     0   0  170     -2,-0.4     2,-0.5     1,-0.1    -1,-0.2   0.952  42.0-109.7  70.5 125.3    0.0  -42.1  -38.1               
   11   11 A P        -     0   0  125      0, 0.0     2,-0.3     0, 0.0    -1,-0.1  -0.650  31.8-131.9 -80.2 124.6   -2.1  -41.7  -35.0               
   12   12 A G        -     0   0   75     -2,-0.5    -2,-0.0     1,-0.1     0, 0.0  -0.627  40.3 -89.5 -72.9 132.3   -0.6  -39.6  -32.2               
   13   13 A A        -     0   0  107     -2,-0.3     2,-0.6     1,-0.1    -1,-0.1  -0.156  40.1-123.8 -47.4 122.4   -0.9  -41.3  -28.7               
   14   14 A G        -     0   0   82     -3,-0.1    -1,-0.1     3,-0.0     3,-0.1  -0.617  20.2-155.9 -70.9 114.8   -4.1  -40.5  -26.8               
   15   15 A G        -     0   0   56     -2,-0.6     2,-0.2     1,-0.1     3,-0.0  -0.528  48.6 -67.8 -74.9 159.1   -3.5  -39.0  -23.3               
   16   16 A P        -     0   0  129      0, 0.0     2,-0.6     0, 0.0    -1,-0.1  -0.331  49.5-130.3 -58.4 116.3   -6.4  -39.5  -20.8               
   17   17 A V        -     0   0  137     -2,-0.2    -3,-0.0    -3,-0.1     0, 0.0  -0.600  19.4-135.2 -62.4 110.1   -9.4  -37.4  -21.9               
   18   18 A V        -     0   0  128     -2,-0.6     2,-0.7     1,-0.1    -1,-0.0  -0.613  33.4-103.1 -62.1 128.9  -10.4  -35.5  -18.8               
   19   19 A P        -     0   0  115      0, 0.0    -1,-0.1     0, 0.0    -2,-0.0  -0.481  33.2-148.5 -64.0 105.9  -14.2  -35.8  -18.7               
   20   20 A G        -     0   0   62     -2,-0.7     2,-1.6     1,-0.1    -3,-0.0  -0.640  32.8-103.0 -64.9 132.9  -15.6  -32.5  -19.9               
   21   21 A P        +     0   0  143      0, 0.0     2,-0.4     0, 0.0     3,-0.1  -0.489  62.3 156.5 -70.0  88.6  -18.9  -31.9  -18.0               
   22   22 A G        +     0   0   64     -2,-1.6     0, 0.0     1,-0.2     0, 0.0  -0.953  35.7  20.2-107.3 139.3  -21.4  -32.7  -20.8               
   23   23 A A  S    S-     0   0  107     -2,-0.4    -1,-0.2     2,-0.0     0, 0.0   0.999  77.9 -37.5  72.4  97.1  -25.0  -33.9  -20.3               
   24   24 A G        +     0   0   73     -3,-0.1    -2,-0.1     1,-0.1     0, 0.0   0.876  34.9 144.0  73.9  93.6  -27.6  -33.9  -17.7               
   25   25 A I        -     0   0  162      3,-0.0     2,-0.5     0, 0.0     3,-0.3  -0.817  45.9-137.6-135.1 119.5  -28.8  -34.1  -14.2               
   26   26 A P        -     0   0  128      0, 0.0     0, 0.0     0, 0.0     0, 0.0  -0.599  54.8 -27.2 -70.3 118.9  -31.7  -31.6  -13.8               
   27   27 A G        +     0   0   74     -2,-0.5     2,-0.6     1,-0.2     3,-0.0   0.774  40.0 174.3  65.2  70.6  -31.9  -29.6  -10.6               
   28   28 A K        -     0   0   99     -3,-0.3    -1,-0.2     2,-0.0     5,-0.0  -0.916  46.0-123.8 -83.6 120.3  -30.5  -30.2   -7.2               
   29   29 A S    >>  -     0   0   72     -2,-0.6     4,-1.6     1,-0.1     3,-0.8  -0.272  21.5-106.8 -59.0 151.7  -31.3  -26.8   -5.6               
   30   30 A G  H 3> S+     0   0   59      1,-0.2     4,-1.0     2,-0.2    -1,-0.1   0.740 121.3  58.4 -56.8 -21.2  -28.3  -25.0   -4.0               
   31   31 A E  H 3> S+     0   0  162      2,-0.2     4,-2.3     1,-0.1    -1,-0.2   0.864 101.5  52.4 -75.7 -36.7  -29.7  -25.9   -0.6               
   32   32 A E  H <> S+     0   0   89     -3,-0.8     4,-2.5     1,-0.2    -2,-0.2   0.923 108.9  50.6 -67.8 -39.5  -29.6  -29.7   -1.3               
   33   33 A R  H  X S+     0   0  181     -4,-1.6     4,-2.0     2,-0.2    -1,-0.2   0.842 110.8  49.9 -62.1 -36.1  -25.9  -29.3   -2.3               
   34   34 A L  H  X S+     0   0  107     -4,-1.0     4,-2.2    -5,-0.2    -2,-0.2   0.908 112.6  46.2 -68.5 -41.3  -25.3  -27.5    1.0               
   35   35 A K  H  X S+     0   0  157     -4,-2.3     4,-2.3     2,-0.2    -2,-0.2   0.843 112.1  50.7 -70.7 -35.6  -27.0  -30.2    3.0               
   36   36 A E  H  X S+     0   0   94     -4,-2.5     4,-2.6     2,-0.2    -2,-0.2   0.924 113.3  46.1 -66.2 -42.2  -25.1  -33.0    1.1               
   37   37 A M  H  X S+     0   0  114     -4,-2.0     4,-2.2     2,-0.2    -2,-0.2   0.854 113.3  48.9 -69.3 -35.8  -21.8  -31.2    1.8               
   38   38 A E  H  X S+     0   0  137     -4,-2.2     4,-2.2     2,-0.2    -2,-0.2   0.894 112.4  49.2 -68.7 -38.0  -22.8  -30.7    5.5               
   39   39 A A  H  X S+     0   0   56     -4,-2.3     4,-2.5     2,-0.2    -2,-0.2   0.913 111.4  48.3 -66.7 -42.2  -23.7  -34.4    5.7               
   40   40 A E  H  X S+     0   0  146     -4,-2.6     4,-2.6     2,-0.2    -2,-0.2   0.901 112.0  50.1 -65.3 -38.7  -20.3  -35.4    4.1               
   41   41 A M  H  X S+     0   0  118     -4,-2.2     4,-2.1     2,-0.2    -2,-0.2   0.910 112.9  46.6 -62.2 -41.1  -18.6  -33.0    6.6               
   42   42 A A  H  X S+     0   0   50     -4,-2.2     4,-2.0     2,-0.2    -2,-0.2   0.862 113.3  47.9 -70.6 -36.4  -20.6  -34.7    9.5               
   43   43 A L  H  X S+     0   0  110     -4,-2.5     4,-2.5     2,-0.2    -2,-0.2   0.910 111.9  50.5 -68.6 -40.1  -19.8  -38.3    8.1               
   44   44 A F  H  X S+     0   0  135     -4,-2.6     4,-2.6     2,-0.2     5,-0.3   0.890 109.8  50.6 -64.4 -38.3  -16.1  -37.3    7.8               
   45   45 A E  H  X S+     0   0  112     -4,-2.1     4,-1.6     2,-0.2    -2,-0.2   0.896 112.8  46.5 -66.3 -36.7  -16.2  -36.0   11.4               
   46   46 A Q  H  <>S+     0   0  146     -4,-2.0     5,-0.6     2,-0.2     4,-0.2   0.884 117.1  43.3 -69.1 -37.9  -17.7  -39.4   12.5               
   47   47 A E  H  <5S+     0   0  157     -4,-2.5     3,-0.4     2,-0.2    -2,-0.2   0.885 120.2  40.2 -76.5 -37.9  -15.1  -41.4   10.5               
   48   48 A V  H  <5S+     0   0   88     -4,-2.6    -2,-0.2     1,-0.2    -3,-0.2   0.753 117.8  47.5 -85.0 -24.4  -12.1  -39.3   11.5               
   49   49 A L  T  <5S-     0   0  137     -4,-1.6    -1,-0.2    -5,-0.3    -2,-0.2   0.180  93.7-145.2-109.9  18.7  -13.1  -38.8   15.2               
   50   50 A G  T   5 -     0   0   60     -3,-0.4    -3,-0.1    -4,-0.2    -4,-0.1   0.688   9.0-154.2  35.1  70.7  -14.0  -42.5   15.9               
   51   51 A A      < -     0   0   83     -5,-0.6     2,-0.3     1,-0.1    -1,-0.1  -0.631  22.5-116.7 -73.0 129.9  -16.9  -42.5   18.4               
   52   52 A P        -     0   0  122      0, 0.0    -1,-0.1     0, 0.0    -2,-0.0  -0.530  21.5-127.6 -73.1 128.4  -16.9  -45.8   20.5               
   53   53 A V        -     0   0  139     -2,-0.3     2,-0.9     1,-0.1     0, 0.0  -0.589  17.8-133.2 -66.0 122.7  -20.0  -48.1   20.0               
   54   54 A P        -     0   0  132      0, 0.0     2,-0.5     0, 0.0    -1,-0.1  -0.739  26.7-150.4 -82.5 106.1  -21.7  -49.0   23.4               
   55   55 A G        -     0   0   68     -2,-0.9    -2,-0.0     1,-0.1     0, 0.0  -0.765  34.3 -49.8 -81.8 120.8  -22.3  -52.8   23.2               
   56   56 A I        -     0   0  160     -2,-0.5     2,-0.2     1,-0.1    -1,-0.1   0.895  50.5-107.9  56.2 126.0  -25.0  -54.6   25.0               
   57   57 A P        -     0   0  118      0, 0.0     2,-0.3     0, 0.0    -1,-0.1  -0.509  21.7-174.3 -89.1 147.1  -26.5  -54.7   28.6               
   58   58 A T        -     0   0  138     -2,-0.2     0, 0.0     0, 0.0     0, 0.0  -0.797  38.7 -73.1-145.3 108.1  -26.4  -57.4   31.4               
   59   59 A A        -     0   0   80     -2,-0.3     0, 0.0     2,-0.0     0, 0.0   0.632  40.9-117.8  35.0 106.7  -28.3  -57.1   34.6               
   60   60 A V        +     0   0  135      0, 0.0     0, 0.0     0, 0.0     0, 0.0   0.524  18.2 157.5  16.5 164.0  -28.6  -55.5   38.0               
   61   61 A P        -     0   0  110      0, 0.0    -2,-0.0     0, 0.0     0, 0.0   0.672  12.0-120.6-145.1 174.4  -28.7  -55.0   41.1               
   62   62 A A        +     0   0   89      1,-0.1     0, 0.0     0, 0.0     0, 0.0   0.930  24.2 158.5  65.4 120.7  -28.5  -53.4   44.5               
   63   63 A V        +     0   0  147      0, 0.0     2,-0.2     0, 0.0    -1,-0.1  -0.578  36.3 168.4-152.0 134.3  -27.5  -52.6   48.0               
   64   64 A P        +     0   0  104      0, 0.0     0, 0.0     0, 0.0     0, 0.0  -0.609   6.1  92.0-113.6-179.0  -28.3  -49.0   49.3               
   65   65 A T        +     0   0  121     -2,-0.2     0, 0.0     1,-0.1     0, 0.0   0.593  14.8 103.4  94.4 122.7  -28.5  -46.7   52.5               
   66   66 A V        +     0   0  139      0, 0.0     2,-0.2     0, 0.0    -1,-0.1   0.203  31.3 160.0-154.7 142.2  -27.5  -44.5   55.0               
   67   67 A P        +     0   0   96      0, 0.0     0, 0.0     0, 0.0     0, 0.0  -0.677  16.5  83.8-110.2 175.7  -28.5  -40.7   55.4               
   68   68 A T        +     0   0  122     -2,-0.2     0, 0.0     1,-0.1     0, 0.0   0.787  19.4 101.1  96.1 116.8  -28.7  -37.8   58.0               
   69   69 A V        -     0   0  138      0, 0.0     2,-0.2     0, 0.0    -1,-0.1  -0.116  37.9-174.5-165.7 139.9  -27.5  -35.0   60.0               
   70   70 A P        +     0   0  102      0, 0.0     0, 0.0     0, 0.0     0, 0.0  -0.534  21.5  55.1-104.9 174.5  -28.0  -31.2   59.3               
   71   71 A T        +     0   0  128     -2,-0.2     2,-0.2     1,-0.1     0, 0.0   0.984  25.4 128.7  79.3 108.6  -27.2  -27.6   60.3               
   72   72 A V        -     0   0  126      2,-0.0    -1,-0.1     1,-0.0     0, 0.0  -0.535  43.0 -13.9-164.3 137.5  -24.8  -24.9   61.0               
   73   73 A E        -     0   0  178     -2,-0.2    -2,-0.0     0, 0.0    -1,-0.0   0.966  41.5 -32.7  68.7 109.5  -24.1  -21.4   60.0               
   74   74 A A        +     0   0   89      2,-0.0    -2,-0.0     0, 0.0     0, 0.0   0.963  38.2  58.3 103.8 131.2  -24.2  -18.4   58.2               
   75   75 A M        -     0   0  182      1,-0.1     2,-0.3     0, 0.0     0, 0.0   0.979  26.2-155.8  84.9  82.6  -24.4  -15.4   56.0               
   76   76 A Q        -     0   0  188      2,-0.0    -1,-0.1     0, 0.0    -2,-0.0  -0.515  10.5-176.1 -56.5 123.7  -27.1  -14.2   53.7               
   77   77 A V        -     0   0  125     -2,-0.3     2,-0.4     0, 0.0     0, 0.0  -0.988  25.3-132.2-121.6 119.1  -26.1  -11.9   50.8               
   78   78 A P        -     0   0  113      0, 0.0     2,-0.4     0, 0.0    -2,-0.0  -0.594  18.6-125.3 -74.1 124.1  -29.1  -10.7   48.8               
   79   79 A A        -     0   0  103     -2,-0.4     0, 0.0     1,-0.1     0, 0.0  -0.541  22.7-133.7 -64.6 119.1  -28.6  -11.1   45.0               
   80   80 A A        -     0   0   84     -2,-0.4     2,-0.7     1,-0.1    -1,-0.1  -0.585  22.7-112.9 -71.4 135.6  -29.2   -7.8   43.2               
   81   81 A P        -     0   0  108      0, 0.0     2,-1.5     0, 0.0    -1,-0.1  -0.600  22.2-139.9 -72.3 114.2  -31.5   -8.0   40.1               
   82   82 A V        -     0   0  133     -2,-0.7     2,-0.8     1,-0.0    -3,-0.0  -0.627  18.4-159.3 -72.2  90.3  -29.3   -7.2   37.0               
   83   83 A I        -     0   0  148     -2,-1.5    -1,-0.0     3,-0.0    -3,-0.0  -0.688   9.4-144.1 -70.5 106.5  -31.8   -5.1   35.1               
   84   84 A R        -     0   0  213     -2,-0.8     2,-0.5     1,-0.1    -2,-0.0  -0.664  26.0-109.0 -67.9 129.9  -30.6   -5.2   31.5               
   85   85 A P        -     0   0  116      0, 0.0     2,-0.8     0, 0.0    -1,-0.1  -0.500  26.3-137.6 -64.6 113.7  -31.2   -1.8   29.8               
   86   86 A I        -     0   0  160     -2,-0.5     2,-0.9     1,-0.1    -3,-0.0  -0.694  18.5-131.9 -66.1 108.5  -34.0   -2.3   27.3               
   87   87 A I        -     0   0  152     -2,-0.8     2,-0.5     1,-0.1    -1,-0.1  -0.635  23.5-131.8 -61.9 102.7  -32.8   -0.3   24.4               
   88   88 A A        -     0   0   88     -2,-0.9     2,-0.7     1,-0.1    -1,-0.1  -0.524  13.1-134.7 -59.6 112.5  -36.0    1.6   23.7               
   89   89 A T        -     0   0  129     -2,-0.5     2,-0.1     1,-0.0    -1,-0.1  -0.701  26.0-121.2 -67.1 113.2  -36.5    1.3   19.9               
   90   90 A N        -     0   0   82     -2,-0.7     2,-0.1     1,-0.1    -1,-0.0  -0.420  29.5-114.2 -56.8 126.2  -37.4    4.9   18.9               
   91   91 A T    >>  -     0   0   96     -2,-0.1     4,-1.5     1,-0.1     3,-1.5  -0.411  25.7-109.5 -63.6 144.6  -40.9    4.9   17.3               
   92   92 A Y  H 3> S+     0   0  170      1,-0.3     4,-2.4     2,-0.2     5,-0.1   0.816 118.4  58.8 -45.7 -37.6  -41.0    5.9   13.6               
   93   93 A Q  H 3> S+     0   0  139      2,-0.2     4,-2.8     1,-0.2    -1,-0.3   0.865 103.2  50.1 -63.6 -37.8  -42.7    9.3   14.5               
   94   94 A Q  H <> S+     0   0  102     -3,-1.5     4,-2.0     2,-0.2    -1,-0.2   0.879 110.8  50.1 -70.6 -34.5  -39.7   10.3   16.8               
   95   95 A V  H  X S+     0   0   68     -4,-1.5     4,-2.1     2,-0.2    -2,-0.2   0.924 112.9  47.4 -65.6 -42.7  -37.3    9.5   13.9               
   96   96 A Q  H  X S+     0   0   75     -4,-2.4     4,-3.0     2,-0.2     5,-0.2   0.955 112.1  47.9 -63.6 -49.3  -39.4   11.6   11.5               
   97   97 A Q  H  X S+     0   0  127     -4,-2.8     4,-2.6     1,-0.2    -1,-0.2   0.877 112.5  50.3 -59.8 -37.5  -39.7   14.6   13.9               
   98   98 A T  H  X S+     0   0   85     -4,-2.0     4,-1.8     2,-0.2    -1,-0.2   0.897 113.2  45.7 -67.1 -39.8  -35.9   14.4   14.5               
   99   99 A L  H  X S+     0   0  116     -4,-2.1     4,-2.3     2,-0.2    -2,-0.2   0.920 114.4  47.6 -66.8 -44.5  -35.3   14.4   10.7               
  100  100 A E  H  X S+     0   0  124     -4,-3.0     4,-2.8     2,-0.2    -2,-0.2   0.919 112.0  49.8 -64.9 -42.0  -37.8   17.3   10.1               
  101  101 A A  H  X S+     0   0   62     -4,-2.6     4,-2.1    -5,-0.2    -1,-0.2   0.889 112.4  48.2 -62.7 -38.4  -36.3   19.3   13.0               
  102  102 A R  H  X S+     0   0  195     -4,-1.8     4,-1.3     2,-0.2    -2,-0.2   0.878 112.5  48.2 -68.9 -38.6  -32.8   18.7   11.4               
  103  103 A A  H  X S+     0   0   65     -4,-2.3     4,-0.8     2,-0.2    -2,-0.2   0.909 111.8  49.7 -67.5 -41.4  -34.0   19.7    8.0               
  104  104 A A  H >< S+     0   0   62     -4,-2.8     3,-0.7     1,-0.2     4,-0.2   0.909 110.0  50.8 -63.8 -40.9  -35.7   22.9    9.4               
  105  105 A A  H >< S+     0   0   74     -4,-2.1     3,-0.7     1,-0.2    -1,-0.2   0.813 107.4  53.8 -67.7 -30.0  -32.4   23.8   11.2               
  106  106 A A  H 3< S+     0   0   77     -4,-1.3     3,-0.3     1,-0.2    -1,-0.2   0.696  99.3  64.2 -75.4 -18.5  -30.4   23.4    8.0               
  107  107 A A  T << S+     0   0   85     -4,-0.8    -1,-0.2    -3,-0.7    -2,-0.2   0.450  83.0  78.5 -86.9  -1.0  -32.7   25.9    6.1               
  108  108 A T    <   +     0   0  122     -3,-0.7     2,-0.7    -4,-0.2    -1,-0.2  -0.241  58.6 126.2-105.6  44.7  -31.8   29.0    8.3               
  109  109 A V        -     0   0  124     -3,-0.3    -3,-0.0     1,-0.1    -1,-0.0  -0.884  69.2 -85.8-109.7  97.3  -28.4   29.9    6.7               
  110  110 A V        -     0   0  123     -2,-0.7    -1,-0.1     1,-0.1    -2,-0.0   0.723  33.5-111.1  40.3 116.4  -28.3   33.5    5.5               
  111  111 A P        -     0   0  109      0, 0.0     2,-0.5     0, 0.0    -1,-0.1  -0.416  42.9 -99.8 -69.8 148.0  -29.4   35.1    2.2               
  112  112 A P        -     0   0  120      0, 0.0     2,-0.7     0, 0.0    -2,-0.0  -0.577  32.5-128.6 -72.1 119.1  -26.6   36.5   -0.1               
  113  113 A M        -     0   0  196     -2,-0.5     2,-0.5     2,-0.0    -3,-0.0  -0.609  22.2-156.2 -64.0 108.1  -26.1   40.2    0.2               
  114  114 A V        +     0   0  144     -2,-0.7    -1,-0.0     1,-0.1     0, 0.0  -0.804  50.8  90.6 -78.4 126.6  -26.3   41.7   -3.3               
  115  115 A G        +     0   0   79     -2,-0.5    -1,-0.1     1,-0.1    -2,-0.0   0.490  26.6 151.0 143.2  77.9  -24.4   45.1   -3.6               
  116  116 A G        -     0   0   71      1,-0.0    -1,-0.1     0, 0.0    -2,-0.0  -0.973  49.0-109.8-112.2 136.2  -20.8   45.8   -4.4               
  117  117 A P        -     0   0  123      0, 0.0     2,-0.1     0, 0.0    -2,-0.0  -0.138  41.0 -80.9 -73.6 161.5  -20.1   49.2   -6.2               
  118  118 A P        -     0   0  120      0, 0.0     2,-0.4     0, 0.0     0, 0.0  -0.323  36.7-120.8 -74.2 138.4  -19.1   49.7   -9.9               
  119  119 A F        -     0   0  188     -2,-0.1     2,-0.4     0, 0.0     0, 0.0  -0.594  19.8-157.4 -69.6 120.5  -15.5   49.3  -11.2               
  120  120 A V        -     0   0  137     -2,-0.4     0, 0.0     1,-0.1     0, 0.0  -0.918  32.5-109.4-102.7 130.4  -14.1   52.5  -12.9               
  121  121 A G        -     0   0   47     -2,-0.4     2,-0.3     1,-0.1    -1,-0.1   0.286  31.6 -76.0 -71.8-177.3  -11.3   51.5  -15.3               
  122  122 A P        -     0   0  125      0, 0.0     2,-0.5     0, 0.0    -1,-0.1  -0.574  23.1-160.3 -90.2 135.2   -7.5   51.9  -15.5               
  123  123 A V        -     0   0  139     -2,-0.3     2,-0.1     2,-0.0     0, 0.0  -0.960  31.8-131.2-105.7 123.9   -5.4   54.9  -16.4               
  124  124 A G        -     0   0   63     -2,-0.5     2,-0.3     0, 0.0     0, 0.0  -0.320  23.2-170.1 -74.3 154.5   -1.9   53.8  -17.5               
  125  125 A F        -     0   0  214     -2,-0.1    -2,-0.0     0, 0.0     0, 0.0  -0.956  28.4-129.3-140.8 132.7    1.7   54.7  -16.6               
  126  126 A G        -     0   0   69     -2,-0.3     2,-0.3     1,-0.1     0, 0.0   0.104  27.0 -73.3 -80.3-176.0    4.5   53.3  -18.7               
  127  127 A P        +     0   0  137      0, 0.0     2,-0.2     0, 0.0    -1,-0.1  -0.590  59.2 124.0 -91.8 136.6    7.8   51.5  -18.2               
  128  128 A G        +     0   0   65     -2,-0.3     0, 0.0     2,-0.0     0, 0.0  -0.524  41.7   3.9 171.9 124.0   11.1   52.9  -16.8               
  129  129 A D        +     0   0  152     -2,-0.2    -1,-0.0     0, 0.0     0, 0.0   0.972  53.3  89.4  65.0  98.0   13.7   52.5  -14.1               
  130  130 A R        +     0   0  234      0, 0.0     2,-0.1     0, 0.0    -2,-0.0   0.391  17.7 177.8 172.2 113.6   14.8   50.6  -11.4               
  131  131 A S        +     0   0  112      2,-0.0     2,-0.0     0, 0.0     0, 0.0  -0.413  40.3 108.5 -37.8 135.0   17.0   47.7  -10.7               
  132  132 A H        +     0   0  166     -2,-0.1     0, 0.0     0, 0.0     0, 0.0   0.198  43.4  39.8 149.6 129.3   17.5   46.8   -7.0               
  133  133 A L        +     0   0  134      1,-0.2     2,-0.7    -2,-0.0    -2,-0.0   0.919  20.6 170.1  96.9  75.3   16.6   44.1   -4.4               
  134  134 A D        +     0   0  171      2,-0.0    -1,-0.2     0, 0.0     0, 0.0  -0.876  37.6 141.9 -68.9 106.8   16.5   40.4   -4.7               
  135  135 A S    >   -     0   0   69     -2,-0.7     3,-0.9     0, 0.0     0, 0.0  -0.759  45.9-150.4-154.7 124.4   16.1   39.7   -0.9               
  136  136 A P  G >  S+     0   0  123      0, 0.0     3,-0.5     0, 0.0     4,-0.1   0.347  79.4  85.6 -75.9   8.6   13.8   36.9    0.6               
  137  137 A E  G >  S+     0   0  163      1,-0.2     3,-0.6     2,-0.1     4,-0.3   0.584  71.1  71.8 -89.8  -9.3   13.1   38.8    3.9               
  138  138 A A  G <  S+     0   0   83     -3,-0.9    -1,-0.2     1,-0.2     3,-0.1   0.457  83.0  68.6 -92.3   1.2   10.1   41.0    2.8               
  139  139 A R  G <  S+     0   0  232     -3,-0.5     3,-0.4     1,-0.1    -1,-0.2   0.589  91.0  60.5 -95.0  -8.4    7.4   38.2    2.5               
  140  140 A E  S X  S+     0   0  162     -3,-0.6     3,-0.7     1,-0.2     4,-0.2   0.646  89.7  70.5 -91.8 -12.4    7.2   37.4    6.3               
  141  141 A A  T 3  S+     0   0   87     -4,-0.3    -1,-0.2     1,-0.2    -2,-0.1   0.441  88.3  61.8 -89.3   2.1    6.0   41.0    7.3               
  142  142 A M  T 3  S+     0   0  177     -3,-0.4    -1,-0.2     1,-0.1     3,-0.2   0.387  93.0  62.1-106.7   5.3    2.4   40.8    5.8               
  143  143 A F  S <  S+     0   0  191     -3,-0.7     2,-0.4     1,-0.2     3,-0.1   0.462  84.3  75.4-112.4   2.7    1.0   37.9    7.9               
  144  144 A L  S    S+     0   0  157     -4,-0.2    -1,-0.2     1,-0.2     3,-0.1  -0.511  73.3  79.9-116.0  62.3    1.1   39.3   11.5               
  145  145 A R        +     0   0  250     -2,-0.4     2,-0.2    -3,-0.2    -1,-0.2  -0.193  48.9 101.4-161.2  71.2   -1.8   41.8   11.7               
  146  146 A R        -     0   0  248     -3,-0.1     2,-0.1     0, 0.0    -1,-0.1  -0.660  57.1-159.9-139.5  92.7   -5.2   40.4   12.3               
  147  147 A A        -     0   0   91     -2,-0.2    -2,-0.0     1,-0.2    -3,-0.0  -0.387  30.1 -38.9 -61.0 136.2   -6.0   40.9   16.0               
  148  148 A A        +     0   0   95     -2,-0.1     2,-0.2     1,-0.0    -1,-0.2   0.524  45.0 149.0  42.2  91.6   -8.4   39.3   18.2               
  149  149 A V        -     0   0  142      2,-0.0    -1,-0.0     0, 0.0     0, 0.0  -0.770  31.9-157.8-138.4 108.0  -12.0   38.1   17.9               
  150  150 A A        -     0   0   83     -2,-0.2     2,-1.0     1,-0.1     0, 0.0  -0.573  25.5-112.5 -69.1 138.0  -12.5   35.1   20.3               
  151  151 A P        -     0   0  128      0, 0.0     2,-0.6     0, 0.0    -1,-0.1  -0.659  29.0-136.5 -71.8 105.9  -15.4   32.8   19.4               
  152  152 A Q        -     0   0  186     -2,-1.0     2,-0.6     1,-0.1     0, 0.0  -0.565  18.4-134.5 -57.2 108.7  -17.8   33.3   22.3               
  153  153 A R        -     0   0  234     -2,-0.6    -1,-0.1     1,-0.0     3,-0.0  -0.667  20.3-125.9 -68.7 112.4  -18.9   29.7   23.1               
  154  154 A A        -     0   0   85     -2,-0.6     2,-0.4     1,-0.1    -1,-0.0  -0.406  29.5-105.6 -57.2 135.3  -22.7   29.8   23.5               
  155  155 A P        -     0   0  115      0, 0.0     2,-1.1     0, 0.0    -1,-0.1  -0.543  28.4-126.0 -65.9 121.0  -23.7   28.3   26.9               
  156  156 A I        -     0   0  160     -2,-0.4     2,-1.0     1,-0.1    -3,-0.0  -0.626  22.3-142.4 -64.4 100.7  -25.3   24.9   26.3               
  157  157 A L        -     0   0  160     -2,-1.1    -1,-0.1     3,-0.0    -3,-0.0  -0.642  16.2-143.6 -64.8  99.6  -28.6   25.4   28.1               
  158  158 A R        -     0   0  222     -2,-1.0     2,-0.6     1,-0.1    -1,-0.0  -0.589  21.3-111.5 -60.5 132.3  -29.0   21.9   29.7               
  159  159 A P        -     0   0  126      0, 0.0     2,-1.0     0, 0.0    -1,-0.1  -0.597  31.0-128.0 -62.9 115.2  -32.7   20.9   29.7               
  160  160 A A        -     0   0   89     -2,-0.6     2,-1.2     1,-0.1    -3,-0.0  -0.636  17.5-147.4 -63.1 102.6  -33.5   20.9   33.4               
  161  161 A F        -     0   0  192     -2,-1.0    -1,-0.1     2,-0.0    -3,-0.0  -0.738  14.2-160.1 -72.1  98.1  -35.1   17.5   33.8               
  162  162 A V        -     0   0  105     -2,-1.2     2,-0.9     2,-0.0    -2,-0.0  -0.812   9.5-142.3 -77.6 112.7  -37.6   18.3   36.5               
  163  163 A P        -     0   0   90      0, 0.0     2,-2.0     0, 0.0    -2,-0.0  -0.736   9.1-143.7 -73.9 109.1  -38.6   15.0   38.2               
  164  164 A H        +     0   0  173     -2,-0.9     2,-1.0     2,-0.1    -2,-0.0  -0.643  28.7 172.2 -68.4  82.7  -42.3   15.4   38.9               
  165  165 A V        +     0   0  127     -2,-2.0     2,-0.3     0, 0.0    -1,-0.0  -0.900  21.0 151.9 -82.4  91.8  -42.2   13.6   42.2               
  166  166 A L        -     0   0  131     -2,-1.0    -2,-0.1     1,-0.1     0, 0.0  -0.846  38.1 -34.4-137.7 113.2  -45.8   14.4   43.1               
  167  167 A Q        -     0   0  164     -2,-0.3     2,-0.2     1,-0.1    -1,-0.1   0.964  28.2-142.9  73.5  98.1  -48.1   12.5   45.2               
  168  168 A R        -     0   0  240      2,-0.0     2,-0.2     0, 0.0    -1,-0.1  -0.534  20.8-174.0 -45.5 133.5  -49.3    9.1   46.3               
  169  169 A A        -     0   0   92     -2,-0.2     2,-0.3     2,-0.0     0, 0.0  -0.686   4.2-166.4-148.9 102.6  -53.0    8.7   46.9               
  170  170 A D        +     0   0  151     -2,-0.2     2,-0.0     0, 0.0    -2,-0.0  -0.308  29.5 121.7  35.6  94.4  -53.9    5.8   48.2               
  171  171 A S        +     0   0  110     -2,-0.3    -2,-0.0     1,-0.0     0, 0.0   0.045  30.4  41.7 162.9 139.1  -57.6    4.9   48.1               
  172  172 A A        -     0   0   84     -2,-0.0    -1,-0.0     0, 0.0     0, 0.0   0.947  41.8-138.8  80.2  96.4  -60.3    2.5   46.9               
  173  173 A L        +     0   0  164      2,-0.0     0, 0.0     0, 0.0     0, 0.0   0.593  21.3  39.4  85.3 111.9  -61.2   -0.7   46.5               
  174  174 A S        -     0   0   97      0, 0.0     0, 0.0     0, 0.0     0, 0.0   0.967  31.9 -54.0  76.8 110.0  -62.6   -3.7   45.0               
  175  175 A S        +     0   0   99      0, 0.0    -2,-0.0     0, 0.0     0, 0.0   0.929  28.9  23.1  70.4 122.4  -63.6   -6.2   42.6               
  176  176 A A        +     0   0   94      0, 0.0     0, 0.0     0, 0.0     0, 0.0   0.913  24.6  58.9  91.0 130.6  -65.0   -7.8   39.7               
  177  177 A A        -     0   0   93      0, 0.0     0, 0.0     0, 0.0     0, 0.0   0.995  33.3 -35.4  87.7 110.0  -66.3   -8.8   36.5               
  178  178 A A        -     0   0  100      0, 0.0     0, 0.0     0, 0.0     0, 0.0   0.840  25.6-146.4  75.0  94.0  -66.7   -9.5   33.0               
  179  179 A G        -     0   0   75      0, 0.0     0, 0.0     0, 0.0     0, 0.0   0.579   8.8-150.7  64.7-178.3  -66.3   -8.8   29.4               
  180  180 A P        -     0   0  129      0, 0.0     0, 0.0     0, 0.0     0, 0.0   0.756   5.7-155.7-129.9 176.3  -66.7   -8.6   26.3               
  181  181 A R        -     0   0  235      1,-0.0     2,-0.5     0, 0.0     0, 0.0  -0.476  27.6-123.6 -67.1 149.5  -65.2   -8.5   22.8               
  182  182 A P        -     0   0  120      0, 0.0    -1,-0.0     0, 0.0     0, 0.0  -0.968  32.9-115.8-102.8 115.3  -66.7   -6.9   19.6               
  183  183 A M        -     0   0  172     -2,-0.5     0, 0.0     1,-0.1     0, 0.0   0.176  37.6 -38.7  61.9  98.5  -67.2   -8.8   16.7               
  184  184 A A        -     0   0   97      1,-0.1     2,-0.4     0, 0.0    -1,-0.1   0.558  20.2-164.5  36.1 112.7  -66.2   -9.2   13.1               
  185  185 A L        -     0   0  179      0, 0.0    -1,-0.1     0, 0.0     0, 0.0  -0.984  30.7-136.8-123.6 120.0  -65.3   -7.0   10.1               
  186  186 A R        -     0   0  236     -2,-0.4     0, 0.0     1,-0.1     0, 0.0  -0.369  10.6-124.7 -61.2 145.7  -65.4   -9.1    6.9               
  187  187 A P        -     0   0  105      0, 0.0     2,-0.7     0, 0.0    -1,-0.1  -0.770  18.9-135.2 -85.1 137.8  -62.7   -8.8    4.1               
  188  188 A P        -     0   0  116      0, 0.0     2,-0.7     0, 0.0     0, 0.0  -0.861  12.2-145.0 -86.0 117.9  -64.0   -8.0    0.6               
  189  189 A H        +     0   0  185     -2,-0.7     2,-0.3     2,-0.0     0, 0.0  -0.760  30.7 163.1 -65.3 113.9  -62.3  -10.2   -2.1               
  190  190 A Q        -     0   0  182     -2,-0.7     2,-0.5     2,-0.0     0, 0.0  -0.897  27.6-147.2-131.9 114.7  -61.9   -8.0   -5.1               
  191  191 A A        -     0   0   99     -2,-0.3     2,-0.4     2,-0.0    -2,-0.0  -0.651  16.4-178.8 -64.2 120.3  -59.4   -9.3   -7.6               
  192  192 A L        -     0   0  169     -2,-0.5     2,-0.8     2,-0.0    -2,-0.0  -0.901  14.9-155.9-121.0  98.4  -57.6   -6.6   -9.5               
  193  193 A V        -     0   0  133     -2,-0.4    -2,-0.0     1,-0.0     0, 0.0  -0.675  14.1-146.5 -65.3 103.0  -55.3   -8.3  -11.9               
  194  194 A G        -     0   0   57     -2,-0.8     3,-0.1     1,-0.1    -2,-0.0  -0.640  23.2-107.4 -71.3 136.5  -52.6   -5.7  -12.5               
  195  195 A P        -     0   0  114      0, 0.0     2,-0.2     0, 0.0    -1,-0.1  -0.314  40.2 -94.9 -64.0 149.2  -51.2   -5.8  -16.1               
  196  196 A P        -     0   0  126      0, 0.0     3,-0.0     0, 0.0     0, 0.0  -0.468  37.6-123.2 -66.2 129.7  -47.6   -7.2  -16.6               
  197  197 A L        -     0   0  165     -2,-0.2     2,-0.2     1,-0.1    -3,-0.0  -0.541  32.7-105.0 -66.6 137.2  -44.9   -4.5  -16.6               
  198  198 A P        -     0   0  124      0, 0.0    -1,-0.1     0, 0.0     0, 0.0  -0.471  38.2-120.3 -66.0 129.4  -42.8   -4.6  -19.9               
  199  199 A G        -     0   0   64     -2,-0.2     3,-0.1     1,-0.1     0, 0.0  -0.283  37.0 -84.8 -65.8 156.0  -39.3   -6.1  -19.2               
  200  200 A P        -     0   0  120      0, 0.0    -1,-0.1     0, 0.0     2,-0.1  -0.305  55.1 -91.2 -62.4 146.7  -36.1   -4.1  -19.9               
  201  201 A P        -     0   0  129      0, 0.0     0, 0.0     0, 0.0     0, 0.0  -0.354  44.5-114.4 -61.7 131.4  -34.8   -4.1  -23.5               
  202  202 A G        -     0   0   63      1,-0.1     3,-0.1    -3,-0.1     0, 0.0  -0.264  42.6 -85.1 -60.3 151.7  -32.2   -6.9  -24.2               
  203  203 A P        -     0   0  119      0, 0.0     2,-0.2     0, 0.0    -1,-0.1  -0.299  54.3 -94.0 -59.4 144.3  -28.6   -5.9  -25.0               
  204  204 A P        -     0   0  118      0, 0.0     2,-1.0     0, 0.0     0, 0.0  -0.420  33.9-124.8 -60.6 124.3  -27.9   -5.0  -28.7               
  205  205 A M        -     0   0  183     -2,-0.2     2,-0.8    -3,-0.1    -3,-0.0  -0.645  24.7-143.7 -64.0 102.1  -26.6   -8.0  -30.6               
  206  206 A M        -     0   0  182     -2,-1.0    -1,-0.0     3,-0.0     0, 0.0  -0.705  14.1-135.9 -67.8 110.0  -23.4   -6.6  -32.0               
  207  207 A L        -     0   0  157     -2,-0.8     3,-0.0     1,-0.1    -1,-0.0  -0.474  26.6-106.5 -55.0 134.8  -23.1   -8.2  -35.4               
  208  208 A P        -     0   0  105      0, 0.0     2,-0.4     0, 0.0    -1,-0.1  -0.469  41.9 -99.5 -62.1 139.8  -19.5   -9.4  -36.0               
  209  209 A P        -     0   0  129      0, 0.0     2,-0.1     0, 0.0     3,-0.1  -0.511  39.4-120.4 -62.3 118.1  -17.7   -7.1  -38.5               
  210  210 A M        -     0   0  186     -2,-0.4     2,-0.2     1,-0.1    -3,-0.0  -0.420  39.8 -93.8 -54.1 131.7  -17.8   -8.8  -41.9               
  211  211 A A        -     0   0  104     -2,-0.1     2,-0.6     1,-0.1    -1,-0.1  -0.332  32.8-145.6 -52.7 116.6  -14.2   -9.3  -43.1               
  212  212 A R        -     0   0  245     -2,-0.2    -1,-0.1    -3,-0.1     0, 0.0  -0.842  28.1-119.7 -84.4 119.0  -13.0   -6.5  -45.4               
  213  213 A A        -     0   0   84     -2,-0.6     2,-0.4     1,-0.1    -1,-0.0  -0.161  28.5 -99.1 -56.8 150.9  -10.8   -8.2  -48.0               
  214  214 A P        -     0   0  132      0, 0.0    -1,-0.1     0, 0.0     0, 0.0  -0.612  29.1-143.4 -79.6 127.5   -7.0   -7.2  -48.3               
  215  215 A G        -     0   0   69     -2,-0.4     0, 0.0     1,-0.1     0, 0.0  -0.691  30.0-105.7 -84.7 146.2   -6.1   -4.7  -51.0               
  216  216 A P        -     0   0  120      0, 0.0     2,-0.4     0, 0.0    -1,-0.1  -0.263  26.0-110.8 -80.3 158.4   -2.6   -5.3  -52.7               
  217  217 A P        -     0   0  128      0, 0.0     2,-0.3     0, 0.0     0, 0.0  -0.741  29.6-163.3 -90.9 132.1    0.8   -3.5  -52.4               
  218  218 A L        +     0   0  176     -2,-0.4     0, 0.0     1,-0.2     0, 0.0  -0.966  32.9   5.5-137.3 137.7    2.3   -1.3  -55.2               
  219  219 A G        -     0   0   70     -2,-0.3    -1,-0.2     1,-0.1     2,-0.1   0.813  26.3-155.6-170.8 151.4    5.3   -0.3  -55.5               
  220  220 A S        +     0   0  115      0, 0.0    -1,-0.1     0, 0.0     2,-0.1  -0.324  26.2 149.5 -49.8 144.0    9.1    0.4  -55.0               
  221  221 A M        -     0   0  181     -2,-0.1     0, 0.0     1,-0.0     0, 0.0  -0.286  29.7  -1.1-178.5 142.3   11.4    3.0  -55.9               
  222  222 A A        -     0   0   87     -2,-0.1    -1,-0.0     0, 0.0     0, 0.0   0.965  34.6-151.5  63.0 101.9   14.6    5.0  -55.1               
  223  223 A A        +     0   0   90      0, 0.0     0, 0.0     0, 0.0     0, 0.0   0.615  21.4 116.2  85.0 126.4   17.1    5.5  -53.0               
  224  224 A L        -     0   0  164      2,-0.0     0, 0.0     0, 0.0     0, 0.0   0.976  35.2 -30.9  91.8 102.1   19.7    7.7  -51.3               
  225  225 A R        -     0   0  229      1,-0.1     0, 0.0     0, 0.0     0, 0.0   0.986  18.3-170.1 100.6 113.9   21.2    9.4  -48.5               
  226  226 A P        +     0   0  115      0, 0.0    -1,-0.1     0, 0.0     2,-0.1  -0.683  14.9 143.3 -96.8 168.1   21.5   11.1  -45.0               
  227  227 A P        -     0   0  107      0, 0.0     0, 0.0     0, 0.0     0, 0.0   0.037  25.7 -11.5-155.3-176.5   23.4   12.8  -42.9               
  228  228 A L        +     0   0  158     -2,-0.1     2,-0.0     1,-0.0     0, 0.0   0.971  38.6  90.9  71.5 115.0   24.0   15.5  -40.2               
  229  229 A E        -     0   0  190      2,-0.0    -1,-0.0     0, 0.0     0, 0.0   0.071  37.0-122.3 167.1 153.3   23.3   18.3  -38.1               
  230  230 A E        -     0   0  184      1,-0.1     2,-0.2    -2,-0.0     0, 0.0   0.088  32.2 -97.1 -71.2 170.7   21.8   19.5  -34.7               
  231  231 A P        -     0   0  114      0, 0.0     2,-0.3     0, 0.0    -1,-0.1  -0.501  17.9-165.5 -99.0 154.3   19.0   22.0  -33.6               
  232  232 A A        -     0   0  106     -2,-0.2     0, 0.0     1,-0.1     0, 0.0  -0.996  37.6 -92.2-138.2 145.5   18.4   25.6  -32.5               
  233  233 A A        -     0   0  101     -2,-0.3     2,-0.1     1,-0.1    -1,-0.1   0.253  39.1 -96.9 -65.6 170.0   15.2   27.0  -30.8               
  234  234 A P        +     0   0  122      0, 0.0     2,-0.3     0, 0.0    -1,-0.1  -0.440  28.6 170.7-101.2 154.3   12.0   28.7  -32.1               
  235  235 A R        +     0   0  231     -2,-0.1     0, 0.0     1,-0.1     0, 0.0  -0.968  28.0  78.9-148.6 159.1   10.3   32.1  -32.7               
  236  236 A E        -     0   0  155     -2,-0.3    -1,-0.1     0, 0.0     0, 0.0   0.711  48.2-119.3  90.7 106.9    7.2   33.6  -34.4               
  237  237 A L        +     0   0  159      0, 0.0    -2,-0.0     0, 0.0     2,-0.0   0.285  23.1 173.5  58.2 111.8    3.8   34.2  -34.3               
  238  238 A G        -     0   0   76      2,-0.0     2,-0.0     0, 0.0     0, 0.0  -0.266  16.1-152.5 175.8  90.7    1.1   33.1  -36.6               
  239  239 A L        +     0   0  181     -2,-0.0     2,-0.0     1,-0.0     0, 0.0  -0.258  21.4 166.0 -51.6 144.3   -2.7   33.5  -36.1               
  240  240 A G        -     0   0   67     -2,-0.0    -1,-0.0     0, 0.0    -2,-0.0  -0.231  23.2-110.2 177.3  90.0   -5.2   31.1  -37.6               
  241  241 A L        -     0   0  187     -2,-0.0     0, 0.0     0, 0.0     0, 0.0   0.388  23.9-118.0  21.1 128.8   -8.9   30.5  -37.1               
  242  242 A G        -     0   0   62      0, 0.0     0, 0.0     0, 0.0     0, 0.0   0.927  15.8-160.9 151.1 173.7  -11.3   28.6  -36.0               
  243  243 A L        -     0   0  188      0, 0.0     2,-0.1     0, 0.0     0, 0.0   0.831  25.3-143.5  79.1 114.1  -14.5   26.3  -35.5               
  244  244 A G        -     0   0   69      0, 0.0     2,-0.1     0, 0.0     0, 0.0  -0.043  16.9-164.4 121.2  93.3  -16.4   25.4  -33.0               
  245  245 A L        -     0   0  176     -2,-0.1     0, 0.0     0, 0.0     0, 0.0  -0.622  38.6-104.1-153.3  98.9  -18.5   22.7  -31.2               
  246  246 A K        -     0   0  199     -2,-0.1     0, 0.0     1,-0.1     0, 0.0   0.591  24.6 -93.7  35.9 115.8  -21.0   23.4  -28.5               
  247  247 A E        +     0   0  185      2,-0.0     2,-0.1     0, 0.0    -1,-0.1   0.208  19.1 177.3  -9.5 136.0  -21.8   23.2  -24.8               
  248  248 A K        -     0   0  214      2,-0.0     2,-0.3     0, 0.0     0, 0.0  -0.503  18.5-175.8-153.4 119.7  -23.3   21.1  -22.3               
  249  249 A E        +     0   0  181     -2,-0.1     2,-0.2     2,-0.0    -2,-0.0  -0.623  12.9 163.1 -78.3 139.6  -23.1   22.2  -18.7               
  250  250 A E        -     0   0  189     -2,-0.3     2,-0.3     2,-0.0    -2,-0.0  -0.638  19.7-155.8-155.8 125.1  -24.3   20.5  -15.6               
  251  251 A A        -     0   0   76     -2,-0.2     2,-0.3     2,-0.1    -2,-0.0  -0.618  12.8-172.5 -80.2 140.8  -23.2   21.5  -12.1               
  252  252 A V        +     0   0  139     -2,-0.3     2,-0.5     2,-0.0    -2,-0.0  -0.774  21.1 155.8-131.4  94.9  -23.0   19.5   -8.9               
  253  253 A V        +     0   0  145     -2,-0.3     2,-0.2     2,-0.0    -2,-0.1  -0.988  18.6 150.7-100.4 113.4  -22.1   21.8   -6.0               
  254  254 A A        -     0   0   83     -2,-0.5    -2,-0.0     2,-0.0     0, 0.0  -0.665  33.6-117.3-163.1 105.9  -23.4   20.2   -2.8               
  255  255 A A        +     0   0  103     -2,-0.2    -2,-0.0     2,-0.0     0, 0.0   0.445  25.2 175.0  72.5 100.0  -22.4   20.4    0.5               
  256  256 A A        +     0   0  108      0, 0.0     2,-0.4     0, 0.0    -2,-0.0  -0.344  26.9 143.3-157.0  78.0  -21.1   18.3    3.4               
  257  257 A A        +     0   0  110      2,-0.0    -2,-0.0     1,-0.0     0, 0.0  -0.905  30.3 131.4 -86.5 137.4  -20.2   20.3    6.5               
  258  258 A G        -     0   0   68     -2,-0.4    -1,-0.0     0, 0.0     0, 0.0   0.218  38.1 -67.5 155.2  94.4  -21.1   18.4    9.6               
  259  259 A L        -     0   0  164      1,-0.1    -2,-0.0     0, 0.0     0, 0.0   0.857  10.4-131.8  63.5 100.5  -19.9   17.3   12.9               
  260  260 A E        +     0   0  178      0, 0.0     2,-0.2     0, 0.0    -1,-0.1  -0.080  25.0 163.9   6.0 122.0  -17.9   15.5   15.3               
  261  261 A E        -     0   0  183      2,-0.0     2,-0.0     0, 0.0     0, 0.0  -0.496  15.1-160.6-167.4 156.1  -19.0   13.6   18.2               
  262  262 A A        -     0   0   88     -2,-0.2     2,-0.0     0, 0.0     0, 0.0  -0.010  10.2-162.3 -84.3 174.5  -17.3   11.0   20.4               
  263  263 A S        +     0   0  122      1,-0.0    -2,-0.0    -2,-0.0     0, 0.0  -0.085  44.9  53.0-177.0 124.7  -17.4    8.3   22.9               
  264  264 A A        +     0   0  101      1,-0.1     2,-0.4    -2,-0.0    -1,-0.0   0.487  34.8 142.9 164.7  93.1  -15.4    6.4   25.3               
  265  265 A A        -     0   0  105      2,-0.0     2,-0.5     0, 0.0    -1,-0.1  -0.976  33.9-147.4-108.4 131.3  -13.3    7.6   28.2               
  266  266 A V        +     0   0  147     -2,-0.4     2,-0.3     2,-0.0     0, 0.0  -0.854  22.4 179.9 -87.3 128.8  -13.2    5.6   31.5               
  267  267 A A        -     0   0   99     -2,-0.5     2,-0.3     0, 0.0    -2,-0.0  -0.964  12.3-166.7-138.0 125.7  -12.8    7.8   34.6               
  268  268 A V        -     0   0  149     -2,-0.3    -2,-0.0     1,-0.1     0, 0.0  -0.929  34.7 -62.8-113.0 141.7  -12.6    6.9   38.3               
  269  269 A G        +     0   0   66     -2,-0.3    -1,-0.1     0, 0.0     0, 0.0   0.638  41.9  17.3 165.8 136.5  -12.9    9.1   40.8               
  270  270 A A        +     0   0  115      0, 0.0    -2,-0.0     0, 0.0     0, 0.0   0.868  20.1 152.0  38.1 141.4  -12.8   12.0   43.5               
  271  271 A G        -     0   0   76      0, 0.0     0, 0.0     0, 0.0     0, 0.0   0.820  16.5-124.6 162.9 156.2  -12.0   14.7   44.9               
  272  272 A G        -     0   0   83      2,-0.0     0, 0.0     0, 0.0     0, 0.0   0.680  22.6 -83.1  82.7 148.5  -11.6   18.0   46.8               
  273  273 A A        -     0   0  101      1,-0.1     2,-0.2     0, 0.0     0, 0.0   0.701  10.1-122.6-174.1 161.2  -11.0   21.3   47.2               
  274  274 A P        +     0   0  127      0, 0.0     2,-0.1     0, 0.0    -1,-0.1  -0.561   9.9 172.2-121.7 165.3   -9.4   24.9   47.7               
  275  275 A A        +     0   0  110     -2,-0.2     0, 0.0     1,-0.1     0, 0.0  -0.319  27.1  21.4 160.3 144.5   -8.6   28.3   49.4               
  276  276 A G        -     0   0   72     -2,-0.1    -1,-0.1     0, 0.0     2,-0.1   0.699  26.7-151.3-168.1-164.9   -6.9   31.1   49.6               
  277  277 A P        +     0   0  129      0, 0.0     0, 0.0     0, 0.0     0, 0.0  -0.353  18.9  47.8-119.6 177.1   -4.7   34.2   48.6               
  278  278 A A        +     0   0   91     -2,-0.1     0, 0.0     1,-0.0     0, 0.0   0.543  14.5 120.0  78.0 143.3   -2.2   37.1   48.9               
  279  279 A V        -     0   0  115      0, 0.0    -1,-0.0     0, 0.0     0, 0.0   0.706  31.1 -47.7-175.9 147.0    0.4   39.1   49.6               
  280  280 A I        +     0   0  163      0, 0.0     0, 0.0     0, 0.0     0, 0.0   0.891  34.7  40.0  55.6 131.3    3.3   41.4   48.6               
  281  281 A G        -     0   0   66      0, 0.0     2,-0.0     0, 0.0     0, 0.0   0.763  15.5-159.3 170.3-172.5    6.1   42.6   47.0               
  282  282 A P        +     0   0  130      0, 0.0     0, 0.0     0, 0.0     0, 0.0  -0.122  11.5 134.2-113.3 177.0    8.8   43.6   44.6               
  283  283 A S        +     0   0  104      1,-0.1     0, 0.0    -2,-0.0     0, 0.0   0.707  35.0  35.2 126.0 106.2   12.2   44.6   43.2               
  284  284 A L        -     0   0  165      0, 0.0     2,-0.2     0, 0.0    -1,-0.1   0.300  34.5-163.9 152.5 145.3   14.9   44.4   40.7               
  285  285 A P        +     0   0  109      0, 0.0     0, 0.0     0, 0.0     0, 0.0  -0.568  21.9  58.5-110.3 171.0   15.8   43.7   37.0               
  286  286 A L        +     0   0  172     -2,-0.2     0, 0.0     2,-0.0     0, 0.0   0.664  38.2  62.6  98.2 140.7   18.3   43.0   34.3               
  287  287 A A        +     0   0   89      1,-0.1     2,-0.0     0, 0.0     0, 0.0   0.957  31.9 120.4  87.3  94.0   20.9   41.0   32.3               
  288  288 A L        +     0   0  179      0, 0.0     2,-0.3     0, 0.0    -1,-0.1  -0.453  31.1 161.1-151.9  94.7   21.2   37.7   30.6               
  289  289 A A        +     0   0   74     -2,-0.0     0, 0.0     2,-0.0     0, 0.0  -0.781  21.8  97.1 -79.5 142.8   22.1   38.1   27.0               
  290  290 A M        -     0   0  171     -2,-0.3     2,-0.4     2,-0.0    -1,-0.0   0.427  33.3-168.8 147.9 118.1   23.6   35.4   24.8               
  291  291 A P        -     0   0  119      0, 0.0    -2,-0.0     0, 0.0     0, 0.0  -0.838  31.4-128.7 -93.2 140.5   22.7   32.6   22.3               
  292  292 A L        -     0   0  175     -2,-0.4     2,-0.0     1,-0.1    -2,-0.0  -0.701  35.8-102.4 -95.7 146.5   25.5   30.1   21.4               
  293  293 A P        -     0   0  117      0, 0.0    -1,-0.1     0, 0.0     0, 0.0  -0.198  13.2-113.2-100.8 163.9   26.2   29.5   17.6               
  294  294 A E        -     0   0  181      1,-0.1     2,-0.6    -2,-0.0     0, 0.0  -0.337  36.6-109.7 -71.7 147.7   25.8   27.2   14.6               
  295  295 A P        -     0   0  125      0, 0.0    -1,-0.1     0, 0.0     0, 0.0  -0.810  31.3-137.9 -91.2 123.2   28.7   25.2   12.8               
  296  296 A E        -     0   0  182     -2,-0.6     2,-0.3     1,-0.1     0, 0.0  -0.244  21.5-103.4 -68.2 157.3   29.7   26.5    9.3               
  297  297 A P        -     0   0  117      0, 0.0    -1,-0.1     0, 0.0     0, 0.0  -0.670  28.7-128.1 -87.9 135.4   30.5   24.2    6.3               
  298  298 A L        -     0   0  170     -2,-0.3     2,-0.4     1,-0.0     0, 0.0  -0.680  17.7-148.3 -81.8 130.6   34.2   23.6    5.2               
  299  299 A P        -     0   0  112      0, 0.0    -1,-0.0     0, 0.0     0, 0.0  -0.764  11.7-170.7 -90.0 139.9   35.1   24.2    1.5               
  300  300 A L        -     0   0  168     -2,-0.4     2,-0.1     0, 0.0    -2,-0.0  -0.994  27.0-106.6-135.6 146.1   37.8   22.1   -0.2               
  301  301 A P        -     0   0  115      0, 0.0     2,-0.5     0, 0.0     0, 0.0  -0.245   6.0-120.0 -97.6 153.5   39.1   23.0   -3.7               
  302  302 A L        +     0   0  166     -2,-0.1     2,-0.2     2,-0.0     0, 0.0  -0.710  40.2 163.3 -67.1 117.8   39.0   22.1   -7.3               
  303  303 A E        -     0   0  167     -2,-0.5     0, 0.0     2,-0.0     0, 0.0  -0.805  28.2-125.8-146.0 111.5   42.5   21.3   -8.7               
  304  304 A V        +     0   0  117     -2,-0.2     2,-0.1     2,-0.0    -2,-0.0   0.083  34.4 153.0  11.0 117.8   43.4   19.5  -11.8               
  305  305 A V        -     0   0  138      0, 0.0     2,-0.3     0, 0.0    -2,-0.0  -0.388  22.1-160.9-161.5 124.4   45.5   16.7  -12.6               
  306  306 A R        +     0   0  240     -2,-0.1    -2,-0.0     1,-0.1     0, 0.0  -0.607  40.7  35.5 -71.7 140.9   44.9   14.4  -15.6               
  307  307 A G        +     0   0   66     -2,-0.3    -1,-0.1     1,-0.0     0, 0.0   0.961  47.3  88.7  87.9 102.9   46.1   11.0  -16.1               
  308  308 A L        +     0   0  170      2,-0.0    -1,-0.0     0, 0.0     0, 0.0   0.276  26.6 177.9 173.7 109.8   47.1    7.7  -15.0               
  309  309 A L        -     0   0  157      2,-0.0     0, 0.0     0, 0.0     0, 0.0  -0.542   8.2-170.1 -62.0 149.4   45.0    4.5  -14.6               
  310  310 A P        -     0   0  111      0, 0.0     2,-0.2     0, 0.0    -2,-0.0  -0.939  31.8-117.3-126.8 151.9   46.2    1.3  -13.6               
  311  311 A P        -     0   0  111      0, 0.0     2,-0.7     0, 0.0    -2,-0.0  -0.487  14.8-122.2 -81.4 136.1   43.6   -1.5  -14.0               
  312  312 A L        -     0   0  172     -2,-0.2     2,-0.3     1,-0.1     0, 0.0  -0.655  34.5-128.8 -72.7 112.4   42.0   -3.6  -11.2               
  313  313 A R        -     0   0  240     -2,-0.7    -1,-0.1     1,-0.0     0, 0.0  -0.507  13.2-146.0 -60.3 123.1   42.8   -7.3  -12.0               
  314  314 A I        -     0   0  160     -2,-0.3     2,-0.5     3,-0.0     3,-0.0  -0.749  10.8-149.9 -74.4 133.5   40.0   -9.7  -12.0               
  315  315 A P        -     0   0  117      0, 0.0    -2,-0.0     0, 0.0     0, 0.0  -0.977  44.0 -61.7-108.5 117.7   40.9  -13.2  -10.8               
  316  316 A E        -     0   0  164     -2,-0.5     2,-0.9     1,-0.1     0, 0.0   0.649  24.9-163.0  35.5  99.3   38.9  -16.1  -12.3               
  317  317 A L        +     0   0  171      1,-0.1    -1,-0.1    -3,-0.0     3,-0.1  -0.677  60.8 114.3 -89.4  70.8   35.3  -17.0  -12.2               
  318  318 A L        +     0   0  143     -2,-0.9    -1,-0.1     1,-0.1    -2,-0.1  -0.424  35.8  82.6-149.6  77.3   36.0  -20.6  -13.3               
  319  319 A S        -     0   0  119      2,-0.0     2,-0.6     0, 0.0    -1,-0.1  -0.311  49.5-158.7-165.3 103.9   35.4  -23.6  -11.0               
  320  320 A L        +     0   0  179     -3,-0.1    -3,-0.0     2,-0.0    -2,-0.0  -0.559  31.4 145.1 -56.7 107.1   32.0  -25.2  -10.5               
  321  321 A R        -     0   0  220     -2,-0.6     2,-0.5     2,-0.0    -2,-0.0  -0.896  46.8-127.9-142.5 130.9   31.8  -27.1   -7.2               
  322  322 A P        -     0   0  129      0, 0.0    -2,-0.0     0, 0.0     0, 0.0  -0.592  26.8-137.7 -68.7 118.1   28.6  -27.4   -5.1               
  323  323 A R        -     0   0  238     -2,-0.5     2,-0.1     1,-0.1    -2,-0.0  -0.681  20.4-118.7 -74.1 131.3   29.6  -26.3   -1.5               
  324  324 A P        -     0   0  122      0, 0.0    -1,-0.1     0, 0.0     0, 0.0  -0.429  30.7-106.2 -67.3 142.8   28.1  -28.6    1.2               
  325  325 A R        -     0   0  237     -2,-0.1     0, 0.0     1,-0.1     0, 0.0  -0.523  35.8-114.6 -64.8 132.9   25.7  -26.9    3.7               
  326  326 A P        -     0   0  115      0, 0.0     2,-0.1     0, 0.0    -1,-0.1  -0.471  36.5-105.8 -67.8 142.0   27.3  -26.5    7.2               
  327  327 A P        -     0   0  125      0, 0.0     0, 0.0     0, 0.0     0, 0.0  -0.412  32.9-109.9 -71.2 143.8   25.5  -28.6    9.9               
  328  328 A R        -     0   0  229     -2,-0.1     2,-0.3     1,-0.1     0, 0.0  -0.549  34.4-111.3 -70.4 135.1   23.2  -26.8   12.5               
  329  329 A P        -     0   0  121      0, 0.0    -1,-0.1     0, 0.0     0, 0.0  -0.551  28.3-140.2 -72.0 128.8   24.6  -26.6   16.1               
  330  330 A E        -     0   0  175     -2,-0.3     0, 0.0     1,-0.1     0, 0.0  -0.642  25.4-105.2 -83.0 143.0   22.6  -28.7   18.6               
  331  331 A P        -     0   0  120      0, 0.0    -1,-0.1     0, 0.0     0, 0.0  -0.559  37.3-116.8 -72.5 132.8   21.9  -27.3   22.1               
  332  332 A P        -     0   0  121      0, 0.0     2,-0.2     0, 0.0     0, 0.0  -0.438  26.8-112.6 -70.2 140.4   24.1  -28.9   24.8               
  333  333 A P        -     0   0  126      0, 0.0     0, 0.0     0, 0.0     0, 0.0  -0.494  46.0-100.8 -73.0 141.3   22.3  -30.9   27.7               
  334  334 A G        +     0   0   67     -2,-0.2     2,-0.2     0, 0.0     0, 0.0  -0.128  35.0 179.9 -71.1 158.4   22.6  -29.2   31.1               
  335  335 A L        -     0   0  150      1,-0.1     0, 0.0     0, 0.0     0, 0.0  -0.756  39.3  -3.1-156.0 118.7   24.7  -29.6   34.2               
  336  336 A M        -     0   0  162     -2,-0.2    -1,-0.1     0, 0.0     0, 0.0   0.965  43.4-118.6  70.5 102.8   24.8  -27.6   37.5               
  337  337 A A        -     0   0   91      0, 0.0     2,-0.1     0, 0.0     0, 0.0   0.348  10.0-173.9  79.0 100.8   23.8  -25.1   39.6               
  338  338 A L        -     0   0  172      0, 0.0     0, 0.0     0, 0.0     0, 0.0  -0.540  47.2 -83.4-156.0 100.1   24.6  -22.0   41.7               
  339  339 A E        -     0   0  178     -2,-0.1     0, 0.0     1,-0.0     0, 0.0   0.549  31.0-129.2  39.2 101.5   22.1  -20.4   44.0               
  340  340 A V        -     0   0  122      0, 0.0     2,-0.1     0, 0.0    -1,-0.0   0.511  16.7-167.5  35.2 130.7   19.2  -18.1   44.5               
  341  341 A P        -     0   0  125      0, 0.0     0, 0.0     0, 0.0     0, 0.0  -0.368  31.8-167.5-136.0 146.0   17.5  -15.5   46.1               
  342  342 A E        -     0   0  174     -2,-0.1     2,-0.1     0, 0.0     0, 0.0  -0.192  17.8-161.8 -65.1 159.2   13.8  -15.0   45.4               
  343  343 A P        -     0   0  114      0, 0.0     0, 0.0     0, 0.0     0, 0.0  -0.568  27.7-114.6-139.3 137.1   11.1  -12.9   45.8               
  344  344 A L        +     0   0  168     -2,-0.1     0, 0.0     0, 0.0     0, 0.0   0.503  40.0  78.5  32.9 120.9    7.5  -13.7   45.5               
  345  345 A G        +     0   0   61      0, 0.0     0, 0.0     0, 0.0     0, 0.0   0.798  32.7  21.0 116.1 118.3    4.5  -13.1   43.6               
  346  346 A E        +     0   0  184      2,-0.0     0, 0.0     0, 0.0     0, 0.0   0.876  52.5   7.9  99.6 117.3    1.8  -13.1   41.0               
  347  347 A D        -     0   0  140      1,-0.2     2,-2.3     3,-0.0     0, 0.0   0.903  13.0-172.7  78.0  80.4   -0.2  -14.5   38.1               
  348  348 A K        +     0   0  215      2,-0.1     2,-1.1     1,-0.0    -1,-0.2  -0.440  30.3 172.7 -64.7  64.6   -0.3  -17.8   36.3               
  349  349 A K        -     0   0  193     -2,-2.3     2,-0.6     1,-0.0    -1,-0.0  -0.762  33.1-133.7 -87.4  98.0   -2.8  -16.3   33.7               
  350  350 A K        -     0   0  204     -2,-1.1     2,-0.3     1,-0.1    -2,-0.1  -0.356  24.2-132.6 -46.3  95.1   -3.1  -19.0   31.1               
  351  351 A G        -     0   0   68     -2,-0.6    -1,-0.1     1,-0.1     3,-0.0  -0.467  12.0-130.4 -60.0 115.9   -2.6  -16.9   27.9               
  352  352 A K        -     0   0  194     -2,-0.3     2,-0.3     1,-0.1    -1,-0.1  -0.573  36.8-100.2 -55.5 133.2   -5.3  -17.8   25.3               
  353  353 A P        -     0   0  113      0, 0.0     2,-0.9     0, 0.0    -1,-0.1  -0.478  39.7-116.9 -56.9 118.3   -3.5  -18.4   22.0               
  354  354 A E        -     0   0  175     -2,-0.3     2,-1.1     1,-0.1    -3,-0.0  -0.550  27.2-135.3 -59.6  99.7   -4.1  -15.0   20.3               
  355  355 A K        -     0   0  188     -2,-0.9    -1,-0.1     1,-0.1     3,-0.0  -0.608  21.2-123.9 -61.8  99.8   -6.1  -16.4   17.3               
  356  356 A L        -     0   0  117     -2,-1.1     2,-0.9     1,-0.1    -1,-0.1  -0.303  33.8-107.3 -44.7 117.1   -4.4  -14.4   14.5               
  357  357 A K        -     0   0  175      1,-0.1     2,-0.5    17,-0.1    -1,-0.1  -0.471  32.4-140.3 -62.6 100.8   -7.5  -12.7   13.0               
  358  358 A R        -     0   0  178     -2,-0.9     2,-1.0     1,-0.1    -1,-0.1  -0.543  11.4-142.3 -63.3 112.1   -7.9  -14.6    9.7               
  359  359 A C        -     0   0   17     -2,-0.5    11,-2.8    11,-0.2     2,-0.6  -0.736  18.8-169.3 -81.4 103.5   -8.9  -12.0    7.1               
  360  360 A I  E     -A  369   0A  43     -2,-1.0   104,-1.5     9,-0.2     2,-0.4  -0.850   2.5-163.8 -92.7 121.3  -11.5  -13.7    4.9               
  361  361 A R  E     -AB 368 463A  36      7,-2.9     7,-2.3    -2,-0.6     2,-0.5  -0.850   4.8-150.2-103.1 141.8  -12.3  -11.6    1.8               
  362  362 A T  E     +A  367   0A  48    100,-0.9     2,-0.3    -2,-0.4     5,-0.2  -0.962  25.5 154.2-115.7 127.7  -15.4  -12.3   -0.3               
  363  363 A A  E >   -A  366   0A  49      3,-2.4     3,-1.7    -2,-0.5    -2,-0.0  -0.965  69.1  -4.3-147.8 139.2  -15.7  -11.7   -4.1               
  364  364 A A  T 3  S-     0   0  113     -2,-0.3     3,-0.1     1,-0.3    -2,-0.0   0.787 127.5 -55.8  52.1  36.1  -18.0  -13.4   -6.7               
  365  365 A G  T 3  S+     0   0   78      1,-0.2     2,-0.4     0, 0.0    -1,-0.3   0.130 116.2 110.2  83.9 -15.3  -19.4  -15.9   -4.2               
  366  366 A S  E <   -A  363   0A  80     -3,-1.7    -3,-2.4     2,-0.0     2,-0.5  -0.725  53.0-157.6 -93.2 135.9  -15.9  -17.2   -3.2               
  367  367 A S  E     +A  362   0A  82     -2,-0.4     2,-0.3    -5,-0.2    -5,-0.2  -0.963  17.8 175.7-108.7 124.3  -14.4  -16.5    0.2               
  368  368 A W  E     -A  361   0A 109     -7,-2.3    -7,-2.9    -2,-0.5     2,-0.5  -0.941  34.7-111.9-126.4 150.6  -10.6  -16.7    0.5               
  369  369 A E  E     -A  360   0A 101     -2,-0.3    -9,-0.2    -9,-0.2     3,-0.1  -0.694  27.8-160.0 -77.3 122.6   -8.0  -16.0    3.2               
  370  370 A D    >   -     0   0   21    -11,-2.8     3,-1.6    -2,-0.5     4,-0.4  -0.852  11.7-177.0-106.9  96.1   -6.0  -12.9    2.3               
  371  371 A P  G >> S+     0   0  101      0, 0.0     3,-1.1     0, 0.0     4,-0.6   0.751  75.9  76.5 -64.8 -20.1   -2.7  -13.0    4.4               
  372  372 A S  G 34 S+     0   0   42      1,-0.3     3,-0.0     2,-0.2    -3,-0.0   0.652  87.8  58.9 -68.0 -14.9   -1.7   -9.6    2.9               
  373  373 A L  G X4 S+     0   0   26     -3,-1.6     3,-1.2     1,-0.2    -1,-0.3   0.760  95.7  61.7 -80.8 -25.3   -4.3   -7.8    5.2               
  374  374 A L  T <4 S+     0   0   95     -3,-1.1    -2,-0.2    -4,-0.4    -1,-0.2   0.697  90.2  69.9 -71.8 -19.8   -2.5   -9.2    8.3               
  375  375 A E  T 3< S+     0   0   87     -4,-0.6     2,-0.3     2,-0.1    -1,-0.3   0.369  95.8  68.1 -73.1  -0.6    0.7   -7.2    7.2               
  376  376 A W  S <  S-     0   0   22     -3,-1.2     2,-0.1     4,-0.0    -3,-0.0  -0.942  92.9-102.0-123.5 146.9   -1.2   -4.0    8.1               
  377  377 A D    >   -     0   0  103     -2,-0.3     3,-1.2     1,-0.1    -2,-0.1  -0.385  26.1-132.5 -66.5 140.3   -2.4   -2.5   11.4               
  378  378 A A  T 3  S+     0   0   63      1,-0.3    -1,-0.1    -2,-0.1    -4,-0.0   0.759 104.9  47.0 -68.5 -24.4   -6.2   -3.0   12.1               
  379  379 A D  T 3  S+     0   0  138      2,-0.1    -1,-0.3     0, 0.0     2,-0.1   0.022  88.4 134.0-106.2  25.0   -6.7    0.7   13.1               
  380  380 A D    <   -     0   0    3     -3,-1.2     2,-0.9     1,-0.1    50,-0.2  -0.375  56.8-131.8 -83.3 152.1   -4.8    2.2   10.1               
  381  381 A F  E     -C  429   0B  70     48,-2.9    48,-1.5    -2,-0.1     2,-0.4  -0.824  34.6-166.5-101.1  98.0   -5.8    5.1    7.8               
  382  382 A R  E     -C  428   0B  17     -2,-0.9    75,-1.6    46,-0.2     2,-0.4  -0.716  11.3-159.0 -99.4 134.5   -5.1    3.7    4.3               
  383  383 A I  E     -CD 427 456B   0     44,-3.1    44,-1.9    -2,-0.4     2,-0.6  -0.842  16.4-134.0-103.7 137.7   -4.9    5.7    1.0               
  384  384 A F  E     -CD 426 455B  59     71,-3.0    71,-2.3    -2,-0.4     2,-0.6  -0.882  19.6-157.9 -86.9 122.4   -5.4    4.1   -2.5               
  385  385 A C  E     +CD 425 454B   0     40,-2.8    40,-2.6    -2,-0.6     3,-0.3  -0.920  17.4 178.7-105.3 107.0   -2.7    5.4   -4.8               
  386  386 A G  E     + D   0 453B   5     67,-3.2    67,-2.3    -2,-0.6    38,-0.2  -0.580  52.7  39.3-101.9 170.9   -3.7    5.1   -8.5               
  387  387 A D  S    S+     0   0   47     36,-0.5     2,-0.2     1,-0.2    37,-0.2   0.705  71.8 166.9  60.9  29.4   -1.9    6.0  -11.8               
  388  388 A L        -     0   0    3     35,-2.1    -1,-0.2    -3,-0.3    60,-0.1  -0.521  32.4-124.7 -71.6 134.1    1.5    4.8  -10.6               
  389  389 A G    >   -     0   0    2     58,-0.7     3,-1.0    -2,-0.2    34,-0.2  -0.174  23.8-107.4 -67.0 166.3    4.2    4.5  -13.3               
  390  390 A N  T 3  S+     0   0  117      1,-0.2    31,-0.2    32,-0.1    -1,-0.1   0.747 120.4  60.7 -70.7 -20.0    6.2    1.3  -13.9               
  391  391 A E  T 3  S+     0   0   89      2,-0.0     2,-0.8     1,-0.0    -1,-0.2   0.619  81.0 104.1 -75.2 -15.8    9.2    3.0  -12.4               
  392  392 A V    <   +     0   0    0     -3,-1.0     2,-0.2    55,-0.1    31,-0.1  -0.598  50.1 179.4 -81.9 107.9    7.4    3.5   -9.1               
  393  393 A N     >  -     0   0   56     -2,-0.8     4,-2.5     1,-0.1     5,-0.2  -0.497  46.5 -98.3 -92.3 168.8    8.6    1.0   -6.4               
  394  394 A D  H  > S+     0   0   43      1,-0.2     4,-2.8     2,-0.2     5,-0.1   0.892 125.7  52.2 -52.0 -42.0    7.5    0.6   -2.8               
  395  395 A D  H  > S+     0   0  105      2,-0.2     4,-2.9     1,-0.2    -1,-0.2   0.872 108.5  48.3 -64.5 -42.8   10.6    2.7   -1.8               
  396  396 A I  H  > S+     0   0   62      2,-0.2     4,-2.0     1,-0.2    -2,-0.2   0.926 114.3  46.7 -67.3 -42.6    9.8    5.6   -4.2               
  397  397 A L  H  X S+     0   0    0     -4,-2.5     4,-1.7     2,-0.2    -2,-0.2   0.934 112.7  50.0 -63.6 -44.8    6.2    5.6   -2.9               
  398  398 A A  H  X S+     0   0   25     -4,-2.8     4,-1.6     1,-0.2     3,-0.4   0.948 110.1  50.4 -58.5 -48.5    7.4    5.5    0.7               
  399  399 A R  H  < S+     0   0  197     -4,-2.9     4,-0.3     1,-0.2    -1,-0.2   0.869 108.0  53.6 -57.8 -39.8    9.9    8.4    0.1               
  400  400 A A  H  < S+     0   0   18     -4,-2.0     3,-0.4     1,-0.2    -1,-0.2   0.878 117.7  35.8 -63.6 -38.3    7.1   10.5   -1.4               
  401  401 A F  H >< S+     0   0    0     -4,-1.7     3,-2.0    -3,-0.4    -2,-0.2   0.563  90.8  92.6 -93.1  -7.8    4.9   10.0    1.7               
  402  402 A S  T 3<  +     0   0   80     -4,-1.6    -1,-0.2     1,-0.3    -2,-0.1   0.589  67.4  80.7 -64.2 -10.7    7.8   10.1    4.3               
  403  403 A R  T 3  S+     0   0  127     -3,-0.4    -1,-0.3    -4,-0.3    -2,-0.1   0.572  81.0  76.1 -65.6 -16.6    7.1   13.9    4.6               
  404  404 A F  S X  S-     0   0    3     -3,-2.0     3,-1.5     1,-0.1    -3,-0.0  -0.918  77.7-145.5-101.2 127.8    4.2   12.9    7.0               
  405  405 A P  T 3  S+     0   0  114      0, 0.0    -1,-0.1     0, 0.0    -3,-0.0   0.755  96.8  57.5 -66.6 -24.7    5.3   11.9   10.5               
  406  406 A S  T 3  S+     0   0    6     25,-0.1    24,-2.4    23,-0.0     2,-0.3   0.238  72.5 133.9 -91.0  11.1    2.5    9.3   10.8               
  407  407 A F  E <   +E  429   0B  44     -3,-1.5    22,-0.2    22,-0.2     3,-0.1  -0.496  22.9 168.3 -61.5 124.9    3.5    7.3    7.7               
  408  408 A L  E     -     0   0B  70     20,-2.8     2,-0.3     1,-0.3    21,-0.2   0.839  54.3  -8.9-102.2 -58.0    3.4    3.6    8.6               
  409  409 A K  E     -E  428   0B  77     19,-1.0    19,-2.5     2,-0.0     2,-0.4  -0.992  45.1-161.3-153.2 139.3    3.7    1.5    5.4               
  410  410 A A  E     +E  427   0B  16     -2,-0.3     2,-0.3    17,-0.2    17,-0.2  -0.953  13.5 178.7-117.3 141.6    3.7    1.8    1.6               
  411  411 A K  E     -E  426   0B  59     15,-2.5    15,-2.7    -2,-0.4     2,-0.5  -0.923  15.4-155.1-144.3 121.5    3.1   -1.2   -0.8               
  412  412 A V  E     -E  425   0B   6     -2,-0.3     2,-0.5    13,-0.3    13,-0.3  -0.784  25.5-127.3 -89.8 128.5    2.9   -1.1   -4.6               
  413  413 A I  E     -E  424   0B  40     11,-2.3     9,-3.1    -2,-0.5    11,-0.5  -0.688  31.6-177.0 -83.5 124.9    0.9   -4.0   -6.1               
  414  414 A R  E     -E  421   0B  89     -2,-0.5     2,-0.5     7,-0.3     7,-0.3  -0.831  34.1-103.9-116.3 151.9    2.7   -6.0   -8.7               
  415  415 A D     >  -     0   0   52      5,-3.0     4,-2.2    -2,-0.3     3,-0.1  -0.686  24.8-146.2 -72.8 123.8    1.6   -8.9  -10.8               
  416  416 A K  T  4 S+     0   0  216     -2,-0.5    -1,-0.1     1,-0.2    -2,-0.0   0.721  95.9  47.5 -65.3 -23.7    3.1  -12.2   -9.4               
  417  417 A R  T  4 S+     0   0  212      1,-0.1    -1,-0.2     3,-0.1    -2,-0.0   0.810 125.5  24.1 -86.7 -37.3    3.4  -13.8  -12.9               
  418  418 A T  T  4 S-     0   0   61      2,-0.2    -2,-0.2    -3,-0.1     3,-0.1   0.535  88.9-133.1-106.2 -14.0    5.0  -10.8  -14.8               
  419  419 A G     <  +     0   0   50     -4,-2.2     2,-0.1     1,-0.2    -3,-0.1   0.314  63.0 135.6  70.0  -6.3    6.7   -8.8  -12.0               
  420  420 A K        -     0   0  144     -6,-0.1    -5,-3.0    -5,-0.1    -1,-0.2  -0.423  62.9-107.8 -72.7 142.3    5.1   -5.7  -13.6               
  421  421 A T  E     - E   0 414B  15     -7,-0.3    -7,-0.3   -31,-0.2    -1,-0.1  -0.426  15.4-137.7 -64.6 141.3    3.5   -3.1  -11.4               
  422  422 A K  E     -     0   0B 107     -9,-3.1    -8,-0.1     2,-0.3    -1,-0.1   0.355  46.1-109.3 -78.4   3.8   -0.4   -3.0  -11.6               
  423  423 A G  E    S+     0   0B  17    -10,-0.3   -35,-2.1     1,-0.2   -36,-0.5   0.614  90.2  83.2  73.3  15.3   -0.1    0.8  -11.6               
  424  424 A Y  E     + E   0 413B  73    -11,-0.5   -11,-2.3   -37,-0.2    -2,-0.3  -0.990  47.9 170.3-145.2 158.2   -1.6    1.1   -8.1               
  425  425 A G  E     -CE 385 412B   0    -40,-2.6   -40,-2.8    -2,-0.3     2,-0.4  -0.873  25.1-118.1-150.2 178.4   -0.5    0.9   -4.4               
  426  426 A F  E     -CE 384 411B  25    -15,-2.7   -15,-2.5    -2,-0.3     2,-0.4  -0.996  16.2-165.9-130.8 140.3   -1.6    1.5   -0.8               
  427  427 A V  E     -CE 383 410B   0    -44,-1.9   -44,-3.1    -2,-0.4     2,-0.4  -0.963  10.2-152.9-124.8 139.3   -0.2    3.8    1.8               
  428  428 A S  E     -CE 382 409B   1    -19,-2.5   -20,-2.8    -2,-0.4   -19,-1.0  -0.930   8.4-170.2-118.9 137.8   -1.0    3.6    5.6               
  429  429 A F  E     -CE 381 407B   0    -48,-1.5   -48,-2.9    -2,-0.4   -22,-0.2  -0.946  21.7-149.6-123.4 147.8   -1.0    6.3    8.2               
  430  430 A K  S    S+     0   0  142    -24,-2.4    -1,-0.1    -2,-0.3   -23,-0.1   0.868  84.9  55.6 -76.3 -40.4   -1.4    6.2   12.0               
  431  431 A D     >  -     0   0   74    -25,-0.2     4,-1.8     1,-0.1    -1,-0.1  -0.778  67.9-147.1-106.2 137.2   -3.1    9.6   12.3               
  432  432 A P  H  > S+     0   0   62      0, 0.0     4,-2.0     0, 0.0     5,-0.2   0.809  98.8  61.3 -67.9 -28.6   -6.3   10.8   10.6               
  433  433 A S  H  > S+     0   0   95      2,-0.2     4,-2.2     1,-0.2     5,-0.1   0.950 108.1  40.8 -65.2 -48.4   -5.0   14.4   10.4               
  434  434 A D  H  > S+     0   0   17      2,-0.2     4,-3.4     1,-0.2     5,-0.3   0.869 110.2  60.2 -68.4 -34.8   -1.9   13.5    8.2               
  435  435 A Y  H  X S+     0   0   25     -4,-1.8     4,-2.2     2,-0.2    -2,-0.2   0.929 109.7  41.8 -55.4 -46.7   -4.2   11.1    6.2               
  436  436 A V  H  X S+     0   0   68     -4,-2.0     4,-1.6     2,-0.2    -2,-0.2   0.906 115.7  50.2 -68.3 -40.5   -6.4   14.1    5.2               
  437  437 A R  H  X S+     0   0  118     -4,-2.2     4,-3.0     2,-0.2     3,-0.4   0.956 112.0  47.2 -62.1 -48.4   -3.2   16.3    4.7               
  438  438 A A  H  X S+     0   0    0     -4,-3.4     4,-2.2     1,-0.2     5,-0.4   0.896 110.0  53.4 -59.1 -43.5   -1.6   13.7    2.4               
  439  439 A M  H  < S+     0   0   52     -4,-2.2     4,-0.4    -5,-0.3    -1,-0.2   0.840 117.0  38.1 -62.4 -34.2   -4.9   13.2    0.5               
  440  440 A R  H  < S+     0   0  206     -4,-1.6    -2,-0.2    -3,-0.4    -1,-0.2   0.897 123.4  37.5 -81.5 -44.8   -5.0   17.0   -0.2               
  441  441 A E  H  < S+     0   0   76     -4,-3.0    -3,-0.2     1,-0.2    -2,-0.2   0.844 121.1  40.9 -81.5 -37.6   -1.3   17.8   -0.8               
  442  442 A M  S >< S+     0   0    5     -4,-2.2     3,-2.0    -5,-0.3     2,-0.3   0.639  84.2 108.5 -91.0 -16.1   -0.2   14.7   -2.7               
  443  443 A N  T 3  S+     0   0   85     -5,-0.4    10,-0.2    -4,-0.4     3,-0.1  -0.484  94.1   9.9 -66.4 123.5   -3.2   14.3   -5.0               
  444  444 A G  T 3  S+     0   0   42      8,-3.0    -1,-0.3    -2,-0.3     2,-0.2   0.382  97.3 134.8  83.2   0.2   -2.1   15.2   -8.5               
  445  445 A K    <   -     0   0  107     -3,-2.0     7,-3.1     7,-0.3     2,-0.4  -0.514  63.8-105.4 -74.8 147.6    1.6   15.3   -7.6               
  446  446 A Y  E     +F  451   0C 176      5,-0.3     2,-0.4    -2,-0.2     3,-0.1  -0.604  37.9 175.5 -74.3 123.8    4.2   13.7   -9.9               
  447  447 A V  E >  S-F  450   0C   8      3,-2.2   -58,-0.7    -2,-0.4     3,-0.6  -0.905  73.3 -31.7-128.0  97.7    5.5   10.4   -8.5               
  448  448 A G  T 3  S-     0   0   43     -2,-0.4     4,-0.1     1,-0.2   -60,-0.0  -0.685 124.8 -26.9  82.0-142.7    7.7    9.1  -11.3               
  449  449 A S  T 3  S+     0   0   73     -2,-0.3    -1,-0.2    -3,-0.1   -61,-0.1   0.576 127.1  59.9 -77.3 -13.4    6.6   10.0  -14.8               
  450  450 A R  E <  S-F  447   0C 106     -3,-0.6    -3,-2.2   -63,-0.1     2,-0.4  -0.881  85.9-106.9-124.2 149.1    2.8   10.3  -13.9               
  451  451 A P  E     -F  446   0C  51      0, 0.0    -5,-0.3     0, 0.0     2,-0.2  -0.605  42.7-121.6 -72.1 128.4    0.6   12.4  -11.6               
  452  452 A I        -     0   0    1     -7,-3.1    -8,-3.0    -2,-0.4     2,-0.6  -0.481  16.5-147.4 -73.2 134.8   -0.6   10.2   -8.6               
  453  453 A K  E     -D  386   0B 105    -67,-2.3   -67,-3.2    -2,-0.2     2,-0.4  -0.914  15.0-158.9-104.9 116.2   -4.4    9.9   -8.1               
  454  454 A L  E     +D  385   0B  13     -2,-0.6     2,-0.3   -69,-0.2   -69,-0.2  -0.764  16.4 167.3 -98.6 136.8   -5.3    9.5   -4.4               
  455  455 A R  E     -D  384   0B 173    -71,-2.3   -71,-3.0    -2,-0.4     2,-0.2  -0.973  45.2 -90.2-137.2 157.3   -8.6    8.0   -3.2               
  456  456 A K  E     -D  383   0B 160     -2,-0.3   -73,-0.2   -73,-0.2     2,-0.2  -0.496  53.6-117.0 -60.5 127.6  -10.0    6.7    0.1               
  457  457 A S        -     0   0   15    -75,-1.6     3,-0.3    -2,-0.2     4,-0.1  -0.473  13.6-150.9 -73.5 143.5   -9.1    3.0    0.3               
  458  458 A M     >  +     0   0  126      1,-0.2     4,-0.7    -2,-0.2    -1,-0.1  -0.190  59.1 120.9-101.3  34.5  -11.9    0.4    0.4               
  459  459 A W  T >4 S+     0   0   27      1,-0.2     3,-0.6     2,-0.2     4,-0.3   0.928  75.6  49.0 -68.2 -37.7  -10.0   -2.1    2.4               
  460  460 A K  G >4 S+     0   0   97     -3,-0.3     3,-1.6     1,-0.2     6,-0.3   0.878 102.3  62.1 -65.8 -39.0  -12.6   -2.1    5.3               
  461  461 A D  G 34 S+     0   0   54      1,-0.3    -1,-0.2    -4,-0.1    -2,-0.2   0.725 102.6  50.9 -65.3 -22.5  -15.6   -2.6    2.8               
  462  462 A R  G << S+     0   0  100     -4,-0.7  -100,-0.9    -3,-0.6     2,-0.3   0.459  81.6 110.7 -94.1  -5.9  -14.3   -6.0    1.6               
  463  463 A N  B X> S-B  361   0A  39     -3,-1.6     4,-2.6    -4,-0.3     3,-0.6  -0.575  75.8-126.6 -70.7 133.8  -13.8   -7.5    5.1               
  464  464 A L  H 3> S+     0   0   25   -104,-1.5     4,-3.0    -2,-0.3     5,-0.2   0.830 108.6  54.7 -52.9 -39.1  -16.4  -10.3    5.7               
  465  465 A D  H 3> S+     0   0  109      2,-0.2     4,-2.2     1,-0.2    -1,-0.2   0.910 112.5  43.1 -62.6 -41.0  -17.6   -8.7    9.0               
  466  466 A V  H <> S+     0   0   53     -3,-0.6     4,-3.0    -6,-0.3    -2,-0.2   0.928 115.3  48.7 -71.5 -43.7  -18.3   -5.4    7.2               
  467  467 A V  H  X S+     0   0   31     -4,-2.6     4,-2.6     2,-0.2    -2,-0.2   0.929 113.6  47.0 -62.0 -46.0  -19.9   -7.2    4.2               
  468  468 A R  H  X S+     0   0  153     -4,-3.0     4,-2.4     2,-0.2    -2,-0.2   0.911 114.6  46.8 -62.4 -44.2  -22.1   -9.3    6.5               
  469  469 A K  H  X S+     0   0  134     -4,-2.2     4,-2.7    -5,-0.2    -2,-0.2   0.967 113.8  47.8 -61.6 -49.7  -23.2   -6.2    8.5               
  470  470 A K  H  X S+     0   0  106     -4,-3.0     4,-2.8     1,-0.2    -2,-0.2   0.856 113.0  48.7 -60.7 -39.4  -23.9   -4.2    5.3               
  471  471 A Q  H  X S+     0   0  105     -4,-2.6     4,-2.7     2,-0.2    -1,-0.2   0.896 111.7  48.9 -67.1 -40.9  -25.9   -7.2    3.9               
  472  472 A K  H  X S+     0   0  161     -4,-2.4     4,-2.3     2,-0.2    -2,-0.2   0.905 114.4  46.1 -64.5 -40.8  -27.9   -7.5    7.2               
  473  473 A E  H  X S+     0   0   98     -4,-2.7     4,-2.2     2,-0.2    -2,-0.2   0.934 112.7  49.8 -65.7 -44.9  -28.5   -3.7    7.1               
  474  474 A K  H  <>S+     0   0   97     -4,-2.8     5,-1.3     1,-0.2    -2,-0.2   0.924 113.5  46.5 -59.2 -45.0  -29.5   -3.9    3.4               
  475  475 A K  H ><5S+     0   0  162     -4,-2.7     3,-1.1     1,-0.2    -1,-0.2   0.886 112.2  50.6 -62.6 -41.7  -31.9   -6.8    4.2               
  476  476 A K  H 3<5S+     0   0  190     -4,-2.3    -2,-0.2     1,-0.2    -1,-0.2   0.826 109.9  50.4 -66.6 -33.8  -33.3   -4.9    7.2               
  477  477 A L  T 3<5S-     0   0  130     -4,-2.2    -1,-0.2     2,-0.1    -2,-0.2   0.361 110.3-122.9 -84.1   0.7  -33.9   -1.8    5.0               
  478  478 A G  T < 5 +     0   0   62     -3,-1.1     2,-0.8     1,-0.2    -3,-0.2   0.534  59.4 149.5  67.4   8.0  -35.8   -3.9    2.3               
  479  479 A L      <       0   0  118     -5,-1.3    -1,-0.2    -6,-0.2    -2,-0.1  -0.644 360.0 360.0 -71.3 109.6  -33.3   -2.7   -0.4               
  480  480 A R              0   0  294     -2,-0.8    -5,-0.0    -3,-0.1     0, 0.0  -0.707 360.0 360.0 -78.4 360.0  -33.2   -5.7   -2.9               
