==== Secondary Structure Definition by the program DSSP, CMBI version 2.0                          ==== DATE=2026-03-08        .
REFERENCE W. KABSCH AND C.SANDER, BIOPOLYMERS 22 (1983) 2577-2637                                                              .
HEADER                                            01-AUG-25                                                                    .
COMPND    MOL_ID: 1; MOLECULE: RNA-BINDING PROTEIN 4; CHAIN: A                                                                 .
SOURCE    MOL_ID: 1; ORGANISM_SCIENTIFIC: HOMO SAPIENS; ORGANISM_TAXID: 9606                                                   .
AUTHOR                                                                                                                         .
  364  1  0  0  0 TOTAL NUMBER OF RESIDUES, NUMBER OF CHAINS, NUMBER OF SS-BRIDGES(TOTAL,INTRACHAIN,INTERCHAIN)                .
 36682.6   ACCESSIBLE SURFACE OF PROTEIN (ANGSTROM**2)                                                                         .
  216 59.3   TOTAL NUMBER OF HYDROGEN BONDS OF TYPE O(I)-->H-N(J)  , SAME NUMBER PER 100 RESIDUES                              .
    0  0.0   TOTAL NUMBER OF HYDROGEN BONDS IN     PARALLEL BRIDGES, SAME NUMBER PER 100 RESIDUES                              .
   46 12.6   TOTAL NUMBER OF HYDROGEN BONDS IN ANTIPARALLEL BRIDGES, SAME NUMBER PER 100 RESIDUES                              .
    1  0.3   TOTAL NUMBER OF HYDROGEN BONDS OF TYPE O(I)-->H-N(I-5), SAME NUMBER PER 100 RESIDUES                              .
    1  0.3   TOTAL NUMBER OF HYDROGEN BONDS OF TYPE O(I)-->H-N(I-4), SAME NUMBER PER 100 RESIDUES                              .
    4  1.1   TOTAL NUMBER OF HYDROGEN BONDS OF TYPE O(I)-->H-N(I-3), SAME NUMBER PER 100 RESIDUES                              .
    0  0.0   TOTAL NUMBER OF HYDROGEN BONDS OF TYPE O(I)-->H-N(I-2), SAME NUMBER PER 100 RESIDUES                              .
    0  0.0   TOTAL NUMBER OF HYDROGEN BONDS OF TYPE O(I)-->H-N(I-1), SAME NUMBER PER 100 RESIDUES                              .
    0  0.0   TOTAL NUMBER OF HYDROGEN BONDS OF TYPE O(I)-->H-N(I+0), SAME NUMBER PER 100 RESIDUES                              .
    0  0.0   TOTAL NUMBER OF HYDROGEN BONDS OF TYPE O(I)-->H-N(I+1), SAME NUMBER PER 100 RESIDUES                              .
   76 20.9   TOTAL NUMBER OF HYDROGEN BONDS OF TYPE O(I)-->H-N(I+2), SAME NUMBER PER 100 RESIDUES                              .
   22  6.0   TOTAL NUMBER OF HYDROGEN BONDS OF TYPE O(I)-->H-N(I+3), SAME NUMBER PER 100 RESIDUES                              .
   70 19.2   TOTAL NUMBER OF HYDROGEN BONDS OF TYPE O(I)-->H-N(I+4), SAME NUMBER PER 100 RESIDUES                              .
    1  0.3   TOTAL NUMBER OF HYDROGEN BONDS OF TYPE O(I)-->H-N(I+5), SAME NUMBER PER 100 RESIDUES                              .
  1  2  3  4  5  6  7  8  9 10 11 12 13 14 15 16 17 18 19 20 21 22 23 24 25 26 27 28 29 30     *** HISTOGRAMS OF ***           .
  0  0  0  0  0  0  1  0  2  0  2  0  0  0  1  0  0  0  1  0  0  0  0  0  0  0  0  0  0  0    RESIDUES PER ALPHA HELIX         .
  0  0  0  0  0  0  0  0  0  0  0  0  0  0  0  0  0  0  0  0  0  0  0  0  0  0  0  0  0  0    PARALLEL BRIDGES PER LADDER      .
  1  2  0  2  2  2  0  0  0  0  0  0  0  0  0  0  0  0  0  0  0  0  0  0  0  0  0  0  0  0    ANTIPARALLEL BRIDGES PER LADDER  .
  2  0  2  0  0  0  0  0  0  0  0  0  0  0  0  0  0  0  0  0  0  0  0  0  0  0  0  0  0  0    LADDERS PER SHEET                .
  #  RESIDUE AA STRUCTURE BP1 BP2  ACC     N-H-->O    O-->H-N    N-H-->O    O-->H-N    TCO  KAPPA ALPHA  PHI   PSI    X-CA   Y-CA   Z-CA            CHAIN
    1    1 A M              0   0  141      0, 0.0     2,-0.4     0, 0.0    42,-0.2   0.000 360.0 360.0 360.0 124.8  -11.0   10.3    9.4               
    2    2 A V  E     -A   42   0A  38     40,-2.7    40,-2.7    42,-0.2     2,-0.5  -0.965 360.0-139.1-116.1 133.9   -9.2    7.4   11.1               
    3    3 A K  E     -A   41   0A  29     -2,-0.4    67,-2.6    38,-0.2     2,-0.3  -0.847  18.1-160.1 -92.6 126.1   -9.1    3.9    9.6               
    4    4 A L  E     -AB  40  69A   0     36,-3.3    36,-1.6    -2,-0.5     2,-0.4  -0.774   7.7-143.6-101.8 145.9   -9.5    1.0   12.1               
    5    5 A F  E     -AB  39  68A  56     63,-3.2    63,-2.8    -2,-0.3     2,-0.6  -0.954   8.9-162.5-106.5 131.3   -8.6   -2.6   11.5               
    6    6 A I  E     -AB  38  67A   0     32,-2.9    32,-2.4    -2,-0.4     3,-0.3  -0.939  14.8-174.3-117.3 102.3  -10.8   -5.3   13.0               
    7    7 A G  E     + B   0  66A   6     59,-3.1    59,-2.7    -2,-0.6    30,-0.2  -0.498  58.9  31.8 -88.8 166.9   -9.0   -8.7   13.1               
    8    8 A N  S    S+     0   0   92     28,-0.3    29,-0.2    57,-0.2    -1,-0.2   0.828  74.4 175.5  55.1  37.3  -10.4  -12.1   14.1               
    9    9 A L        -     0   0    7     27,-2.3    -1,-0.2    -3,-0.3     2,-0.1  -0.573  31.0-120.5 -69.0 132.6  -13.9  -11.4   12.8               
   10   10 A P    >   -     0   0   17      0, 0.0     3,-1.4     0, 0.0    -1,-0.1  -0.398  20.9-117.0 -67.2 152.3  -16.2  -14.5   13.0               
   11   11 A R  T 3  S+     0   0  246      1,-0.3    24,-0.1    -2,-0.1    -2,-0.0   0.705 115.2  58.1 -63.4 -22.8  -17.7  -15.7    9.7               
   12   12 A E  T 3  S+     0   0  139     49,-0.1    -1,-0.3     2,-0.1     2,-0.3   0.609  78.6 113.2 -81.7 -16.9  -21.2  -14.8   11.0               
   13   13 A A    <   -     0   0   11     -3,-1.4     2,-0.2    47,-0.1    -4,-0.0  -0.405  55.7-153.9 -63.2 123.7  -20.3  -11.1   11.6               
   14   14 A T     >  -     0   0   61     -2,-0.3     4,-2.2     1,-0.1     5,-0.2  -0.619  24.6-119.1 -94.4 155.5  -22.2   -8.9    9.2               
   15   15 A E  H  > S+     0   0   79     -2,-0.2     4,-2.8     1,-0.2     5,-0.1   0.883 116.1  54.3 -58.5 -36.6  -21.1   -5.4    8.0               
   16   16 A Q  H  > S+     0   0  155      2,-0.2     4,-2.9     1,-0.2     5,-0.2   0.926 107.0  48.9 -66.0 -45.4  -24.3   -4.0    9.6               
   17   17 A E  H  > S+     0   0   76      2,-0.2     4,-2.3     1,-0.2    -2,-0.2   0.923 114.5  45.7 -59.9 -45.6  -23.5   -5.5   13.0               
   18   18 A I  H  X S+     0   0    1     -4,-2.2     4,-1.7     2,-0.2     5,-0.2   0.938 112.9  50.7 -63.8 -45.2  -19.9   -4.1   12.9               
   19   19 A R  H  X S+     0   0  100     -4,-2.8     4,-2.3     1,-0.2     3,-0.5   0.949 112.3  46.1 -57.2 -50.3  -21.2   -0.7   11.7               
   20   20 A S  H  X S+     0   0   75     -4,-2.9     4,-0.9     1,-0.2    -1,-0.2   0.863 109.8  54.8 -62.1 -38.0  -23.8   -0.5   14.6               
   21   21 A L  H  < S+     0   0   18     -4,-2.3    -1,-0.2    -5,-0.2    -2,-0.2   0.827 115.8  38.2 -63.7 -34.8  -21.1   -1.6   17.1               
   22   22 A F  H >X S+     0   0    0     -4,-1.7     3,-1.9    -3,-0.5     4,-1.4   0.774 101.7  72.0 -88.2 -26.5  -18.8    1.2   16.0               
   23   23 A E  H 3< S+     0   0  118     -4,-2.3    -2,-0.2     1,-0.3    -1,-0.1   0.772  86.0  68.7 -61.1 -24.8  -21.6    3.9   15.5               
   24   24 A Q  T 3< S+     0   0  121     -4,-0.9    -1,-0.3     1,-0.2    -2,-0.1   0.681 106.2  39.2 -66.8 -20.1  -21.9    4.0   19.4               
   25   25 A Y  T <4 S-     0   0   65     -3,-1.9     2,-0.3     1,-0.4    -2,-0.2   0.738 131.6 -36.8 -97.7 -33.4  -18.4    5.7   19.6               
   26   26 A G  S  < S-     0   0   18     -4,-1.4     2,-0.4    21,-0.1    -1,-0.4  -0.982  80.0 -50.5-178.5 173.2  -18.7    7.9   16.5               
   27   27 A K        -     0   0  131     -2,-0.3    16,-2.0    -3,-0.1     2,-0.5  -0.444  47.4-146.6 -67.0 116.1  -19.9    8.5   13.0               
   28   28 A V  E     +C   42   0A  21     -2,-0.4    14,-0.2    14,-0.2     3,-0.1  -0.725  18.2 179.8 -82.1 123.3  -18.9    5.5   10.7               
   29   29 A L  E     +     0   0A  74     12,-3.1     2,-0.3    -2,-0.5    -1,-0.2   0.835  69.0   4.9 -91.2 -41.3  -18.2    6.7    7.1               
   30   30 A E  E     -C   41   0A  90     11,-0.9    11,-3.0     2,-0.0     2,-0.4  -0.993  58.3-170.5-149.1 142.0  -17.3    3.4    5.5               
   31   31 A C  E     -C   40   0A   2     -2,-0.3     2,-0.4     9,-0.2     9,-0.2  -0.966   8.7-179.9-139.7 119.3  -17.2   -0.3    6.7               
   32   32 A D  E     -C   39   0A  64      7,-2.8     7,-2.7    -2,-0.4     2,-0.5  -0.982  10.9-161.4-124.7 127.8  -15.7   -3.2    4.7               
   33   33 A I  E     -C   38   0A  54     -2,-0.4     2,-0.5     5,-0.2     5,-0.3  -0.922   8.6-178.2-107.9 127.6  -15.5   -6.9    5.7               
   34   34 A I  E >   -C   37   0A  73      3,-3.0     3,-1.4    -2,-0.5     2,-0.7  -0.904  58.0 -64.1-128.5 103.4  -13.0   -9.1    3.9               
   35   35 A K  T 3  S-     0   0  179     -2,-0.5    -2,-0.0     1,-0.2     3,-0.0  -0.480 120.9  -7.4  60.3-105.8  -13.0  -12.8    4.9               
   36   36 A N  T 3  S+     0   0   90     -2,-0.7   -27,-2.3    -3,-0.0   -28,-0.3   0.029 131.4  51.5-111.4  16.5  -12.0  -12.9    8.7               
   37   37 A Y  E <   - C   0  34A  73     -3,-1.4    -3,-3.0   -29,-0.2     2,-0.3  -0.961  62.0-167.2-146.1 165.3  -11.1   -9.2    9.1               
   38   38 A G  E     -AC   6  33A   1    -32,-2.4   -32,-2.9    -2,-0.3     2,-0.4  -0.913  14.3-133.5-147.2 171.1  -12.6   -5.8    8.4               
   39   39 A F  E     -AC   5  32A  37     -7,-2.7    -7,-2.8    -2,-0.3     2,-0.4  -0.998  13.6-169.3-131.8 138.8  -12.0   -2.1    8.2               
   40   40 A V  E     -AC   4  31A   0    -36,-1.6   -36,-3.3    -2,-0.4     2,-0.6  -0.996  11.2-150.8-129.1 129.0  -14.0    0.8    9.6               
   41   41 A H  E     -AC   3  30A  13    -11,-3.0   -12,-3.1    -2,-0.4   -11,-0.9  -0.909  15.5-168.8 -99.5 116.6  -13.5    4.5    8.8               
   42   42 A I  E     -AC   2  28A   0    -40,-2.7   -40,-2.7    -2,-0.6   -14,-0.2  -0.834  20.3-141.5-103.6 139.8  -14.4    6.8   11.7               
   43   43 A E  S    S+     0   0  102    -16,-2.0     2,-0.2    -2,-0.4    -1,-0.1   0.974  83.6  54.5 -62.1 -53.7  -14.7   10.6   11.1               
   44   44 A D     >  -     0   0   76    -17,-0.2     4,-1.1   -43,-0.1   -42,-0.2  -0.548  67.4-147.6 -91.7 143.4  -13.2   11.6   14.5               
   45   45 A K  H  > S+     0   0  130     -2,-0.2     4,-2.0     2,-0.2     5,-0.1   0.875  99.3  51.2 -73.6 -39.7   -9.8   10.6   15.9               
   46   46 A T  H  > S+     0   0   83      1,-0.2     4,-2.5     2,-0.2     5,-0.2   0.959 109.8  49.8 -69.9 -43.4  -10.9   10.7   19.6               
   47   47 A A  H  > S+     0   0    8      1,-0.2     4,-2.4     2,-0.2    -1,-0.2   0.854 110.6  52.0 -55.8 -38.8  -14.0    8.5   18.9               
   48   48 A A  H  X S+     0   0    1     -4,-1.1     4,-2.4     2,-0.2    -1,-0.2   0.902 109.2  48.1 -68.7 -40.3  -11.6    6.0   17.0               
   49   49 A E  H  X S+     0   0   90     -4,-2.0     4,-2.6     2,-0.2    -2,-0.2   0.901 113.2  49.2 -65.0 -39.6   -9.2    5.8   20.0               
   50   50 A D  H  X S+     0   0   58     -4,-2.5     4,-2.1     2,-0.2     5,-0.3   0.918 110.5  50.2 -64.6 -43.3  -12.2    5.2   22.3               
   51   51 A A  H  X S+     0   0    0     -4,-2.4     4,-2.7     2,-0.2     5,-0.3   0.927 111.7  48.5 -61.5 -44.9  -13.5    2.5   20.0               
   52   52 A I  H  X S+     0   0   37     -4,-2.4     4,-1.6     1,-0.2    15,-0.2   0.959 113.0  47.8 -58.1 -51.4  -10.1    0.8   20.0               
   53   53 A R  H  < S+     0   0  181     -4,-2.6    -1,-0.2     1,-0.2    -2,-0.2   0.837 123.0  31.5 -61.6 -37.2   -9.8    0.9   23.8               
   54   54 A N  H  < S+     0   0   98     -4,-2.1    -1,-0.2    -5,-0.1    -2,-0.2   0.754 122.4  44.1 -95.9 -30.1  -13.3   -0.5   24.5               
   55   55 A L  H >< S+     0   0    1     -4,-2.7     3,-2.2    -5,-0.3     2,-0.3   0.571  80.5 112.1 -95.3 -11.6  -13.9   -2.8   21.5               
   56   56 A H  T 3< S+     0   0   65     -4,-1.6    10,-0.2    -5,-0.3   -50,-0.0  -0.501  96.5   5.8 -61.7 124.0  -10.4   -4.5   21.5               
   57   57 A H  T 3  S+     0   0  111      8,-2.3    -1,-0.3    -2,-0.3     9,-0.2   0.533  92.3 161.5  66.7  16.4  -11.2   -8.1   22.6               
   58   58 A Y    <   -     0   0  103     -3,-2.2     7,-2.7     7,-0.3     2,-0.9  -0.339  43.7-117.9 -60.3 138.8  -15.0   -7.5   22.4               
   59   59 A K  E     +D   64   0B 140      5,-0.2     2,-0.4     3,-0.1     5,-0.2  -0.743  39.3 172.5 -89.7 105.8  -16.9  -10.8   22.3               
   60   60 A L  E >  S-D   63   0B  21      3,-2.7     3,-2.4    -2,-0.9   -47,-0.1  -0.952  72.9 -15.6-113.9 125.1  -18.9  -11.0   19.0               
   61   61 A H  T 3  S-     0   0   83     -2,-0.4    -1,-0.2     1,-0.3   -49,-0.1   0.853 129.0 -54.7  48.9  37.8  -20.6  -14.4   18.1               
   62   62 A G  T 3  S+     0   0   52      1,-0.2     2,-0.4    -3,-0.1    -1,-0.3   0.252 120.5 105.0  83.3 -10.6  -18.4  -16.1   20.8               
   63   63 A V  E <  S-D   60   0B  49     -3,-2.4    -3,-2.7   -55,-0.0     2,-0.7  -0.805  71.8-125.3-106.0 137.3  -15.1  -14.8   19.2               
   64   64 A N  E     -D   59   0B  81     -2,-0.4    -5,-0.2    -5,-0.2     2,-0.2  -0.734  28.2-144.1 -80.8 116.1  -13.0  -12.0   20.6               
   65   65 A I        -     0   0    0     -7,-2.7    -8,-2.3    -2,-0.7     2,-0.7  -0.477   5.4-134.3 -79.7 149.6  -12.4   -9.4   17.9               
   66   66 A N  E     -B    7   0A  36    -59,-2.7   -59,-3.1   -10,-0.2     2,-0.6  -0.890  21.2-169.9-108.6 102.9   -9.1   -7.5   17.6               
   67   67 A V  E     +B    6   0A   0     -2,-0.7     2,-0.3   -61,-0.2   -61,-0.2  -0.846  19.2 152.6 -99.1 121.0   -9.6   -3.7   17.1               
   68   68 A E  E     -B    5   0A  70    -63,-2.8   -63,-3.2    -2,-0.6     2,-0.3  -0.939  53.9 -87.3-136.2 160.2   -6.5   -1.7   16.2               
   69   69 A A  E     -B    4   0A  57     -2,-0.3     2,-0.3   -65,-0.2   -65,-0.3  -0.558  59.4-106.6 -61.8 127.2   -5.5    1.5   14.3               
   70   70 A S        -     0   0   17    -67,-2.6     2,-0.7    -2,-0.3   -67,-0.2  -0.439  24.1-129.1 -61.8 121.7   -5.2    0.4   10.7               
   71   71 A K        -     0   0  175     -2,-0.3     2,-1.6     1,-0.1    -1,-0.1  -0.605  26.6-130.2 -62.9 109.6   -1.5    0.3    9.6               
   72   72 A N        -     0   0  100     -2,-0.7     2,-1.4     2,-0.1    -1,-0.1  -0.635  14.5-160.4 -66.3  93.8   -1.8    2.3    6.4               
   73   73 A K        -     0   0  128     -2,-1.6     2,-0.1     1,-0.1     4,-0.0  -0.828  56.1-100.3 -62.4  93.3    0.0    0.1    4.0               
   74   74 A S    >   -     0   0   16     -2,-1.4     3,-2.0     1,-0.2    -1,-0.1  -0.098  44.2-170.6 -37.8  96.6    0.1    3.5    2.2               
   75   75 A K  T 3  S+     0   0  147      1,-0.3    -1,-0.2    -2,-0.1    -2,-0.0   0.770  93.6  54.7 -60.3 -23.2   -2.7    3.3   -0.3               
   76   76 A T  T 3  S+     0   0  105     43,-0.1    -1,-0.3     2,-0.1     2,-0.1   0.388  82.5 117.2 -86.3  -5.4   -1.1    6.6   -1.5               
   77   77 A S    <   -     0   0   28     -3,-2.0     2,-0.6    43,-0.1    42,-0.2  -0.455  64.3-133.6 -64.5 140.2    2.4    5.0   -1.8               
   78   78 A T  E     -E  118   0C  22     40,-1.7    40,-2.5    -2,-0.1     2,-0.5  -0.866  13.3-145.4 -99.8 117.2    3.6    5.0   -5.3               
   79   79 A K  E     -E  117   0C  59     -2,-0.6    67,-2.9    38,-0.2     2,-0.3  -0.753  15.2-159.6 -82.4 126.3    5.0    1.7   -6.5               
   80   80 A L  E     -EF 116 145C   0     36,-3.4    36,-1.8    -2,-0.5     2,-0.5  -0.793   8.6-146.7-103.1 143.8    8.0    2.1   -9.0               
   81   81 A H  E     -EF 115 144C  48     63,-3.1    63,-2.8    -2,-0.3     2,-0.6  -0.977  12.3-164.7-107.9 123.9    9.2   -0.6  -11.4               
   82   82 A V  E     -EF 114 143C   0     32,-3.0    32,-2.6    -2,-0.5     3,-0.3  -0.940  10.6-168.0-113.8 109.3   13.0   -0.5  -12.0               
   83   83 A G  E     + F   0 142C   9     59,-3.2    59,-2.3    -2,-0.6    30,-0.2  -0.545  59.8  29.0 -92.9 163.4   14.2   -2.5  -15.0               
   84   84 A N  S    S+     0   0   83     28,-0.4    29,-0.2    57,-0.2    -1,-0.2   0.812  75.7 172.8  57.6  38.1   17.6   -3.6  -16.2               
   85   85 A I        -     0   0    2     27,-2.2    -1,-0.2    -3,-0.3    55,-0.1  -0.400  38.6-106.2 -70.1 144.8   19.1   -3.8  -12.7               
   86   86 A S    >   -     0   0   10     50,-0.2     3,-2.0    53,-0.1    -1,-0.1  -0.613  18.4-134.5 -67.5 134.9   22.6   -5.3  -12.3               
   87   87 A P  T 3  S+     0   0  105      0, 0.0    -1,-0.1     0, 0.0    24,-0.1   0.685 108.7  60.0 -63.8 -16.9   22.5   -8.9  -10.8               
   88   88 A T  T 3  S+     0   0   97     49,-0.1     2,-0.4     2,-0.1    49,-0.1   0.543  80.8 111.3 -81.3 -11.7   25.3   -7.6   -8.5               
   89   89 A C    <   -     0   0   11     -3,-2.0     2,-0.2    47,-0.1    -4,-0.0  -0.515  61.7-144.1 -70.4 123.4   23.0   -4.9   -7.1               
   90   90 A T     >  -     0   0   65     -2,-0.4     4,-2.4     1,-0.1     3,-0.3  -0.598  19.4-120.7 -82.9 149.6   22.1   -5.4   -3.4               
   91   91 A N  H  > S+     0   0   65     -2,-0.2     4,-2.7     1,-0.2     5,-0.1   0.875 114.8  54.3 -52.8 -38.9   18.6   -4.5   -2.1               
   92   92 A K  H  > S+     0   0  170      2,-0.2     4,-2.4     1,-0.2    -1,-0.2   0.877 108.1  47.2 -66.3 -42.5   20.3   -2.1    0.4               
   93   93 A E  H  > S+     0   0   81     -3,-0.3     4,-1.7     2,-0.2    -2,-0.2   0.915 113.6  47.7 -66.9 -43.7   22.3   -0.2   -2.3               
   94   94 A L  H  X S+     0   0    0     -4,-2.4     4,-1.7     2,-0.2     3,-0.3   0.950 112.6  50.0 -61.3 -47.4   19.2    0.1   -4.5               
   95   95 A R  H  X S+     0   0   95     -4,-2.7     4,-2.4     1,-0.2     3,-0.3   0.923 107.4  53.8 -54.8 -48.7   17.2    1.3   -1.5               
   96   96 A A  H  X S+     0   0   48     -4,-2.4     4,-0.8     1,-0.2    -1,-0.2   0.844 106.9  53.0 -58.4 -35.6   19.9    3.9   -0.6               
   97   97 A K  H  < S+     0   0   71     -4,-1.7     3,-0.3    -3,-0.3    -1,-0.2   0.880 112.6  42.5 -66.9 -40.2   19.7    5.3   -4.2               
   98   98 A F  H >X S+     0   0    0     -4,-1.7     3,-1.7    -3,-0.3     4,-1.3   0.817 104.6  65.9 -75.1 -28.7   15.9    5.8   -4.0               
   99   99 A E  H 3< S+     0   0  104     -4,-2.4    -1,-0.2     1,-0.3    -2,-0.2   0.738  86.8  70.7 -66.1 -21.2   16.2    7.2   -0.4               
  100  100 A E  T 3< S+     0   0  129     -4,-0.8    -1,-0.3    -3,-0.3    -2,-0.2   0.752 107.6  37.0 -61.3 -25.1   18.2   10.2   -1.9               
  101  101 A Y  T <4 S-     0   0   72     -3,-1.7    -2,-0.2     1,-0.3    -1,-0.2   0.726 131.8 -41.5-100.3 -30.5   14.7   11.3   -3.4               
  102  102 A G  S  < S-     0   0   10     -4,-1.3    -1,-0.3    22,-0.1     2,-0.2  -0.958  79.4 -45.1 175.1 172.2   12.4   10.3   -0.5               
  103  103 A P        -     0   0   56      0, 0.0    16,-2.4     0, 0.0     2,-0.6  -0.345  49.0-148.3 -63.1 120.9   11.4    7.8    2.2               
  104  104 A V  E     -G  118   0C   8     -2,-0.2    14,-0.2    14,-0.2     3,-0.1  -0.813  14.9-175.4 -91.5 118.8   11.4    4.2    0.8               
  105  105 A I  E    S-     0   0C  56     12,-2.5     2,-0.3    -2,-0.6    -1,-0.2   0.960  71.6  -0.3 -73.9 -54.5    8.8    1.9    2.5               
  106  106 A E  E     -G  117   0C  71     11,-0.9    11,-3.2     2,-0.0     2,-0.4  -0.994  56.4-168.6-145.3 142.4    9.8   -1.3    0.7               
  107  107 A C  E     +G  116   0C   9     -2,-0.3     2,-0.4     9,-0.2     9,-0.2  -0.998  11.4 178.6-133.2 126.8   12.4   -2.4   -1.9               
  108  108 A D  E     -G  115   0C  83      7,-2.6     7,-3.0    -2,-0.4     2,-0.5  -0.989  15.1-154.3-135.2 124.7   12.3   -5.8   -3.6               
  109  109 A I  E     -G  114   0C  52     -2,-0.4     2,-0.5     5,-0.2     5,-0.3  -0.865  11.0-175.6 -99.3 126.1   14.7   -7.2   -6.3               
  110  110 A V  E >   -G  113   0C  54      3,-2.9     3,-1.8    -2,-0.5     2,-0.5  -0.897  56.7 -68.0-124.7  99.8   13.2   -9.8   -8.6               
  111  111 A K  T 3  S-     0   0  174     -2,-0.5    -2,-0.0     1,-0.2     0, 0.0  -0.467 119.7  -5.5  59.6-109.3   15.9  -11.2  -11.0               
  112  112 A D  T 3  S+     0   0   93     -2,-0.5   -27,-2.2    -3,-0.1   -28,-0.4   0.263 132.1  51.9-101.2   4.2   16.8   -8.4  -13.5               
  113  113 A Y  E <   - G   0 110C  73     -3,-1.8    -3,-2.9   -29,-0.2     2,-0.3  -0.888  65.4-153.0-135.7 166.9   14.1   -5.9  -12.2               
  114  114 A A  E     -EG  82 109C   0    -32,-2.6   -32,-3.0    -2,-0.3     2,-0.4  -0.957   9.9-138.9-139.3 157.9   13.1   -4.4   -8.9               
  115  115 A F  E     -EG  81 108C  45     -7,-3.0    -7,-2.6    -2,-0.3     2,-0.4  -0.988  18.2-172.1-118.6 128.8   10.0   -2.8   -7.1               
  116  116 A V  E     -EG  80 107C   0    -36,-1.8   -36,-3.4    -2,-0.4     2,-0.7  -0.978  11.5-152.9-122.4 128.1   10.4    0.2   -4.9               
  117  117 A H  E     -EG  79 106C  31    -11,-3.2   -12,-2.5    -2,-0.4   -11,-0.9  -0.914  12.3-162.1-102.2 110.0    7.5    1.6   -2.8               
  118  118 A M  E     -EG  78 104C   0    -40,-2.5   -40,-1.7    -2,-0.7   -14,-0.2  -0.738  17.0-140.8 -88.2 137.1    7.9    5.3   -2.2               
  119  119 A E  S    S+     0   0  102    -16,-2.4     2,-0.3    -2,-0.4    -1,-0.1   0.896  87.9  45.1 -62.9 -39.7    5.8    6.8    0.7               
  120  120 A R  S  > S-     0   0  111    -17,-0.3     4,-1.3   -43,-0.1   -42,-0.1  -0.836  70.6-144.3-112.4 141.4    5.0   10.0   -1.3               
  121  121 A A  H  > S+     0   0   37     -2,-0.3     4,-1.7     2,-0.2     5,-0.1   0.864 100.9  55.8 -71.2 -35.8    3.9   10.3   -4.9               
  122  122 A E  H  > S+     0   0  110      1,-0.2     4,-2.1     2,-0.2     3,-0.3   0.945 107.8  48.0 -62.9 -45.9    5.8   13.5   -5.5               
  123  123 A D  H  > S+     0   0   26      1,-0.2     4,-2.6     2,-0.2    -1,-0.2   0.836 108.5  55.8 -66.0 -32.6    9.1   11.9   -4.5               
  124  124 A A  H  X S+     0   0    0     -4,-1.3     4,-2.1     2,-0.2    -1,-0.2   0.883 107.5  48.3 -66.2 -38.6    8.4    8.9   -6.7               
  125  125 A V  H  X S+     0   0   62     -4,-1.7     4,-2.4    -3,-0.3    -2,-0.2   0.907 112.6  48.1 -68.2 -41.9    8.0   11.2   -9.8               
  126  126 A E  H  X S+     0   0   97     -4,-2.1     4,-2.4     2,-0.2     5,-0.2   0.927 110.7  51.7 -64.8 -41.4   11.3   13.0   -8.9               
  127  127 A A  H  X S+     0   0    0     -4,-2.6     4,-2.7     2,-0.2     5,-0.4   0.904 109.9  49.8 -61.0 -42.0   13.0    9.6   -8.5               
  128  128 A I  H  X S+     0   0   37     -4,-2.1     4,-2.0     1,-0.2    15,-0.2   0.961 113.8  45.4 -58.8 -50.8   11.7    8.6  -12.0               
  129  129 A R  H  < S+     0   0  182     -4,-2.4    -2,-0.2     1,-0.2    -1,-0.2   0.830 121.8  37.2 -63.1 -36.6   13.0   11.8  -13.5               
  130  130 A G  H  < S+     0   0   30     -4,-2.4    -1,-0.2    -5,-0.1    -2,-0.2   0.822 125.1  34.1 -86.6 -37.3   16.4   11.6  -11.8               
  131  131 A L  H >< S+     0   0    8     -4,-2.7     3,-1.7    -5,-0.2    10,-0.2   0.656  88.4 106.0 -98.6 -20.9   17.1    7.8  -11.9               
  132  132 A D  T 3< S+     0   0   42     -4,-2.0    10,-0.2    -5,-0.4   -50,-0.0  -0.364  95.1   6.9 -60.1 137.7   15.5    6.8  -15.2               
  133  133 A N  T 3  S+     0   0   80      8,-1.4    -1,-0.3     1,-0.2     9,-0.1   0.487  99.7 138.5  65.0   9.6   18.2    6.2  -17.8               
  134  134 A T    <   -     0   0   45     -3,-1.7     7,-2.4     7,-0.3     2,-0.5  -0.450  57.7-111.1 -83.0 151.4   21.1    6.5  -15.2               
  135  135 A E  E     +H  140   0D 157      5,-0.2     2,-0.4    -2,-0.1     5,-0.2  -0.734  39.3 170.0 -84.0 123.5   24.2    4.3  -15.0               
  136  136 A F  E >  S-H  139   0D  28      3,-3.3     3,-1.6    -2,-0.5   -50,-0.2  -0.976  71.5 -15.1-137.6 117.7   24.3    2.0  -12.0               
  137  137 A Q  T 3  S-     0   0   72     -2,-0.4   -49,-0.1     1,-0.3     3,-0.1   0.873 127.8 -54.3  55.1  40.9   26.9   -0.7  -11.6               
  138  138 A G  T 3  S+     0   0   78      1,-0.2     2,-0.4   -52,-0.1    -1,-0.3   0.442 122.6  98.4  74.7   1.5   27.8   -0.5  -15.4               
  139  139 A K  E <  S-H  136   0D  74     -3,-1.6    -3,-3.3    -5,-0.0     2,-0.6  -0.927  75.2-124.2-113.9 146.5   24.1   -1.0  -16.4               
  140  140 A R  E     -H  135   0D 130     -2,-0.4    -5,-0.2    -5,-0.2     2,-0.2  -0.805  29.9-144.3 -85.9 114.8   21.6    1.7  -17.3               
  141  141 A M        -     0   0    4     -7,-2.4    -8,-1.4    -2,-0.6     2,-0.5  -0.523   2.3-146.0 -80.3 150.3   18.5    1.4  -15.1               
  142  142 A H  E     -F   83   0C  64    -59,-2.3   -59,-3.2   -10,-0.2     2,-0.5  -0.962  14.3-166.2-119.9 109.6   15.0    2.1  -16.3               
  143  143 A V  E     +F   82   0C   1     -2,-0.5     2,-0.3   -61,-0.2   -61,-0.2  -0.866  17.6 158.4-106.4 122.7   12.6    3.6  -13.7               
  144  144 A Q  E     -F   81   0C  98    -63,-2.8   -63,-3.1    -2,-0.5     2,-0.2  -0.948  48.6 -90.0-135.7 158.9    8.9    3.7  -14.4               
  145  145 A L  E     -F   80   0C 105     -2,-0.3     2,-0.3   -65,-0.2   -65,-0.2  -0.496  58.3-103.6 -60.6 130.6    5.6    4.0  -12.6               
  146  146 A S        -     0   0   21    -67,-2.9   -67,-0.2    -2,-0.2    -1,-0.1  -0.449  23.8-158.1 -64.7 126.5    4.5    0.4  -11.7               
  147  147 A T        +     0   0   91     -2,-0.3     2,-1.4     1,-0.1    -1,-0.2   0.453  53.0 127.1 -78.0  -2.2    1.7   -0.7  -14.1               
  148  148 A S        +     0   0   53    -69,-0.1     2,-0.6     3,-0.0    -2,-0.1  -0.442  31.1 174.0 -70.1  91.7    0.7   -3.3  -11.4               
  149  149 A R        -     0   0  231     -2,-1.4     2,-0.3     1,-0.0    -2,-0.0  -0.856  43.0-114.9 -79.4 122.7   -3.0   -3.0  -10.7               
  150  150 A L        -     0   0  157     -2,-0.6     2,-0.6     1,-0.1     3,-0.1  -0.501  25.9-130.5 -56.1 122.3   -3.7   -6.0   -8.3               
  151  151 A R        -     0   0  177     -2,-0.3    -1,-0.1     1,-0.2    -3,-0.0  -0.736  15.4-162.1 -72.3 120.8   -6.1   -8.3  -10.2               
  152  152 A T  S    S+     0   0  151     -2,-0.6    -1,-0.2     1,-0.1    -2,-0.0   0.773  74.9  41.7 -72.5 -25.7   -8.9   -9.0   -7.7               
  153  153 A A  S    S-     0   0   65      2,-0.2     2,-0.4    -3,-0.1     4,-0.2  -0.947  84.1-117.6-125.2 140.0   -9.9  -12.1   -9.8               
  154  154 A P  S    S+     0   0  139      0, 0.0     2,-0.1     0, 0.0    -2,-0.0  -0.631  79.5  63.6 -62.7 127.8   -8.1  -14.9  -11.7               
  155  155 A G  S    S-     0   0   56     -2,-0.4     2,-1.3     2,-0.1    -2,-0.2  -0.396  91.1 -88.9 131.6 150.1   -9.0  -14.4  -15.4               
  156  156 A M        -     0   0   80     -2,-0.1     2,-0.1     2,-0.0    15,-0.0  -0.803  51.3-150.7 -83.4  87.1   -8.7  -12.0  -18.4               
  157  157 A G    >   -     0   0   41     -2,-1.3     3,-2.8    -4,-0.2    -2,-0.1  -0.450  24.2-112.9 -58.2 144.7  -11.9  -10.1  -17.6               
  158  158 A D  T 3  S+     0   0  157      1,-0.3    11,-0.3    -2,-0.1    -1,-0.1   0.729 119.3  53.6 -53.3 -22.4  -13.5   -8.7  -20.8               
  159  159 A Q  T 3  S+     0   0  182      9,-0.1     2,-1.1     2,-0.1    -1,-0.3   0.355  80.3 106.1 -93.7  -3.2  -12.5   -5.2  -19.4               
  160  160 A S    <   -     0   0   41     -3,-2.8     9,-0.2     7,-0.0     3,-0.1  -0.724  64.6-146.2 -85.2  99.9   -8.8   -5.9  -18.8               
  161  161 A G        -     0   0   28     -2,-1.1     7,-0.3     5,-0.2     6,-0.2  -0.215  34.2 -78.6 -55.9 151.4   -6.9   -4.1  -21.6               
  162  162 A C     >  -     0   0    2      5,-3.1     4,-2.9     1,-0.1    -1,-0.1  -0.283  37.9-132.2 -47.6 130.5   -3.7   -5.6  -23.1               
  163  163 A Y  T  4 S+     0   0  132      1,-0.2    -1,-0.1     2,-0.2    -2,-0.1   0.749 104.1  48.7 -65.7 -25.4   -0.8   -4.9  -20.7               
  164  164 A R  T  4 S+     0   0  113      3,-0.1    -1,-0.2     1,-0.1    -2,-0.0   0.858 131.9  11.2 -80.9 -39.1    1.4   -3.6  -23.6               
  165  165 A C  T  4 S-     0   0   30      2,-0.2    -2,-0.2    -3,-0.1     3,-0.1   0.385  89.5-123.6-124.2  -3.6   -1.1   -1.2  -25.2               
  166  166 A G     <  +     0   0   61     -4,-2.9     2,-0.3     1,-0.2    -5,-0.2   0.332  68.2 130.6  72.2  -4.6   -4.0   -0.8  -22.7               
  167  167 A K        -     0   0  134     -6,-0.2    -5,-3.1    -5,-0.1     3,-0.4  -0.626  52.4-132.8 -85.2 136.5   -6.5   -1.9  -25.5               
  168  168 A E  S    S+     0   0  137     -7,-0.3    -7,-0.1    -2,-0.3    -9,-0.1  -0.174  77.1  58.3 -70.8 167.8   -9.2   -4.6  -24.9               
  169  169 A G  S    S+     0   0   84    -11,-0.3     2,-0.3    -9,-0.2    -1,-0.2   0.369  96.0  57.5  91.9  -1.3   -9.9   -7.5  -27.3               
  170  170 A H  S    S-     0   0   38     -3,-0.4     2,-0.2     3,-0.0    -1,-0.1  -0.995  80.2-101.0-152.2 160.1   -6.5   -9.3  -27.4               
  171  171 A W    >   -     0   0  157     -2,-0.3     3,-0.9     1,-0.1    -9,-0.1  -0.530  33.1-118.3 -77.3 149.0   -3.7  -10.9  -25.3               
  172  172 A S  T 3  S+     0   0   33      1,-0.3     3,-0.4    -2,-0.2    -1,-0.1   0.690 118.8  56.8 -59.2 -19.5   -0.6   -9.0  -24.4               
  173  173 A K  T 3  S+     0   0  179      1,-0.2    -1,-0.3     3,-0.0   -11,-0.0   0.861 108.4  45.2 -75.4 -36.6    1.3  -11.7  -26.3               
  174  174 A E  S <  S+     0   0  126     -3,-0.9    -2,-0.2     2,-0.0    -1,-0.2  -0.012  83.7 143.3 -91.6  18.6   -0.8  -10.9  -29.4               
  175  175 A C        -     0   0   12     -3,-0.4    -3,-0.1     1,-0.2    -4,-0.0  -0.562  47.5-149.5 -66.7 122.8   -0.3   -7.2  -28.9               
  176  176 A P  S    S+     0   0   70      0, 0.0     8,-1.1     0, 0.0     2,-1.0   0.624  78.3  93.0 -70.2 -13.6    0.1   -5.5  -32.4               
  177  177 A I  B    S-I  183   0E  46      6,-0.2     6,-0.2     2,-0.1    -2,-0.1  -0.746  78.7-141.4 -77.7 105.8    2.4   -2.9  -30.6               
  178  178 A D    >   -     0   0   96      4,-1.3     3,-2.2    -2,-1.0     4,-0.3  -0.251  33.0 -93.5 -58.2 155.3    5.9   -4.3  -31.1               
  179  179 A R  T 3  S+     0   0  232      1,-0.3    -1,-0.1     2,-0.1    -2,-0.1   0.658 123.1  63.2 -48.8 -22.2    8.2   -3.9  -28.0               
  180  180 A S  T 3  S-     0   0   77      2,-0.1    -1,-0.3     1,-0.0     3,-0.1   0.251 114.9-107.9 -91.9   9.0    9.6   -0.6  -29.6               
  181  181 A G  S <  S+     0   0   60     -3,-2.2     2,-0.5     1,-0.3    -2,-0.1   0.634  72.3 142.1  70.3  13.1    6.3    1.4  -29.5               
  182  182 A R        -     0   0  156     -4,-0.3    -4,-1.3     3,-0.0     2,-0.4  -0.792  57.2-124.2 -80.9 123.4    5.9    1.2  -33.3               
  183  183 A V  B     -I  177   0E 112     -2,-0.5     2,-1.1    -6,-0.2    -6,-0.2  -0.601  26.1-123.0 -54.5 114.0    2.3    0.7  -34.4               
  184  184 A A        -     0   0   53     -8,-1.1     2,-0.2    -2,-0.4    -1,-0.1  -0.691  33.4-130.8 -62.9 101.0    2.5   -2.5  -36.4               
  185  185 A D    >   -     0   0  116     -2,-1.1     3,-1.6     1,-0.1     4,-0.3  -0.502   6.8-127.7 -59.8 126.1    1.0   -0.8  -39.5               
  186  186 A L  T 3> S+     0   0  139      1,-0.3     4,-1.2    -2,-0.2    -1,-0.1   0.456  92.9  95.2 -60.0  -0.4   -1.9   -3.0  -40.8               
  187  187 A T  H 3> S+     0   0   94      1,-0.2     4,-1.1     2,-0.2    -1,-0.3   0.810  77.3  55.4 -61.4 -33.7   -0.1   -2.8  -44.2               
  188  188 A E  H <> S+     0   0  163     -3,-1.6     4,-1.3     2,-0.2     3,-0.4   0.936 104.0  51.7 -72.8 -38.9    1.8   -6.1  -43.7               
  189  189 A Q  H  > S+     0   0  147     -4,-0.3     4,-1.5     1,-0.2    -1,-0.2   0.832 107.6  53.3 -70.7 -27.8   -1.3   -8.3  -43.0               
  190  190 A Y  H  X S+     0   0  151     -4,-1.2     4,-1.6     1,-0.2    -1,-0.2   0.840 106.2  54.1 -70.0 -30.7   -3.0   -7.0  -46.2               
  191  191 A N  H  <>S+     0   0   99     -4,-1.1     5,-0.8    -3,-0.4    -2,-0.2   0.750 108.1  48.8 -79.4 -23.1    0.1   -8.0  -48.2               
  192  192 A E  H ><5S+     0   0  162     -4,-1.3     3,-0.7     3,-0.2    -1,-0.2   0.861 108.1  54.0 -77.8 -36.1    0.0  -11.6  -46.9               
  193  193 A Q  H 3<5S+     0   0  150     -4,-1.5     2,-0.7     1,-0.3    -2,-0.2   0.884 114.2  41.7 -69.0 -36.0   -3.7  -12.0  -47.7               
  194  194 A Y  T 3<5S-     0   0  144     -4,-1.6    -1,-0.3    -5,-0.1     3,-0.1  -0.673 103.5-138.9-104.6  71.9   -3.1  -10.9  -51.3               
  195  195 A G  T < 5 -     0   0   49     -2,-0.7     2,-1.4    -3,-0.7    -3,-0.2  -0.042  17.1-117.2 -35.5 110.6    0.1  -13.0  -51.6               
  196  196 A A      < -     0   0   70     -5,-0.8     2,-0.3     1,-0.1    -1,-0.2  -0.467  26.2-143.0 -58.7  90.1    2.6  -10.9  -53.5               
  197  197 A V        -     0   0  117     -2,-1.4     2,-1.5    -3,-0.1    -1,-0.1  -0.518  22.2-120.4 -49.2 112.1    3.0  -13.1  -56.6               
  198  198 A R        -     0   0  236     -2,-0.3    -1,-0.1     2,-0.1    -2,-0.0  -0.618  32.7-155.8 -60.0  88.1    6.8  -12.6  -57.2               
  199  199 A T        -     0   0  115     -2,-1.5     2,-1.1     1,-0.1    -1,-0.1  -0.711  15.0-175.8 -75.2 103.0    6.1  -11.2  -60.7               
  200  200 A P        +     0   0  119      0, 0.0     2,-0.3     0, 0.0    -1,-0.1  -0.673  39.2 121.9 -98.3  70.2    9.4  -11.8  -62.5               
  201  201 A Y        -     0   0  199     -2,-1.1    -2,-0.1     1,-0.1     0, 0.0  -0.801  51.6 -48.1-146.2 108.1    8.4  -10.1  -65.7               
  202  202 A T        -     0   0   91     -2,-0.3    -1,-0.1     1,-0.1     2,-0.1   0.850  19.0-127.1  60.0 102.3    9.9   -7.3  -67.6               
  203  203 A M        +     0   0  188      1,-0.0    -1,-0.1     0, 0.0     0, 0.0  -0.016  66.6  83.3  32.1 115.1   11.2   -4.2  -68.0               
  204  204 A S        +     0   0  108     -2,-0.1     2,-0.0     1,-0.0    -1,-0.0   0.936  48.3  78.8  87.6  85.0    9.5   -2.0  -70.7               
  205  205 A Y  S    S-     0   0  233      0, 0.0    -1,-0.0     0, 0.0     0, 0.0  -0.044  76.6  -2.6-176.5 130.1    6.6    0.1  -70.9               
  206  206 A G        -     0   0   67      1,-0.2     2,-0.9    -2,-0.0     0, 0.0   0.998  42.5-143.8  83.9  78.4    5.7    3.6  -69.7               
  207  207 A D        -     0   0  141      2,-0.1     2,-0.7     1,-0.1    -1,-0.2  -0.540  26.2-175.9 -48.0  92.6    7.9    6.1  -67.9               
  208  208 A S        -     0   0   99     -2,-0.9     2,-1.7     1,-0.1     3,-0.2  -0.849  11.3-160.9-107.8  92.8    5.1    7.6  -65.7               
  209  209 A L        +     0   0  148     -2,-0.7    -2,-0.1     1,-0.2    -1,-0.1  -0.039  54.7 115.4 -62.2  30.0    7.0   10.4  -63.9               
  210  210 A Y        +     0   0  192     -2,-1.7     2,-1.3     2,-0.1    -1,-0.2   0.217  32.4 108.7-101.6  18.5    4.3   10.7  -61.1               
  211  211 A Y  S    S-     0   0  220     -3,-0.2     2,-0.3     3,-0.0     5,-0.1  -0.786  78.0-130.5 -84.7  91.9    6.3    9.5  -58.1               
  212  212 A N    >>  -     0   0  108     -2,-1.3     3,-2.2     1,-0.2     4,-0.5  -0.280   6.1-144.8 -45.2 107.4    6.5   13.0  -56.6               
  213  213 A N  H 3> S+     0   0  150      1,-0.3     4,-1.4    -2,-0.3    -1,-0.2   0.618  90.1  85.7 -52.5 -13.8   10.2   13.7  -55.8               
  214  214 A A  H 3> S+     0   0   75      1,-0.2     4,-0.7     2,-0.2    -1,-0.3   0.856  89.7  46.0 -57.0 -36.3    8.8   15.6  -52.8               
  215  215 A Y  H <> S+     0   0  173     -3,-2.2     4,-1.8     2,-0.2    -1,-0.2   0.819 102.6  62.4 -83.3 -27.0    8.6   12.3  -50.7               
  216  216 A G  H  X S+     0   0   50     -4,-0.5     4,-1.8     1,-0.2    -2,-0.2   0.900 102.2  52.7 -62.3 -37.5   12.1   11.0  -51.7               
  217  217 A A  H  X S+     0   0   62     -4,-1.4     4,-2.2     1,-0.2    -1,-0.2   0.844 105.5  55.3 -64.2 -33.1   13.6   14.1  -49.9               
  218  218 A L  H  X S+     0   0   68     -4,-0.7     4,-2.6     2,-0.2    -2,-0.2   0.911 106.3  48.6 -71.3 -41.2   11.6   13.3  -46.8               
  219  219 A D  H  X S+     0   0   87     -4,-1.8     4,-2.4     2,-0.2    -2,-0.2   0.931 113.0  48.8 -63.1 -42.0   13.0    9.7  -46.5               
  220  220 A A  H  X S+     0   0   56     -4,-1.8     4,-2.1     2,-0.2    -2,-0.2   0.907 110.7  51.9 -62.6 -40.7   16.5   11.2  -46.9               
  221  221 A Y  H  X S+     0   0   62     -4,-2.2     4,-2.8     2,-0.2     5,-0.2   0.958 110.6  46.2 -59.8 -51.5   15.7   13.8  -44.2               
  222  222 A Y  H  X S+     0   0  148     -4,-2.6     4,-1.9     1,-0.2    -2,-0.2   0.893 112.0  51.5 -63.3 -38.9   14.6   11.2  -41.7               
  223  223 A K  H  X S+     0   0  132     -4,-2.4     4,-1.2    -5,-0.2    -1,-0.2   0.898 112.9  46.6 -61.1 -39.5   17.7    9.0  -42.4               
  224  224 A R  H  X S+     0   0  170     -4,-2.1     4,-1.7     2,-0.2     3,-0.3   0.930 110.6  50.1 -70.9 -45.2   19.9   12.1  -41.9               
  225  225 A C  H  < S+     0   0   25     -4,-2.8    -1,-0.2     1,-0.2    -2,-0.2   0.849 111.2  51.5 -60.9 -33.8   18.2   13.2  -38.6               
  226  226 A R  H  < S+     0   0  196     -4,-1.9    -1,-0.2    -5,-0.2    -2,-0.2   0.796 111.2  46.5 -71.8 -32.1   18.6    9.6  -37.4               
  227  227 A A  H  < S+     0   0   76     -4,-1.2     2,-0.4    -3,-0.3    -2,-0.2   0.709  90.3 100.2 -80.8 -23.6   22.4    9.5  -38.2               
  228  228 A A     <  -     0   0   27     -4,-1.7     6,-0.0     1,-0.1    -4,-0.0  -0.510  50.8-172.2 -67.8 117.9   22.9   13.0  -36.5               
  229  229 A R        +     0   0  252     -2,-0.4     2,-0.3     4,-0.0    -1,-0.1   0.415  67.8  57.1 -89.7  -2.3   24.4   12.5  -33.0               
  230  230 A S  S  > S-     0   0   59      1,-0.1     4,-1.4     0, 0.0     3,-0.4  -0.970  80.1-126.6-132.9 148.6   24.0   16.2  -32.1               
  231  231 A Y  H  > S+     0   0  202     -2,-0.3     4,-2.5     1,-0.2     3,-0.2   0.884 110.8  58.7 -58.1 -39.2   21.1   18.7  -32.0               
  232  232 A E  H  > S+     0   0  160      1,-0.2     4,-2.4     2,-0.2    -1,-0.2   0.879 103.6  51.4 -59.4 -39.3   23.1   21.1  -34.3               
  233  233 A A  H  > S+     0   0   41     -3,-0.4     4,-1.7     2,-0.2    -1,-0.2   0.851 110.3  48.9 -70.6 -32.3   23.3   18.4  -37.1               
  234  234 A V  H  X S+     0   0   47     -4,-1.4     4,-2.3     2,-0.2    -2,-0.2   0.928 111.5  49.5 -68.9 -44.5   19.5   17.9  -36.9               
  235  235 A A  H  X S+     0   0   48     -4,-2.5     4,-2.7     2,-0.2    -2,-0.2   0.916 110.6  50.1 -61.4 -42.6   18.9   21.6  -37.1               
  236  236 A A  H  X S+     0   0   64     -4,-2.4     4,-1.6     2,-0.2    -1,-0.2   0.895 109.6  51.1 -63.0 -40.0   21.2   21.9  -40.1               
  237  237 A A  H  X S+     0   0    7     -4,-1.7     4,-1.0     2,-0.2    -2,-0.2   0.927 112.9  45.8 -62.8 -42.6   19.3   19.0  -41.8               
  238  238 A A  H >X S+     0   0   26     -4,-2.3     4,-1.8     1,-0.2     3,-0.6   0.911 109.1  54.8 -67.1 -41.4   15.9   20.7  -41.2               
  239  239 A A  H 3X S+     0   0   46     -4,-2.7     4,-2.3     1,-0.2    -1,-0.2   0.829 102.1  58.5 -62.7 -31.8   17.3   24.1  -42.4               
  240  240 A S  H 3X S+     0   0   60     -4,-1.6     4,-1.3     2,-0.2    -1,-0.2   0.857 105.7  49.4 -66.0 -32.4   18.3   22.5  -45.7               
  241  241 A V  H <X S+     0   0   69     -4,-1.0     4,-1.7    -3,-0.6    -2,-0.2   0.917 111.1  49.3 -71.8 -41.4   14.7   21.4  -46.3               
  242  242 A Y  H  X S+     0   0  187     -4,-1.8     4,-1.9     1,-0.2    -2,-0.2   0.899 108.1  52.7 -67.0 -38.8   13.4   25.0  -45.6               
  243  243 A N  H  X S+     0   0  104     -4,-2.3     4,-1.7     1,-0.2    -1,-0.2   0.864 109.0  50.8 -65.1 -33.8   16.0   26.7  -48.0               
  244  244 A Y  H  X S+     0   0  160     -4,-1.3     4,-1.4     2,-0.2    -1,-0.2   0.887 107.3  54.1 -68.9 -36.6   14.8   24.3  -50.8               
  245  245 A A  H  X S+     0   0   50     -4,-1.7     4,-2.0     2,-0.2    -2,-0.2   0.905 108.1  49.1 -64.8 -39.2   11.1   25.3  -50.1               
  246  246 A E  H  X S+     0   0  148     -4,-1.9     4,-1.5     1,-0.2    -1,-0.2   0.902 108.6  52.8 -68.8 -37.7   11.9   29.0  -50.5               
  247  247 A Q  H  < S+     0   0  134     -4,-1.7    -1,-0.2     1,-0.2    -2,-0.2   0.814 112.9  45.2 -66.3 -28.8   13.8   28.5  -53.8               
  248  248 A T  H >< S+     0   0   67     -4,-1.4     3,-1.3     2,-0.2    -2,-0.2   0.857 107.6  56.4 -83.5 -32.8   10.7   26.6  -55.2               
  249  249 A L  H >< S+     0   0  131     -4,-2.0     3,-1.2     1,-0.3    -2,-0.2   0.845 100.0  60.6 -67.4 -30.7    8.1   29.2  -53.9               
  250  250 A S  T 3< S+     0   0   97     -4,-1.5    -1,-0.3     1,-0.2    -2,-0.2   0.552  98.8  59.2 -73.5  -6.2    9.9   32.0  -55.9               
  251  251 A Q  T <  S+     0   0  167     -3,-1.3    -1,-0.2    -4,-0.1    -2,-0.2   0.374  75.2 111.7-103.7   3.1    9.3   30.1  -59.2               
  252  252 A L  S <  S-     0   0  117     -3,-1.2     2,-0.1    -4,-0.2    -3,-0.0  -0.652  75.7-112.6 -77.4 128.5    5.5   30.0  -59.0               
  253  253 A P        -     0   0  109      0, 0.0     2,-1.1     0, 0.0    -1,-0.1  -0.361  24.7-118.3 -60.2 130.9    3.8   32.2  -61.7               
  254  254 A Q        -     0   0  188     -2,-0.1     2,-0.9     1,-0.1    -2,-0.0  -0.597  29.9-145.9 -66.3  97.5    2.0   35.3  -60.3               
  255  255 A V        -     0   0  114     -2,-1.1     2,-1.4     1,-0.1    -1,-0.1  -0.650   4.9-147.2 -73.1 105.5   -1.5   34.5  -61.6               
  256  256 A Q        -     0   0  177     -2,-0.9     2,-1.7     1,-0.1    -1,-0.1  -0.640  11.6-164.2 -70.4  91.0   -3.1   37.9  -62.3               
  257  257 A N        -     0   0  151     -2,-1.4     2,-0.6     3,-0.0     3,-0.1  -0.624  13.1-176.4 -80.9  81.8   -6.7   37.1  -61.5               
  258  258 A T        -     0   0  130     -2,-1.7    -2,-0.0     1,-0.2     0, 0.0  -0.774  39.0 -28.6 -72.4 122.5   -8.3   40.1  -63.2               
  259  259 A A        +     0   0   88     -2,-0.6    -1,-0.2     1,-0.0     0, 0.0   0.892  55.3 131.0  54.6 107.0  -12.1   40.5  -62.7               
  260  260 A M        +     0   0  194     -3,-0.1     2,-0.8     0, 0.0    -1,-0.0  -0.218  28.0 150.0-157.2  84.2  -15.2   38.7  -62.2               
  261  261 A A        +     0   0   99      0, 0.0     2,-0.1     0, 0.0    -2,-0.0  -0.925  32.8 104.5 -93.6 102.3  -17.0   40.4  -59.3               
  262  262 A S        -     0   0  106     -2,-0.8     0, 0.0     2,-0.0     0, 0.0  -0.481  58.0  -5.2-176.3 134.4  -20.8   40.0  -59.8               
  263  263 A H        +     0   0  174     -2,-0.1    -1,-0.0     1,-0.0     0, 0.0   0.985  53.0 115.7  64.5  96.9  -23.8   38.1  -58.5               
  264  264 A L        -     0   0  168      0, 0.0     2,-0.9     0, 0.0    -1,-0.0  -0.250  28.7-178.7-160.8  91.3  -24.4   35.4  -56.1               
  265  265 A T        +     0   0  130      2,-0.1     2,-0.2     1,-0.0     0, 0.0  -0.727  20.0 152.5 -64.5 102.7  -26.6   36.6  -53.2               
  266  266 A S        -     0   0   98     -2,-0.9     2,-1.5     2,-0.1    -1,-0.0  -0.743  33.6-157.4-140.0 101.6  -26.9   33.5  -51.0               
  267  267 A T        +     0   0  153     -2,-0.2     2,-0.5     2,-0.0    -2,-0.1  -0.645  28.4 162.8 -53.8  85.3  -27.4   34.1  -47.3               
  268  268 A S        -     0   0  106     -2,-1.5     2,-0.5     2,-0.0    -2,-0.1  -0.975  36.6-136.7-112.0 107.1  -26.2   30.7  -46.2               
  269  269 A L        -     0   0  169     -2,-0.5    -2,-0.0     1,-0.1     0, 0.0  -0.564  16.1-139.0 -60.0 110.3  -25.5   31.0  -42.5               
  270  270 A D    >   -     0   0  122     -2,-0.5     3,-1.3     1,-0.1    -1,-0.1  -0.690   4.7-143.7 -76.2 121.2  -22.1   29.2  -42.0               
  271  271 A P  T 3  S+     0   0  123      0, 0.0    -1,-0.1     0, 0.0    -2,-0.1   0.448  89.6  73.6 -70.0   1.4  -22.4   27.2  -38.7               
  272  272 A Y  T 3   +     0   0  209      1,-0.1     2,-2.3     2,-0.1    -2,-0.0   0.321  55.6 122.0 -99.8   8.7  -18.7   27.9  -37.9               
  273  273 A D    <   -     0   0  138     -3,-1.3     2,-1.3     1,-0.1    -1,-0.1  -0.441  39.4-179.0 -74.5  74.5  -19.0   31.6  -36.9               
  274  274 A R        -     0   0  227     -2,-2.3     2,-0.3     1,-0.0    -1,-0.1  -0.732  29.2-129.3 -74.2  98.4  -17.6   31.2  -33.4               
  275  275 A H        -     0   0  177     -2,-1.3     2,-0.6     1,-0.1    -2,-0.0  -0.303  18.4-138.9 -40.9 104.9  -17.9   34.7  -32.0               
  276  276 A L        -     0   0  164     -2,-0.3    -1,-0.1     1,-0.0     3,-0.0  -0.708  22.1-120.9 -72.2 117.3  -14.4   35.4  -30.7               
  277  277 A L        -     0   0  158     -2,-0.6     2,-0.6     1,-0.1    -1,-0.0  -0.394  38.5 -94.9 -58.1 140.8  -14.9   37.3  -27.4               
  278  278 A P        -     0   0  121      0, 0.0     2,-0.7     0, 0.0    -1,-0.1  -0.469  32.8-156.7 -73.8 109.2  -13.2   40.7  -27.5               
  279  279 A T        -     0   0  135     -2,-0.6     3,-0.1    -3,-0.0     2,-0.0  -0.787  28.3-120.9 -77.6 116.7   -9.7   40.8  -26.0               
  280  280 A S        +     0   0  118     -2,-0.7    -1,-0.0     1,-0.1     0, 0.0  -0.295  68.3  29.7 -44.9 133.5   -9.0   44.4  -25.0               
  281  281 A G        -     0   0   71      1,-0.2     2,-0.8    -2,-0.0    -1,-0.1   0.996  46.9-150.5  87.1  81.1   -6.1   46.3  -26.5               
  282  282 A A        +     0   0  113     -3,-0.1    -1,-0.2     1,-0.0     2,-0.1  -0.644  41.5 152.0 -55.5 104.8   -4.3   46.3  -29.7               
  283  283 A A        -     0   0   92     -2,-0.8    -1,-0.0     0, 0.0     0, 0.0  -0.611  49.9 -41.3-150.9  99.5   -0.8   47.5  -28.5               
  284  284 A A        -     0   0   93      1,-0.2     2,-1.6    -2,-0.1     3,-0.3   0.871  26.4-174.1  72.1  76.1    2.4   46.6  -30.2               
  285  285 A T        +     0   0  153      1,-0.2    -1,-0.2     2,-0.1    -3,-0.0  -0.591  64.7 104.2 -66.2  68.4    3.7   43.4  -31.7               
  286  286 A A        +     0   0   95     -2,-1.6    -1,-0.2     2,-0.0     3,-0.1   0.442  54.6  63.9-141.9   9.2    7.1   45.1  -32.3               
  287  287 A A  S    S+     0   0  102     -3,-0.3     3,-0.5     1,-0.1    -2,-0.1   0.500  75.9  80.8-115.8  -1.3   10.0   44.1  -29.8               
  288  288 A A  S    S+     0   0  106      1,-0.2     3,-0.4     2,-0.1    -1,-0.1   0.482  72.9  76.0 -90.8  -0.1   10.7   40.3  -30.3               
  289  289 A A  S    S+     0   0  109      1,-0.2    -1,-0.2    -3,-0.1     3,-0.2   0.323  80.3  66.0 -98.1   9.6   13.0   40.3  -33.4               
  290  290 A A  S    S+     0   0   97     -3,-0.5     3,-0.4     1,-0.1    -1,-0.2   0.408  72.7  83.0-114.5   3.6   16.5   41.5  -32.0               
  291  291 A A  S    S+     0   0  105     -3,-0.4     3,-0.2     1,-0.2    -1,-0.1   0.428  74.3  67.9 -97.5   3.3   17.9   38.9  -29.5               
  292  292 A A  S    S+     0   0  107     -3,-0.2    -1,-0.2     1,-0.1     3,-0.1   0.417  78.5  73.1-107.7   3.7   19.6   36.1  -31.7               
  293  293 A A  S    S+     0   0  104     -3,-0.4     2,-0.3     1,-0.2    -1,-0.1   0.327  74.5  75.9-109.8   9.8   22.8   37.7  -33.3               
  294  294 A A        +     0   0  103     -3,-0.2    -1,-0.2     1,-0.1     3,-0.1  -0.550  60.6  92.7-126.6  68.5   25.5   38.2  -30.6               
  295  295 A A        +     0   0   96     -2,-0.3    -1,-0.1    -3,-0.1     2,-0.1  -0.159  55.4  92.6-149.6  50.6   27.2   34.9  -29.6               
  296  296 A V        +     0   0  141     -3,-0.1     2,-0.3     2,-0.0    -1,-0.1  -0.593  40.3 116.8-139.8  83.2   30.3   34.5  -31.7               
  297  297 A T        -     0   0  144     -2,-0.1     2,-0.3    -3,-0.1    -3,-0.0  -0.826  45.0-160.6-135.6 106.2   33.5   35.8  -30.1               
  298  298 A A        +     0   0   96     -2,-0.3     2,-0.1     2,-0.0    -2,-0.0  -0.609  23.2 154.4 -67.2 136.6   36.0   33.1  -29.4               
  299  299 A A        -     0   0  102     -2,-0.3     2,-0.2     0, 0.0    -2,-0.0  -0.508  17.8-170.7-161.3 106.2   38.8   33.6  -26.9               
  300  300 A S        +     0   0  105     -2,-0.1    -2,-0.0     1,-0.1     0, 0.0  -0.491  36.7  37.2 -71.7 156.5   40.3   30.5  -25.2               
  301  301 A T        +     0   0  134     -2,-0.2     2,-0.1     1,-0.1    -1,-0.1   0.951  30.1 129.1  76.9 112.6   42.8   30.5  -22.3               
  302  302 A S        -     0   0  113      2,-0.0     2,-0.9     0, 0.0    -1,-0.1  -0.269  28.8-159.0-168.6 116.0   44.0   31.9  -19.1               
  303  303 A Y        +     0   0  229     -2,-0.1     2,-0.3     2,-0.0     0, 0.0  -0.725  30.6 146.6 -77.9  98.0   44.6   29.6  -16.1               
  304  304 A Y        -     0   0  219     -2,-0.9     2,-0.1     2,-0.0    -2,-0.0  -0.919  43.9-129.3-134.8 116.7   44.5   31.6  -12.8               
  305  305 A G        -     0   0   73     -2,-0.3     2,-0.7     1,-0.1    -2,-0.0  -0.386  14.3-133.8 -57.5 126.9   43.1   29.8   -9.7               
  306  306 A R        -     0   0  244     -2,-0.1    -1,-0.1     1,-0.0     3,-0.1  -0.833  30.5-116.9 -81.6 116.3   40.4   31.7   -7.8               
  307  307 A D        -     0   0  153     -2,-0.7     2,-0.5     1,-0.1    -1,-0.0  -0.208  26.2-108.9 -45.6 131.9   41.3   31.5   -4.1               
  308  308 A R        -     0   0  243      1,-0.1    -1,-0.1     2,-0.0    -3,-0.0  -0.608  41.0-115.0 -64.7 119.5   38.9   29.6   -1.9               
  309  309 A S        -     0   0  102     -2,-0.5     2,-1.2     1,-0.1    -1,-0.1  -0.424  17.8-141.6 -60.6 124.6   37.2   32.3    0.3               
  310  310 A P        -     0   0  126      0, 0.0     2,-0.7     0, 0.0    -1,-0.1  -0.745  21.3-171.3 -86.5  92.8   38.0   32.0    4.0               
  311  311 A L        -     0   0  166     -2,-1.2     2,-0.0     1,-0.1    -2,-0.0  -0.825  28.2-113.2 -89.9 118.5   34.6   32.9    5.6               
  312  312 A R        -     0   0  244     -2,-0.7     2,-0.5     1,-0.1    -1,-0.1  -0.209  15.8-120.2 -54.3 131.9   35.1   33.3    9.4               
  313  313 A R        -     0   0  239      1,-0.0     2,-0.8    -2,-0.0    -1,-0.1  -0.611  26.1-145.4 -63.0 114.3   33.6   31.0   12.0               
  314  314 A A        -     0   0  100     -2,-0.5     2,-0.7     2,-0.0    -1,-0.0  -0.861  10.9-157.6 -86.7 109.6   31.4   33.2   14.2               
  315  315 A T        -     0   0  140     -2,-0.8    -2,-0.0     2,-0.0     0, 0.0  -0.852  12.7-178.5 -83.0 114.7   31.7   31.8   17.8               
  316  316 A A        -     0   0   85     -2,-0.7     2,-0.2     0, 0.0    -2,-0.0  -0.970  28.1-117.8-111.3 136.1   28.6   32.9   19.8               
  317  317 A P        -     0   0  126      0, 0.0    -2,-0.0     0, 0.0     0, 0.0  -0.501  11.9-135.9 -81.6 140.3   28.6   31.7   23.5               
  318  318 A V        -     0   0  127     -2,-0.2     2,-0.6     2,-0.0     0, 0.0  -0.795  25.7-125.2 -84.9 128.0   26.0   29.3   25.1               
  319  319 A P        -     0   0  116      0, 0.0     2,-0.7     0, 0.0    -1,-0.0  -0.688  19.4-157.6 -76.3 120.6   24.9   30.5   28.6               
  320  320 A T        +     0   0  138     -2,-0.6     2,-0.3     0, 0.0    -2,-0.0  -0.912  21.5 168.9 -96.0 106.1   25.4   27.8   31.2               
  321  321 A V        -     0   0  144     -2,-0.7     2,-0.0     1,-0.1     0, 0.0  -0.915  20.9-121.1-138.9 125.2   23.1   28.5   34.2               
  322  322 A G        +     0   0   58     -2,-0.3    -1,-0.1     2,-0.0     0, 0.0   0.732  38.6 104.4 141.2 135.1   22.5   26.5   36.7               
  323  323 A E        -     0   0  192     -2,-0.0     2,-0.1     0, 0.0    -2,-0.1   0.822  23.2-136.4  72.2 123.8   21.0   24.1   39.3               
  324  324 A G        -     0   0   61      2,-0.0     2,-0.2     0, 0.0    -2,-0.0  -0.187  12.8-179.0 111.2  85.6   20.4   21.1   40.4               
  325  325 A Y        -     0   0  223     -2,-0.1     2,-0.4     2,-0.1     0, 0.0  -0.795  17.0-165.5-148.6 115.9   17.9   18.7   41.9               
  326  326 A G        -     0   0   73     -2,-0.2     2,-0.3     0, 0.0    -2,-0.0  -0.778   4.8-170.9 -85.9 138.7   18.7   15.1   42.8               
  327  327 A Y        -     0   0  236     -2,-0.4    -2,-0.1     1,-0.1     0, 0.0  -0.874  32.6 -35.6-139.4 126.7   16.3   12.4   43.6               
  328  328 A G        -     0   0   65     -2,-0.3     2,-0.8     1,-0.1    -1,-0.1   0.879  29.8-115.5 137.5 122.4   16.7    9.4   44.8               
  329  329 A H        -     0   0  175      1,-0.1     2,-1.0     2,-0.0    -1,-0.1  -0.584  23.2-173.1 -75.7 102.3   18.5    6.0   45.3               
  330  330 A E        -     0   0  198     -2,-0.8     2,-0.4     3,-0.0     3,-0.2  -0.815  20.1-165.7 -96.1  91.9   16.5    3.0   44.0               
  331  331 A S        -     0   0   72     -2,-1.0    -2,-0.0     1,-0.2     0, 0.0  -0.684  35.2 -31.0 -70.2 128.3   18.6    0.1   45.3               
  332  332 A E        -     0   0  187     -2,-0.4     2,-0.5     1,-0.1    -1,-0.2   0.726  38.5-179.7  55.4  83.0   18.4   -3.5   44.2               
  333  333 A L        -     0   0  167     -3,-0.2     3,-0.2     1,-0.1    -1,-0.1  -0.884  52.9 -79.0-114.0  97.7   15.5   -5.6   43.0               
  334  334 A S        -     0   0   94     -2,-0.5     2,-1.3     1,-0.2    -1,-0.1   0.709  13.2-127.8  48.4 102.8   16.7   -9.0   42.3               
  335  335 A Q        +     0   0  213      3,-0.0     2,-0.5     1,-0.0    -1,-0.2  -0.652  47.7 179.0 -57.8  93.7   18.5  -11.0   39.7               
  336  336 A A        -     0   0   74     -2,-1.3     3,-0.2    -3,-0.2    -1,-0.0  -0.930  37.6 -33.4-117.1 111.4   15.8  -13.6   39.5               
  337  337 A S        -     0   0  106     -2,-0.5     2,-1.9     1,-0.2    -1,-0.1   0.940  26.7-151.0  60.3  92.3   16.1  -16.5   37.0               
  338  338 A A        -     0   0  111     -3,-0.1     2,-1.0     2,-0.0    -1,-0.2  -0.649  34.3-166.6 -62.1  78.0   17.5  -17.0   33.6               
  339  339 A A        -     0   0   77     -2,-1.9     2,-0.8    -3,-0.2    -3,-0.0  -0.766  18.5-132.2 -76.4 103.3   14.9  -19.7   33.1               
  340  340 A A        -     0   0   88     -2,-1.0     2,-1.3     1,-0.1    -2,-0.0  -0.465  14.3-153.2 -52.9  99.4   16.2  -21.4   29.9               
  341  341 A R        -     0   0  240     -2,-0.8     2,-0.1     1,-0.0    -1,-0.1  -0.780  21.7-131.6 -77.7  95.8   13.1  -21.6   27.7               
  342  342 A N        -     0   0  149     -2,-1.3     2,-0.3     1,-0.1    -3,-0.0  -0.349  24.7-113.0 -45.9 117.9   14.1  -24.7   25.7               
  343  343 A S    >   -     0   0   94      1,-0.1     3,-0.8    -2,-0.1     2,-0.2  -0.497  14.7-138.5 -63.6 123.6   13.5  -23.7   22.0               
  344  344 A L  T 3  S+     0   0  170     -2,-0.3    -1,-0.1     1,-0.2     3,-0.1   0.146  85.5  89.7 -67.3  16.5   10.6  -25.9   20.6               
  345  345 A Y  T 3   +     0   0  210      1,-0.2     2,-0.3    -2,-0.2    -1,-0.2   0.326  51.2  95.4-107.5   8.9   12.7  -26.3   17.4               
  346  346 A D    <   +     0   0  144     -3,-0.8    -1,-0.2     1,-0.2     2,-0.1  -0.243  44.8 113.5 -99.1  44.3   14.8  -29.4   18.0               
  347  347 A M        +     0   0  185     -2,-0.3     2,-0.9    -3,-0.1    -1,-0.2  -0.439  32.7 139.0-103.9  54.6   12.4  -31.9   16.3               
  348  348 A A        +     0   0   80      1,-0.1     3,-0.1    -2,-0.1    -3,-0.0  -0.812  40.0  84.6 -94.8  84.9   14.9  -32.7   13.6               
  349  349 A R        +     0   0  235     -2,-0.9    -1,-0.1     1,-0.0    -3,-0.0   0.035  43.1  98.1-179.1  77.9   14.5  -36.5   13.2               
  350  350 A Y        +     0   0  228     -3,-0.1     2,-1.0     0, 0.0    -3,-0.0  -0.368  33.3 154.2-145.9  70.3   11.8  -38.1   11.1               
  351  351 A E        +     0   0  200     -3,-0.1     2,-0.1     1,-0.0    -3,-0.0  -0.872  20.1 142.4 -75.5 101.9   13.6  -39.0    7.8               
  352  352 A R        -     0   0  204     -2,-1.0    -1,-0.0     1,-0.0     0, 0.0  -0.463  38.2-126.0-153.5  92.3   11.4  -41.9    6.6               
  353  353 A E        +     0   0  164     -2,-0.1    -1,-0.0     2,-0.0     0, 0.0   0.916  42.3 120.2  55.5 148.7   10.6  -42.3    3.0               
  354  354 A Q        -     0   0  162      1,-0.1     2,-1.0     0, 0.0    -2,-0.0   0.925  20.0-170.5  93.2  78.5    8.1  -42.7    0.2               
  355  355 A Y        +     0   0  252      0, 0.0     2,-0.2     0, 0.0    -1,-0.1  -0.642  48.6 137.1 -33.5  91.5    7.3  -40.9   -2.8               
  356  356 A A        +     0   0   72     -2,-1.0     0, 0.0     1,-0.1     0, 0.0  -0.810  38.6  22.4-155.7 132.5    4.2  -42.9   -3.5               
  357  357 A D  S    S+     0   0  130     -2,-0.2    -1,-0.1     2,-0.1     3,-0.1   0.996  72.9  66.5  72.5  89.2    0.7  -41.8   -4.6               
  358  358 A R        +     0   0  209      0, 0.0     2,-1.2     0, 0.0    -2,-0.0   0.440  38.3 119.2 175.8  69.4   -0.9  -39.1   -6.2               
  359  359 A A        +     0   0  106      1,-0.1     3,-0.1     3,-0.0    -2,-0.1  -0.715  53.5 121.9 -82.3  71.3   -0.3  -38.3   -9.8               
  360  360 A R        +     0   0  193     -2,-1.2    -1,-0.1     1,-0.1     3,-0.1  -0.399  41.5  79.9-134.9  58.4   -4.0  -39.0  -10.2               
  361  361 A Y        +     0   0  219      1,-0.0     3,-0.1     0, 0.0    -1,-0.1  -0.347  55.9 100.7-152.7  66.4   -5.5  -35.8  -11.6               
  362  362 A S  S    S+     0   0  117      1,-0.2    -3,-0.0    -3,-0.1    -1,-0.0  -0.404  72.1  61.6-139.4  57.1   -4.8  -35.8  -15.3               
  363  363 A A              0   0   83      1,-0.2    -1,-0.2    -3,-0.1     0, 0.0  -0.081 360.0 360.0-177.1  79.8   -8.2  -37.0  -16.7               
  364  364 A F              0   0  285     -3,-0.1    -1,-0.2     0, 0.0     0, 0.0  -0.465 360.0 360.0-168.6 360.0  -11.3  -34.8  -16.1               
