==== Secondary Structure Definition by the program DSSP, CMBI version 2.0                          ==== DATE=2026-03-08        .
REFERENCE W. KABSCH AND C.SANDER, BIOPOLYMERS 22 (1983) 2577-2637                                                              .
HEADER                                            01-AUG-25                                                                    .
COMPND    MOL_ID: 1; MOLECULE: RNA-BINDING PROTEIN 24; CHAIN: A                                                                .
SOURCE    MOL_ID: 1; ORGANISM_SCIENTIFIC: HOMO SAPIENS; ORGANISM_TAXID: 9606                                                   .
AUTHOR                                                                                                                         .
  236  1  0  0  0 TOTAL NUMBER OF RESIDUES, NUMBER OF CHAINS, NUMBER OF SS-BRIDGES(TOTAL,INTRACHAIN,INTERCHAIN)                .
 25473.4   ACCESSIBLE SURFACE OF PROTEIN (ANGSTROM**2)                                                                         .
   83 35.2   TOTAL NUMBER OF HYDROGEN BONDS OF TYPE O(I)-->H-N(J)  , SAME NUMBER PER 100 RESIDUES                              .
    0  0.0   TOTAL NUMBER OF HYDROGEN BONDS IN     PARALLEL BRIDGES, SAME NUMBER PER 100 RESIDUES                              .
   23  9.7   TOTAL NUMBER OF HYDROGEN BONDS IN ANTIPARALLEL BRIDGES, SAME NUMBER PER 100 RESIDUES                              .
    1  0.4   TOTAL NUMBER OF HYDROGEN BONDS OF TYPE O(I)-->H-N(I-5), SAME NUMBER PER 100 RESIDUES                              .
    0  0.0   TOTAL NUMBER OF HYDROGEN BONDS OF TYPE O(I)-->H-N(I-4), SAME NUMBER PER 100 RESIDUES                              .
    1  0.4   TOTAL NUMBER OF HYDROGEN BONDS OF TYPE O(I)-->H-N(I-3), SAME NUMBER PER 100 RESIDUES                              .
    0  0.0   TOTAL NUMBER OF HYDROGEN BONDS OF TYPE O(I)-->H-N(I-2), SAME NUMBER PER 100 RESIDUES                              .
    0  0.0   TOTAL NUMBER OF HYDROGEN BONDS OF TYPE O(I)-->H-N(I-1), SAME NUMBER PER 100 RESIDUES                              .
    0  0.0   TOTAL NUMBER OF HYDROGEN BONDS OF TYPE O(I)-->H-N(I+0), SAME NUMBER PER 100 RESIDUES                              .
    0  0.0   TOTAL NUMBER OF HYDROGEN BONDS OF TYPE O(I)-->H-N(I+1), SAME NUMBER PER 100 RESIDUES                              .
   29 12.3   TOTAL NUMBER OF HYDROGEN BONDS OF TYPE O(I)-->H-N(I+2), SAME NUMBER PER 100 RESIDUES                              .
   13  5.5   TOTAL NUMBER OF HYDROGEN BONDS OF TYPE O(I)-->H-N(I+3), SAME NUMBER PER 100 RESIDUES                              .
   15  6.4   TOTAL NUMBER OF HYDROGEN BONDS OF TYPE O(I)-->H-N(I+4), SAME NUMBER PER 100 RESIDUES                              .
    0  0.0   TOTAL NUMBER OF HYDROGEN BONDS OF TYPE O(I)-->H-N(I+5), SAME NUMBER PER 100 RESIDUES                              .
  1  2  3  4  5  6  7  8  9 10 11 12 13 14 15 16 17 18 19 20 21 22 23 24 25 26 27 28 29 30     *** HISTOGRAMS OF ***           .
  0  0  0  1  0  0  1  1  0  0  0  0  0  0  0  0  0  0  0  0  0  0  0  0  0  0  0  0  0  0    RESIDUES PER ALPHA HELIX         .
  0  0  0  0  0  0  0  0  0  0  0  0  0  0  0  0  0  0  0  0  0  0  0  0  0  0  0  0  0  0    PARALLEL BRIDGES PER LADDER      .
  0  1  0  1  1  1  0  0  0  0  0  0  0  0  0  0  0  0  0  0  0  0  0  0  0  0  0  0  0  0    ANTIPARALLEL BRIDGES PER LADDER  .
  1  0  1  0  0  0  0  0  0  0  0  0  0  0  0  0  0  0  0  0  0  0  0  0  0  0  0  0  0  0    LADDERS PER SHEET                .
  #  RESIDUE AA STRUCTURE BP1 BP2  ACC     N-H-->O    O-->H-N    N-H-->O    O-->H-N    TCO  KAPPA ALPHA  PHI   PSI    X-CA   Y-CA   Z-CA            CHAIN
    1    1 A M              0   0  230      0, 0.0     2,-0.7     0, 0.0     0, 0.0   0.000 360.0 360.0 360.0 110.8  -14.4  -10.2   24.8               
    2    2 A H        -     0   0  187      2,-0.0     2,-1.2     3,-0.0     0, 0.0  -0.872 360.0-143.1 -87.3 116.1  -16.2   -7.8   22.5               
    3    3 A T        -     0   0  128     -2,-0.7     2,-0.8     1,-0.0     0, 0.0  -0.737  17.8-142.4 -71.7  99.7  -14.1   -7.0   19.4               
    4    4 A T        -     0   0  129     -2,-1.2     2,-0.6     1,-0.1    -1,-0.0  -0.601  15.9-135.1 -60.6 105.1  -15.1   -3.4   19.0               
    5    5 A Q        -     0   0  182     -2,-0.8     2,-0.4     1,-0.1    -1,-0.1  -0.611  16.8-131.5 -66.1 114.4  -15.2   -3.2   15.2               
    6    6 A K        -     0   0  101     -2,-0.6     2,-0.8     1,-0.1    -1,-0.1  -0.587  19.1-122.9 -65.8 121.4  -13.3    0.1   14.3               
    7    7 A D        +     0   0  105     -2,-0.4     3,-0.3     1,-0.2    -1,-0.1  -0.610  35.1 175.7 -69.3 107.4  -15.4    2.0   11.8               
    8    8 A T    >>  +     0   0   47     -2,-0.8     4,-2.3     1,-0.2     3,-0.7   0.331  47.7 107.4 -94.7   5.9  -13.0    2.4    8.9               
    9    9 A T  T 34 S+     0   0   61      1,-0.3    78,-0.6     2,-0.2    -1,-0.2   0.891  91.4  30.0 -53.5 -44.5  -15.7    4.2    6.6               
   10   10 A Y  T 34 S+     0   0  107     -3,-0.3    -1,-0.3     1,-0.1    -2,-0.1   0.452 123.0  49.2 -97.4  -4.6  -14.0    7.6    7.0               
   11   11 A T  T <4 S+     0   0   11     -3,-0.7    48,-2.4    54,-0.1     2,-0.5   0.572  89.4  93.7-106.1 -15.6  -10.4    6.3    7.4               
   12   12 A K  E  <  -A   58   0A  62     -4,-2.3    74,-2.8    46,-0.2    75,-0.4  -0.714  57.1-165.3 -88.2 126.2  -10.3    3.9    4.4               
   13   13 A I  E     -AB  57  85A   0     44,-3.3    44,-2.1    -2,-0.5     2,-0.4  -0.857  12.9-142.7-109.9 134.4   -8.9    5.3    1.2               
   14   14 A F  E     -AB  56  84A  58     70,-3.3    70,-2.1    -2,-0.4     2,-0.5  -0.876  15.7-165.7 -90.6 133.5   -9.3    3.7   -2.3               
   15   15 A V  E     +AB  55  83A   0     40,-2.5    40,-2.7    -2,-0.4     2,-0.2  -0.966  13.1 173.9-125.0 110.2   -6.2    4.2   -4.5               
   16   16 A G  E     +AB  54  82A   6     66,-2.9    66,-2.5    -2,-0.5    38,-0.2  -0.710  51.9  44.6-110.5 165.7   -6.6    3.4   -8.3               
   17   17 A G  S    S+     0   0   39     36,-1.0    37,-0.2    64,-0.2    -1,-0.1   0.639  72.6 158.6  77.5  16.8   -4.3    3.8  -11.3               
   18   18 A L        -     0   0    1     35,-1.8    -1,-0.2    -3,-0.2    59,-0.1  -0.330  47.7-101.7 -66.4 147.5   -1.2    2.3   -9.6               
   19   19 A P    >   -     0   0    4      0, 0.0     3,-1.5     0, 0.0    34,-0.2  -0.374  31.1-116.8 -57.0 149.6    1.7    0.8  -11.7               
   20   20 A Y  T 3  S+     0   0  164      1,-0.3    31,-0.7    32,-0.1    33,-0.1   0.599 115.5  54.8 -70.8  -9.7    1.7   -3.0  -11.8               
   21   21 A H  T 3  S+     0   0  134     56,-0.1    -1,-0.3    29,-0.1     2,-0.2   0.413  78.6 118.3 -98.8  -5.7    5.0   -3.0   -9.9               
   22   22 A T    <   -     0   0    5     -3,-1.5     2,-0.2    54,-0.1    31,-0.1  -0.497  50.4-158.5 -64.6 127.8    3.7   -0.9   -7.0               
   23   23 A T     >  -     0   0   68     -2,-0.2     4,-2.5     1,-0.1     5,-0.2  -0.577  33.3-104.8-100.1 164.7    4.0   -2.9   -3.7               
   24   24 A D  H  > S+     0   0   95      1,-0.2     4,-2.9    -2,-0.2     5,-0.1   0.908 124.0  53.1 -50.0 -42.1    2.2   -2.5   -0.3               
   25   25 A A  H  > S+     0   0   57      2,-0.2     4,-2.5     1,-0.2    -1,-0.2   0.889 109.0  45.6 -65.9 -43.2    5.5   -1.0    1.0               
   26   26 A S  H  > S+     0   0   29      2,-0.2     4,-1.5     1,-0.2    -2,-0.2   0.930 116.3  46.9 -68.4 -39.4    5.8    1.7   -1.8               
   27   27 A L  H  X S+     0   0    0     -4,-2.5     4,-1.8     2,-0.2     3,-0.2   0.931 112.4  49.9 -64.8 -44.9    2.1    2.6   -1.4               
   28   28 A R  H  X S+     0   0  131     -4,-2.9     4,-2.0     1,-0.2     3,-0.3   0.954 109.2  52.0 -57.2 -50.7    2.6    2.7    2.5               
   29   29 A K  H  < S+     0   0  165     -4,-2.5     4,-0.4     1,-0.2    -1,-0.2   0.790 108.6  52.2 -57.2 -33.9    5.7    5.0    2.1               
   30   30 A Y  H  < S+     0   0   73     -4,-1.5     3,-0.5    -3,-0.2    -1,-0.2   0.913 114.7  39.5 -68.4 -43.8    3.6    7.3   -0.1               
   31   31 A F  H >< S+     0   0    0     -4,-1.8     3,-2.0    -3,-0.3     4,-0.4   0.708  94.7  81.7 -83.0 -18.2    0.7    7.7    2.4               
   32   32 A E  G >< S+     0   0  117     -4,-2.0     3,-1.2     1,-0.3    -1,-0.2   0.798  81.4  67.2 -59.4 -28.0    2.9    7.9    5.6               
   33   33 A V  G 3  S+     0   0  118     -3,-0.5    -1,-0.3    -4,-0.4    -2,-0.1   0.745  98.9  51.8 -62.8 -24.2    3.5   11.6    4.9               
   34   34 A F  G <  S-     0   0   38     -3,-2.0    -1,-0.2     1,-0.3     2,-0.2   0.537 127.1 -73.1 -90.8  -8.5   -0.2   12.3    5.6               
   35   35 A G  S <  S-     0   0   21     -3,-1.2    -1,-0.3    -4,-0.4     2,-0.1  -0.828  74.9 -23.4 141.9-177.7   -0.2   10.4    9.0               
   36   36 A E        -     0   0  146     -2,-0.2    24,-2.8    -3,-0.1     2,-0.5  -0.346  55.0-142.2 -66.6 139.0   -0.0    7.0   10.7               
   37   37 A I  E     -C   59   0A  13     22,-0.3    22,-0.2     1,-0.1     3,-0.1  -0.922  18.6-176.1-108.7 124.3   -1.2    4.0    8.6               
   38   38 A E  E    S+     0   0A  99     20,-2.1     2,-0.3    -2,-0.5    21,-0.2   0.863  78.0   2.3 -81.0 -41.9   -3.2    1.1   10.2               
   39   39 A E  E     -C   58   0A 101     19,-1.8    19,-3.1   -11,-0.0     2,-0.3  -0.997  56.2-175.2-149.5 142.7   -3.2   -1.0    7.0               
   40   40 A A  E     +C   57   0A  21     -2,-0.3     2,-0.4    17,-0.2    17,-0.2  -0.952  16.0 169.9-140.7 118.0   -1.9   -0.7    3.4               
   41   41 A V  E     -C   56   0A  52     15,-2.8    15,-2.5    -2,-0.3     2,-0.4  -0.965  24.4-155.4-138.5 120.3   -2.8   -3.3    0.7               
   42   42 A V  E     -C   55   0A  17     -2,-0.4     2,-0.7    13,-0.3    13,-0.3  -0.784  31.4-126.1 -83.5 130.1   -2.3   -3.5   -3.1               
   43   43 A I  E     -     0   0A  46     11,-2.4     9,-2.9    -2,-0.4    11,-0.5  -0.712  30.3-172.0 -85.9 116.4   -4.9   -5.8   -4.6               
   44   44 A T  E     -C   51   0A  78     -2,-0.7     2,-0.4     7,-0.3     7,-0.3  -0.555  31.6-101.7 -93.6 159.0   -3.4   -8.6   -6.8               
   45   45 A D     >  -     0   0   52      5,-2.7     4,-1.9    -2,-0.2     5,-0.1  -0.761  25.4-141.8 -75.7 130.9   -5.2  -11.1   -9.0               
   46   46 A R  T  4 S+     0   0  243     -2,-0.4    -1,-0.1     1,-0.2    -2,-0.0   0.721  97.4  46.6 -68.6 -25.7   -5.3  -14.5   -7.2               
   47   47 A Q  T  4 S+     0   0  183      1,-0.1    -1,-0.2     3,-0.1    -3,-0.0   0.900 126.7  22.7 -83.8 -46.0   -4.7  -16.5  -10.4               
   48   48 A T  T  4 S-     0   0   82      2,-0.2    -2,-0.2     0, 0.0     3,-0.1   0.525  89.9-132.4 -98.6 -11.5   -1.7  -14.6  -11.9               
   49   49 A G     <  +     0   0   52     -4,-1.9     2,-0.1     1,-0.2    -3,-0.1   0.358  61.9 137.6  70.1  -4.0   -0.3  -12.9   -8.8               
   50   50 A K        -     0   0  149     -6,-0.1    -5,-2.7     1,-0.1    -1,-0.2  -0.438  63.0-102.0 -76.2 144.1   -0.2   -9.6  -10.8               
   51   51 A S  E     - C   0  44A  12    -31,-0.7    -7,-0.3    -7,-0.3    -1,-0.1  -0.391  18.9-144.6 -58.8 135.1   -1.2   -6.2   -9.3               
   52   52 A R  E     -     0   0A 140     -9,-2.9   -35,-0.2     2,-0.3    -1,-0.1   0.362  45.8-107.6 -80.0   2.9   -4.7   -5.1  -10.4               
   53   53 A G  E    S+     0   0A   9      1,-0.2   -35,-1.8   -34,-0.2   -36,-1.0   0.674  91.5  83.7  73.8  19.1   -3.5   -1.5  -10.5               
   54   54 A Y  E     +A   16   0A  39    -11,-0.5   -11,-2.4   -38,-0.2    -2,-0.3  -0.988  47.7 167.8-146.7 158.1   -5.5   -0.6   -7.3               
   55   55 A G  E     -AC  15  42A   0    -40,-2.7   -40,-2.5    -2,-0.3     2,-0.3  -0.864  25.4-118.4-150.5 180.0   -5.2   -0.8   -3.5               
   56   56 A F  E     -AC  14  41A  52    -15,-2.5   -15,-2.8    -2,-0.2     2,-0.4  -0.985  14.2-163.3-130.3 145.9   -6.6    0.3   -0.2               
   57   57 A V  E     -AC  13  40A   0    -44,-2.1   -44,-3.3    -2,-0.3     2,-0.6  -0.998   4.5-160.1-125.2 130.9   -5.1    2.4    2.7               
   58   58 A T  E     -AC  12  39A   5    -19,-3.1   -20,-2.1    -2,-0.4   -19,-1.8  -0.965  15.8-153.8-107.4 112.8   -6.6    2.5    6.2               
   59   59 A M  E     - C   0  37A   0    -48,-2.4   -22,-0.3    -2,-0.6   -23,-0.1  -0.585  18.7-132.7 -79.8 151.1   -5.3    5.6    8.1               
   60   60 A A  S    S+     0   0   27    -24,-2.8     2,-0.3    -2,-0.2   -23,-0.1   0.940  93.9  42.9 -62.7 -43.7   -5.2    5.6   12.0               
   61   61 A D  S  > S-     0   0   96    -25,-0.5     4,-1.6     1,-0.1     3,-0.3  -0.807  71.9-139.4-107.7 143.2   -6.9    9.0   11.9               
   62   62 A R  H  > S+     0   0  129     -2,-0.3     4,-2.5     1,-0.2     5,-0.2   0.903 107.2  57.8 -60.9 -41.3   -9.8   10.5    9.9               
   63   63 A A  H  > S+     0   0   58      1,-0.2     4,-2.1     2,-0.2    -1,-0.2   0.835 103.5  52.9 -63.4 -31.8   -7.9   13.8    9.5               
   64   64 A A  H  > S+     0   0    0     -3,-0.3     4,-2.3     2,-0.2    -1,-0.2   0.925 110.1  47.8 -67.4 -41.1   -5.0   11.9    7.9               
   65   65 A A  H  X S+     0   0    0     -4,-1.6     4,-1.8     2,-0.2    -2,-0.2   0.902 111.1  50.3 -66.4 -40.5   -7.5   10.3    5.4               
   66   66 A E  H  < S+     0   0   89     -4,-2.5     4,-0.4     2,-0.2    -2,-0.2   0.905 111.4  49.4 -65.1 -39.3   -9.1   13.7    4.6               
   67   67 A R  H >< S+     0   0  143     -4,-2.1     3,-1.2     1,-0.2     4,-0.5   0.936 111.4  48.8 -61.4 -46.8   -5.5   15.2    4.0               
   68   68 A A  H 3< S+     0   0    4     -4,-2.3     3,-0.4     1,-0.2    -2,-0.2   0.791 110.9  50.4 -66.0 -29.8   -4.6   12.3    1.7               
   69   69 A C  T 3< S+     0   0   29     -4,-1.8    -1,-0.2     1,-0.2    -2,-0.2   0.472  87.5  85.6 -85.2  -3.9   -8.0   12.8   -0.3               
   70   70 A K  S <  S+     0   0  167     -3,-1.2    -1,-0.2    -4,-0.4    -2,-0.2   0.870  92.2  47.1 -64.2 -37.5   -7.3   16.6   -0.7               
   71   71 A D  S    S-     0   0  101     -4,-0.5    -1,-0.2    -3,-0.4    12,-0.1  -0.864  74.1-173.6-103.1  94.4   -5.3   15.9   -3.8               
   72   72 A P  S    S+     0   0   62      0, 0.0    11,-2.1     0, 0.0    -1,-0.1   0.565  77.3  46.2 -70.5  -7.6   -7.5   13.4   -5.8               
   73   73 A N  S    S+     0   0   75      9,-0.2     9,-0.2     2,-0.0    -4,-0.0  -0.436  71.9 165.7-136.3  63.9   -4.7   12.8   -8.4               
   74   74 A P        -     0   0   12      0, 0.0     7,-3.0     0, 0.0     2,-0.6  -0.291  39.2-117.0 -70.5 161.9   -1.2   12.2   -6.9               
   75   75 A I  E     -D   80   0B 119      5,-0.2     2,-0.4     3,-0.0     5,-0.2  -0.923  35.9-179.3 -99.8 117.2    1.7   10.7   -8.9               
   76   76 A I  E >   -D   79   0B   2      3,-2.6     3,-2.3    -2,-0.6   -54,-0.1  -0.970  69.5 -10.7-119.9 129.6    2.8    7.4   -7.4               
   77   77 A D  T 3  S-     0   0   73     -2,-0.4    -1,-0.1     1,-0.3   -56,-0.1   0.834 131.1 -54.4  48.4  37.9    5.8    5.4   -8.8               
   78   78 A G  T 3  S+     0   0   76      1,-0.2     2,-0.4    -3,-0.1    -1,-0.3   0.480 119.2 102.8  78.3   5.3    5.8    7.8  -11.9               
   79   79 A R  E <  S-D   76   0B 115     -3,-2.3    -3,-2.6   -60,-0.0     2,-0.6  -0.943  78.2-110.6-119.7 141.6    2.0    7.3  -12.7               
   80   80 A K  E     -D   75   0B 137     -2,-0.4    -5,-0.2    -5,-0.2     2,-0.1  -0.574  42.1-168.3 -66.2 111.3   -1.0    9.5  -12.1               
   81   81 A A        -     0   0    3     -7,-3.0     2,-0.4    -2,-0.6   -64,-0.2  -0.329  17.8-127.3 -88.3 174.5   -3.1    7.7   -9.5               
   82   82 A N  E     -B   16   0A  65    -66,-2.5   -66,-2.9    -9,-0.2     2,-0.4  -0.996  22.0-166.2-127.3 125.1   -6.7    8.4   -8.3               
   83   83 A V  E     +B   15   0A   1    -11,-2.1     2,-0.3    -2,-0.4   -68,-0.2  -0.954  19.5 148.9-118.4 128.5   -7.4    8.8   -4.5               
   84   84 A N  E     -B   14   0A  60    -70,-2.1   -70,-3.3    -2,-0.4     2,-0.2  -0.986  54.5 -85.4-150.6 155.5  -10.9    8.8   -3.0               
   85   85 A L  E >>  -B   13   0A  23     -2,-0.3     3,-1.7   -72,-0.2     4,-0.7  -0.461  44.0-126.8 -64.1 132.1  -12.6    7.8    0.3               
   86   86 A A  H >> S+     0   0   13    -74,-2.8     4,-0.9     1,-0.3     3,-0.5   0.770 104.2  65.5 -64.0 -27.2  -13.4    4.0   -0.1               
   87   87 A Y  H 34 S+     0   0  103    -78,-0.6    -1,-0.3   -75,-0.4     3,-0.2   0.809  95.5  59.6 -62.4 -28.6  -17.1    4.3    0.7               
   88   88 A L  H <4 S+     0   0  101     -3,-1.7    -1,-0.2     1,-0.2    -2,-0.2   0.856 111.6  39.5 -66.9 -36.2  -17.5    6.4   -2.5               
   89   89 A G  H << S+     0   0   56     -4,-0.7     2,-2.1    -3,-0.5    -1,-0.2   0.558  88.4 105.0 -87.0 -11.2  -16.3    3.4   -4.6               
   90   90 A A     <  +     0   0   69     -4,-0.9    -1,-0.2    -3,-0.2    -3,-0.1  -0.235  43.3 168.0 -76.6  53.2  -18.1    0.8   -2.4               
   91   91 A K        -     0   0  179     -2,-2.1     2,-0.8     1,-0.1    -2,-0.0  -0.513  55.2 -96.4 -50.4 131.0  -20.9    0.0   -4.9               
   92   92 A P        -     0   0  121      0, 0.0     2,-1.6     0, 0.0    -1,-0.1  -0.437  37.3-146.9 -61.3 101.6  -22.5   -3.1   -3.3               
   93   93 A R        -     0   0  194     -2,-0.8     2,-1.2     2,-0.0    -3,-0.0  -0.685   3.5-151.0 -68.4  93.6  -20.8   -5.9   -5.2               
   94   94 A I        -     0   0  155     -2,-1.6     2,-1.1     1,-0.0    -1,-0.0  -0.677  21.3-137.1 -54.9  94.4  -23.6   -8.4   -5.2               
   95   95 A M        -     0   0  160     -2,-1.2    -1,-0.0     1,-0.0    -2,-0.0  -0.669  16.4-133.5 -62.6  98.5  -21.0  -11.1   -5.3               
   96   96 A Q        -     0   0  164     -2,-1.1     2,-0.2     1,-0.1    -1,-0.0  -0.523  18.7-126.7 -57.6 115.3  -22.8  -13.2   -7.9               
   97   97 A P        -     0   0   98      0, 0.0     2,-1.5     0, 0.0    -1,-0.1  -0.552  32.9-103.3 -61.8 132.6  -22.6  -16.7   -6.4               
   98   98 A G        +     0   0   80     -2,-0.2     2,-0.3     1,-0.0    -3,-0.0  -0.492  69.9 141.9 -63.9  91.1  -21.0  -18.9   -9.1               
   99   99 A F        -     0   0  186     -2,-1.5    -1,-0.0     3,-0.0     0, 0.0  -0.874  49.1 -81.6-142.5 106.5  -24.2  -20.7  -10.4               
  100  100 A A        -     0   0   86     -2,-0.3     2,-0.3     1,-0.1    -2,-0.0   0.590  23.2-174.1  28.9 109.5  -24.9  -21.5  -14.0               
  101  101 A F        +     0   0  206      2,-0.0     2,-0.5     0, 0.0    -1,-0.1  -0.744  40.7 172.3-100.3  73.1  -26.2  -19.9  -17.0               
  102  102 A G        -     0   0   55     -2,-0.3     2,-1.9     1,-0.1    -3,-0.0  -0.758  37.9-125.0 -73.2 123.7  -25.9  -23.5  -18.4               
  103  103 A V        +     0   0  130     -2,-0.5     2,-0.8     1,-0.1    -1,-0.1  -0.539  47.5 158.1 -77.0  80.1  -27.6  -23.4  -21.9               
  104  104 A Q        -     0   0  152     -2,-1.9     2,-1.1     2,-0.1    -1,-0.1  -0.842  20.0-170.9-101.6  87.1  -30.1  -26.3  -21.4               
  105  105 A Q        +     0   0  176     -2,-0.8     2,-0.3     1,-0.0    -2,-0.1  -0.748  22.8 158.5 -71.7  99.2  -32.7  -25.5  -24.0               
  106  106 A L        -     0   0  121     -2,-1.1    -2,-0.1     1,-0.1    -1,-0.0  -0.780  34.3 -73.0-140.9 101.8  -35.4  -28.1  -22.9               
  107  107 A H        -     0   0  147     -2,-0.3    -1,-0.1     1,-0.1     2,-0.0   0.941  13.3-160.3  58.1 132.8  -39.1  -27.9  -23.8               
  108  108 A P        +     0   0  143      0, 0.0     2,-0.6     0, 0.0    -1,-0.1  -0.620  50.2 155.2-121.7  78.7  -42.4  -26.4  -23.3               
  109  109 A A        -     0   0   69      1,-0.2     0, 0.0     2,-0.0     0, 0.0  -0.912  36.9 -30.2-101.8 119.8  -44.2  -29.4  -24.8               
  110  110 A L        -     0   0  148     -2,-0.6    -1,-0.2     0, 0.0     0, 0.0   0.921  57.3 -50.9  56.9 108.9  -47.8  -30.4  -24.0               
  111  111 A I        +     0   0  130      2,-0.0    -2,-0.0     0, 0.0     0, 0.0   0.950  41.4  59.9  89.2 133.1  -50.6  -30.4  -21.8               
  112  112 A Q        +     0   0  160      1,-0.1     0, 0.0     0, 0.0     0, 0.0   0.963  20.4 139.5  61.8  96.6  -53.0  -30.9  -18.9               
  113  113 A R        -     0   0  247      2,-0.0     2,-0.5     0, 0.0    -1,-0.1  -0.854  38.1-168.6-122.4 111.9  -53.6  -29.9  -15.4               
  114  114 A P        +     0   0  101      0, 0.0     2,-0.1     0, 0.0     0, 0.0  -0.844  30.7  98.0 -86.6 129.9  -57.4  -29.3  -15.2               
  115  115 A F        +     0   0  217     -2,-0.5    -2,-0.0     0, 0.0     0, 0.0  -0.026  53.1  27.4 170.9 131.4  -59.1  -27.6  -12.4               
  116  116 A G        -     0   0   64     -2,-0.1     0, 0.0     2,-0.0     0, 0.0   0.986  64.3 -98.2  97.5  74.8  -60.5  -24.3  -11.2               
  117  117 A I        -     0   0  175      1,-0.1     2,-0.1     0, 0.0     0, 0.0   0.787  35.5-104.9  36.3 138.2  -62.0  -21.2  -13.0               
  118  118 A P        -     0   0  119      0, 0.0     2,-0.3     0, 0.0    -1,-0.1  -0.428  10.6-154.6-100.9 164.9  -60.6  -17.7  -14.0               
  119  119 A A        -     0   0   96     -2,-0.1     0, 0.0     2,-0.0     0, 0.0  -0.977  29.5-128.5-138.0 130.1  -60.5  -14.0  -13.0               
  120  120 A H        +     0   0  171     -2,-0.3     2,-0.1     2,-0.0     0, 0.0  -0.200  37.0 144.8 -57.2 147.4  -59.8  -11.2  -15.6               
  121  121 A Y        +     0   0  230      2,-0.0     2,-0.3     0, 0.0    -2,-0.0  -0.289  15.4 178.1-166.3 141.3  -57.9   -8.3  -16.2               
  122  122 A V        +     0   0  120     -2,-0.1    -2,-0.0     2,-0.0     0, 0.0  -0.874   7.4 174.1-107.5 143.6  -56.5   -7.0  -19.6               
  123  123 A Y        -     0   0  225     -2,-0.3     2,-0.1     0, 0.0    -2,-0.0  -0.950  27.4-135.4-142.6 144.3  -54.5   -3.9  -20.6               
  124  124 A P        -     0   0  100      0, 0.0     2,-0.0     0, 0.0    -2,-0.0  -0.233  15.6 -76.4-108.0-179.1  -53.1   -3.5  -24.2               
  125  125 A Q        -     0   0  175     -2,-0.1     2,-0.6     1,-0.1     0, 0.0  -0.209  28.4-127.5 -71.9 154.4  -50.2   -2.5  -26.4               
  126  126 A A        -     0   0   97     -2,-0.0    -1,-0.1     1,-0.0     0, 0.0  -0.889  39.3-122.3-112.6  95.4  -48.5    0.8  -27.5               
  127  127 A F        -     0   0  186     -2,-0.6    -1,-0.0     1,-0.0     0, 0.0   0.263  25.0 -92.5  12.7 145.4  -48.1    1.4  -31.1               
  128  128 A V        +     0   0  110      0, 0.0    -1,-0.0     0, 0.0     0, 0.0   0.814  26.4 156.9 169.1 154.5  -46.0    2.0  -33.7               
  129  129 A Q        +     0   0  167      0, 0.0     2,-0.1     0, 0.0     0, 0.0   0.032  30.7 158.6 117.7 148.7  -43.7    3.3  -36.6               
  130  130 A P        +     0   0  110      0, 0.0     0, 0.0     0, 0.0     0, 0.0  -0.489   6.9  84.2-140.1 178.8  -40.7    2.1  -38.6               
  131  131 A G        -     0   0   71      1,-0.2     2,-0.3    -2,-0.1     0, 0.0   0.951   8.5-179.7  74.6 111.0  -38.1    1.6  -41.3               
  132  132 A V        -     0   0  146      0, 0.0    -1,-0.2     0, 0.0     2,-0.0  -0.974  43.2-110.3-134.8 148.6  -34.9    2.6  -43.0               
  133  133 A V        -     0   0  136     -2,-0.3     0, 0.0     1,-0.0     0, 0.0  -0.232  13.9-146.8 -80.8 157.6  -33.7    0.6  -46.1               
  134  134 A I        -     0   0  160     -2,-0.0     2,-0.5     0, 0.0    -1,-0.0  -0.979  16.4-139.0-115.3 132.9  -30.9   -1.9  -47.0               
  135  135 A P        -     0   0  114      0, 0.0     2,-0.1     0, 0.0     0, 0.0  -0.823  20.7-141.8 -87.9 125.0  -29.4   -2.0  -50.5               
  136  136 A H        -     0   0  169     -2,-0.5     2,-0.3     2,-0.0     0, 0.0  -0.445  14.8-169.6 -69.9 153.7  -28.7   -5.6  -51.8               
  137  137 A V        -     0   0  145     -2,-0.1     0, 0.0     2,-0.1     0, 0.0  -0.937  15.9-162.3-142.0 130.3  -25.6   -6.7  -53.8               
  138  138 A Q        +     0   0  156     -2,-0.3     2,-0.3     2,-0.0    -2,-0.0  -0.892  22.5 176.0-112.5 136.7  -25.7  -10.2  -55.4               
  139  139 A P        -     0   0  128      0, 0.0     2,-0.2     0, 0.0    -2,-0.1  -0.976  31.9-129.3-124.2 155.7  -23.3  -12.7  -56.9               
  140  140 A T        +     0   0  110     -2,-0.3    -2,-0.0     1,-0.1     0, 0.0  -0.658  37.7  15.2-101.6 152.3  -24.6  -16.1  -58.0               
  141  141 A A        +     0   0  100     -2,-0.2     2,-0.1     1,-0.1    -1,-0.1   0.988  37.5 112.1  67.5 107.3  -24.1  -19.9  -57.7               
  142  142 A A        -     0   0  107      2,-0.0     2,-0.4     0, 0.0    -1,-0.1  -0.411  34.8-153.0-164.6 142.5  -22.7  -22.8  -56.2               
  143  143 A A        +     0   0  107     -2,-0.1     2,-0.2     2,-0.0     0, 0.0  -0.807  27.7 143.6 -96.5 133.5  -24.5  -25.5  -54.3               
  144  144 A A        -     0   0  102     -2,-0.4     2,-0.4     2,-0.0    -2,-0.0  -0.754  32.9-142.3-156.7 124.5  -23.4  -27.9  -51.5               
  145  145 A S        +     0   0  111     -2,-0.2     2,-0.1     0, 0.0    -2,-0.0  -0.714  35.7 121.4 -78.1 129.7  -25.6  -29.0  -48.6               
  146  146 A T        -     0   0  127     -2,-0.4    -2,-0.0     0, 0.0     0, 0.0  -0.317  53.9 -58.7-176.5 136.9  -24.8  -29.6  -45.0               
  147  147 A T        -     0   0  119      1,-0.2     2,-0.9    -2,-0.1     0, 0.0   0.825  40.0-115.8  44.6 115.5  -25.6  -28.6  -41.4               
  148  148 A P        +     0   0  133      0, 0.0     2,-0.5     0, 0.0    -1,-0.2  -0.664  35.5 169.9 -80.2 106.9  -25.4  -25.2  -39.6               
  149  149 A Y        -     0   0  214     -2,-0.9     2,-1.2     2,-0.0     0, 0.0  -0.986  29.4-141.1-107.0 117.1  -22.9  -25.3  -36.7               
  150  150 A I        -     0   0  146     -2,-0.5     2,-0.4     2,-0.1     0, 0.0  -0.713  16.4-156.2 -79.6  97.4  -22.4  -21.7  -35.4               
  151  151 A D        -     0   0  109     -2,-1.2     2,-0.2     1,-0.1    -2,-0.0  -0.649   3.7-155.6 -73.5 127.1  -18.6  -21.7  -34.8               
  152  152 A Y        +     0   0  224     -2,-0.4     2,-0.4     2,-0.1    -1,-0.1  -0.304  56.2 101.2-103.6  45.2  -17.9  -18.9  -32.2               
  153  153 A T        +     0   0  121     -2,-0.2    -2,-0.1     2,-0.0     2,-0.0  -0.984  64.3  21.9-130.0 140.2  -14.2  -18.3  -33.1               
  154  154 A G  S >  S+     0   0   72     -2,-0.4     3,-0.9     1,-0.0    -2,-0.1  -0.196  80.7  92.4 117.3 -37.0  -12.4  -15.5  -35.1               
  155  155 A A  T 3  S+     0   0  110      1,-0.2     3,-0.2     2,-0.1    -2,-0.0   0.521  79.6  60.7 -78.5  -5.5  -14.3  -12.2  -35.4               
  156  156 A A  T 3  S+     0   0   68      1,-0.2    -1,-0.2     2,-0.1     3,-0.1   0.262  88.3  69.1-108.0  10.3  -12.9  -10.3  -32.3               
  157  157 A Y  S <  S+     0   0  213     -3,-0.9    -1,-0.2     1,-0.1    -2,-0.1  -0.366  78.2  72.4-130.1  54.6   -9.1  -10.1  -33.1               
  158  158 A A  S    S+     0   0   85     -3,-0.2     3,-0.3     3,-0.0     4,-0.2   0.455  78.7  68.9-136.5  -8.0   -8.6   -7.7  -36.1               
  159  159 A Q  S    S+     0   0  171      1,-0.2     4,-0.1    -3,-0.1    -2,-0.1   0.298  85.7  69.4-102.6  10.2   -9.3   -4.1  -34.7               
  160  160 A Y  S    S+     0   0  165      2,-0.1    -1,-0.2     1,-0.1    -3,-0.0  -0.252  88.3  55.8-127.4  43.7   -6.2   -3.6  -32.4               
  161  161 A S  S >  S+     0   0   99     -3,-0.3     3,-0.7     0, 0.0     4,-0.1   0.481  92.7  61.8-140.8 -21.7   -3.1   -3.4  -34.7               
  162  162 A A  G >  S+     0   0   86     -4,-0.2     3,-0.7     1,-0.2     4,-0.2   0.656  91.4  69.9 -80.2 -15.1   -3.8   -0.5  -37.2               
  163  163 A A  G 3  S+     0   0   89      1,-0.2    -1,-0.2     2,-0.1     3,-0.1   0.527  87.8  64.1 -82.6  -5.8   -4.0    2.2  -34.4               
  164  164 A A  G <  S+     0   0   91     -3,-0.7    -1,-0.2     1,-0.1     3,-0.2   0.549  94.7  56.4 -96.5  -8.9   -0.3    2.2  -33.5               
  165  165 A A  S <  S+     0   0   93     -3,-0.7     3,-0.3    -4,-0.1    -1,-0.1   0.510  95.5  63.4-100.5  -7.3    1.2    3.4  -36.9               
  166  166 A A  S >  S+     0   0   86     -4,-0.2     3,-0.5     1,-0.2    -1,-0.1   0.476  82.2  76.5 -98.5  -4.5   -0.7    6.8  -37.2               
  167  167 A A  G >  S+     0   0   84      1,-0.2     3,-0.5    -3,-0.2    -1,-0.2   0.447  72.9  79.8 -91.2  -0.6    0.6    8.7  -34.1               
  168  168 A A  G 3  S+     0   0  101     -3,-0.3    -1,-0.2     1,-0.2     3,-0.2   0.403  84.2  61.1 -88.4   1.4    4.1    9.7  -35.4               
  169  169 A A  G <  S+     0   0   93     -3,-0.5    -1,-0.2     1,-0.1    -2,-0.1   0.311  72.1  92.1-113.5   5.8    3.0   12.7  -37.5               
  170  170 A A    <   +     0   0   98     -3,-0.5     2,-0.5     1,-0.2    -1,-0.1   0.141  56.7 100.4 -91.0  18.4    1.5   15.1  -34.9               
  171  171 A A        +     0   0  101     -3,-0.2     2,-0.3     3,-0.0    -1,-0.2  -0.481  61.7  85.3-104.7  57.6    4.8   17.1  -34.2               
  172  172 A A        +     0   0   78     -2,-0.5     3,-0.1     1,-0.1    -3,-0.0  -0.955  68.0  36.0-152.5 147.4    4.1   20.2  -36.3               
  173  173 A Y        +     0   0  203      1,-0.3     2,-0.5    -2,-0.3    -1,-0.1   0.955  37.2 152.0  64.5  68.4    2.3   23.6  -35.6               
  174  174 A D        -     0   0  146     -3,-0.1     2,-0.6     2,-0.1    -1,-0.3  -0.969  42.5-152.8 -89.2 130.0    2.5   25.0  -32.3               
  175  175 A Q        +     0   0  145     -2,-0.5    -3,-0.0    -3,-0.1     0, 0.0  -0.794  39.0 135.6-120.1  89.7    2.1   28.6  -33.7               
  176  176 A Y        -     0   0  208     -2,-0.6     2,-0.1     2,-0.0    -2,-0.1  -0.999  37.1-148.6-129.2 129.6    3.6   31.5  -31.8               
  177  177 A P        +     0   0  111      0, 0.0    -2,-0.0     0, 0.0     0, 0.0  -0.381  32.3  83.0 -90.3 173.9    5.5   34.3  -33.8               
  178  178 A Y        +     0   0  231     -2,-0.1    -2,-0.0     0, 0.0     0, 0.0   0.460  45.8  46.0 107.0 136.8    8.3   36.8  -33.4               
  179  179 A A        -     0   0   88      0, 0.0     0, 0.0     0, 0.0     0, 0.0   0.943  51.9-140.6  75.8  72.5   12.1   37.7  -33.5               
  180  180 A A        +     0   0   94      2,-0.0     0, 0.0     0, 0.0     0, 0.0   0.466  31.3 140.0  33.0 121.6   14.7   36.8  -35.9               
  181  181 A S        -     0   0  118      2,-0.0     2,-0.4     0, 0.0     0, 0.0   0.116  13.1-176.1 176.1 129.3   18.0   35.9  -36.7               
  182  182 A P        +     0   0  134      0, 0.0     2,-0.3     0, 0.0    -2,-0.0  -0.798   6.2 170.4 -99.5 143.7   19.8   33.5  -39.3               
  183  183 A A        -     0   0  110     -2,-0.4     2,-0.3     2,-0.0    -2,-0.0  -0.979  22.8-143.2-144.4 148.2   23.5   32.6  -39.7               
  184  184 A A        +     0   0  107     -2,-0.3     2,-0.1     0, 0.0     0, 0.0  -0.813  25.1 154.2-124.8 150.7   24.8   29.8  -42.0               
  185  185 A A        +     0   0   97     -2,-0.3    -2,-0.0     0, 0.0     0, 0.0  -0.310  25.0  75.0 159.9 143.6   27.3   26.9  -42.7               
  186  186 A G        +     0   0   55     -2,-0.1     0, 0.0     0, 0.0     0, 0.0   0.727  18.0 169.7-178.7 152.3   27.6   24.1  -44.4               
  187  187 A Y        +     0   0  207      2,-0.0     0, 0.0     0, 0.0     0, 0.0   0.490  22.7  80.5  10.9 148.3   28.1   21.2  -46.8               
  188  188 A V        -     0   0  139      0, 0.0     2,-0.1     0, 0.0     0, 0.0   0.746  15.6-169.1-161.4 172.4   28.6   18.0  -47.8               
  189  189 A T        -     0   0  135      2,-0.0     2,-0.3     0, 0.0    -2,-0.0  -0.386   8.7-175.5 -79.7 158.5   27.7   14.3  -48.6               
  190  190 A A        +     0   0  104     -2,-0.1     2,-0.3     2,-0.0     0, 0.0  -0.880  11.1 163.2-151.2 137.5   29.7   11.1  -49.4               
  191  191 A G        +     0   0   78     -2,-0.3     2,-0.3     2,-0.0    -2,-0.0  -0.984   3.0 168.3-144.3 153.4   28.4    7.6  -50.4               
  192  192 A G        -     0   0   72     -2,-0.3     2,-0.3     2,-0.0    -2,-0.0  -0.940  20.3-135.2-170.1 144.6   30.0    4.5  -52.0               
  193  193 A Y        +     0   0  225     -2,-0.3     2,-0.3     2,-0.0    -2,-0.0  -0.761  16.3 178.0-114.3 149.6   28.9    0.8  -52.6               
  194  194 A G        -     0   0   77     -2,-0.3     2,-0.2     0, 0.0    -2,-0.0  -0.854  14.1-160.4-160.8 119.9   30.6   -2.6  -52.2               
  195  195 A Y        +     0   0  214     -2,-0.3    -2,-0.0     1,-0.1     0, 0.0  -0.657  13.5  49.9-110.0 162.7   29.3   -6.3  -52.7               
  196  196 A A        +     0   0   82     -2,-0.2    -1,-0.1     0, 0.0     0, 0.0   0.859  27.7   3.7-164.4 177.8   29.4   -9.6  -52.3               
  197  197 A V        +     0   0  124      0, 0.0     0, 0.0     0, 0.0     0, 0.0   0.727  30.2  61.1  68.0 144.5   29.7  -13.4  -51.2               
  198  198 A Q        -     0   0  158      0, 0.0     0, 0.0     0, 0.0     0, 0.0   0.891  24.9-147.2-145.9 141.8   29.8  -16.3  -49.3               
  199  199 A Q        -     0   0  172      1,-0.0     0, 0.0     0, 0.0     0, 0.0   0.625  13.6-172.3  47.9 153.4   28.6  -18.7  -46.8               
  200  200 A P        +     0   0   95      0, 0.0    -1,-0.0     0, 0.0     0, 0.0   0.658  16.9 167.0-143.2-167.5   29.0  -20.9  -44.3               
  201  201 A I        +     0   0  148      1,-0.1     2,-0.1     0, 0.0     0, 0.0   0.948  15.3 134.3  61.5 126.4   29.0  -23.7  -41.4               
  202  202 A T        -     0   0  142      2,-0.0     2,-0.1     0, 0.0    -1,-0.1  -0.366  31.3-132.1-173.4 156.6   30.3  -26.0  -39.1               
  203  203 A A        +     0   0  101     -2,-0.1     2,-0.1     2,-0.0     0, 0.0  -0.349  27.9 140.9 -73.9 154.0   29.6  -26.9  -35.3               
  204  204 A A        -     0   0  106     -2,-0.1    -2,-0.0     0, 0.0     0, 0.0  -0.496  18.7-165.9-177.0 151.6   31.2  -27.5  -32.0               
  205  205 A A        +     0   0   92     -2,-0.1    -2,-0.0     1,-0.1     0, 0.0  -0.769  21.3  23.4-134.4-171.1   30.8  -26.9  -28.2               
  206  206 A P        +     0   0  133      0, 0.0    -1,-0.1     0, 0.0     2,-0.1   0.908  35.9  83.3-121.5-177.4   31.8  -26.8  -25.1               
  207  207 A G        +     0   0   71      1,-0.1     0, 0.0     0, 0.0     0, 0.0  -0.177  26.1  58.6 116.0 147.3   34.4  -26.6  -22.1               
  208  208 A T        -     0   0  153     -2,-0.1     2,-0.1     0, 0.0    -1,-0.1   0.726  34.4-126.6-151.7 172.3   36.4  -25.6  -19.8               
  209  209 A A        +     0   0  104      0, 0.0     2,-0.2     0, 0.0     0, 0.0  -0.348  21.7 170.7 -74.6 141.8   36.9  -23.4  -16.6               
  210  210 A A        +     0   0  104      1,-0.1     0, 0.0    -2,-0.1     0, 0.0  -0.721  36.4   0.3-170.9 144.6   39.3  -20.6  -15.6               
  211  211 A A        -     0   0  103     -2,-0.2     2,-0.4     1,-0.1    -1,-0.1   0.799  23.2-172.7-149.5 160.0   39.5  -18.6  -13.1               
  212  212 A A        +     0   0  104      0, 0.0     2,-0.2     0, 0.0    -1,-0.1  -0.805  33.9 130.7 -93.7 138.1   38.4  -16.9   -9.8               
  213  213 A A        +     0   0  102     -2,-0.4     0, 0.0     1,-0.1     0, 0.0  -0.888  30.5  49.0-169.4 163.1   39.9  -13.8   -8.1               
  214  214 A A        +     0   0  106     -2,-0.2     2,-0.3     1,-0.2    -1,-0.1   0.987  36.2 156.0  75.2  82.8   39.2  -10.4   -6.5               
  215  215 A A        +     0   0   99      1,-0.2    -1,-0.2     0, 0.0     0, 0.0  -0.866  48.0  27.1-103.5 159.7   36.7   -9.5   -3.8               
  216  216 A A        +     0   0  106     -2,-0.3     2,-0.2     1,-0.1    -1,-0.2   0.979  40.7 159.8  67.6 112.9   37.0   -6.5   -1.4               
  217  217 A A        -     0   0   99      1,-0.0    -1,-0.1     0, 0.0     0, 0.0  -0.782  39.4 -48.6-153.7 125.1   38.5   -3.0   -1.2               
  218  218 A A        -     0   0   96     -2,-0.2     2,-0.2     1,-0.2    -1,-0.0   0.670  14.5-156.5  30.9 127.2   37.8   -0.0    1.0               
  219  219 A A        +     0   0  100      0, 0.0    -1,-0.2     0, 0.0     2,-0.0  -0.370  32.9 134.5  64.8  94.8   35.9    2.2    2.5               
  220  220 A A        +     0   0  103     -2,-0.2     0, 0.0     1,-0.1     0, 0.0   0.093  11.2 117.4 164.6 119.8   37.0    5.7    3.8               
  221  221 A A        -     0   0  101     -2,-0.0    -1,-0.1     2,-0.0     2,-0.0  -0.082  39.0-169.2 172.5  79.3   35.8    9.4    3.7               
  222  222 A F        +     0   0  204      0, 0.0    -2,-0.0     0, 0.0     0, 0.0   0.306  19.5 148.8  74.9 117.3   35.0   10.9    6.8               
  223  223 A G        -     0   0   70     -2,-0.0    -2,-0.0     0, 0.0     0, 0.0   0.438  27.3-132.7 115.2 121.7   33.4   14.1    8.2               
  224  224 A Q        +     0   0  154      2,-0.0     0, 0.0     0, 0.0     0, 0.0   0.615  35.2  85.7 177.0 148.0   31.7   14.9   11.0               
  225  225 A Y        -     0   0  183      2,-0.0     0, 0.0     0, 0.0     0, 0.0   0.996  31.9-121.8  75.7  91.8   29.4   16.1   14.0               
  226  226 A Q        -     0   0  164      1,-0.1     2,-0.4     0, 0.0    -2,-0.0   0.533  16.1-119.8  31.4 131.0   26.4   15.2   15.9               
  227  227 A P        +     0   0  123      0, 0.0     2,-0.2     0, 0.0    -1,-0.1  -0.958  42.2 158.8-108.4 130.7   22.9   16.6   16.9               
  228  228 A Q        +     0   0  174     -2,-0.4     0, 0.0     1,-0.2     0, 0.0  -0.725  19.2  32.5 178.7 146.7   22.0   17.3   20.6               
  229  229 A Q        -     0   0  145     -2,-0.2     2,-0.5     1,-0.0    -1,-0.2   0.735  20.5-177.8-138.0 169.9   20.1   18.8   22.9               
  230  230 A L        +     0   0  156      2,-0.0     2,-0.3     0, 0.0    -1,-0.0  -0.945  23.9 165.3-106.8 115.4   16.7   20.3   23.6               
  231  231 A Q        -     0   0  166     -2,-0.5     2,-0.2     2,-0.0     0, 0.0  -0.919  13.3-165.4-141.2 117.8   16.2   22.0   27.0               
  232  232 A T        +     0   0  120     -2,-0.3    -2,-0.0     2,-0.0     0, 0.0  -0.580  21.3 128.7 -70.3 145.1   13.4   24.4   28.2               
  233  233 A D        -     0   0  111     -2,-0.2    -2,-0.0     0, 0.0     0, 0.0   0.317  32.0 -83.0 164.3 130.4   13.0   26.7   31.0               
  234  234 A R        -     0   0  188      0, 0.0    -2,-0.0     0, 0.0     0, 0.0   0.887  32.8 -21.7  49.3 128.9   12.2   30.1   32.4               
  235  235 A M              0   0  160      1,-0.0     0, 0.0     0, 0.0     0, 0.0   0.757 360.0 360.0  50.3 108.9   12.6   33.6   33.5               
  236  236 A Q              0   0  274      0, 0.0    -1,-0.0     0, 0.0     0, 0.0  -0.676 360.0 360.0-137.0 360.0   14.2   36.6   34.4               
