==== Secondary Structure Definition by the program DSSP, CMBI version 2.0                          ==== DATE=2026-03-08        .
REFERENCE W. KABSCH AND C.SANDER, BIOPOLYMERS 22 (1983) 2577-2637                                                              .
HEADER                                            01-AUG-25                                                                    .
COMPND    MOL_ID: 1; MOLECULE: MKI67 FHA DOMAIN-INTERACTING NUCLEOLAR PHOSPHOPRO                                               .
SOURCE    MOL_ID: 1; ORGANISM_SCIENTIFIC: HOMO SAPIENS; ORGANISM_TAXID: 9606                                                   .
AUTHOR                                                                                                                         .
  293  1  0  0  0 TOTAL NUMBER OF RESIDUES, NUMBER OF CHAINS, NUMBER OF SS-BRIDGES(TOTAL,INTRACHAIN,INTERCHAIN)                .
 30739.2   ACCESSIBLE SURFACE OF PROTEIN (ANGSTROM**2)                                                                         .
  173 59.0   TOTAL NUMBER OF HYDROGEN BONDS OF TYPE O(I)-->H-N(J)  , SAME NUMBER PER 100 RESIDUES                              .
    0  0.0   TOTAL NUMBER OF HYDROGEN BONDS IN     PARALLEL BRIDGES, SAME NUMBER PER 100 RESIDUES                              .
   25  8.5   TOTAL NUMBER OF HYDROGEN BONDS IN ANTIPARALLEL BRIDGES, SAME NUMBER PER 100 RESIDUES                              .
    1  0.3   TOTAL NUMBER OF HYDROGEN BONDS OF TYPE O(I)-->H-N(I-5), SAME NUMBER PER 100 RESIDUES                              .
    0  0.0   TOTAL NUMBER OF HYDROGEN BONDS OF TYPE O(I)-->H-N(I-4), SAME NUMBER PER 100 RESIDUES                              .
    1  0.3   TOTAL NUMBER OF HYDROGEN BONDS OF TYPE O(I)-->H-N(I-3), SAME NUMBER PER 100 RESIDUES                              .
    0  0.0   TOTAL NUMBER OF HYDROGEN BONDS OF TYPE O(I)-->H-N(I-2), SAME NUMBER PER 100 RESIDUES                              .
    0  0.0   TOTAL NUMBER OF HYDROGEN BONDS OF TYPE O(I)-->H-N(I-1), SAME NUMBER PER 100 RESIDUES                              .
    0  0.0   TOTAL NUMBER OF HYDROGEN BONDS OF TYPE O(I)-->H-N(I+0), SAME NUMBER PER 100 RESIDUES                              .
    0  0.0   TOTAL NUMBER OF HYDROGEN BONDS OF TYPE O(I)-->H-N(I+1), SAME NUMBER PER 100 RESIDUES                              .
   48 16.4   TOTAL NUMBER OF HYDROGEN BONDS OF TYPE O(I)-->H-N(I+2), SAME NUMBER PER 100 RESIDUES                              .
   20  6.8   TOTAL NUMBER OF HYDROGEN BONDS OF TYPE O(I)-->H-N(I+3), SAME NUMBER PER 100 RESIDUES                              .
   77 26.3   TOTAL NUMBER OF HYDROGEN BONDS OF TYPE O(I)-->H-N(I+4), SAME NUMBER PER 100 RESIDUES                              .
    1  0.3   TOTAL NUMBER OF HYDROGEN BONDS OF TYPE O(I)-->H-N(I+5), SAME NUMBER PER 100 RESIDUES                              .
  1  2  3  4  5  6  7  8  9 10 11 12 13 14 15 16 17 18 19 20 21 22 23 24 25 26 27 28 29 30     *** HISTOGRAMS OF ***           .
  0  0  0  0  0  0  1  1  0  0  1  1  0  0  0  0  0  0  0  0  0  0  0  2  0  0  0  0  0  0    RESIDUES PER ALPHA HELIX         .
  0  0  0  0  0  0  0  0  0  0  0  0  0  0  0  0  0  0  0  0  0  0  0  0  0  0  0  0  0  0    PARALLEL BRIDGES PER LADDER      .
  0  1  0  0  1  2  0  0  0  0  0  0  0  0  0  0  0  0  0  0  0  0  0  0  0  0  0  0  0  0    ANTIPARALLEL BRIDGES PER LADDER  .
  1  0  1  0  0  0  0  0  0  0  0  0  0  0  0  0  0  0  0  0  0  0  0  0  0  0  0  0  0  0    LADDERS PER SHEET                .
  #  RESIDUE AA STRUCTURE BP1 BP2  ACC     N-H-->O    O-->H-N    N-H-->O    O-->H-N    TCO  KAPPA ALPHA  PHI   PSI    X-CA   Y-CA   Z-CA            CHAIN
    1    1 A M              0   0  237      0, 0.0     2,-0.6     0, 0.0     0, 0.0   0.000 360.0 360.0 360.0 114.8   -1.7  -12.5   42.4               
    2    2 A A        -     0   0   96      1,-0.0     2,-0.8     2,-0.0     0, 0.0  -0.629 360.0-147.7 -73.1 115.0   -4.0  -15.5   42.9               
    3    3 A T        -     0   0  128     -2,-0.6     2,-1.3     2,-0.1    -1,-0.0  -0.780   7.0-144.2 -82.6 106.5   -6.7  -15.6   40.1               
    4    4 A F        +     0   0  214     -2,-0.8     2,-0.5     1,-0.1    -1,-0.0  -0.635  32.3 165.5 -68.1  93.8   -9.9  -17.0   41.5               
    5    5 A S        +     0   0  117     -2,-1.3    -1,-0.1     2,-0.0    -2,-0.1  -0.771  29.0 113.1-113.7  77.4  -11.0  -19.0   38.4               
    6    6 A G  S    S-     0   0   57     -2,-0.5     2,-0.1     3,-0.0     3,-0.1  -0.975  75.6 -90.4-139.7 151.7  -13.7  -21.3   39.8               
    7    7 A P        -     0   0  133      0, 0.0     2,-0.1     0, 0.0    -2,-0.0  -0.417  56.4 -98.1 -58.1 134.9  -17.5  -21.5   39.2               
    8    8 A A        -     0   0  101      1,-0.1     3,-0.1    -2,-0.1    -3,-0.0  -0.387  43.5-118.4 -55.3 127.1  -19.3  -19.3   41.8               
    9    9 A G        -     0   0   57      1,-0.2     2,-0.1    -3,-0.1    -1,-0.1  -0.227  42.2 -77.6 -60.6 158.0  -20.6  -21.5   44.6               
   10   10 A P        -     0   0  127      0, 0.0     2,-0.2     0, 0.0    -1,-0.2  -0.412  53.0-111.9 -56.6 127.4  -24.3  -21.8   45.3               
   11   11 A I        -     0   0   85     -3,-0.1     2,-2.0     1,-0.1     8,-0.0  -0.512  25.9-124.8 -57.8 124.8  -25.4  -18.6   47.2               
   12   12 A L        +     0   0  181     -2,-0.2     2,-0.4    -3,-0.1    -1,-0.1  -0.592  44.2 167.3 -73.2  73.3  -26.3  -19.8   50.8               
   13   13 A S        -     0   0   36     -2,-2.0     6,-0.0     1,-0.1     0, 0.0  -0.789  35.6-143.3 -79.3 138.8  -29.8  -18.3   50.8               
   14   14 A L  S    S+     0   0  169     -2,-0.4    -1,-0.1     1,-0.2    -2,-0.0   0.604  87.6  58.0 -72.5 -10.1  -31.8  -19.7   53.8               
   15   15 A N    >>  -     0   0   78      1,-0.1     4,-1.5     0, 0.0     3,-0.9  -0.933  67.9-154.2-133.3 110.1  -34.9  -19.8   51.5               
   16   16 A P  H 3> S+     0   0  102      0, 0.0     4,-1.1     0, 0.0    -1,-0.1   0.706  97.9  58.6 -55.7 -24.4  -35.2  -21.7   48.2               
   17   17 A Q  H 3> S+     0   0  163      2,-0.2     4,-1.7     1,-0.1     3,-0.1   0.917 103.2  50.5 -71.3 -41.9  -37.9  -19.2   47.0               
   18   18 A E  H <> S+     0   0  104     -3,-0.9     4,-3.0     1,-0.2     5,-0.2   0.875 106.4  56.4 -66.2 -36.3  -35.5  -16.2   47.3               
   19   19 A D  H  X S+     0   0   33     -4,-1.5     4,-2.6     1,-0.2    -1,-0.2   0.897 106.8  48.8 -59.9 -42.8  -32.8  -18.0   45.3               
   20   20 A V  H  X S+     0   0   72     -4,-1.1     4,-1.8     2,-0.2    -1,-0.2   0.886 113.4  47.3 -67.2 -38.7  -35.2  -18.5   42.3               
   21   21 A E  H  X S+     0   0  133     -4,-1.7     4,-2.6     2,-0.2    -2,-0.2   0.955 112.8  48.7 -65.7 -46.9  -36.2  -14.8   42.5               
   22   22 A F  H  X S+     0   0  103     -4,-3.0     4,-3.0     1,-0.2     5,-0.2   0.912 111.0  50.1 -60.3 -44.4  -32.5  -13.7   42.7               
   23   23 A Q  H  X S+     0   0  125     -4,-2.6     4,-2.2    -5,-0.2    -1,-0.2   0.899 111.6  48.9 -62.5 -39.2  -31.6  -15.9   39.7               
   24   24 A K  H  X S+     0   0  141     -4,-1.8     4,-2.1     2,-0.2    -2,-0.2   0.914 113.1  47.3 -64.7 -42.7  -34.5  -14.4   37.7               
   25   25 A E  H  X S+     0   0  121     -4,-2.6     4,-2.9     2,-0.2     5,-0.2   0.957 112.4  48.3 -64.8 -48.5  -33.4  -10.9   38.6               
   26   26 A V  H  X S+     0   0   44     -4,-3.0     4,-2.7     1,-0.2    -2,-0.2   0.901 112.2  50.5 -58.0 -42.1  -29.7  -11.6   37.7               
   27   27 A A  H  X S+     0   0   43     -4,-2.2     4,-2.2    -5,-0.2    -1,-0.2   0.899 111.5  47.8 -63.2 -39.5  -30.9  -13.1   34.4               
   28   28 A Q  H  X S+     0   0  104     -4,-2.1     4,-2.3     2,-0.2    -2,-0.2   0.920 112.5  48.5 -67.5 -42.6  -33.1  -10.0   33.7               
   29   29 A V  H  X S+     0   0   64     -4,-2.9     4,-2.6     2,-0.2    -2,-0.2   0.941 111.5  50.0 -62.6 -46.0  -30.1   -7.6   34.6               
   30   30 A R  H  X S+     0   0  173     -4,-2.7     4,-2.6    -5,-0.2    -2,-0.2   0.927 110.1  50.7 -58.3 -44.8  -27.8   -9.7   32.3               
   31   31 A K  H  X S+     0   0  143     -4,-2.2     4,-2.3     2,-0.2    -2,-0.2   0.911 110.9  48.8 -58.6 -44.4  -30.4   -9.4   29.5               
   32   32 A R  H  X S+     0   0  138     -4,-2.3     4,-2.6     2,-0.2    -2,-0.2   0.901 111.6  49.4 -62.6 -42.2  -30.6   -5.6   29.9               
   33   33 A I  H  X S+     0   0   83     -4,-2.6     4,-2.8     2,-0.2    -2,-0.2   0.928 112.3  47.3 -63.6 -45.8  -26.7   -5.3   29.9               
   34   34 A T  H  X S+     0   0   96     -4,-2.6     4,-1.4     2,-0.2    -2,-0.2   0.884 113.0  49.6 -64.0 -37.9  -26.5   -7.4   26.6               
   35   35 A Q  H  X S+     0   0  127     -4,-2.3     4,-1.8     2,-0.2    -2,-0.2   0.932 111.8  47.8 -65.7 -44.7  -29.3   -5.3   25.1               
   36   36 A R  H  X S+     0   0  165     -4,-2.6     4,-2.2     1,-0.2     3,-0.5   0.960 111.5  50.6 -59.8 -48.1  -27.5   -2.0   26.0               
   37   37 A K  H  < S+     0   0  134     -4,-2.8    -1,-0.2     1,-0.2    -2,-0.2   0.782 109.4  51.9 -58.9 -32.0  -24.2   -3.4   24.6               
   38   38 A K  H >< S+     0   0  166     -4,-1.4     3,-0.7    -5,-0.2    -1,-0.2   0.831 109.8  47.9 -73.8 -34.6  -26.1   -4.3   21.4               
   39   39 A Q  H 3< S+     0   0  164     -4,-1.8    -2,-0.2    -3,-0.5    -1,-0.2   0.807 107.9  57.1 -71.4 -31.2  -27.5   -0.7   21.1               
   40   40 A E  T 3< S+     0   0  130     -4,-2.2     2,-0.8    -5,-0.2    -1,-0.2   0.351  72.5 128.7 -78.9   1.5  -23.9    0.6   21.8               
   41   41 A Q    <   -     0   0  144     -3,-0.7    -3,-0.1    -5,-0.2     2,-0.0  -0.520  60.2-135.1 -63.4 106.2  -22.6   -1.4   18.7               
   42   42 A L        -     0   0   98     -2,-0.8    -1,-0.1     1,-0.1    -2,-0.1  -0.317  10.1-116.3 -66.9 140.2  -20.8    1.4   17.0               
   43   43 A T        -     0   0   80      1,-0.1    53,-1.6    -2,-0.0     2,-0.2  -0.671  35.9-115.8 -72.0 130.9  -21.2    1.9   13.2               
   44   44 A P        -     0   0   78      0, 0.0     2,-0.4     0, 0.0    50,-0.2  -0.528  29.9-151.7 -71.8 136.7  -17.8    1.4   11.5               
   45   45 A G  E     -A   93   0A   1     48,-1.6    48,-2.9    -2,-0.2     2,-0.5  -0.908   1.8-149.9-112.5 136.1  -16.4    4.5    9.8               
   46   46 A V  E     -AB  92 121A   7     75,-0.7    75,-3.1    -2,-0.4     2,-0.4  -0.901   7.6-162.8-108.3 129.8  -14.0    4.6    6.7               
   47   47 A V  E     -AB  91 120A   0     44,-3.2    44,-2.5    -2,-0.5     2,-0.6  -0.916   9.6-147.8-108.5 130.1  -11.5    7.4    6.1               
   48   48 A Y  E     -AB  90 119A  58     71,-3.1    71,-2.6    -2,-0.4     2,-0.5  -0.892  17.1-165.9 -93.7 121.3   -9.9    8.0    2.8               
   49   49 A V  E     -AB  89 118A   0     40,-2.7    40,-2.6    -2,-0.6     2,-0.3  -0.947   8.5-179.3-115.1 125.1   -6.3    9.4    3.2               
   50   50 A R  E     +AB  88 117A 109     67,-2.9    67,-2.0    -2,-0.5    38,-0.2  -0.790  55.1  38.2-123.5 162.0   -4.5   10.9    0.2               
   51   51 A H        +     0   0   81     36,-1.0    37,-0.2    -2,-0.3    -1,-0.1   0.670  69.7 169.6  66.2  28.6   -1.0   12.5   -0.4               
   52   52 A L        -     0   0    4     35,-1.9    -1,-0.2    -3,-0.2     2,-0.1  -0.439  42.2-105.3 -62.5 131.7    0.8    9.9    1.9               
   53   53 A P    >   -     0   0   15      0, 0.0     3,-1.3     0, 0.0    34,-0.1  -0.351  19.8-135.1 -57.5 136.4    4.6   10.1    1.5               
   54   54 A N  T 3  S+     0   0   60      1,-0.2    31,-0.3    -2,-0.1    -2,-0.1   0.612  98.7  69.8 -70.1 -15.2    6.0    7.2   -0.5               
   55   55 A L  T 3  S+     0   0  160      2,-0.1     2,-0.3    30,-0.0    -1,-0.2   0.642  81.7  93.4 -75.5 -18.9    8.9    6.7    2.1               
   56   56 A L    <   -     0   0   35     -3,-1.3     2,-0.2     1,-0.1    29,-0.1  -0.608  69.1-135.9 -87.2 137.2    6.4    5.4    4.8               
   57   57 A D     >  -     0   0   89     -2,-0.3     4,-2.1     1,-0.1     3,-0.4  -0.458  25.5-111.5 -81.3 157.4    5.7    1.7    5.3               
   58   58 A E  H  > S+     0   0   51      1,-0.2     4,-2.7     2,-0.2     5,-0.2   0.866 118.5  55.4 -54.5 -39.5    2.1    0.3    5.9               
   59   59 A T  H  > S+     0   0  102      2,-0.2     4,-2.5     1,-0.2    -1,-0.2   0.861 107.4  48.3 -64.7 -38.8    3.0   -0.5    9.5               
   60   60 A Q  H  > S+     0   0   93     -3,-0.4     4,-2.0     2,-0.2    -2,-0.2   0.930 113.7  46.0 -69.6 -44.9    4.1    3.1   10.2               
   61   61 A I  H  X S+     0   0    4     -4,-2.1     4,-2.3     2,-0.2     5,-0.2   0.926 114.1  49.4 -64.2 -44.3    0.9    4.6    8.7               
   62   62 A F  H  X S+     0   0   78     -4,-2.7     4,-2.1     1,-0.2    -2,-0.2   0.941 110.6  49.9 -58.7 -48.5   -1.2    2.0   10.6               
   63   63 A S  H  < S+     0   0   82     -4,-2.5     4,-0.3     1,-0.2    -1,-0.2   0.842 110.2  51.8 -61.1 -36.2    0.6    2.8   13.9               
   64   64 A Y  H >< S+     0   0   45     -4,-2.0     3,-1.4     1,-0.2     4,-0.3   0.945 111.8  44.0 -66.6 -48.5    0.0    6.5   13.4               
   65   65 A F  H >X S+     0   0    2     -4,-2.3     3,-1.4     1,-0.3     4,-0.6   0.814 100.8  71.1 -70.0 -24.2   -3.8    6.2   12.8               
   66   66 A S  T 3< S+     0   0   58     -4,-2.1    -1,-0.3     1,-0.2    -2,-0.2   0.631  84.7  70.4 -62.6 -15.6   -4.0    3.8   15.7               
   67   67 A Q  T <4 S+     0   0  119     -3,-1.4    -1,-0.2    -4,-0.3    -2,-0.2   0.743  96.3  50.4 -73.5 -24.6   -3.4    6.8   18.1               
   68   68 A F  T <4 S-     0   0   67     -3,-1.4     2,-0.3     1,-0.3    -1,-0.2   0.704 128.1 -53.6 -85.7 -22.9   -6.9    8.3   17.3               
   69   69 A G  S  < S-     0   0   25     -4,-0.6     2,-0.5    -3,-0.1    -1,-0.3  -0.962  79.5 -37.0 168.6-178.4   -8.8    5.0   18.0               
   70   70 A T        -     0   0   87     -2,-0.3    24,-2.1    -3,-0.1     2,-0.6  -0.535  50.6-149.9 -69.1 117.4   -9.1    1.2   17.3               
   71   71 A V  E     -C   93   0A  16     -2,-0.5    22,-0.3    22,-0.2     3,-0.1  -0.821  15.5-178.2 -90.5 117.7   -8.4    0.5   13.6               
   72   72 A T  E    S+     0   0A  64     20,-1.9     2,-0.3    -2,-0.6    -1,-0.2   0.921  70.0  11.2 -81.2 -49.3  -10.5   -2.5   12.4               
   73   73 A R  E     -C   92   0A  72     19,-0.9    19,-3.0     2,-0.0     2,-0.4  -0.994  64.2-173.0-134.9 141.9   -9.2   -2.7    8.7               
   74   74 A F  E     +C   91   0A  18     -2,-0.3     2,-0.3    17,-0.2    17,-0.2  -0.997   3.6 178.4-135.7 136.7   -6.3   -0.9    6.9               
   75   75 A R  E     -C   90   0A  92     15,-2.6    15,-2.5    -2,-0.4     2,-0.5  -0.881  12.8-161.6-142.8 117.5   -5.4   -0.8    3.2               
   76   76 A L  E     -C   89   0A  14     -2,-0.3     2,-0.5    13,-0.2    13,-0.2  -0.761  27.8-127.2 -87.2 129.7   -2.5    1.0    1.5               
   77   77 A S  E     -     0   0A  15     11,-2.5     9,-2.8    -2,-0.5    11,-0.5  -0.665  32.8-176.0 -83.3 126.4   -3.1    1.3   -2.3               
   78   78 A R  E     -C   85   0A  67     -2,-0.5     2,-0.5     7,-0.3     7,-0.2  -0.786  30.4-101.2-120.0 157.2   -0.1    0.1   -4.4               
   79   79 A S     >  -     0   0   31      5,-3.0     4,-2.1    -2,-0.3     5,-0.0  -0.673  18.4-149.2 -75.1 127.0    0.8   -0.1   -8.2               
   80   80 A K  T  4 S+     0   0  181     -2,-0.5    -1,-0.1     1,-0.2    66,-0.1   0.680  98.4  46.3 -66.1 -19.3    0.2   -3.5   -9.8               
   81   81 A R  T  4 S+     0   0  126      3,-0.1    69,-0.2    68,-0.0    -1,-0.2   0.867 128.4  17.9 -91.4 -46.0    3.2   -2.7  -12.2               
   82   82 A T  T  4 S-     0   0   34      2,-0.2    -2,-0.2    67,-0.1     3,-0.1   0.706  87.3-133.1 -99.4 -26.4    5.9   -1.3   -9.8               
   83   83 A G     <  +     0   0    1     -4,-2.1    -3,-0.1     1,-0.3     2,-0.0   0.228  63.9 131.3  80.6  -9.4    4.7   -2.5   -6.4               
   84   84 A N        -     0   0   70      1,-0.1    -5,-3.0    -6,-0.1    -1,-0.3  -0.312  67.5 -92.8 -68.2 153.9    5.3    1.0   -5.0               
   85   85 A S  E     - C   0  78A  24    -31,-0.3    -7,-0.3    -7,-0.2    -1,-0.1  -0.298  21.0-145.7 -59.4 144.4    2.7    2.9   -2.9               
   86   86 A K  E     -     0   0A 113     -9,-2.8   -35,-0.2     2,-0.3    -8,-0.1   0.387  47.1-106.6 -90.2  -2.5    0.3    5.2   -4.9               
   87   87 A G  E    S+     0   0A   8    -10,-0.4   -35,-1.9     1,-0.2   -36,-1.0   0.709  88.1  93.6  80.2  23.5    0.2    7.7   -1.9               
   88   88 A Y  E     +A   50   0A  57    -11,-0.5   -11,-2.5   -38,-0.2    -2,-0.3  -0.995  45.8 179.8-144.8 150.0   -3.3    6.9   -0.7               
   89   89 A A  E     -AC  49  76A   0    -40,-2.6   -40,-2.7    -2,-0.3     2,-0.4  -0.909  22.8-132.9-139.7 161.9   -4.9    4.5    1.9               
   90   90 A F  E     -AC  48  75A  24    -15,-2.5   -15,-2.6    -2,-0.3     2,-0.4  -0.992  21.8-170.2-119.0 129.7   -8.2    3.5    3.4               
   91   91 A V  E     -AC  47  74A   0    -44,-2.5   -44,-3.2    -2,-0.4     2,-0.5  -0.988   6.4-159.2-122.5 123.8   -8.6    3.3    7.2               
   92   92 A E  E     -AC  46  73A  13    -19,-3.0   -20,-1.9    -2,-0.4   -19,-0.9  -0.946   9.6-163.2-103.8 124.2  -11.6    1.7    8.9               
   93   93 A F  E     -AC  45  71A   1    -48,-2.9   -48,-1.6    -2,-0.5   -22,-0.2  -0.733  29.1-122.5 -97.3 152.7  -12.3    2.7   12.6               
   94   94 A E  S    S+     0   0   99    -24,-2.1     2,-0.4    -2,-0.3   -23,-0.1   0.811 100.4  49.3 -60.1 -32.0  -14.5    0.9   15.0               
   95   95 A S     >  -     0   0   16    -25,-0.3     4,-1.8   -51,-0.1    -2,-0.1  -0.939  68.1-150.1-117.7 133.3  -16.5    4.1   15.5               
   96   96 A E  H  > S+     0   0   47    -53,-1.6     4,-2.2    -2,-0.4     5,-0.1   0.854 101.1  57.9 -62.1 -36.8  -17.9    6.5   12.8               
   97   97 A D  H  > S+     0   0  101      2,-0.2     4,-2.5     1,-0.2     5,-0.2   0.925 105.9  48.9 -65.0 -41.4  -17.6    9.5   15.1               
   98   98 A V  H  > S+     0   0   38      1,-0.2     4,-2.8     2,-0.2    -1,-0.2   0.927 109.7  52.7 -61.4 -43.8  -13.8    8.8   15.4               
   99   99 A A  H  X S+     0   0    0     -4,-1.8     4,-2.2     2,-0.2    -2,-0.2   0.884 110.5  47.3 -61.4 -39.2  -13.6    8.5   11.6               
  100  100 A K  H  X S+     0   0   76     -4,-2.2     4,-2.4     2,-0.2    -2,-0.2   0.953 113.1  47.8 -65.8 -47.8  -15.3   12.0   11.2               
  101  101 A I  H  X S+     0   0   98     -4,-2.5     4,-2.8     1,-0.2     5,-0.3   0.911 113.3  48.6 -59.7 -44.9  -13.0   13.6   13.8               
  102  102 A V  H  X S+     0   0    2     -4,-2.8     4,-2.4     2,-0.2    -1,-0.2   0.918 110.5  51.3 -62.5 -43.1   -9.9   12.1   12.1               
  103  103 A A  H  X S+     0   0    8     -4,-2.2     4,-0.6    -5,-0.2    15,-0.3   0.922 116.1  40.7 -60.5 -43.6  -11.1   13.3    8.7               
  104  104 A E  H  < S+     0   0  154     -4,-2.4     3,-0.3     2,-0.2    -2,-0.2   0.923 120.1  42.6 -70.2 -45.4  -11.6   16.9   10.0               
  105  105 A T  H  < S+     0   0   77     -4,-2.8    -2,-0.2     1,-0.2    -3,-0.2   0.820 117.3  44.3 -74.9 -34.6   -8.4   17.1   12.2               
  106  106 A M  H >< S+     0   0   15     -4,-2.4     3,-1.7    -5,-0.3     2,-0.4   0.470  82.8 113.7 -92.1  -5.7   -6.0   15.4    9.7               
  107  107 A N  T 3< S+     0   0   58     -4,-0.6    10,-0.2    -3,-0.3   -58,-0.0  -0.574  93.8   4.0 -70.1 128.5   -7.2   17.3    6.6               
  108  108 A N  T 3  S+     0   0  108      8,-2.7     2,-0.3    -2,-0.4    -1,-0.3   0.646  94.0 156.4  61.7  22.8   -4.3   19.5    5.5               
  109  109 A Y    <   -     0   0  101     -3,-1.7     7,-2.9     7,-0.4     2,-0.8  -0.582  48.9-118.6 -72.6 133.8   -2.0   18.0    8.2               
  110  110 A L  E     +D  115   0B 109     -2,-0.3     2,-0.6     5,-0.2     5,-0.2  -0.640  36.9 178.0 -75.3 107.9    1.7   18.3    7.4               
  111  111 A F  E >   -D  114   0B  33      3,-3.0     3,-1.3    -2,-0.8     2,-0.5  -0.900  63.7 -51.2-117.3 100.6    3.0   14.7    7.2               
  112  112 A G  T 3  S-     0   0   62     -2,-0.6   -60,-0.0     1,-0.2    -2,-0.0  -0.633 122.8 -20.9  66.4-117.9    6.7   14.8    6.3               
  113  113 A E  T 3  S+     0   0  129     -2,-0.5     2,-0.4    -3,-0.1    -1,-0.2   0.250 126.8  75.0 -99.4   2.2    6.9   17.0    3.1               
  114  114 A R  E <  S-D  111   0B  68     -3,-1.3    -3,-3.0    -5,-0.0     2,-0.5  -0.958  74.4-126.7-126.7 142.1    3.2   16.6    2.1               
  115  115 A L  E     -D  110   0B  96     -2,-0.4    -5,-0.2    -5,-0.2     2,-0.2  -0.760  35.7-131.0 -80.1 120.8   -0.1   18.0    3.2               
  116  116 A L        -     0   0    1     -7,-2.9    -8,-2.7    -2,-0.5     2,-0.6  -0.483   9.0-148.7 -70.3 143.4   -2.5   15.1    3.8               
  117  117 A E  E     -B   50   0A  51    -67,-2.0   -67,-2.9   -10,-0.2     2,-0.5  -0.972  21.2-176.4-113.9 111.7   -6.0   15.1    2.3               
  118  118 A C  E     +B   49   0A   2     -2,-0.6     2,-0.4   -15,-0.3   -69,-0.2  -0.955   4.2 175.9-116.9 126.6   -8.3   13.2    4.6               
  119  119 A H  E     -B   48   0A  80    -71,-2.6   -71,-3.1    -2,-0.5     2,-0.3  -0.994  30.5-122.9-133.0 136.6  -12.0   12.6    3.8               
  120  120 A F  E     -B   47   0A  60     -2,-0.4   -73,-0.2   -73,-0.2   -20,-0.1  -0.583  27.9-143.3 -71.2 130.4  -14.8   10.7    5.5               
  121  121 A M  E     -B   46   0A  32    -75,-3.1   -75,-0.7    -2,-0.3     5,-0.1  -0.887  10.6-131.7 -97.2 121.4  -16.3    8.0    3.2               
  122  122 A P    >>  -     0   0   43      0, 0.0     3,-1.6     0, 0.0     4,-0.6  -0.401  26.6-114.0 -63.8 148.2  -20.1    7.4    3.4               
  123  123 A P  G >4 S+     0   0   99      0, 0.0     3,-1.0     0, 0.0    -2,-0.0   0.797 113.8  65.0 -59.4 -28.6  -20.9    3.6    3.7               
  124  124 A E  G 34 S+     0   0  185      1,-0.3    -3,-0.0     3,-0.0     0, 0.0   0.823 101.5  49.1 -62.0 -33.2  -22.6    3.7    0.3               
  125  125 A K  G <4 S+     0   0  151     -3,-1.6     2,-1.0     1,-0.1    -1,-0.3   0.595  90.4  94.7 -82.3 -12.7  -19.2    4.5   -1.4               
  126  126 A V    <<  -     0   0   34     -3,-1.0     2,-0.2    -4,-0.6    -1,-0.1  -0.701  66.5-158.0 -84.9 100.3  -17.5    1.6    0.4               
  127  127 A H    >   -     0   0  106     -2,-1.0     3,-2.1     1,-0.1     4,-0.3  -0.486  26.5-113.2 -76.4 152.6  -17.6   -1.4   -1.9               
  128  128 A K  G >  S+     0   0  212      1,-0.3     3,-0.6    -2,-0.2    -1,-0.1   0.793 115.2  53.5 -57.4 -32.9  -17.2   -4.9   -0.5               
  129  129 A E  G >  S+     0   0  126      1,-0.2     3,-1.8     2,-0.1    -1,-0.3   0.476  79.4  96.2 -82.8  -1.5  -13.8   -5.5   -2.2               
  130  130 A L  G <  S+     0   0    7     -3,-2.1    -1,-0.2     1,-0.3    -2,-0.1   0.864  97.3  30.7 -60.4 -34.7  -12.3   -2.3   -0.7               
  131  131 A F  G X  S+     0   0    9     -3,-0.6     3,-1.5    -4,-0.3    -1,-0.3  -0.016  85.6 146.6-111.8  26.1  -10.8   -4.4    2.2               
  132  132 A K  T <  S-     0   0  117     -3,-1.8    -3,-0.1     1,-0.3    -4,-0.0  -0.505  80.2  -2.1 -61.1 130.7  -10.3   -7.6    0.2               
  133  133 A D  T >  S+     0   0   95     -2,-0.2     3,-1.7     1,-0.1    -1,-0.3   0.685  84.5 146.3  59.7  25.9   -7.1   -9.4    1.5               
  134  134 A W  T <  S+     0   0  114     -3,-1.5    -2,-0.1     1,-0.3   -58,-0.1   0.786  70.4  54.0 -61.1 -27.9   -6.3   -6.5    4.0               
  135  135 A N  T 3  S+     0   0  117     -4,-0.2    -1,-0.3     2,-0.1    -2,-0.1   0.430  89.8  92.8 -85.1  -4.4   -4.9   -9.1    6.5               
  136  136 A I  S <  S-     0   0   98     -3,-1.7     3,-0.1     1,-0.0     2,-0.0  -0.837  83.0-118.6 -95.1 125.3   -2.4  -10.5    3.9               
  137  137 A P        -     0   0   98      0, 0.0     2,-0.1     0, 0.0    -2,-0.1  -0.340  41.3 -96.1 -62.7 138.0    1.1   -9.0    3.9               
  138  138 A F        -     0   0   77     -4,-0.1     2,-0.4    -2,-0.0    -4,-0.0  -0.296  39.3-168.0 -60.5 129.1    1.9   -7.3    0.5               
  139  139 A K        -     0   0  171     -2,-0.1     3,-0.1    -3,-0.1   -56,-0.0  -0.963  29.3-111.6-114.0 133.1    3.9   -9.4   -2.0               
  140  140 A Q        -     0   0  140     -2,-0.4   -60,-0.1     1,-0.1   -57,-0.1  -0.413  41.3-102.9 -61.5 131.0    5.4   -7.8   -5.1               
  141  141 A P        -     0   0   34      0, 0.0    -1,-0.1     0, 0.0     0, 0.0  -0.324  31.5-163.3 -58.0 133.9    3.6   -9.0   -8.3               
  142  142 A S        +     0   0   77      4,-0.1    -2,-0.1    -3,-0.1     5,-0.0   0.077  36.2 137.0-112.9  20.5    5.8  -11.6  -10.2               
  143  143 A Y     >  -     0   0  163      1,-0.1     4,-2.4     4,-0.0     3,-0.5  -0.383  65.7-114.7 -66.7 148.9    4.2  -11.6  -13.7               
  144  144 A P  H  > S+     0   0   91      0, 0.0     4,-2.7     0, 0.0     5,-0.2   0.881 117.9  53.4 -53.7 -39.8    6.6  -11.7  -16.7               
  145  145 A S  H  > S+     0   0   70      2,-0.2     4,-2.1     1,-0.2     5,-0.1   0.901 109.6  47.9 -60.5 -41.6    5.3   -8.2  -17.8               
  146  146 A V  H  > S+     0   0   13     -3,-0.5     4,-3.0     2,-0.2    -1,-0.2   0.926 112.1  49.3 -66.9 -44.0    6.0   -6.8  -14.3               
  147  147 A K  H  X S+     0   0  124     -4,-2.4     4,-1.5     2,-0.2    -2,-0.2   0.929 111.9  48.7 -61.0 -45.5    9.6   -8.4  -14.3               
  148  148 A R  H  < S+     0   0  133     -4,-2.7    -2,-0.2    -5,-0.2    -1,-0.2   0.876 115.5  45.0 -61.7 -40.2   10.3   -6.9  -17.8               
  149  149 A Y  H  < S+     0   0   28     -4,-2.1    -2,-0.2    -5,-0.2    -1,-0.2   0.943 116.9  43.4 -67.2 -48.6    9.0   -3.4  -16.7               
  150  150 A N  H  < S+     0   0   36     -4,-3.0    -2,-0.2   -69,-0.2    -1,-0.2   0.600  83.9 126.7 -80.2  -9.8   10.9   -3.5  -13.3               
  151  151 A R     <  -     0   0  153     -4,-1.5     2,-0.5    -5,-0.2    -3,-0.0  -0.222  64.7-125.1 -50.8 122.9   14.2   -4.9  -14.8               
  152  152 A N        -     0   0  152     -2,-0.0     2,-0.4     1,-0.0    -1,-0.1  -0.604  32.4-152.8 -68.0 116.0   17.2   -2.7  -14.0               
  153  153 A R        -     0   0   71     -2,-0.5    -1,-0.0     1,-0.1     5,-0.0  -0.807  10.1-119.5 -98.7 140.8   18.8   -1.9  -17.4               
  154  154 A T     >  -     0   0   72     -2,-0.4     4,-2.3     1,-0.1     5,-0.1  -0.207  30.3-106.5 -67.1 162.5   22.5   -1.2  -18.0               
  155  155 A L  H  > S+     0   0  127      2,-0.2     4,-2.7     1,-0.2     5,-0.2   0.937 122.7  52.6 -57.8 -43.8   23.6    2.2  -19.5               
  156  156 A T  H  > S+     0   0   88      1,-0.2     4,-2.5     2,-0.2    -1,-0.2   0.891 109.7  48.4 -59.6 -41.3   24.3    0.5  -22.9               
  157  157 A Q  H  > S+     0   0   62      2,-0.2     4,-2.0     1,-0.2    -1,-0.2   0.889 110.7  51.6 -66.0 -39.4   20.8   -1.0  -22.9               
  158  158 A K  H  X S+     0   0  116     -4,-2.3     4,-2.2     2,-0.2    -2,-0.2   0.937 111.1  47.3 -61.9 -45.4   19.3    2.4  -22.0               
  159  159 A L  H  X S+     0   0   83     -4,-2.7     4,-2.6     2,-0.2     5,-0.2   0.936 111.4  50.5 -62.8 -46.3   21.3    4.0  -25.0               
  160  160 A R  H  X S+     0   0  168     -4,-2.5     4,-2.2     1,-0.2    -1,-0.2   0.874 111.5  48.9 -58.8 -40.1   20.1    1.3  -27.4               
  161  161 A M  H  X S+     0   0   31     -4,-2.0     4,-2.3     2,-0.2    -1,-0.2   0.909 109.2  52.4 -65.2 -41.4   16.5    1.8  -26.3               
  162  162 A E  H  X S+     0   0   62     -4,-2.2     4,-2.7     2,-0.2    -2,-0.2   0.933 110.1  48.2 -59.6 -45.2   16.9    5.6  -26.8               
  163  163 A E  H  X S+     0   0  126     -4,-2.6     4,-2.5     2,-0.2    -2,-0.2   0.925 109.7  52.5 -60.5 -44.0   18.2    5.0  -30.4               
  164  164 A R  H  X S+     0   0  117     -4,-2.2     4,-2.3     2,-0.2    -2,-0.2   0.895 110.1  49.8 -58.3 -40.0   15.2    2.6  -31.0               
  165  165 A F  H  X S+     0   0   38     -4,-2.3     4,-3.1     2,-0.2    -2,-0.2   0.953 109.2  49.9 -63.8 -48.2   12.9    5.5  -29.8               
  166  166 A K  H  X S+     0   0  110     -4,-2.7     4,-2.5     1,-0.2    -2,-0.2   0.888 112.0  49.8 -57.1 -40.6   14.6    8.0  -32.1               
  167  167 A K  H  X S+     0   0  149     -4,-2.5     4,-2.2     2,-0.2    -1,-0.2   0.942 113.2  44.7 -62.5 -48.8   14.1    5.5  -35.0               
  168  168 A K  H  X S+     0   0   94     -4,-2.3     4,-2.5     2,-0.2    -2,-0.2   0.916 112.8  51.9 -62.2 -43.6   10.4    5.0  -34.1               
  169  169 A E  H  X S+     0   0   14     -4,-3.1     4,-2.6     1,-0.2    -2,-0.2   0.936 111.1  47.5 -58.3 -47.6    9.9    8.8  -33.7               
  170  170 A R  H  X S+     0   0  163     -4,-2.5     4,-2.2     1,-0.2    -1,-0.2   0.884 112.3  49.5 -60.3 -44.1   11.5    9.4  -37.2               
  171  171 A L  H  X S+     0   0   85     -4,-2.2     4,-2.0     2,-0.2    -2,-0.2   0.882 110.8  50.6 -64.8 -38.0    9.3    6.6  -38.7               
  172  172 A L  H  X S+     0   0   79     -4,-2.5     4,-2.4     2,-0.2    -2,-0.2   0.957 110.1  48.4 -66.2 -48.3    6.1    8.2  -37.1               
  173  173 A R  H  X S+     0   0   89     -4,-2.6     4,-2.9     1,-0.2     5,-0.2   0.920 112.3  50.2 -57.2 -43.1    6.9   11.7  -38.5               
  174  174 A K  H  X S+     0   0   99     -4,-2.2     4,-2.1     1,-0.2    -1,-0.2   0.881 110.8  49.1 -60.4 -41.6    7.5   10.2  -41.9               
  175  175 A K  H  X S+     0   0  119     -4,-2.0     4,-0.7     2,-0.2    -2,-0.2   0.866 113.2  47.2 -65.9 -38.4    4.1    8.3  -41.7               
  176  176 A L  H ><>S+     0   0   31     -4,-2.4     5,-2.3     2,-0.2     3,-1.1   0.956 111.6  49.6 -67.2 -48.1    2.3   11.6  -40.6               
  177  177 A A  H ><5S+     0   0   71     -4,-2.9     3,-1.8     1,-0.3    -2,-0.2   0.893 107.5  55.0 -58.5 -41.9    4.0   13.6  -43.4               
  178  178 A K  H 3<5S+     0   0  186     -4,-2.1    -1,-0.3     1,-0.3    -2,-0.2   0.755 107.8  50.3 -61.5 -27.8    2.9   10.9  -46.0               
  179  179 A K  T <<5S-     0   0  164     -3,-1.1    -1,-0.3    -4,-0.7    -2,-0.2   0.332 118.9-113.2 -87.6   1.9   -0.7   11.4  -44.8               
  180  180 A G  T < 5 +     0   0   69     -3,-1.8     2,-0.8     1,-0.2    -3,-0.2   0.677  69.9 144.3  69.8  19.2   -0.4   15.2  -45.2               
  181  181 A I      < -     0   0   86     -5,-2.3     2,-1.2    -6,-0.1    -1,-0.2  -0.846  40.3-156.7 -93.7 109.8   -0.7   15.7  -41.4               
  182  182 A D        +     0   0  168     -2,-0.8     2,-0.4    -3,-0.1    -9,-0.0  -0.751  35.8 150.3 -81.9  91.8    1.5   18.6  -40.2               
  183  183 A Y        -     0   0  141     -2,-1.2     2,-0.5   -10,-0.1    -6,-0.1  -0.897  26.9-170.6-134.2 107.4    1.9   17.4  -36.6               
  184  184 A D        -     0   0  132     -2,-0.4    -2,-0.0     0, 0.0     0, 0.0  -0.840  13.6-176.3 -92.8 128.1    5.0   18.3  -34.5               
  185  185 A F        -     0   0   17     -2,-0.5     3,-0.1     1,-0.0   -12,-0.0  -0.961  33.3 -92.8-125.4 146.8    5.2   16.5  -31.2               
  186  186 A P        -     0   0  115      0, 0.0    -1,-0.0     0, 0.0     0, 0.0  -0.193  59.1 -84.5 -53.3 143.8    7.7   16.7  -28.3               
  187  187 A S        -     0   0   57      1,-0.2     4,-0.2     2,-0.1   -21,-0.1  -0.226  30.6-132.2 -53.7 136.1   10.6   14.2  -28.5               
  188  188 A L  S    S+     0   0   88     -3,-0.1     2,-0.7   -23,-0.1    -1,-0.2   0.617  88.7  86.4 -68.4 -12.7    9.6   10.8  -26.9               
  189  189 A I  S    S-     0   0   32    -27,-0.0     2,-1.0   -24,-0.0    -2,-0.1  -0.837  82.6-133.9 -90.4 114.7   12.9   10.9  -25.0               
  190  190 A L        -     0   0  111     -2,-0.7     2,-0.3     1,-0.0    -2,-0.1  -0.600  19.9-140.1 -64.0 101.0   12.6   12.8  -21.7               
  191  191 A Q        -     0   0  158     -2,-1.0     2,-0.7    -4,-0.2    -1,-0.0  -0.541  26.3-112.8 -56.8 122.8   15.7   15.0  -21.8               
  192  192 A K        -     0   0  192     -2,-0.3     2,-0.5     1,-0.1    -1,-0.1  -0.591  36.0-120.1 -60.2 108.5   17.0   14.8  -18.2               
  193  193 A T        -     0   0   95     -2,-0.7    -1,-0.1     1,-0.2    -3,-0.0  -0.451  21.1-160.4 -58.8 109.9   16.3   18.5  -17.3               
  194  194 A E    >   +     0   0  171     -2,-0.5     2,-1.4     1,-0.2     3,-1.3   0.094  50.0 131.4 -73.2  22.4   19.8   19.8  -16.4               
  195  195 A S  T 3   +     0   0   92      1,-0.2    -1,-0.2     2,-0.1    -2,-0.1  -0.048  51.4  71.8 -76.8  35.3   17.8   22.6  -14.6               
  196  196 A I  T 3  S+     0   0  105     -2,-1.4     3,-0.2     2,-0.0    -1,-0.2   0.450  83.4  63.3-123.7  -7.7   19.8   22.3  -11.3               
  197  197 A S  S <  S+     0   0   96     -3,-1.3     3,-0.2     1,-0.2    -2,-0.1   0.391  89.8  63.3-104.9   6.9   23.3   23.8  -12.2               
  198  198 A K  S    S+     0   0  195      1,-0.2     3,-0.4    -4,-0.1     2,-0.4   0.471  80.3  78.2-113.9   2.0   22.5   27.6  -13.1               
  199  199 A T  S    S+     0   0  126     -3,-0.2    -1,-0.2     1,-0.2     3,-0.0  -0.500  84.1  56.0-113.5  57.6   21.1   29.1   -9.8               
  200  200 A N  S    S+     0   0  158     -2,-0.4    -1,-0.2    -3,-0.2     3,-0.1   0.205  74.6  91.3-162.0  30.7   24.2   29.8   -7.6               
  201  201 A R        +     0   0  243     -3,-0.4     3,-0.0     1,-0.1    -2,-0.0  -0.461  52.6 100.9-123.9  59.6   26.6   32.1   -9.6               
  202  202 A Q        +     0   0  193     -2,-0.1     2,-0.3    -3,-0.0    -1,-0.1  -0.344  58.1  84.2-135.6  57.1   25.6   35.6   -8.6               
  203  203 A T  S    S+     0   0  127      1,-0.3    -1,-0.0    -3,-0.1    -3,-0.0  -0.861  72.2  25.8-151.2 131.6   28.2   36.7   -6.0               
  204  204 A S        +     0   0  113     -2,-0.3    -1,-0.3    -3,-0.0     0, 0.0   0.917  64.0  80.9  74.3 100.3   31.7   38.3   -6.7               
  205  205 A T        -     0   0  138      0, 0.0     2,-0.2     0, 0.0    -2,-0.0   0.380  33.3-162.6 178.9 122.5   33.5   40.1   -9.1               
  206  206 A K        +     0   0  221      1,-0.1     0, 0.0     2,-0.0     0, 0.0  -0.499  36.5 143.4 -54.7 133.9   33.7   43.8  -10.0               
  207  207 A G        -     0   0   69     -2,-0.2    -1,-0.1     0, 0.0     0, 0.0   0.149  34.9-106.6 164.7  73.8   35.2   44.1  -13.5               
  208  208 A Q        +     0   0  187      2,-0.0    -2,-0.0     0, 0.0     0, 0.0   0.872  42.2  60.8  61.4 118.0   34.5   46.5  -16.3               
  209  209 A V        -     0   0  125      0, 0.0     0, 0.0     0, 0.0     0, 0.0   0.987  33.4-126.3  94.5  99.6   33.2   47.4  -19.7               
  210  210 A L        +     0   0  156      2,-0.0     2,-0.0     0, 0.0    -2,-0.0   0.260  24.1 151.5  14.8 124.5   30.5   47.9  -22.1               
  211  211 A R        -     0   0  248      0, 0.0     2,-0.4     0, 0.0     0, 0.0  -0.131  14.3-179.1-168.6 119.9   29.3   47.1  -25.4               
  212  212 A K        +     0   0  205      2,-0.0     2,-0.3    -2,-0.0    -2,-0.0  -0.735   6.4 170.5 -80.1 133.0   25.6   46.9  -26.4               
  213  213 A K        -     0   0  211     -2,-0.4     2,-0.4     2,-0.0     0, 0.0  -0.832  14.7-165.5-136.5 107.6   24.4   46.0  -29.9               
  214  214 A K        -     0   0  209     -2,-0.3     2,-0.4     2,-0.0    -2,-0.0  -0.733   5.5-173.0 -73.5 131.3   20.6   45.4  -30.1               
  215  215 A K        -     0   0  204     -2,-0.4     2,-0.4     2,-0.0    -2,-0.0  -0.987  13.5-152.6-125.1 121.2   19.3   43.8  -33.2               
  216  216 A K        +     0   0  197     -2,-0.4     2,-0.3     2,-0.0    -2,-0.0  -0.764  16.7 176.9 -85.1 127.6   15.5   43.7  -33.3               
  217  217 A V        -     0   0  136     -2,-0.4     2,-0.3     2,-0.0    -2,-0.0  -0.899  10.4-164.2-135.9 108.9   13.6   40.9  -35.2               
  218  218 A S        +     0   0  105     -2,-0.3     2,-0.2     2,-0.0    -2,-0.0  -0.700  10.6 175.9 -73.8 138.2    9.8   41.0  -35.0               
  219  219 A G        -     0   0   76     -2,-0.3     2,-0.2     2,-0.0    -2,-0.0  -0.687  12.0-160.8-154.6  92.0    8.0   37.8  -36.1               
  220  220 A T        -     0   0  114     -2,-0.2     2,-0.5     1,-0.0    -2,-0.0  -0.467   6.2-153.2 -60.7 136.7    4.2   37.8  -35.6               
  221  221 A L        -     0   0  167     -2,-0.2     2,-0.4     2,-0.0    -1,-0.0  -0.886  14.0-166.0-116.4  92.5    2.4   34.4  -35.6               
  222  222 A D        -     0   0  135     -2,-0.5    -2,-0.0     2,-0.0     0, 0.0  -0.665   9.8-146.0 -70.8 127.4   -1.1   35.0  -36.8               
  223  223 A T        -     0   0  130     -2,-0.4     2,-0.7     2,-0.0    -2,-0.0  -0.907   7.1-154.1 -91.7 119.0   -3.4   32.1  -36.1               
  224  224 A P        -     0   0  115      0, 0.0     2,-0.4     0, 0.0    -2,-0.0  -0.893  13.1-138.6 -92.9 115.8   -6.1   31.6  -38.8               
  225  225 A E        +     0   0  181     -2,-0.7     2,-0.3     1,-0.0    -2,-0.0  -0.562  24.9 177.7 -57.1 119.0   -9.2   29.8  -37.4               
  226  226 A K        -     0   0  196     -2,-0.4     2,-0.2     2,-0.0    -1,-0.0  -0.786  10.5-163.1-131.0  96.8  -10.5   27.2  -39.9               
  227  227 A T        +     0   0  135     -2,-0.3     2,-0.3     2,-0.0    -2,-0.0  -0.489  12.0 175.2 -49.2 127.4  -13.4   25.4  -38.5               
  228  228 A V        -     0   0  133     -2,-0.2     2,-0.1     2,-0.0    -2,-0.0  -0.799  21.2-143.2-143.5 111.2  -14.2   22.1  -40.3               
  229  229 A D        -     0   0  156     -2,-0.3     2,-0.0     1,-0.1    -2,-0.0  -0.368   9.2-163.8 -57.7 139.1  -17.0   20.0  -38.9               
  230  230 A S        +     0   0  118     -2,-0.1     2,-1.4     2,-0.0    -1,-0.1  -0.487  27.5 152.5-133.4  67.6  -16.6   16.1  -39.0               
  231  231 A Q        +     0   0  199      2,-0.0    -2,-0.1    -2,-0.0     0, 0.0  -0.775  31.1 144.4 -77.6  82.1  -20.0   14.5  -38.4               
  232  232 A G        -     0   0   52     -2,-1.4     2,-0.1     3,-0.0    -2,-0.0  -0.998  57.0-106.3-122.1 135.0  -18.9   11.5  -40.5               
  233  233 A P        -     0   0  129      0, 0.0    -2,-0.0     0, 0.0     3,-0.0  -0.372  34.4-116.5 -62.8 129.0  -20.0    7.9  -39.6               
  234  234 A T        -     0   0  130     -2,-0.1     2,-0.3     1,-0.1     0, 0.0  -0.517  36.9-113.1 -61.5 123.0  -17.1    5.8  -38.0               
  235  235 A P        -     0   0  127      0, 0.0     2,-0.1     0, 0.0    -1,-0.1  -0.473  29.1-117.5 -68.1 126.3  -16.5    2.9  -40.5               
  236  236 A V        -     0   0  132     -2,-0.3     2,-1.1     1,-0.1     0, 0.0  -0.404  32.3-108.6 -60.3 130.7  -17.5   -0.4  -38.9               
  237  237 A C        -     0   0   83     -2,-0.1    -1,-0.1     4,-0.1     3,-0.0  -0.532  36.9-164.4 -68.7  95.5  -14.5   -2.7  -38.6               
  238  238 A T    >>  -     0   0   72     -2,-1.1     3,-1.5     1,-0.1     4,-1.2  -0.591  30.7-115.7 -75.0 146.3  -15.0   -5.5  -41.3               
  239  239 A P  H 3> S+     0   0   97      0, 0.0     4,-2.4     0, 0.0     3,-0.2   0.850 115.4  61.6 -58.6 -30.6  -12.8   -8.6  -40.8               
  240  240 A T  H 3> S+     0   0   93      1,-0.2     4,-2.4     2,-0.2     5,-0.1   0.815 100.1  54.2 -62.2 -31.9  -11.0   -7.8  -44.2               
  241  241 A F  H <> S+     0   0  128     -3,-1.5     4,-1.3     2,-0.2    -1,-0.2   0.862 109.3  48.1 -72.0 -33.7   -9.9   -4.4  -42.8               
  242  242 A L  H  X S+     0   0   88     -4,-1.2     4,-2.1    -3,-0.2    -2,-0.2   0.907 111.9  49.3 -69.5 -42.6   -8.3   -6.3  -39.8               
  243  243 A E  H  X S+     0   0  128     -4,-2.4     4,-2.8     2,-0.2     5,-0.2   0.936 109.2  51.5 -63.5 -43.6   -6.6   -8.8  -42.2               
  244  244 A R  H  X S+     0   0  176     -4,-2.4     4,-2.0     1,-0.2    -1,-0.2   0.834 111.1  49.3 -62.8 -32.1   -5.2   -6.0  -44.4               
  245  245 A R  H  X S+     0   0  168     -4,-1.3     4,-0.9     2,-0.2    -1,-0.2   0.876 111.2  48.8 -70.9 -39.5   -3.8   -4.4  -41.1               
  246  246 A K  H  X S+     0   0  150     -4,-2.1     4,-1.1     2,-0.2     3,-0.2   0.911 113.7  46.7 -66.4 -40.8   -2.2   -7.8  -40.1               
  247  247 A S  H  X S+     0   0   67     -4,-2.8     4,-1.2     1,-0.2     3,-0.5   0.917 109.8  51.8 -71.4 -40.2   -0.6   -8.3  -43.6               
  248  248 A Q  H  < S+     0   0  131     -4,-2.0    -1,-0.2     1,-0.2    -2,-0.2   0.724 108.1  53.6 -68.1 -21.2    0.8   -4.7  -43.8               
  249  249 A V  H >< S+     0   0  108     -4,-0.9     3,-0.8    -3,-0.2    -1,-0.2   0.794 104.1  56.8 -77.5 -27.7    2.4   -5.2  -40.4               
  250  250 A A  H 3< S+     0   0   73     -4,-1.1    -2,-0.2    -3,-0.5    -1,-0.1   0.781  96.8  62.2 -74.0 -26.3    4.1   -8.4  -41.7               
  251  251 A E  T 3< S+     0   0  170     -4,-1.2     2,-0.6     1,-0.2    -1,-0.2   0.254  83.4  90.8 -85.7  14.8    5.8   -6.5  -44.6               
  252  252 A L  S <  S-     0   0  100     -3,-0.8     4,-0.2     1,-0.1    -1,-0.2  -0.741 101.3 -74.2-116.4  86.4    7.9   -4.3  -42.2               
  253  253 A N    >   -     0   0  133     -2,-0.6     2,-1.3     1,-0.2     3,-0.6   0.834  36.9-119.3  40.1 106.1   11.2   -6.0  -41.4               
  254  254 A D  T 3  S+     0   0  155      1,-0.2     3,-0.3    -4,-0.1    -1,-0.2   0.169  91.4  93.8 -56.5  17.6   11.4   -9.1  -39.1               
  255  255 A D  T 3   +     0   0  156     -2,-1.3    -1,-0.2     1,-0.2    -2,-0.1   0.355  58.0  91.9 -95.3   7.5   13.7   -7.4  -36.4               
  256  256 A D    <   +     0   0  129     -3,-0.6     2,-1.6    -4,-0.2    -1,-0.2   0.020  40.3 127.1 -98.0  31.0   10.8   -6.2  -34.2               
  257  257 A K        +     0   0  190     -3,-0.3     2,-0.1     1,-0.1    -1,-0.1  -0.425  45.3  98.2 -80.7  63.0   10.6   -9.2  -31.8               
  258  258 A D  S    S-     0   0  100     -2,-1.6     3,-0.2     3,-0.0    -1,-0.1  -0.626  72.2-133.7-149.3  94.9   10.8   -7.0  -28.7               
  259  259 A D        -     0   0  111      1,-0.2     3,-0.2    -2,-0.1    -2,-0.1   0.011  57.0 -34.6 -30.9 131.6    7.4   -6.2  -27.0               
  260  260 A E        -     0   0  166      1,-0.2     2,-1.7     2,-0.0    -1,-0.2   0.606  55.7-128.9  17.7 101.8    6.4   -2.7  -25.9               
  261  261 A I        -     0   0   37     -3,-0.2     2,-1.0  -100,-0.1    -1,-0.2  -0.556  28.9-165.7 -71.1  91.6    9.3   -0.5  -24.6               
  262  262 A V        -     0   0   38     -2,-1.7     2,-0.4    -3,-0.2    -1,-0.0  -0.748   5.6-154.4 -82.3 105.5    7.6    0.6  -21.3               
  263  263 A F        -     0   0  116     -2,-1.0     2,-1.0     1,-0.1  -114,-0.0  -0.653  17.6-122.8 -76.1 132.4    9.6    3.5  -20.0               
  264  264 A K        -     0   0   84     -2,-0.4    -1,-0.1  -115,-0.1     3,-0.1  -0.710  25.6-143.2 -69.9 102.5    9.4    4.1  -16.2               
  265  265 A Q        -     0   0  158     -2,-1.0     2,-0.1     1,-0.1     3,-0.1  -0.537  29.3-106.4 -57.1 131.8    8.1    7.6  -16.0               
  266  266 A P        -     0   0   98      0, 0.0     2,-0.2     0, 0.0    -1,-0.1  -0.455  35.1-107.7 -56.8 136.5   10.0    9.2  -13.0               
  267  267 A I        -     0   0   91      1,-0.1     2,-2.3    -2,-0.1    -3,-0.0  -0.554  38.5-109.0 -56.4 129.6    7.6    9.5  -10.1               
  268  268 A S        +     0   0  112     -2,-0.2     2,-0.7    -3,-0.1    -1,-0.1  -0.545  52.7 169.6 -65.1  77.5    7.0   13.3   -9.8               
  269  269 A C        -     0   0   74     -2,-2.3     2,-0.2     3,-0.0    -2,-0.0  -0.927  38.2-128.9 -82.7 114.3    9.0   13.8   -6.7               
  270  270 A V        -     0   0  115     -2,-0.7     2,-1.0     1,-0.1    -2,-0.0  -0.550  33.0-118.3 -51.0 121.2    9.4   17.5   -6.2               
  271  271 A K        -     0   0  141     -2,-0.2     2,-0.4     2,-0.0    -1,-0.1  -0.764  35.6-172.6 -75.9 104.1   13.2   17.6   -5.7               
  272  272 A E        -     0   0  121     -2,-1.0     2,-0.5     3,-0.0  -159,-0.0  -0.844  29.8-113.7 -93.0 135.0   13.8   19.0   -2.3               
  273  273 A E        -     0   0  174     -2,-0.4     2,-1.0     1,-0.1    -2,-0.0  -0.599  24.4-131.5 -65.6 115.7   17.5   19.7   -1.5               
  274  274 A I        -     0   0  161     -2,-0.5     2,-0.9     2,-0.0    -1,-0.1  -0.660  14.7-153.1 -67.4 102.6   18.7   17.4    1.2               
  275  275 A Q        -     0   0  171     -2,-1.0     2,-0.5     1,-0.0    -1,-0.0  -0.796  29.0-119.5 -71.4 109.0   20.5   19.7    3.7               
  276  276 A E        -     0   0  183     -2,-0.9     2,-0.7     1,-0.1    -1,-0.0  -0.413  23.9-155.1 -52.6 102.7   22.9   17.2    5.1               
  277  277 A T        -     0   0  128     -2,-0.5     2,-0.6     1,-0.0    -1,-0.1  -0.829  24.7-122.7 -83.8 114.4   22.2   16.9    8.8               
  278  278 A Q        -     0   0  187     -2,-0.7    -1,-0.0     1,-0.0    -2,-0.0  -0.459  23.0-158.9 -62.3 107.4   25.5   15.8   10.3               
  279  279 A T        -     0   0  125     -2,-0.6     2,-0.2     1,-0.0    -1,-0.0  -0.794  29.1-110.8 -80.2 132.8   25.0   12.5   12.3               
  280  280 A P        -     0   0  112      0, 0.0     2,-1.0     0, 0.0    -1,-0.0  -0.407  28.7-115.3 -70.0 134.1   27.9   12.0   14.8               
  281  281 A T        -     0   0  142     -2,-0.2     2,-0.8     1,-0.1    -3,-0.0  -0.557  23.5-152.8 -70.2  99.2   30.2    9.1   14.0               
  282  282 A H        -     0   0  179     -2,-1.0     2,-0.9     1,-0.1    -1,-0.1  -0.670  20.2-130.7 -71.7 110.7   29.9    6.5   16.7               
  283  283 A S        -     0   0  115     -2,-0.8     2,-1.3     1,-0.1    -1,-0.1  -0.490  14.6-153.6 -65.0 101.2   33.4    4.8   16.7               
  284  284 A R        -     0   0  247     -2,-0.9     2,-0.5     2,-0.0    -1,-0.1  -0.675  11.1-149.3 -79.2  93.9   32.7    1.0   16.6               
  285  285 A K        -     0   0  203     -2,-1.3     2,-0.9     1,-0.1    -2,-0.0  -0.540  15.9-130.6 -60.0 109.9   35.9   -0.3   18.3               
  286  286 A K        -     0   0  204     -2,-0.5     2,-0.9     1,-0.0    -1,-0.1  -0.610  16.5-154.7 -68.7 100.6   36.5   -3.8   16.6               
  287  287 A R        -     0   0  240     -2,-0.9     2,-0.5     2,-0.0    -1,-0.0  -0.771   9.9-150.2 -74.3 106.0   37.1   -6.3   19.5               
  288  288 A R        -     0   0  243     -2,-0.9     2,-0.7     2,-0.0    -2,-0.0  -0.730   4.0-153.0 -67.2 121.3   39.1   -9.0   17.9               
  289  289 A R        -     0   0  245     -2,-0.5     2,-0.4     2,-0.0    -2,-0.0  -0.957  10.2-148.6 -91.8 112.9   38.3  -12.3   19.7               
  290  290 A S        -     0   0  107     -2,-0.7     2,-0.4     1,-0.0    -2,-0.0  -0.724  14.6-128.7 -71.2 130.2   41.4  -14.6   19.3               
  291  291 A S        -     0   0  116     -2,-0.4     2,-0.4     1,-0.0    -1,-0.0  -0.757  23.7-124.2 -74.6 128.8   40.5  -18.2   19.1               
  292  292 A N              0   0  157     -2,-0.4    -1,-0.0     0, 0.0     0, 0.0  -0.659 360.0 360.0 -68.2 127.4   42.4  -20.4   21.6               
  293  293 A Q              0   0  269     -2,-0.4     0, 0.0     0, 0.0     0, 0.0  -0.845 360.0 360.0 -98.7 360.0   44.4  -23.4   20.4               
