==== Secondary Structure Definition by the program DSSP, CMBI version 2.0                          ==== DATE=2026-03-08        .
REFERENCE W. KABSCH AND C.SANDER, BIOPOLYMERS 22 (1983) 2577-2637                                                              .
HEADER                                            01-AUG-25                                                                    .
COMPND    MOL_ID: 1; MOLECULE: CUGBP ELAV-LIKE FAMILY MEMBER 4; CHAIN: A                                                       .
SOURCE    MOL_ID: 1; ORGANISM_SCIENTIFIC: HOMO SAPIENS; ORGANISM_TAXID: 9606                                                   .
AUTHOR                                                                                                                         .
  486  1  0  0  0 TOTAL NUMBER OF RESIDUES, NUMBER OF CHAINS, NUMBER OF SS-BRIDGES(TOTAL,INTRACHAIN,INTERCHAIN)                .
 45516.5   ACCESSIBLE SURFACE OF PROTEIN (ANGSTROM**2)                                                                         .
  217 44.7   TOTAL NUMBER OF HYDROGEN BONDS OF TYPE O(I)-->H-N(J)  , SAME NUMBER PER 100 RESIDUES                              .
    0  0.0   TOTAL NUMBER OF HYDROGEN BONDS IN     PARALLEL BRIDGES, SAME NUMBER PER 100 RESIDUES                              .
   48  9.9   TOTAL NUMBER OF HYDROGEN BONDS IN ANTIPARALLEL BRIDGES, SAME NUMBER PER 100 RESIDUES                              .
    1  0.2   TOTAL NUMBER OF HYDROGEN BONDS OF TYPE O(I)-->H-N(I-5), SAME NUMBER PER 100 RESIDUES                              .
    1  0.2   TOTAL NUMBER OF HYDROGEN BONDS OF TYPE O(I)-->H-N(I-4), SAME NUMBER PER 100 RESIDUES                              .
    1  0.2   TOTAL NUMBER OF HYDROGEN BONDS OF TYPE O(I)-->H-N(I-3), SAME NUMBER PER 100 RESIDUES                              .
    0  0.0   TOTAL NUMBER OF HYDROGEN BONDS OF TYPE O(I)-->H-N(I-2), SAME NUMBER PER 100 RESIDUES                              .
    0  0.0   TOTAL NUMBER OF HYDROGEN BONDS OF TYPE O(I)-->H-N(I-1), SAME NUMBER PER 100 RESIDUES                              .
    0  0.0   TOTAL NUMBER OF HYDROGEN BONDS OF TYPE O(I)-->H-N(I+0), SAME NUMBER PER 100 RESIDUES                              .
    0  0.0   TOTAL NUMBER OF HYDROGEN BONDS OF TYPE O(I)-->H-N(I+1), SAME NUMBER PER 100 RESIDUES                              .
   42  8.6   TOTAL NUMBER OF HYDROGEN BONDS OF TYPE O(I)-->H-N(I+2), SAME NUMBER PER 100 RESIDUES                              .
   32  6.6   TOTAL NUMBER OF HYDROGEN BONDS OF TYPE O(I)-->H-N(I+3), SAME NUMBER PER 100 RESIDUES                              .
   84 17.3   TOTAL NUMBER OF HYDROGEN BONDS OF TYPE O(I)-->H-N(I+4), SAME NUMBER PER 100 RESIDUES                              .
    0  0.0   TOTAL NUMBER OF HYDROGEN BONDS OF TYPE O(I)-->H-N(I+5), SAME NUMBER PER 100 RESIDUES                              .
  1  2  3  4  5  6  7  8  9 10 11 12 13 14 15 16 17 18 19 20 21 22 23 24 25 26 27 28 29 30     *** HISTOGRAMS OF ***           .
  0  0  0  0  0  0  0  2  1  0  3  1  0  0  1  1  0  0  0  0  0  0  0  0  0  0  0  0  0  0    RESIDUES PER ALPHA HELIX         .
  0  0  0  0  0  0  0  0  0  0  0  0  0  0  0  0  0  0  0  0  0  0  0  0  0  0  0  0  0  0    PARALLEL BRIDGES PER LADDER      .
  0  1  0  3  2  2  0  0  0  0  0  0  0  0  0  0  0  0  0  0  0  0  0  0  0  0  0  0  0  0    ANTIPARALLEL BRIDGES PER LADDER  .
  2  0  2  0  0  0  0  0  0  0  0  0  0  0  0  0  0  0  0  0  0  0  0  0  0  0  0  0  0  0    LADDERS PER SHEET                .
  #  RESIDUE AA STRUCTURE BP1 BP2  ACC     N-H-->O    O-->H-N    N-H-->O    O-->H-N    TCO  KAPPA ALPHA  PHI   PSI    X-CA   Y-CA   Z-CA            CHAIN
    1    1 A M              0   0   54      0, 0.0   447,-0.1     0, 0.0     2,-0.1   0.000 360.0 360.0 360.0 132.3    9.2   14.6    8.6               
    2    2 A Y        +     0   0  155    445,-0.3     2,-0.8   421,-0.1   421,-0.1  -0.586 360.0 177.9-151.3  91.8    9.4   14.9    4.8               
    3    3 A I        -     0   0   13     -2,-0.1     2,-2.0   421,-0.1   421,-0.2  -0.837  31.5-137.8 -84.7 108.9   12.9   15.5    3.3               
    4    4 A K        -     0   0  118     -2,-0.8     2,-0.3   419,-0.6    -1,-0.0  -0.493  21.4-155.9 -78.3  81.4   12.0   15.6   -0.4               
    5    5 A M        -     0   0   78     -2,-2.0     2,-0.7   419,-0.1   421,-0.1  -0.395  11.4-167.7 -57.9 113.7   14.9   13.5   -1.7               
    6    6 A A        -     0   0   44    419,-0.6     2,-1.4    -2,-0.3   421,-0.4  -0.812   4.8-171.9-104.8  87.9   15.6   14.2   -5.4               
    7    7 A T        -     0   0  124     -2,-0.7     2,-0.6   419,-0.1    -2,-0.0  -0.692   4.3-169.2 -76.3  90.9   18.1   11.5   -6.5               
    8    8 A L        -     0   0  151     -2,-1.4     2,-0.2     3,-0.0     3,-0.1  -0.781  15.0-141.6 -70.4 121.0   19.1   12.5   -9.9               
    9    9 A A        -     0   0   86     -2,-0.6     0, 0.0     1,-0.2     0, 0.0  -0.511  54.6 -53.9 -69.2 156.1   21.0    9.6  -11.5               
   10   10 A N  S    S+     0   0  176     -2,-0.2     2,-0.3     1,-0.0    -1,-0.2  -0.068  71.2 152.2 -48.0 121.4   24.0   10.9  -13.6               
   11   11 A G        -     0   0   68     -3,-0.1    -3,-0.0     0, 0.0    -1,-0.0  -0.971  49.0 -84.8-147.8 142.5   23.2   13.6  -16.2               
   12   12 A Q        -     0   0  184     -2,-0.3     2,-0.6     1,-0.1     0, 0.0  -0.043  27.3-138.1 -56.0 144.6   25.6   16.2  -17.5               
   13   13 A A        -     0   0   95      2,-0.0     2,-0.4     0, 0.0    -1,-0.1  -0.915  21.7-174.7 -91.5 125.5   26.3   19.6  -15.9               
   14   14 A D        -     0   0  146     -2,-0.6     2,-0.7     2,-0.0     0, 0.0  -0.982  14.3-146.5-116.8 130.5   26.6   22.4  -18.5               
   15   15 A N        +     0   0  167     -2,-0.4     2,-0.5     0, 0.0    -2,-0.0  -0.884  19.3 175.5 -92.8 117.8   27.7   26.0  -17.3               
   16   16 A A        -     0   0  103     -2,-0.7     2,-0.1     2,-0.0    -2,-0.0  -0.985  11.9-176.4-118.9 114.7   26.1   28.8  -19.3               
   17   17 A S        +     0   0  104     -2,-0.5     0, 0.0     2,-0.0     0, 0.0  -0.201  19.6 119.1 -89.6-170.2   27.0   32.2  -17.8               
   18   18 A L        -     0   0  153     -2,-0.1     2,-0.1     0, 0.0    -2,-0.0   0.817  28.9-162.2  79.2 102.4   25.9   35.9  -18.8               
   19   19 A S        +     0   0  106      2,-0.0     2,-0.1     0, 0.0    -2,-0.0   0.106  12.8 163.9  69.2 112.6   24.3   38.4  -17.3               
   20   20 A T        -     0   0  140     -2,-0.1     2,-0.3     2,-0.0     0, 0.0  -0.246  17.9-153.4 176.5 140.0   22.5   41.6  -18.2               
   21   21 A N        +     0   0  165     -2,-0.1     2,-0.2     2,-0.0    -2,-0.0  -0.761  23.3 162.4 -90.1 146.9   20.1   44.1  -16.5               
   22   22 A G        -     0   0   79     -2,-0.3     2,-0.3     0, 0.0    -2,-0.0  -0.696  17.7-171.8-169.7 115.6   17.6   46.2  -18.6               
   23   23 A L        +     0   0  190     -2,-0.2    -2,-0.0     2,-0.0     0, 0.0  -0.844  15.2 166.2-100.8 142.5   14.4   48.2  -17.6               
   24   24 A G        -     0   0   79     -2,-0.3    -1,-0.0     0, 0.0     0, 0.0  -0.187  24.3-135.5-168.8  59.2   12.3   49.7  -20.6               
   25   25 A S        -     0   0  112      2,-0.0    -2,-0.0     0, 0.0     0, 0.0   0.260  30.3 -35.0  -5.2 121.9    8.7   51.0  -20.1               
   26   26 A S        -     0   0  119      1,-0.0     2,-0.2     0, 0.0     0, 0.0   0.727  38.6-108.6  74.7 158.8    5.4   50.9  -21.6               
   27   27 A P        -     0   0  134      0, 0.0     2,-0.2     0, 0.0    -1,-0.0  -0.584  10.8-148.3-131.8 175.7    2.9   50.7  -24.7               
   28   28 A G        +     0   0   75     -2,-0.2     0, 0.0     1,-0.0     0, 0.0  -0.672  20.1   7.0 157.7 161.2    0.3   51.9  -27.2               
   29   29 A S        -     0   0  119     -2,-0.2    -1,-0.0     0, 0.0     0, 0.0   0.613  35.1 -85.1-165.1 151.6   -2.1   51.7  -29.3               
   30   30 A A        +     0   0  102      1,-0.1    -2,-0.0     0, 0.0     0, 0.0   0.920  24.9 167.9  51.0 128.4   -5.2   50.7  -31.5               
   31   31 A G        -     0   0   69      0, 0.0    -1,-0.1     0, 0.0     0, 0.0  -0.024  30.2-103.9-178.1  69.9   -5.5   48.9  -34.9               
   32   32 A H        +     0   0  167      2,-0.0     0, 0.0     0, 0.0     0, 0.0   0.910  41.3  20.0  54.6 125.5   -8.7   47.5  -36.6               
   33   33 A M        -     0   0  172      2,-0.0     0, 0.0     0, 0.0     0, 0.0   0.914  53.4 -63.2  79.0 131.1  -11.0   44.7  -37.7               
   34   34 A N        +     0   0  174      1,-0.0     2,-0.2     2,-0.0    -2,-0.0   0.158  32.9 163.6 -22.4 128.9  -12.5   41.2  -37.7               
   35   35 A G        -     0   0   73      2,-0.1     2,-1.2     0, 0.0    -1,-0.0  -0.771  24.5-151.2-154.6 111.2  -10.9   37.8  -38.4               
   36   36 A L        +     0   0  194     -2,-0.2     2,-0.3     2,-0.1    -2,-0.0  -0.675  46.2 132.6 -75.5  97.3  -12.5   34.5  -37.4               
   37   37 A S        -     0   0  102     -2,-1.2     2,-0.9     2,-0.0    -2,-0.1  -0.992  58.1-117.2-147.6 147.3   -9.5   32.2  -36.9               
   38   38 A H        -     0   0  192     -2,-0.3    -2,-0.1     2,-0.0     0, 0.0  -0.729  27.9-154.7 -86.2 105.0   -8.5   29.7  -34.2               
   39   39 A S        -     0   0  111     -2,-0.9     2,-0.3     1,-0.1    -2,-0.0  -0.628  27.2-107.4 -78.0 136.0   -5.2   30.9  -32.6               
   40   40 A P        -     0   0  130      0, 0.0     2,-0.9     0, 0.0    -1,-0.1  -0.456  33.4-123.2 -75.4 127.0   -3.1   28.0  -31.0               
   41   41 A G        -     0   0   80     -2,-0.3    -2,-0.0     1,-0.1     0, 0.0  -0.619  36.3 -87.4 -84.6 103.0   -3.1   27.9  -27.2               
   42   42 A N        -     0   0  122     -2,-0.9     2,-1.9     1,-0.2    -1,-0.1   0.590  27.9-129.0  27.7 104.2    0.2   28.0  -25.2               
   43   43 A P  S    S+     0   0  131      0, 0.0    -1,-0.2     0, 0.0    -2,-0.0  -0.416  76.2 102.0 -82.3  69.8    2.1   24.7  -24.4               
   44   44 A S        +     0   0   98     -2,-1.9     2,-0.6     2,-0.1    -2,-0.1  -0.003  37.0 121.1-146.3  40.0    2.6   25.3  -20.6               
   45   45 A T        -     0   0  105     -3,-0.1     3,-0.0     3,-0.0     0, 0.0  -0.906  57.8-133.6-102.5 116.7    0.1   23.2  -18.6               
   46   46 A I        -     0   0  146     -2,-0.6     2,-0.4     1,-0.1    -2,-0.1  -0.485  40.7-100.6 -54.9 127.4    1.5   20.7  -16.1               
   47   47 A P        -     0   0   44      0, 0.0     2,-0.4     0, 0.0    -1,-0.1  -0.425  35.9-153.3 -58.3 114.6   -0.4   17.4  -16.8               
   48   48 A M        -     0   0  148     -2,-0.4     2,-0.7    -3,-0.0    -3,-0.0  -0.780  15.0-130.0 -80.3 133.4   -3.1   17.1  -14.1               
   49   49 A K        -     0   0   63     -2,-0.4    55,-0.1    32,-0.1    54,-0.1  -0.834  26.1-131.1 -81.5 116.6   -4.0   13.4  -13.5               
   50   50 A D    >   -     0   0   95     53,-2.1     3,-1.5    -2,-0.7    -1,-0.0  -0.184  19.8-111.0 -60.8 157.6   -7.8   13.1  -13.7               
   51   51 A H  T 3  S+     0   0  161      1,-0.2    -1,-0.1     3,-0.0    53,-0.1   0.748 121.2  46.6 -59.7 -21.6   -9.7   11.3  -10.9               
   52   52 A D  T 3  S+     0   0   81     51,-0.1     2,-0.7     2,-0.1    -1,-0.2   0.162  78.1 139.4-106.8   9.7  -10.5    8.6  -13.5               
   53   53 A A    <   -     0   0   10     -3,-1.5     2,-0.1    50,-0.2    52,-0.1  -0.472  45.4-140.5 -70.4 108.2   -6.9    8.2  -15.0               
   54   54 A I        -     0   0   32     -2,-0.7    48,-1.1    50,-0.1     2,-0.4  -0.395   1.8-142.1 -69.9 135.4   -6.2    4.5  -15.7               
   55   55 A K  E     -A  101   0A  50     78,-0.2    78,-2.9    46,-0.2     2,-0.4  -0.868  21.4-156.1 -93.1 131.5   -2.8    2.9  -15.0               
   56   56 A L  E     -AB 100 132A   0     44,-3.4    44,-2.5    -2,-0.4     2,-0.4  -0.883  11.2-140.3-108.8 138.2   -1.9    0.3  -17.7               
   57   57 A F  E     -AB  99 131A  66     74,-2.8    74,-2.9    -2,-0.4     2,-0.5  -0.864  18.1-158.9 -88.8 133.6    0.5   -2.6  -17.5               
   58   58 A I  E     -AB  98 130A   0     40,-3.0    40,-2.1    -2,-0.4    72,-0.2  -0.962  12.2-177.2-118.0 111.6    2.6   -3.1  -20.7               
   59   59 A G  E     +AB  97 129A   5     70,-2.2    70,-2.3    -2,-0.5    38,-0.2  -0.618  56.1  45.8 -99.3 169.2    4.1   -6.6  -21.3               
   60   60 A Q        +     0   0   56     36,-0.8    61,-0.4     1,-0.2    37,-0.2   0.893  68.2 155.1  61.3  46.9    6.4   -7.8  -24.1               
   61   61 A I        -     0   0    1     35,-2.2    -1,-0.2    -3,-0.2    62,-0.0  -0.902  49.0-111.8 -95.2 129.8    8.8   -4.8  -24.1               
   62   62 A P    >   -     0   0    0      0, 0.0     3,-2.1     0, 0.0    34,-0.1  -0.321  23.6-123.4 -56.5 138.6   12.4   -5.6  -25.5               
   63   63 A R  T 3  S+     0   0  164      1,-0.3    31,-0.4    60,-0.1    60,-0.0   0.516 108.8  59.4 -66.9  -6.6   15.0   -5.4  -22.6               
   64   64 A N  T 3  S+     0   0  123      2,-0.1     2,-0.4    30,-0.0    -1,-0.3   0.226  86.3  90.8-104.8   3.1   17.0   -2.7  -24.6               
   65   65 A L    <   -     0   0   36     -3,-2.1     2,-0.2     4,-0.0    -4,-0.0  -0.893  56.7-169.7 -99.8 138.4   14.1   -0.1  -24.8               
   66   66 A D    >>  -     0   0   58     -2,-0.4     4,-2.0    19,-0.0     3,-1.4  -0.607  44.7 -84.4-113.7 176.6   13.8    2.5  -22.1               
   67   67 A E  H 3> S+     0   0   81      1,-0.3     4,-2.6     2,-0.2    17,-0.0   0.840 126.8  59.6 -51.7 -35.6   11.1    5.1  -21.2               
   68   68 A K  H 34 S+     0   0  151      2,-0.2    -1,-0.3     1,-0.2    -3,-0.0   0.808 109.6  41.1 -60.9 -35.7   12.6    7.5  -23.8               
   69   69 A D  H <4 S+     0   0   66     -3,-1.4     4,-0.5     2,-0.1    -2,-0.2   0.779 118.9  45.2 -88.5 -31.6   12.0    5.0  -26.7               
   70   70 A L  H  X S+     0   0    1     -4,-2.0     4,-1.4     2,-0.1     3,-0.4   0.834  97.7  74.0 -79.2 -36.4    8.5    3.9  -25.4               
   71   71 A K  H >X S+     0   0   88     -4,-2.6     4,-2.5    -5,-0.2     3,-0.9   0.890  96.8  45.6 -49.2 -54.2    7.2    7.5  -24.7               
   72   72 A P  H 3> S+     0   0   82      0, 0.0     4,-0.9     0, 0.0    -1,-0.2   0.834 110.8  55.0 -63.6 -31.1    6.7    8.6  -28.4               
   73   73 A L  H 34 S+     0   0   25     -4,-0.5    -2,-0.2    -3,-0.4    -3,-0.1   0.780 118.0  34.5 -67.5 -30.8    4.9    5.2  -29.2               
   74   74 A F  H X< S+     0   0    0     -4,-1.4     3,-1.5    -3,-0.9     4,-0.2   0.738 105.3  68.2 -95.5 -27.6    2.4    5.8  -26.3               
   75   75 A E  H >< S+     0   0   81     -4,-2.5     3,-1.3     1,-0.3    -2,-0.2   0.756  84.2  75.4 -68.9 -21.1    2.1    9.6  -26.6               
   76   76 A E  T 3< S+     0   0  142     -4,-0.9    -1,-0.3     1,-0.2    -2,-0.1   0.790  96.6  48.9 -52.6 -31.6    0.3    9.1  -30.0               
   77   77 A F  T <  S-     0   0   39     -3,-1.5    -1,-0.2     1,-0.3     2,-0.2   0.503 128.2 -61.7 -93.0  -6.7   -2.8    8.0  -28.0               
   78   78 A G  S <  S-     0   0   21     -3,-1.3     2,-0.3    -4,-0.2    -1,-0.3  -0.771  75.6 -33.2 144.6 174.7   -2.8   11.0  -25.6               
   79   79 A K        -     0   0   86     -2,-0.2    24,-2.5    -3,-0.1    25,-0.3  -0.405  57.0-137.3 -67.3 118.3   -0.9   13.0  -22.9               
   80   80 A I  E     -C  102   0A  20     -2,-0.3    22,-0.3    22,-0.2     3,-0.1  -0.556  22.1-178.9 -75.8 134.4    1.2   10.8  -20.7               
   81   81 A Y  E    S+     0   0A  86     20,-2.8     2,-0.3     1,-0.4    21,-0.2   0.808  73.8   1.9 -94.9 -45.5    1.2   11.5  -16.9               
   82   82 A E  E     -C  101   0A  40     19,-1.9    19,-3.2     2,-0.0     2,-0.4  -0.981  56.3-179.3-146.1 131.0    3.6    8.7  -15.7               
   83   83 A L  E     +C  100   0A  22     -2,-0.3     2,-0.4    17,-0.2    17,-0.2  -0.998  13.2 177.3-127.4 127.8    5.7    6.1  -17.7               
   84   84 A T  E     -C   99   0A  41     15,-2.9    15,-2.8    -2,-0.4     2,-0.4  -0.953  20.5-145.7-138.2 114.9    7.8    3.7  -15.6               
   85   85 A V  E     -C   98   0A   9     -2,-0.4     2,-0.8    13,-0.2    13,-0.3  -0.625  25.0-123.3 -77.1 130.3   10.0    0.9  -16.9               
   86   86 A L  E     +     0   0A  40     11,-2.2     9,-3.1    -2,-0.4    11,-0.5  -0.664  36.7 178.4 -80.5 112.7   10.1   -2.1  -14.5               
   87   87 A K  E     -C   94   0A 100     -2,-0.8     2,-0.3     7,-0.3     7,-0.2  -0.801  34.7-106.5-108.2 148.4   13.8   -2.9  -13.7               
   88   88 A D     >  -     0   0   50      5,-2.5     4,-1.7    -2,-0.3     5,-0.0  -0.600  25.6-136.3 -71.2 137.3   15.1   -5.6  -11.4               
   89   89 A R  T  4 S+     0   0  229     -2,-0.3    -1,-0.1     1,-0.2    -2,-0.0   0.737  97.9  38.6 -72.0 -26.0   16.4   -4.1   -8.1               
   90   90 A F  T  4 S+     0   0  191      3,-0.1    -1,-0.2     1,-0.1    -2,-0.0   0.815 129.4  26.3 -94.4 -37.3   19.6   -6.2   -7.8               
   91   91 A T  T  4 S-     0   0   90      2,-0.1    -2,-0.2     0, 0.0     3,-0.1   0.505  89.6-133.3-103.2 -13.7   20.7   -6.3  -11.5               
   92   92 A G     <  +     0   0   48     -4,-1.7     2,-0.1     1,-0.2    -3,-0.1   0.421  55.7 150.3  68.2  -0.9   19.2   -3.1  -12.9               
   93   93 A M        -     0   0  105     -6,-0.1    -5,-2.5     1,-0.1    -1,-0.2  -0.371  56.5-105.2 -72.0 139.6   17.9   -5.3  -15.9               
   94   94 A H  E     - C   0  87A  11    -31,-0.4    -7,-0.3    -7,-0.2    -1,-0.1  -0.399  24.5-148.5 -59.0 122.6   14.7   -4.5  -17.8               
   95   95 A K  E     -     0   0A 126     -9,-3.1    -1,-0.1     2,-0.3    -8,-0.1   0.548  45.2-100.3 -77.0  -7.8   12.0   -7.1  -16.6               
   96   96 A G  E    S+     0   0A  19    -10,-0.3   -35,-2.2     1,-0.3   -36,-0.8   0.531  94.2  71.6  97.4  11.9   10.2   -7.1  -20.0               
   97   97 A C  E     -A   59   0A  16    -11,-0.5   -11,-2.2   -38,-0.2    -1,-0.3  -0.972  52.9-165.5-152.6 162.9    7.4   -4.7  -18.9               
   98   98 A A  E     -AC  58  85A   0    -40,-2.1   -40,-3.0    -2,-0.3     2,-0.4  -0.931  20.7-125.7-139.7 162.7    6.4   -1.1  -17.9               
   99   99 A F  E     -AC  57  84A  48    -15,-2.8   -15,-2.9    -2,-0.3     2,-0.4  -0.949  26.0-170.3-106.5 144.6    3.6    0.8  -16.2               
  100  100 A L  E     -AC  56  83A   0    -44,-2.5   -44,-3.4    -2,-0.4     2,-0.4  -0.999   8.5-170.9-134.5 133.9    1.9    3.7  -18.1               
  101  101 A T  E     -AC  55  82A   0    -19,-3.2   -20,-2.8    -2,-0.4   -19,-1.9  -0.992  10.1-157.1-123.2 122.1   -0.6    6.3  -16.8               
  102  102 A Y  E     - C   0  80A   0    -48,-1.1   -22,-0.2    -2,-0.4   -52,-0.1  -0.454  27.4-119.9 -82.4 165.5   -2.4    8.7  -19.2               
  103  103 A C  S    S+     0   0    7    -24,-2.5   -53,-2.1    -2,-0.1     2,-0.3   0.882  98.5  39.5 -67.1 -36.2   -3.9   12.1  -18.0               
  104  104 A E  S  > S-     0   0   97    -25,-0.3     4,-1.2   -55,-0.1    -2,-0.2  -0.814  75.4-130.7-117.4 149.9   -7.3   10.9  -19.2               
  105  105 A R  H  > S+     0   0  113     -2,-0.3     4,-1.9     2,-0.2     3,-0.3   0.915 108.2  57.7 -56.7 -46.9   -9.3    7.5  -19.2               
  106  106 A E  H  > S+     0   0   92      1,-0.2     4,-2.3     2,-0.2    -1,-0.2   0.881 101.7  53.3 -62.7 -40.3  -10.1    7.9  -22.9               
  107  107 A S  H  > S+     0   0    7      1,-0.2     4,-2.5     2,-0.2    -1,-0.2   0.899 109.9  49.7 -57.2 -41.7   -6.4    8.0  -23.9               
  108  108 A A  H  X S+     0   0    0     -4,-1.2     4,-2.4    -3,-0.3    -2,-0.2   0.880 109.6  49.7 -69.5 -38.1   -5.8    4.8  -22.0               
  109  109 A L  H  X S+     0   0   62     -4,-1.9     4,-2.5     2,-0.2    -2,-0.2   0.893 112.6  48.3 -68.2 -38.8   -8.7    2.9  -23.6               
  110  110 A K  H  X S+     0   0  107     -4,-2.3     4,-2.5     2,-0.2     5,-0.2   0.957 112.4  48.2 -62.7 -50.3   -7.5    4.0  -27.1               
  111  111 A A  H  X S+     0   0    0     -4,-2.5     4,-1.5     1,-0.2     5,-0.4   0.890 113.7  47.7 -58.9 -42.6   -3.9    2.9  -26.3               
  112  112 A Q  H  X S+     0   0   52     -4,-2.4     4,-2.5     2,-0.2     3,-0.3   0.963 115.1  44.6 -60.8 -51.6   -5.2   -0.5  -25.0               
  113  113 A S  H  < S+     0   0   92     -4,-2.5    -2,-0.2     1,-0.2    -1,-0.2   0.823 118.9  41.7 -66.6 -34.5   -7.5   -1.0  -28.1               
  114  114 A A  H  < S+     0   0   48     -4,-2.5    -1,-0.2    -5,-0.2    -2,-0.2   0.672 127.2  28.2 -88.1 -21.6   -4.9   -0.0  -30.7               
  115  115 A L  H >X S+     0   0    2     -4,-1.5     4,-1.5    -3,-0.3     3,-1.2   0.740  83.0 111.8-110.6 -32.3   -1.8   -1.7  -29.1               
  116  116 A H  T 3< S-     0   0   54     -4,-2.5    13,-0.2    -5,-0.4    12,-0.1  -0.290 110.4 -26.1 -59.6 110.4   -3.0   -4.8  -27.2               
  117  117 A E  T 34 S+     0   0   93     11,-2.8    -1,-0.3    -2,-0.3    12,-0.1   0.393 126.4  92.2  59.9   8.0   -1.8   -7.9  -29.1               
  118  118 A Q  T <4 S+     0   0  141     -3,-1.2     2,-0.6    10,-0.3    -2,-0.2   0.825  76.9  52.5 -89.9 -40.2   -1.7   -5.7  -32.3               
  119  119 A K     <  -     0   0   89     -4,-1.5     9,-2.8     9,-0.3     2,-0.5  -0.893  63.3-158.4-116.4 114.3    1.9   -4.3  -32.4               
  120  120 A T        -     0   0   76     -2,-0.6   -59,-0.1     7,-0.3     3,-0.1  -0.768  19.3-136.7 -86.7 126.5    5.1   -6.4  -32.1               
  121  121 A L    >   -     0   0   11      5,-0.5     3,-2.4    -2,-0.5     5,-0.2  -0.624  36.0 -87.7 -79.6 142.7    8.1   -4.4  -30.9               
  122  122 A P  T 3  S+     0   0  111      0, 0.0    -1,-0.1     0, 0.0     3,-0.1  -0.239 117.0  21.9 -52.4 126.8   11.5   -5.0  -32.7               
  123  123 A G  T 3  S+     0   0   70      1,-0.3     2,-0.4    -3,-0.1   -60,-0.1   0.351 100.2 108.7  89.2  -1.6   13.3   -8.0  -31.1               
  124  124 A M    <   -     0   0   51     -3,-2.4    -1,-0.3   -64,-0.1     4,-0.1  -0.871  56.6-155.3-101.2 142.8   10.1   -9.5  -29.5               
  125  125 A N  S    S+     0   0  167     -2,-0.4    -1,-0.1    -3,-0.1    -5,-0.0   0.188  82.3  52.9 -91.1   9.1    8.5  -12.8  -30.7               
  126  126 A R  S    S-     0   0  122     -5,-0.2    -5,-0.5   -66,-0.1     3,-0.1  -0.989  90.6-102.4-144.3 147.4    5.1  -11.7  -29.3               
  127  127 A P        -     0   0   33      0, 0.0    -7,-0.3     0, 0.0     2,-0.1  -0.253  53.0 -80.7 -70.9 158.7    2.9   -8.5  -29.7               
  128  128 A I        -     0   0    1     -9,-2.8   -11,-2.8   -13,-0.2     2,-0.9  -0.329  38.3-142.7 -64.2 132.6    2.8   -5.8  -27.0               
  129  129 A Q  E     +B   59   0A  37    -70,-2.3   -70,-2.2   -13,-0.2     2,-0.7  -0.713  21.9 178.4-106.7  84.1    0.4   -6.7  -24.0               
  130  130 A V  E     +B   58   0A   0     -2,-0.9   -72,-0.2   -72,-0.2   -14,-0.1  -0.773  16.1 157.5 -84.1 112.0   -1.3   -3.5  -22.9               
  131  131 A K  E     -B   57   0A 105    -74,-2.9   -74,-2.8    -2,-0.7     2,-0.1  -0.935  51.6 -87.2-127.0 156.9   -3.8   -4.3  -20.0               
  132  132 A P  E     -B   56   0A  74      0, 0.0     2,-0.5     0, 0.0   -76,-0.3  -0.420  55.1-112.2 -52.1 132.1   -5.4   -2.4  -17.1               
  133  133 A A        -     0   0   20    -78,-2.9     2,-0.4   -33,-0.2   -78,-0.2  -0.665  21.2-122.0 -72.1 122.6   -2.9   -2.5  -14.2               
  134  134 A D    >   -     0   0  111     -2,-0.5     3,-0.6     1,-0.1    -1,-0.1  -0.544  25.7-146.7 -57.6 116.9   -4.1   -4.6  -11.3               
  135  135 A S  T 3  S+     0   0  128     -2,-0.4    -1,-0.1     1,-0.2    -2,-0.0   0.450  86.1  52.9 -79.5  -0.9   -3.9   -1.8   -8.7               
  136  136 A E  T 3  S+     0   0  164      1,-0.1     2,-1.7     2,-0.1     3,-0.2   0.634  77.0 107.5-106.8 -19.6   -3.0   -4.1   -5.7               
  137  137 A S  S <  S-     0   0   83     -3,-0.6    -1,-0.1     1,-0.2    -3,-0.1  -0.419  82.8 -49.5 -86.1  84.0    0.0   -6.1   -7.0               
  138  138 A R        -     0   0  240     -2,-1.7    -1,-0.2     2,-0.0    -2,-0.1   0.974  68.7 -68.8  69.5  86.2    3.4   -5.0   -5.4               
  139  139 A G        +     0   0   89     -3,-0.2     3,-0.0     1,-0.1    -3,-0.0   0.791  66.9 106.2  49.7 104.9    5.1   -1.8   -4.8               
  140  140 A G  S    S+     0   0   82    -54,-0.0     2,-0.5     0, 0.0    -1,-0.1   0.087  76.9  33.6-168.4 -55.5    6.8    0.8   -7.1               
  141  141 A S        +     0   0   44      1,-0.1   -57,-0.0   -57,-0.1    -2,-0.0  -0.912  52.2 133.6-124.4 105.4    4.9    4.1   -7.6               
  142  142 A S        +     0   0  105     -2,-0.5     2,-0.8    -3,-0.0     4,-0.1  -0.367  24.3 136.4-138.8  55.7    2.8    5.7   -4.8               
  143  143 A C  S    S-     0   0   94      1,-0.2    -2,-0.0     2,-0.1     0, 0.0  -0.792  75.1 -10.7-101.4  89.1    3.9    9.3   -5.0               
  144  144 A L  S    S+     0   0  144     -2,-0.8    -1,-0.2     2,-0.1    -3,-0.0   0.463 101.3  53.3  89.2 136.5    0.5   11.1   -4.7               
  145  145 A R  S    S+     0   0  147     -3,-0.1    -2,-0.1     0, 0.0     0, 0.0   0.857  79.2  49.1  66.8  61.7   -3.2   10.0   -4.8               
  146  146 A Q        -     0   0  144     -4,-0.1    -2,-0.1     2,-0.0     3,-0.1  -0.159  46.3-153.5-169.0 141.8   -4.6    7.5   -2.9               
  147  147 A P        -     0   0   64      0, 0.0     5,-0.0     0, 0.0    55,-0.0  -0.615  58.4 -87.1 -63.8 146.3   -4.7    6.5    0.8               
  148  148 A P    >   -     0   0   64      0, 0.0     3,-1.6     0, 0.0     4,-0.2  -0.255  33.8-114.5 -53.0 146.1   -5.3    2.6    0.8               
  149  149 A S  G >  S+     0   0   51      1,-0.3     3,-0.9     2,-0.2     4,-0.1   0.711 115.7  71.9 -55.2 -19.7   -9.0    1.7    0.7               
  150  150 A Q  G >  S+     0   0   71      1,-0.2     3,-1.9     2,-0.2    80,-0.5   0.868  83.2  65.4 -63.2 -38.4   -8.3    0.3    4.2               
  151  151 A D  G <  S+     0   0   61     -3,-1.6    -1,-0.2     1,-0.3    -2,-0.2   0.492 105.3  47.0 -66.9  -4.4   -8.0    3.9    5.7               
  152  152 A R  G <  S+     0   0   36     -3,-0.9    47,-2.6    -4,-0.2     2,-0.5   0.408  94.7  88.8-112.8  -5.4  -11.8    4.2    4.9               
  153  153 A K  E <   -D  198   0B  51     -3,-1.9    77,-2.8    45,-0.2     2,-0.4  -0.882  60.8-161.5-103.2 122.2  -12.9    0.9    6.4               
  154  154 A L  E     -DE 197 229B   0     43,-3.4    43,-2.1    -2,-0.5     2,-0.5  -0.832  14.4-140.0-100.3 137.6  -13.9    0.8   10.0               
  155  155 A F  E     -DE 196 228B  66     73,-2.6    73,-2.2    -2,-0.4     2,-0.5  -0.855  18.1-161.8 -85.5 131.5  -14.2   -2.2   12.4               
  156  156 A V  E     +DE 195 227B   0     39,-2.9    39,-2.4    -2,-0.5     3,-0.3  -0.945  15.5 178.4-119.1 101.8  -17.3   -1.7   14.6               
  157  157 A G  E     +DE 194 226B   4     69,-2.8    69,-2.3    -2,-0.5    37,-0.2  -0.609  51.5  44.8-100.8 168.9  -17.1   -4.0   17.7               
  158  158 A M  S    S+     0   0  102     35,-0.8    65,-0.4     1,-0.2    60,-0.3   0.693  70.4 154.8  65.2  28.5  -19.5   -4.5   20.8               
  159  159 A L        -     0   0   11     34,-2.2    -1,-0.2    -3,-0.3     2,-0.2  -0.584  52.3-107.3 -71.2 142.0  -22.7   -4.6   18.7               
  160  160 A N    >   -     0   0   25     -2,-0.2     3,-2.1    59,-0.1    33,-0.1  -0.494  29.3-120.9 -60.8 138.5  -25.6   -6.5   20.2               
  161  161 A K  T 3  S+     0   0  146      1,-0.3    30,-0.5    59,-0.2    -1,-0.1   0.641 111.6  60.8 -61.7 -17.0  -26.1   -9.8   18.3               
  162  162 A Q  T 3  S+     0   0  166     58,-0.1    -1,-0.3    28,-0.1     2,-0.1   0.489  79.3 112.6 -85.7  -9.2  -29.6   -8.7   17.3               
  163  163 A Q    <   -     0   0   19     -3,-2.1     2,-0.2     1,-0.1    30,-0.1  -0.452  57.9-143.4 -67.8 138.5  -28.4   -5.6   15.4               
  164  164 A S     >  -     0   0   38     -2,-0.1     4,-2.1     1,-0.1     5,-0.2  -0.539  26.8-106.8 -95.3 163.8  -28.9   -5.5   11.6               
  165  165 A E  H  > S+     0   0   50      1,-0.2     4,-2.0     2,-0.2    -1,-0.1   0.817 123.5  52.4 -55.4 -31.2  -26.8   -4.1    8.8               
  166  166 A D  H  > S+     0   0   84      2,-0.2     4,-2.7     3,-0.2    -1,-0.2   0.840 104.6  52.7 -79.2 -33.4  -29.4   -1.3    8.5               
  167  167 A D  H  > S+     0   0   58      2,-0.2     4,-1.4     1,-0.2    -2,-0.2   0.916 113.4  45.3 -65.3 -40.6  -29.3   -0.4   12.3               
  168  168 A V  H  X S+     0   0    1     -4,-2.1     4,-1.7     2,-0.2     3,-0.3   0.934 112.5  51.3 -66.0 -44.9  -25.5   -0.1   11.9               
  169  169 A R  H  X S+     0   0   94     -4,-2.0     4,-2.7     1,-0.2     3,-0.4   0.943 107.8  52.9 -56.4 -48.5  -26.0    1.9    8.6               
  170  170 A R  H  < S+     0   0  176     -4,-2.7     4,-0.4     1,-0.3    -1,-0.2   0.779 111.0  46.3 -60.3 -33.6  -28.5    4.3   10.4               
  171  171 A L  H  < S+     0   0   30     -4,-1.4    -1,-0.3    -3,-0.3    -2,-0.2   0.830 120.1  39.3 -73.8 -34.0  -26.0    5.1   13.2               
  172  172 A F  H >< S+     0   0    1     -4,-1.7     3,-1.9    -3,-0.4     4,-0.3   0.739  96.6  74.8 -93.1 -24.8  -23.1    5.6   10.8               
  173  173 A E  G >< S+     0   0  107     -4,-2.7     3,-1.3     1,-0.3    -1,-0.1   0.799  83.2  71.9 -63.8 -24.7  -24.8    7.5    7.8               
  174  174 A A  G 3  S+     0   0   84     -4,-0.4    -1,-0.3     1,-0.2    -2,-0.1   0.620  98.9  48.5 -61.6 -15.2  -24.9   10.7   10.0               
  175  175 A F  G <  S-     0   0   62     -3,-1.9     2,-0.2     1,-0.3    -1,-0.2   0.442 125.3 -58.7-106.7  -5.0  -21.0   11.0    9.6               
  176  176 A G  S <  S-     0   0   19     -3,-1.3     2,-0.4    -4,-0.3    -1,-0.3  -0.866  75.4 -34.3 148.7 179.8  -20.9   10.5    5.7               
  177  177 A N        -     0   0  107     -2,-0.2    23,-2.2    -3,-0.1     2,-0.7  -0.549  51.5-143.0 -77.1 125.4  -21.6    8.4    2.7               
  178  178 A I  E     +F  199   0B  27     -2,-0.4    21,-0.3    21,-0.2     3,-0.1  -0.781  20.5 179.3 -95.0 114.2  -21.3    4.6    3.3               
  179  179 A E  E    S+     0   0B  94     19,-2.0     2,-0.3    -2,-0.7    20,-0.2   0.764  75.8  12.7 -75.5 -31.9  -19.9    2.5    0.4               
  180  180 A E  E     +F  198   0B  61     18,-1.4    18,-2.9     2,-0.0     2,-0.3  -0.986  53.6 179.6-150.1 137.4  -20.2   -0.8    2.4               
  181  181 A C  E     +F  197   0B  14     -2,-0.3     2,-0.4    16,-0.2    16,-0.2  -0.942  18.0 165.7-140.2 121.4  -21.9   -2.1    5.6               
  182  182 A T  E     -F  196   0B  56     14,-2.5    14,-2.5    -2,-0.3     2,-0.3  -0.968  26.6-143.8-142.3 115.4  -21.4   -5.8    6.6               
  183  183 A I  E     -F  195   0B   9     -2,-0.4     2,-0.7    12,-0.3    12,-0.3  -0.633  25.8-123.0 -78.5 135.6  -22.1   -7.6    9.9               
  184  184 A L  E     -     0   0B  36     10,-2.6     8,-3.0    -2,-0.3    10,-0.5  -0.706  35.2-172.4 -80.1 116.2  -19.6  -10.4   10.8               
  185  185 A R  E     -F  191   0B 117     -2,-0.7     6,-0.2     6,-0.3     5,-0.1  -0.651  18.3-120.8-106.1 155.4  -21.5  -13.7   11.2               
  186  186 A G    >   -     0   0   19      4,-2.4     3,-1.8    -2,-0.2    -1,-0.1  -0.314  39.0 -94.2 -80.8 177.0  -20.3  -17.1   12.5               
  187  187 A P  T 3  S+     0   0  151      0, 0.0    -1,-0.1     0, 0.0    -2,-0.0   0.684 131.0  59.7 -65.6 -17.0  -20.4  -20.4   10.6               
  188  188 A D  T 3  S-     0   0  104      2,-0.1     3,-0.1     3,-0.0     0, 0.0   0.223 118.9-116.1 -85.4   2.7  -23.8  -20.8   12.5               
  189  189 A G  S <  S+     0   0   42     -3,-1.8     3,-0.1     1,-0.2     2,-0.1   0.213  72.8 134.6  75.5 -12.7  -25.1  -17.6   10.8               
  190  190 A N        -     0   0   96     -5,-0.1    -4,-2.4     1,-0.1    -1,-0.2  -0.341  65.3-100.5 -67.1 142.9  -25.3  -15.8   14.3               
  191  191 A S  E     - F   0 185B   5    -30,-0.5    -6,-0.3    -6,-0.2    -1,-0.1  -0.395  19.2-148.7 -61.4 134.6  -23.9  -12.2   14.6               
  192  192 A K  E     -     0   0B 133     -8,-3.0   -34,-0.2     2,-0.3    -1,-0.1   0.366  48.2-104.4 -81.3   2.8  -20.4  -12.1   16.2               
  193  193 A G  E    S+     0   0B  11     -9,-0.2   -34,-2.2     1,-0.2   -35,-0.8   0.750  92.4  90.5  72.6  26.0  -21.3   -8.7   17.7               
  194  194 A C  E     -D  157   0B  14    -10,-0.5   -10,-2.6   -37,-0.2    -2,-0.3  -0.993  48.3-178.1-148.8 156.7  -19.2   -6.8   15.1               
  195  195 A A  E     -DF 156 183B   0    -39,-2.4   -39,-2.9    -2,-0.3     2,-0.4  -0.893  23.7-124.8-137.5 167.0  -19.4   -5.2   11.7               
  196  196 A F  E     -DF 155 182B  30    -14,-2.5   -14,-2.5    -2,-0.3     2,-0.4  -0.986  22.0-171.7-112.2 138.4  -17.4   -3.4    9.0               
  197  197 A V  E     -DF 154 181B   0    -43,-2.1   -43,-3.4    -2,-0.4     2,-0.5  -0.996   5.0-162.5-124.9 129.6  -18.4    0.0    7.7               
  198  198 A K  E     -DF 153 180B  43    -18,-2.9   -19,-2.0    -2,-0.4   -18,-1.4  -0.972   6.4-157.8-117.3 127.4  -16.7    1.6    4.7               
  199  199 A Y  E     - F   0 178B   0    -47,-2.6   -21,-0.2    -2,-0.5     3,-0.0  -0.581  28.0-123.0 -97.2 161.4  -16.9    5.4    3.9               
  200  200 A S  S    S+     0   0   48    -23,-2.2     2,-0.3    -2,-0.2   -22,-0.1   0.861  99.1  31.2 -65.0 -31.9  -16.4    7.4    0.6               
  201  201 A S  S  > S-     0   0   48    -24,-0.3     4,-1.9   -49,-0.1     5,-0.1  -0.918  70.9-131.4-131.8 149.6  -13.7    9.4    2.5               
  202  202 A H  H  > S+     0   0   57     -2,-0.3     4,-2.5     2,-0.2     5,-0.2   0.819 110.2  60.5 -64.3 -30.1  -11.1    9.0    5.3               
  203  203 A A  H  > S+     0   0   67      2,-0.2     4,-2.1     1,-0.2    -1,-0.2   0.912 105.3  46.3 -67.2 -40.5  -12.5   12.2    6.9               
  204  204 A E  H  > S+     0   0   38      2,-0.2     4,-2.7     1,-0.2    -2,-0.2   0.946 113.4  50.0 -62.8 -47.3  -16.0   10.7    7.3               
  205  205 A A  H  X S+     0   0    0     -4,-1.9     4,-2.1     1,-0.2    -2,-0.2   0.893 112.0  47.1 -59.7 -42.0  -14.4    7.5    8.7               
  206  206 A Q  H  X S+     0   0   56     -4,-2.5     4,-2.5     2,-0.2    -1,-0.2   0.873 110.9  51.8 -69.6 -36.8  -12.3    9.6   11.2               
  207  207 A A  H  X S+     0   0   43     -4,-2.1     4,-1.9     2,-0.2     5,-0.2   0.942 109.9  49.5 -62.8 -44.7  -15.4   11.7   12.2               
  208  208 A A  H  X S+     0   0    0     -4,-2.7     4,-2.5     2,-0.2     5,-0.4   0.899 112.1  48.1 -62.0 -42.2  -17.3    8.4   12.9               
  209  209 A I  H  X S+     0   0   20     -4,-2.1     4,-2.1     1,-0.2    -2,-0.2   0.963 112.7  48.7 -57.2 -53.0  -14.4    7.0   15.0               
  210  210 A N  H  < S+     0   0  122     -4,-2.5    -2,-0.2     1,-0.2    -1,-0.2   0.765 121.2  34.4 -63.4 -31.3  -14.2   10.3   17.0               
  211  211 A A  H  < S+     0   0   39     -4,-1.9    -1,-0.2    -5,-0.1    -2,-0.2   0.792 125.9  34.4 -93.2 -35.8  -18.0   10.5   17.7               
  212  212 A L  H  X S+     0   0    3     -4,-2.5     4,-1.1    -5,-0.2     2,-0.4   0.736  85.9 102.2 -98.6 -25.7  -19.0    6.8   18.1               
  213  213 A H  T  < S-     0   0   75     -4,-2.1     2,-0.4    -5,-0.4    13,-0.2  -0.462 109.3 -19.7 -68.1 117.8  -16.0    5.1   19.8               
  214  214 A G  T  4 S+     0   0   43     11,-2.8    -1,-0.2    -2,-0.4    10,-0.1   0.025 126.2  82.5  76.6 -25.9  -16.7    4.6   23.5               
  215  215 A S  T  4 S+     0   0   87     -2,-0.4     2,-0.3    10,-0.1    -2,-0.1   0.938  83.8  55.6 -72.9 -49.9  -19.5    7.3   23.5               
  216  216 A Q     <  -     0   0   90     -4,-1.1     9,-3.0     9,-0.1     2,-0.4  -0.687  55.5-170.0 -97.2 139.6  -22.5    5.2   22.1               
  217  217 A T        -     0   0   72     -2,-0.3     7,-0.2     7,-0.3     3,-0.1  -0.994  24.0-134.8-118.5 122.7  -24.0    2.0   23.4               
  218  218 A M    >   -     0   0   26     -2,-0.4     3,-2.6     5,-0.4     5,-0.1  -0.443  41.0 -77.1 -73.0 152.1  -26.6    0.3   21.1               
  219  219 A P  T 3  S+     0   0   98      0, 0.0   -59,-0.1     0, 0.0    -1,-0.1  -0.206 119.8   6.2 -51.3 124.9  -29.9   -1.0   22.6               
  220  220 A G  T 3  S+     0   0   65      1,-0.3     2,-0.3    -3,-0.1   -59,-0.2   0.533  96.2 134.9  72.2   8.8  -29.2   -4.4   24.3               
  221  221 A A    <   -     0   0   16     -3,-2.6    -1,-0.3   -61,-0.1   -62,-0.1  -0.693  54.3-142.1 -82.2 142.5  -25.4   -4.1   23.9               
  222  222 A S  S    S+     0   0  124     -2,-0.3     2,-0.3    -3,-0.1    -1,-0.1   0.388  79.4  14.6 -82.2  -1.9  -23.3   -4.9   27.0               
  223  223 A S  S    S-     0   0   61    -65,-0.4    -5,-0.4    -5,-0.1     3,-0.1  -0.973  90.8 -76.9-164.3 159.0  -20.7   -2.1   26.3               
  224  224 A S        -     0   0   43     -2,-0.3    -7,-0.3    -7,-0.2    -9,-0.1  -0.257  64.3 -82.3 -61.4 153.0  -20.0    1.0   24.3               
  225  225 A L        -     0   0    0     -9,-3.0   -11,-2.8   -13,-0.3     2,-0.9  -0.250  28.7-143.1 -63.6 136.3  -19.0    0.7   20.6               
  226  226 A V  E     +E  157   0B  41    -69,-2.3   -69,-2.8   -13,-0.2     2,-0.6  -0.826  28.2 177.4 -98.9  92.4  -15.4   -0.1   19.6               
  227  227 A V  E     +E  156   0B   0     -2,-0.9     2,-0.3   -71,-0.2   -71,-0.2  -0.905  16.5 136.0-104.8 116.5  -15.1    2.0   16.4               
  228  228 A K  E     -E  155   0B 111    -73,-2.2   -73,-2.6    -2,-0.6     3,-0.1  -0.949  60.2 -76.3-146.2 163.9  -11.5    1.9   14.8               
  229  229 A F  E     -E  154   0B  67     -2,-0.3     2,-0.3   -75,-0.3   -75,-0.3  -0.370  61.0-102.2 -58.0 145.0   -9.9    1.5   11.4               
  230  230 A A        -     0   0   15    -77,-2.8   -77,-0.1   -80,-0.5    -1,-0.1  -0.588  32.3-108.8 -72.7 134.6  -10.0   -2.1   10.2               
  231  231 A D        -     0   0   72     -2,-0.3    -1,-0.1     1,-0.1     2,-0.0  -0.396  43.0-110.1 -51.3 132.0   -6.8   -4.2   10.5               
  232  232 A T     >  -     0   0   28      1,-0.1     4,-3.1    -2,-0.1     5,-0.3  -0.350  22.8-114.2 -63.7 150.3   -5.5   -4.8    6.9               
  233  233 A D  H  > S+     0   0  108      1,-0.2     4,-2.2     2,-0.2     5,-0.1   0.832 120.8  56.4 -59.0 -25.0   -5.8   -8.4    5.6               
  234  234 A K  H  > S+     0   0  161      2,-0.2     4,-2.5     3,-0.2    -1,-0.2   0.939 111.1  40.7 -66.1 -49.9   -2.0   -8.4    5.6               
  235  235 A E  H  > S+     0   0   84     -3,-0.2     4,-3.2     2,-0.2    -2,-0.2   0.893 114.9  52.9 -65.4 -39.1   -1.9   -7.5    9.4               
  236  236 A R  H  X S+     0   0  119     -4,-3.1     4,-2.2     2,-0.2    -2,-0.2   0.913 112.7  44.2 -62.4 -43.1   -4.8   -9.9   10.0               
  237  237 A T  H  X S+     0   0   94     -4,-2.2     4,-2.5    -5,-0.3    -2,-0.2   0.914 114.4  50.1 -65.6 -42.6   -2.9  -12.7    8.3               
  238  238 A M  H  X S+     0   0   97     -4,-2.5     4,-2.7     2,-0.2    -2,-0.2   0.919 111.4  47.7 -64.8 -42.7    0.3  -11.7   10.2               
  239  239 A R  H  X S+     0   0  118     -4,-3.2     4,-2.5     2,-0.2    -2,-0.2   0.913 112.9  49.2 -63.1 -42.7   -1.5  -11.7   13.6               
  240  240 A R  H  X S+     0   0  171     -4,-2.2     4,-2.1    -5,-0.2    -2,-0.2   0.900 113.1  47.2 -61.9 -40.8   -3.0  -15.1   12.7               
  241  241 A M  H  X S+     0   0  140     -4,-2.5     4,-2.6     2,-0.2    -2,-0.2   0.894 111.7  50.0 -68.5 -39.9    0.5  -16.4   11.7               
  242  242 A Q  H  X S+     0   0  123     -4,-2.7     4,-2.4     2,-0.2    -2,-0.2   0.899 110.4  50.7 -64.2 -40.6    2.0  -14.9   15.0               
  243  243 A Q  H  X S+     0   0  148     -4,-2.5     4,-1.0     2,-0.2    -2,-0.2   0.916 113.1  45.5 -63.5 -42.1   -0.8  -16.7   17.0               
  244  244 A M  H  X S+     0   0  108     -4,-2.1     4,-1.1     2,-0.2     3,-0.3   0.902 112.1  51.5 -67.4 -39.8   -0.0  -20.0   15.2               
  245  245 A A  H  < S+     0   0   65     -4,-2.6     3,-0.5     1,-0.2     4,-0.4   0.910 107.0  53.9 -63.1 -40.3    3.8  -19.5   15.8               
  246  246 A G  H  < S+     0   0   67     -4,-2.4     3,-0.3     1,-0.2    -1,-0.2   0.777 108.8  49.7 -63.3 -26.7    3.1  -18.8   19.5               
  247  247 A Q  H  < S+     0   0  172     -4,-1.0    -1,-0.2    -3,-0.3     3,-0.2   0.701 107.6  53.9 -85.0 -20.9    1.3  -22.2   19.7               
  248  248 A M  S >< S+     0   0  165     -4,-1.1     3,-0.8    -3,-0.5     2,-0.6   0.458  78.1 102.4 -86.8  -4.6    4.1  -24.1   17.9               
  249  249 A G  T 3   +     0   0   71     -4,-0.4    -1,-0.2    -3,-0.3     3,-0.1   0.150  66.2  68.8 -72.4  18.2    6.9  -23.0   20.4               
  250  250 A M  T 3  S+     0   0  173     -2,-0.6     2,-0.4    -3,-0.2    -1,-0.2   0.267  70.4  84.0-132.1  12.3    7.2  -26.2   22.5               
  251  251 A F  S <  S-     0   0  205     -3,-0.8    -1,-0.1     1,-0.1    -3,-0.0  -0.747  82.0 -95.5-131.1  90.0    8.7  -29.2   20.5               
  252  252 A N        -     0   0  159     -2,-0.4     2,-0.2     1,-0.1    -1,-0.1   0.878  36.8 -85.8  37.1 146.6   12.5  -29.4   20.3               
  253  253 A P        +     0   0  116      0, 0.0     2,-0.3     0, 0.0    -1,-0.1  -0.509  30.2 168.9 -86.6 144.7   15.4  -28.3   17.9               
  254  254 A M        -     0   0  171     -2,-0.2     2,-0.4     2,-0.1     0, 0.0  -0.943  31.6-136.7-139.8 131.6   17.0  -29.8   14.9               
  255  255 A A        +     0   0   84     -2,-0.3     0, 0.0     2,-0.0     0, 0.0  -0.739  31.8 163.6 -96.8 131.3   19.3  -27.5   12.9               
  256  256 A I        -     0   0  152     -2,-0.4     2,-0.4     2,-0.1    -2,-0.1  -0.967  33.4-140.2-131.9 119.8   19.7  -26.9    9.2               
  257  257 A P        +     0   0  118      0, 0.0     2,-0.3     0, 0.0     3,-0.1  -0.658  31.4 152.1 -89.6 135.3   21.6  -23.6    8.4               
  258  258 A F        +     0   0  215     -2,-0.4    -2,-0.1     1,-0.2     0, 0.0  -0.908  46.3  10.2-153.5 137.0   20.9  -21.1    5.6               
  259  259 A G    >   -     0   0   63     -2,-0.3     2,-1.6     1,-0.1     3,-0.6   0.972  61.5-121.4  77.9  98.9   21.4  -17.3    5.1               
  260  260 A A  T 3  S+     0   0  108      1,-0.2    -1,-0.1     2,-0.1     0, 0.0  -0.454  82.3  91.2 -70.0  86.6   23.4  -14.9    7.4               
  261  261 A Y  T 3>  +     0   0  217     -2,-1.6     4,-0.5     3,-0.0     3,-0.3   0.350  63.1  79.1-143.5  -7.1   20.9  -12.3    8.5               
  262  262 A G  H <>  +     0   0   44     -3,-0.6     4,-2.5     1,-0.2     5,-0.2   0.750  68.4  80.5 -80.6 -25.4   19.4  -13.6   11.9               
  263  263 A A  H  > S+     0   0   80      1,-0.2     4,-2.0     2,-0.2    -1,-0.2   0.848  94.6  47.1 -60.4 -40.1   22.1  -12.8   14.5               
  264  264 A Y  H  > S+     0   0  174     -3,-0.3     4,-2.0     2,-0.2    -1,-0.2   0.928 114.9  46.4 -63.2 -46.0   21.2   -9.1   15.0               
  265  265 A A  H  X S+     0   0   55     -4,-0.5     4,-2.3     2,-0.2    -2,-0.2   0.887 111.9  51.0 -67.0 -38.5   17.4  -10.0   15.3               
  266  266 A Q  H  X S+     0   0  140     -4,-2.5     4,-2.2     2,-0.2    -2,-0.2   0.905 109.8  49.7 -68.2 -39.7   18.1  -12.9   17.7               
  267  267 A A  H  X S+     0   0   58     -4,-2.0     4,-2.0    -5,-0.2    -2,-0.2   0.930 112.8  46.9 -62.5 -45.2   20.3  -10.6   20.0               
  268  268 A L  H  X S+     0   0   93     -4,-2.0     4,-1.8     1,-0.2    -2,-0.2   0.919 113.9  47.8 -63.7 -43.2   17.6   -7.9   20.1               
  269  269 A M  H  X S+     0   0  142     -4,-2.3     4,-2.1     2,-0.2    -1,-0.2   0.874 110.5  51.3 -67.1 -37.6   14.8  -10.4   20.8               
  270  270 A Q  H  X S+     0   0  143     -4,-2.2     4,-2.0     2,-0.2    -2,-0.2   0.890 109.3  50.8 -68.7 -36.3   16.8  -12.1   23.6               
  271  271 A Q  H  X S+     0   0  135     -4,-2.0     4,-1.0     2,-0.2    -2,-0.2   0.871 111.1  49.0 -66.8 -35.0   17.4   -8.7   25.3               
  272  272 A Q  H  X S+     0   0  138     -4,-1.8     4,-0.6     2,-0.2    -2,-0.2   0.871 109.5  51.8 -73.1 -34.5   13.6   -8.0   25.1               
  273  273 A A  H >X S+     0   0   58     -4,-2.1     4,-1.8     1,-0.2     3,-1.0   0.899 104.4  56.9 -66.4 -39.3   12.9  -11.5   26.6               
  274  274 A A  H 3X S+     0   0   65     -4,-2.0     4,-0.7     1,-0.2    -1,-0.2   0.845 104.5  53.4 -60.5 -32.6   15.3  -10.7   29.5               
  275  275 A L  H 3< S+     0   0  126     -4,-1.0    -1,-0.2     1,-0.2    -2,-0.2   0.626 109.3  48.6 -78.0 -15.6   13.2   -7.5   30.3               
  276  276 A M  H X< S+     0   0  150     -3,-1.0     3,-0.9    -4,-0.6    -2,-0.2   0.724 102.2  61.9 -91.2 -25.8   10.0   -9.7   30.5               
  277  277 A A  H >< S+     0   0   75     -4,-1.8     3,-0.8     1,-0.2    -2,-0.2   0.801  98.0  59.7 -65.8 -27.4   11.6  -12.3   32.8               
  278  278 A S  T 3< S+     0   0   85     -4,-0.7     3,-0.3     1,-0.2    -1,-0.2   0.544  96.0  59.6 -82.6  -7.9   12.1   -9.5   35.5               
  279  279 A V  T <  S+     0   0  117     -3,-0.9    -1,-0.2     1,-0.2    -2,-0.1   0.359  81.8  85.2 -99.0   4.2    8.3   -8.7   35.8               
  280  280 A A  S <  S+     0   0   87     -3,-0.8     2,-0.5    -4,-0.2    -1,-0.2   0.504  78.6  68.4 -88.4  -5.4    7.2  -12.2   36.9               
  281  281 A Q  S    S-     0   0  181     -3,-0.3     2,-0.4    -4,-0.1    -1,-0.0  -0.974  89.5-122.1-112.0 126.3    8.0  -11.6   40.7               
  282  282 A G        +     0   0   94     -2,-0.5     2,-0.2     2,-0.1    -2,-0.1  -0.530  54.5 128.2 -73.3 120.7    5.7   -9.2   42.5               
  283  283 A G        -     0   0   65     -2,-0.4     2,-1.8     2,-0.1    -2,-0.1  -0.709  51.4-134.3-171.4 117.4    7.4   -6.1   44.1               
  284  284 A Y        +     0   0  244     -2,-0.2     2,-0.3     2,-0.0    -2,-0.1  -0.502  59.0 123.4 -76.7  78.0    6.5   -2.4   43.7               
  285  285 A L        -     0   0  160     -2,-1.8    -2,-0.1     0, 0.0     5,-0.1  -0.992  63.9 -95.4-137.5 150.1   10.1   -0.9   43.2               
  286  286 A N    >>  -     0   0  128     -2,-0.3     3,-1.8     1,-0.1     4,-0.6  -0.262  28.6-118.8 -63.9 147.1   11.6    1.3   40.4               
  287  287 A P  H 3> S+     0   0  115      0, 0.0     4,-0.6     0, 0.0    -1,-0.1   0.522 107.0  73.5 -64.2  -3.7   13.6   -0.3   37.5               
  288  288 A M  H 3> S+     0   0  152      2,-0.2     4,-1.1     1,-0.1    -2,-0.0   0.793  89.3  55.8 -77.2 -31.1   16.6    1.9   38.7               
  289  289 A A  H <> S+     0   0   59     -3,-1.8     4,-1.9     1,-0.2     5,-0.2   0.885 100.5  56.5 -76.7 -36.1   17.4   -0.3   41.8               
  290  290 A A  H  X S+     0   0   70     -4,-0.6     4,-2.4     1,-0.2    -1,-0.2   0.852 104.0  56.4 -60.6 -33.7   17.8   -3.6   39.9               
  291  291 A F  H  X S+     0   0  135     -4,-0.6     4,-2.5     2,-0.2    -1,-0.2   0.910 106.1  49.1 -66.1 -40.8   20.5   -1.9   37.8               
  292  292 A A  H  X S+     0   0   59     -4,-1.1     4,-1.8     2,-0.2    -2,-0.2   0.923 114.0  44.9 -66.1 -43.8   22.5   -1.0   40.9               
  293  293 A A  H  X S+     0   0   51     -4,-1.9     4,-1.9     2,-0.2    -2,-0.2   0.949 116.3  46.1 -64.9 -46.6   22.3   -4.6   42.3               
  294  294 A A  H  X S+     0   0   47     -4,-2.4     4,-1.9     1,-0.2    -2,-0.2   0.910 111.4  52.2 -62.8 -42.3   23.2   -6.2   38.9               
  295  295 A Q  H  X S+     0   0  120     -4,-2.5     4,-0.7     1,-0.2    -1,-0.2   0.862 111.3  47.1 -63.6 -36.1   26.1   -3.7   38.3               
  296  296 A M  H  < S+     0   0  158     -4,-1.8    -1,-0.2    -5,-0.2    -2,-0.2   0.843 113.4  47.3 -77.1 -31.8   27.6   -4.5   41.7               
  297  297 A Q  H >< S+     0   0  150     -4,-1.9     3,-0.8     1,-0.2    -2,-0.2   0.787 106.1  57.8 -80.9 -25.7   27.3   -8.4   41.3               
  298  298 A Q  H >< S+     0   0  152     -4,-1.9     3,-0.8     1,-0.2    -1,-0.2   0.762  98.3  60.9 -74.9 -21.5   28.8   -8.4   37.7               
  299  299 A M  T 3< S+     0   0  169     -4,-0.7    -1,-0.2     1,-0.2     3,-0.2   0.497 101.3  54.9 -82.1  -2.2   32.1   -6.8   38.9               
  300  300 A A  T <  S+     0   0   85     -3,-0.8    -1,-0.2     1,-0.1    -2,-0.1   0.312  89.0  74.8-110.2   3.3   32.8   -9.8   41.3               
  301  301 A A  S <  S+     0   0   81     -3,-0.8     2,-0.4    -4,-0.1    -1,-0.1   0.221  82.6  74.5-105.2  10.5   32.6  -12.7   38.7               
  302  302 A L  S    S+     0   0  152     -3,-0.2     2,-0.0    -4,-0.0    -1,-0.0  -0.999  86.8  15.0-128.1 136.1   36.0  -12.1   37.0               
  303  303 A N  S    S+     0   0  153     -2,-0.4     3,-0.1     2,-0.0     0, 0.0   0.103  75.3  81.0  81.6 160.8   39.4  -13.0   38.5               
  304  304 A M        +     0   0  127      1,-0.2     2,-1.7     2,-0.0    -2,-0.0   0.851  23.8 168.7  68.5  58.4   40.7  -15.1   41.5               
  305  305 A N  S    S+     0   0  177      1,-0.1    -1,-0.2     2,-0.0    -2,-0.0  -0.703  70.4  50.5 -66.3  82.4   40.9  -18.8   40.9               
  306  306 A G  S    S-     0   0   38     -2,-1.7    -1,-0.1    -3,-0.1    -2,-0.0   0.214  84.0 -34.0 140.2 117.9   42.8  -19.0   44.2               
  307  307 A L        +     0   0  170     -3,-0.0    -2,-0.0     0, 0.0    -3,-0.0   0.948  58.3  30.4  58.7 123.4   43.0  -18.1   47.9               
  308  308 A A        -     0   0   94      0, 0.0     0, 0.0     0, 0.0     0, 0.0   0.975  46.3 -89.9  72.6  95.6   42.3  -15.7   50.8               
  309  309 A A        +     0   0  100      2,-0.0     0, 0.0     0, 0.0     0, 0.0   0.925  44.4  53.0  65.5 131.1   40.2  -13.1   52.3               
  310  310 A A        -     0   0  100      1,-0.0     2,-0.2     0, 0.0     0, 0.0   0.767  34.5-148.7  78.7 134.5   38.9   -9.5   53.1               
  311  311 A P        +     0   0  111      0, 0.0     2,-0.1     0, 0.0    -1,-0.0  -0.712  12.8 169.7-111.4 166.6   37.8   -6.2   51.5               
  312  312 A M        -     0   0  164     -2,-0.2     0, 0.0     0, 0.0     0, 0.0  -0.322  36.1 -58.6-176.0 137.4   37.5   -2.4   51.7               
  313  313 A T        -     0   0  126     -2,-0.1     2,-0.2     1,-0.1     0, 0.0   0.890  31.8-146.6  49.7 130.3   36.7    0.8   49.7               
  314  314 A P        -     0   0  132      0, 0.0     2,-0.2     0, 0.0    -1,-0.1  -0.639   7.9-146.1-111.2 171.5   37.8    2.7   46.4               
  315  315 A T        -     0   0  127     -2,-0.2     0, 0.0     2,-0.1     0, 0.0  -0.824  16.6-102.7-154.9 127.9   38.1    6.4   45.1               
  316  316 A S        +     0   0  113     -2,-0.2    -1,-0.0     0, 0.0     0, 0.0   0.588  33.3 125.3  35.6 127.5   37.8    8.5   42.0               
  317  317 A G        +     0   0   88      0, 0.0    -2,-0.1     0, 0.0     0, 0.0   0.475   7.6 123.0  96.0 144.2   39.6   10.4   39.1               
  318  318 A G        -     0   0   73      0, 0.0     0, 0.0     0, 0.0     0, 0.0   0.758  17.0-153.3 174.7 177.7   40.4   11.4   36.2               
  319  319 A S        -     0   0  114      0, 0.0     0, 0.0     0, 0.0     0, 0.0   0.995  32.7 -83.4  75.2  95.9   41.2   13.4   33.0               
  320  320 A T        -     0   0  133      0, 0.0     0, 0.0     0, 0.0     0, 0.0   0.913  29.0-107.1  61.4 144.0   41.5   13.3   29.2               
  321  321 A P        +     0   0  116      0, 0.0     2,-0.0     0, 0.0     0, 0.0  -0.119  24.8 140.8 -88.3-169.4   43.6   12.5   25.9               
  322  322 A P        +     0   0  132      0, 0.0     2,-0.2     0, 0.0     0, 0.0   0.462   9.6 141.6-140.9-179.5   45.3   13.0   23.2               
  323  323 A G        -     0   0   77      2,-0.0     2,-0.1    -2,-0.0     0, 0.0  -0.716  26.9-147.2-163.6 109.4   48.3   11.8   21.0               
  324  324 A I        +     0   0  159     -2,-0.2     2,-0.1     2,-0.0     0, 0.0  -0.315  28.6 115.7 -55.8 141.8   48.8   11.5   17.1               
  325  325 A T        +     0   0  141     -2,-0.1    -2,-0.0     0, 0.0     0, 0.0  -0.240  18.5 157.3 168.1 159.5   50.6    9.4   14.7               
  326  326 A A        +     0   0   93     -2,-0.1    -2,-0.0     1,-0.0     2,-0.0  -0.646   2.3 117.7-131.6-166.9   50.7    6.9   11.7               
  327  327 A P        +     0   0  125      0, 0.0     2,-0.1     0, 0.0    -1,-0.0   0.699  11.1  94.8-136.4-172.1   51.8    5.1    9.2               
  328  328 A A        +     0   0   98     -2,-0.0     0, 0.0     0, 0.0     0, 0.0  -0.215  22.0 133.7 172.8 145.0   52.9    2.4    6.7               
  329  329 A V        +     0   0  140     -2,-0.1     2,-0.1     0, 0.0     0, 0.0  -0.914   7.0 156.2-139.7 158.7   51.9   -0.0    3.9               
  330  330 A P        +     0   0  113      0, 0.0     0, 0.0     0, 0.0     0, 0.0  -0.531  21.8  56.1-158.2-174.6   52.5   -1.5    0.7               
  331  331 A S        +     0   0  103     -2,-0.1     0, 0.0     0, 0.0     0, 0.0   0.661  21.0 132.2  75.5 142.1   52.1   -4.4   -1.9               
  332  332 A I        +     0   0  159      0, 0.0     2,-0.0     0, 0.0     0, 0.0  -0.022  18.0 141.0  59.9 153.9   50.3   -6.6   -3.8               
  333  333 A P        +     0   0  112      0, 0.0     0, 0.0     0, 0.0     0, 0.0   0.588   9.7 108.8-135.2-178.6   50.1   -7.7   -6.8               
  334  334 A S        +     0   0  123     -2,-0.0     2,-0.1     0, 0.0     0, 0.0  -0.796  30.4 172.2-168.0 157.7   49.5  -10.5   -9.5               
  335  335 A P        +     0   0  106      0, 0.0     0, 0.0     0, 0.0     0, 0.0  -0.515   6.2 132.8-135.7-166.4   46.6  -11.1  -12.2               
  336  336 A I        +     0   0  166     -2,-0.1     2,-0.0     0, 0.0     0, 0.0   0.540   8.6 150.2  76.6 146.5   45.0  -13.0  -15.2               
  337  337 A G        +     0   0   58      2,-0.0     0, 0.0     0, 0.0     0, 0.0   0.407   5.4 148.0 157.7 150.9   42.7  -14.6  -16.9               
  338  338 A V        -     0   0  137     -2,-0.0     0, 0.0     0, 0.0     0, 0.0   0.975  31.4 -72.3  62.3 123.6   40.4  -15.9  -19.8               
  339  339 A N        +     0   0  166      0, 0.0     2,-0.0     0, 0.0    -2,-0.0   0.677  24.6 166.5  28.7 139.1   38.2  -18.5  -21.4               
  340  340 A G        -     0   0   75      2,-0.0     0, 0.0     0, 0.0     0, 0.0   0.115  14.2-159.5 143.3 104.9   37.9  -22.0  -23.1               
  341  341 A F        +     0   0  195     -2,-0.0     0, 0.0     0, 0.0     0, 0.0   0.781  18.9 128.1  97.3 144.6   35.4  -24.3  -24.1               
  342  342 A T        +     0   0  134      0, 0.0    -2,-0.0     0, 0.0     0, 0.0   0.583  17.5 145.0  60.7 144.8   34.2  -28.0  -25.1               
  343  343 A G        -     0   0   66      0, 0.0     0, 0.0     0, 0.0     0, 0.0   0.571  23.9-161.8 168.6 165.6   32.2  -30.3  -24.5               
  344  344 A L        -     0   0  173      0, 0.0     0, 0.0     0, 0.0     0, 0.0   0.426  29.5-150.1  76.1 153.9   29.8  -33.4  -25.0               
  345  345 A P        +     0   0  116      0, 0.0     0, 0.0     0, 0.0     0, 0.0   0.622  15.3  40.6-127.8-124.4   27.1  -35.2  -23.1               
  346  346 A P        -     0   0  121      0, 0.0     2,-0.3     0, 0.0     0, 0.0   0.084  10.4-169.4-121.0 174.8   24.6  -37.4  -21.6               
  347  347 A Q        -     0   0  200      2,-0.0     2,-0.3     0, 0.0     0, 0.0  -0.971  32.8-162.3-138.9 155.5   22.7  -40.4  -20.0               
  348  348 A A        -     0   0   95     -2,-0.3     2,-0.2     0, 0.0     0, 0.0  -0.917  18.0-166.6-140.5 155.2   18.9  -40.8  -19.5               
  349  349 A N        -     0   0  170     -2,-0.3     2,-0.1     2,-0.0    -2,-0.0  -0.745  26.8 -98.9-163.0 141.9   15.8  -42.4  -17.9               
  350  350 A G        +     0   0   66     -2,-0.2     0, 0.0     0, 0.0     0, 0.0   0.442  34.1  70.8 109.1 124.4   12.5  -42.5  -18.3               
  351  351 A Q        -     0   0  185     -2,-0.1    -2,-0.0     2,-0.0     0, 0.0   0.627  29.1 -83.6-153.7-151.7    9.4  -42.6  -18.6               
  352  352 A P        -     0   0  113      0, 0.0     2,-0.0     0, 0.0     0, 0.0   0.386   4.8-138.4-112.3-174.6    6.0  -41.1  -19.7               
  353  353 A A        -     0   0   97      0, 0.0     2,-0.3     0, 0.0    -2,-0.0  -0.063  16.2-137.5 -82.9 179.9    2.8  -39.1  -19.7               
  354  354 A A        -     0   0  103      2,-0.0     2,-0.3    -2,-0.0     0, 0.0  -0.965  23.1-147.2-140.9 147.2   -1.0  -39.4  -20.5               
  355  355 A E        +     0   0  187     -2,-0.3     2,-0.2     2,-0.0     0, 0.0  -0.886  17.7 170.9-113.3 142.9   -3.1  -36.7  -22.4               
  356  356 A A        -     0   0   96     -2,-0.3     2,-0.1     0, 0.0    -2,-0.0  -0.585  11.1-159.1-169.4 132.2   -6.6  -35.4  -22.5               
  357  357 A V        -     0   0  117     -2,-0.2    -2,-0.0     0, 0.0     0, 0.0  -0.224  21.7 -12.5  90.5  93.6   -8.3  -32.8  -23.9               
  358  358 A F        +     0   0  206     -2,-0.1     0, 0.0     0, 0.0     0, 0.0   0.740  35.5 100.2  82.3 155.6  -11.3  -30.5  -23.9               
  359  359 A A        -     0   0   97      1,-0.0     2,-0.3     0, 0.0     0, 0.0   0.735  31.7-130.9  92.9 131.6  -14.7  -29.1  -23.0               
  360  360 A N        +     0   0  175      2,-0.0     2,-0.3     0, 0.0    -1,-0.0  -0.686  28.4 171.1 -84.6 151.0  -16.9  -26.6  -21.0               
  361  361 A G        -     0   0   74     -2,-0.3     2,-0.3     2,-0.0     0, 0.0  -0.956  10.6-161.6-160.9 147.7  -20.0  -27.6  -19.1               
  362  362 A I        +     0   0  143     -2,-0.3    -2,-0.0     2,-0.0     0, 0.0  -0.845  31.6  83.7-126.5 163.6  -22.4  -25.8  -16.6               
  363  363 A H        +     0   0  167     -2,-0.3    -2,-0.0     0, 0.0     0, 0.0  -0.106  41.1 148.2  91.2 164.3  -25.0  -26.7  -13.8               
  364  364 A P        +     0   0  109      0, 0.0    -2,-0.0     0, 0.0     0, 0.0   0.187   7.8  71.1-138.0-173.2  -25.4  -27.6  -10.5               
  365  365 A Y        +     0   0  215      0, 0.0     2,-0.2     0, 0.0     0, 0.0   0.115   8.0 159.6 -22.1 145.2  -26.1  -28.4   -6.8               
  366  366 A P        -     0   0  128      0, 0.0     2,-0.2     0, 0.0     0, 0.0  -0.535  25.5-145.2-140.2 179.1  -27.7  -30.0   -4.4               
  367  367 A A        -     0   0   88     -2,-0.2     2,-0.3     2,-0.0     0, 0.0  -0.561  12.0-176.9 -97.5 161.0  -26.7  -30.7   -0.8               
  368  368 A Q        +     0   0  200     -2,-0.2     0, 0.0     0, 0.0     0, 0.0  -0.953  17.7 154.3-156.2 149.2  -27.2  -33.5    1.8               
  369  369 A S        +     0   0  108     -2,-0.3    -2,-0.0     1,-0.1     0, 0.0  -0.870  10.7 107.9-165.6 178.0  -26.2  -34.1    5.6               
  370  370 A P        -     0   0  105      0, 0.0    -1,-0.1     0, 0.0     0, 0.0   0.625  28.8 -44.7-140.9-173.0  -26.0  -35.0    8.6               
  371  371 A T        +     0   0  133      2,-0.0    -2,-0.0     0, 0.0     0, 0.0   0.685  26.2 131.0  83.5 151.3  -24.7  -36.6   11.9               
  372  372 A A        +     0   0   96      0, 0.0     0, 0.0     0, 0.0     0, 0.0   0.624  33.8  35.1  86.5 133.8  -23.3  -39.6   14.1               
  373  373 A A        +     0   0  105      1,-0.0    -2,-0.0     0, 0.0     0, 0.0   0.778  26.2 156.7-155.4 177.3  -21.0  -40.5   16.2               
  374  374 A D        +     0   0  152      0, 0.0    -1,-0.0     0, 0.0     0, 0.0   0.136   1.7 172.3 -76.5-166.6  -18.5  -40.4   19.2               
  375  375 A P        +     0   0   99      0, 0.0     2,-0.1     0, 0.0     0, 0.0   0.605  25.3  68.9-145.3 171.0  -16.5  -41.6   21.6               
  376  376 A L        +     0   0  152      2,-0.0     2,-0.1     0, 0.0     0, 0.0   0.011  35.4 172.3 166.6 129.3  -13.8  -41.3   24.4               
  377  377 A Q        +     0   0  140     -2,-0.1     2,-0.1     0, 0.0     0, 0.0   0.212  15.4 136.5  76.7 131.4  -13.4  -39.9   27.5               
  378  378 A Q        +     0   0  155     -2,-0.1    -2,-0.0     0, 0.0     0, 0.0   0.397  26.8  89.8 -93.0-158.3  -11.9  -39.2   30.5               
  379  379 A A        -     0   0   88     -2,-0.1     2,-0.0     2,-0.0     0, 0.0   0.865  33.9-143.8-151.1 143.3  -11.1  -36.7   32.8               
  380  380 A Y        -     0   0  219      1,-0.1     2,-0.0     0, 0.0     0, 0.0   0.399   9.2-158.3  72.9 132.0  -12.1  -34.9   35.6               
  381  381 A A        -     0   0   93     -2,-0.0    -1,-0.1     0, 0.0    -2,-0.0   0.359  10.2-154.7-174.3 150.2  -12.5  -32.4   37.8               
  382  382 A G        -     0   0   76     -2,-0.0     0, 0.0     0, 0.0     0, 0.0   0.161  20.4  -5.3 101.1 156.6  -13.0  -29.6   40.6               
  383  383 A V        -     0   0  152      1,-0.0     2,-0.0     2,-0.0     0, 0.0   0.847  16.2-131.4-161.0 175.5  -13.6  -26.9   42.2               
  384  384 A Q        -     0   0  152      1,-0.1    -1,-0.0     0, 0.0     0, 0.0  -0.189  25.7 -58.2 -84.4 160.9  -14.5  -23.2   43.3               
  385  385 A Q        +     0   0  148      1,-0.1     2,-0.2    -2,-0.0    -1,-0.1   0.881  15.5 168.6  50.9 132.6  -14.0  -20.0   45.3               
  386  386 A Y        -     0   0  223      0, 0.0     2,-0.1     0, 0.0    -1,-0.1  -0.691  25.4-122.4-166.9-172.8  -13.6  -17.7   47.9               
  387  387 A A        -     0   0   90     -2,-0.2     0, 0.0     1,-0.1     0, 0.0  -0.394  19.5-171.6-103.7 170.3  -12.5  -14.0   48.7               
  388  388 A G        +     0   0   72     -2,-0.1    -1,-0.1     0, 0.0     2,-0.0   0.211   4.3 179.3 -89.4-145.6  -10.0  -11.7   50.7               
  389  389 A P        +     0   0  128      0, 0.0    -2,-0.0     0, 0.0     0, 0.0   0.471  11.7  47.8-140.0-156.2   -8.8   -9.0   51.8               
  390  390 A A        +     0   0   98     -2,-0.0     0, 0.0     0, 0.0     0, 0.0   0.385  23.6  78.8  80.4 154.0   -6.5   -6.4   53.8               
  391  391 A A        -     0   0   81      0, 0.0     0, 0.0     0, 0.0     0, 0.0   0.685  25.6-142.5-155.5 144.2   -3.9   -4.7   55.1               
  392  392 A Y        +     0   0  218      0, 0.0     0, 0.0     0, 0.0     0, 0.0   0.738  10.9 144.3  26.8 166.2   -1.1   -2.1   55.0               
  393  393 A P        +     0   0  112      0, 0.0     0, 0.0     0, 0.0     0, 0.0   0.735   3.9 149.6-147.5-178.8    1.7   -0.3   55.3               
  394  394 A A        -     0   0   99      0, 0.0     0, 0.0     0, 0.0     0, 0.0   0.461  14.1-149.8  75.5 164.2    4.8    2.0   54.9               
  395  395 A A        -     0   0   78      0, 0.0     0, 0.0     0, 0.0     0, 0.0   0.730  34.1 -11.6-155.8 162.7    7.4    4.0   55.0               
  396  396 A Y        +     0   0  239      0, 0.0     2,-0.1     0, 0.0     0, 0.0   0.808  33.5 147.0  57.5 144.5    9.9    6.6   53.4               
  397  397 A G        +     0   0   63      0, 0.0     0, 0.0     0, 0.0     0, 0.0  -0.142   3.8  74.4 156.1 119.0   11.1    8.3   51.0               
  398  398 A Q        +     0   0  177     -2,-0.1     0, 0.0     1,-0.0     0, 0.0   0.393  11.4 131.8  67.7 163.8   12.7   10.9   48.5               
  399  399 A I        -     0   0  149      0, 0.0     2,-0.1     0, 0.0    -1,-0.0   0.737  23.1-154.6-142.7 169.5   14.5   12.9   46.7               
  400  400 A S        +     0   0  101      2,-0.0     2,-0.1     0, 0.0     0, 0.0  -0.290  11.5 179.2 -77.0 157.6   15.2   13.9   43.0               
  401  401 A Q        -     0   0  194     -2,-0.1     2,-0.1     2,-0.1     0, 0.0  -0.456  31.7-104.7-173.3 160.2   17.5   15.3   40.4               
  402  402 A A        +     0   0   74     -2,-0.1    -2,-0.0     0, 0.0     0, 0.0  -0.349  44.4 132.9-174.8 101.3   17.1   15.8   37.1               
  403  403 A F        -     0   0  203     -2,-0.1     2,-0.6     2,-0.0    -2,-0.1  -0.955  44.7-120.2-144.9 135.2   17.4   15.4   33.3               
  404  404 A P        -     0   0  125      0, 0.0     0, 0.0     0, 0.0     0, 0.0  -0.619  20.6-159.5 -78.3 116.9   14.4   15.6   30.8               
  405  405 A Q        -     0   0  179     -2,-0.6    -2,-0.0     1,-0.1     0, 0.0  -0.721  31.8-106.2 -79.3 143.3   13.9   12.5   28.6               
  406  406 A P        -     0   0  105      0, 0.0     3,-0.1     0, 0.0    -1,-0.1  -0.430  42.7-100.1 -64.7 144.8   11.8   13.2   25.4               
  407  407 A P        -     0   0  105      0, 0.0     2,-0.1     0, 0.0     3,-0.0  -0.298  49.8 -82.8 -64.3 152.4    8.2   11.8   25.6               
  408  408 A P        -     0   0  123      0, 0.0     2,-0.9     0, 0.0    -3,-0.0  -0.348  55.1-107.0 -59.4 126.7    7.4    8.5   23.9               
  409  409 A M        -     0   0  135     -3,-0.1     0, 0.0    -2,-0.1     0, 0.0  -0.432  27.6-155.8 -68.3 103.1    6.8    9.2   20.2               
  410  410 A I        -     0   0  131     -2,-0.9     2,-2.2     1,-0.1    -1,-0.0  -0.534  38.6-102.8 -55.9 136.9    3.2    8.9   19.3               
  411  411 A P        -     0   0  126      0, 0.0     2,-0.3     0, 0.0    -1,-0.1  -0.470  47.7-163.9 -69.7  78.4    3.1    8.2   15.5               
  412  412 A Q        -     0   0  170     -2,-2.2     3,-0.1     1,-0.1    -3,-0.0  -0.530  20.8-113.9 -63.8 127.8    2.1   11.7   14.5               
  413  413 A Q        -     0   0  154     -2,-0.3     2,-2.0     1,-0.2    -1,-0.1  -0.155  48.9 -75.8 -51.2 154.5    0.8   12.0   10.9               
  414  414 A Q        -     0   0  139   -413,-0.0     2,-0.4     0, 0.0    -1,-0.2  -0.382  55.8-177.0 -63.8  81.9    2.9   14.0    8.4               
  415  415 A R        -     0   0  219     -2,-2.0     2,-0.3    -3,-0.1    -3,-0.0  -0.699  20.5-139.1 -67.1 127.6    2.2   17.6    9.4               
  416  416 A E        -     0   0  123     -2,-0.4     3,-0.1     1,-0.1    32,-0.1  -0.692  25.9-112.2 -75.9 142.8    4.0   19.9    7.0               
  417  417 A G        -     0   0   10     -2,-0.3    33,-0.1     1,-0.2     5,-0.1  -0.309  42.2 -83.7 -67.0 164.3    5.5   22.9    8.8               
  418  418 A P  S >  S-     0   0   76      0, 0.0     3,-2.2     0, 0.0     4,-0.2  -0.115  70.4 -62.3 -59.4 166.1    4.1   26.4    8.3               
  419  419 A E  T 3  S+     0   0  157      1,-0.3    59,-0.1     2,-0.2     0, 0.0  -0.174 127.9  20.7 -56.1 144.4    5.4   28.4    5.2               
  420  420 A G  T 3  S+     0   0   24     57,-0.4    -1,-0.3    -3,-0.1    35,-0.1   0.311 107.3  86.7  74.3  -5.6    9.2   29.1    5.3               
  421  421 A C    <   +     0   0    2     -3,-2.2    28,-0.9    28,-0.1     2,-0.4   0.366  66.1  91.0-106.2   4.0    9.7   26.2    7.9               
  422  422 A N        -     0   0   27     55,-0.2    55,-3.0    -4,-0.2     2,-0.3  -0.854  60.1-154.1-105.2 136.5   10.0   23.2    5.4               
  423  423 A L  E     -G  476   0C  17     -2,-0.4  -419,-0.6    53,-0.2     2,-0.4  -0.794   9.7-155.4-111.6 149.6   13.5   22.1    4.0               
  424  424 A F  E     -G  475   0C  42     51,-2.9    51,-2.4    -2,-0.3     2,-0.4  -0.970  13.2-165.3-113.3 138.7   14.7   20.3    0.9               
  425  425 A I  E     -G  474   0C   1     -2,-0.4  -419,-0.6    49,-0.2     2,-0.3  -0.989   5.3-173.0-126.8 134.5   18.0   18.3    0.9               
  426  426 A Y  E     +G  473   0C  63     47,-2.1    47,-1.5    -2,-0.4  -419,-0.1  -0.833  57.6  32.7-120.1 161.9   20.0   17.1   -2.1               
  427  427 A H        +     0   0  108   -421,-0.4    40,-0.2    -2,-0.3    -1,-0.1   0.679  69.3 159.3  64.1  29.2   23.1   14.9   -2.7               
  428  428 A L        -     0   0   10     -3,-0.1    -1,-0.2     1,-0.1    43,-0.1  -0.354  44.6-106.3 -65.3 151.0   22.6   12.4    0.3               
  429  429 A P    >   -     0   0   12      0, 0.0     3,-0.6     0, 0.0    -1,-0.1  -0.283  25.9-115.8 -63.7 166.6   24.4    9.0    0.2               
  430  430 A Q  T 3  S+     0   0  190      1,-0.2    -2,-0.0    -2,-0.0     0, 0.0   0.732 116.0  59.9 -80.1 -22.3   22.2    5.9   -0.5               
  431  431 A E  T 3  S+     0   0  145      1,-0.1     2,-0.7     2,-0.1    -1,-0.2   0.370  85.7  90.3 -83.4  -2.7   23.1    4.6    3.0               
  432  432 A F    <   +     0   0   57     -3,-0.6     2,-0.1     4,-0.1    -1,-0.1  -0.879  57.8 170.9 -99.4 104.8   21.5    7.7    4.6               
  433  433 A G     >  -     0   0   34     -2,-0.7     4,-1.8    -5,-0.0     5,-0.1  -0.189  53.8 -77.4 -92.5-169.6   17.8    7.0    5.3               
  434  434 A D  H  > S+     0   0  104      1,-0.2     4,-2.2     2,-0.2     5,-0.1   0.826 127.3  57.4 -62.3 -31.0   15.2    9.0    7.3               
  435  435 A A  H  > S+     0   0   62      2,-0.2     4,-2.4     1,-0.2    -1,-0.2   0.950 107.5  44.0 -69.4 -48.4   16.7    7.8   10.7               
  436  436 A E  H  > S+     0   0   77      1,-0.2     4,-2.1     2,-0.2    -1,-0.2   0.871 114.8  52.2 -64.7 -34.9   20.2    9.1   10.1               
  437  437 A L  H  X S+     0   0    1     -4,-1.8     4,-1.9     2,-0.2    -2,-0.2   0.870 107.6  50.9 -68.4 -37.8   18.6   12.4    8.8               
  438  438 A M  H  X S+     0   0   67     -4,-2.2     4,-1.9     2,-0.2    -2,-0.2   0.946 113.3  45.9 -60.2 -47.1   16.5   12.6   12.0               
  439  439 A Q  H  < S+     0   0  151     -4,-2.4    -2,-0.2     1,-0.2    -1,-0.2   0.845 113.5  49.6 -66.5 -34.6   19.7   12.2   14.1               
  440  440 A M  H  < S+     0   0   30     -4,-2.1    -1,-0.2    -5,-0.2    -2,-0.2   0.823 118.0  37.4 -72.5 -36.3   21.6   14.8   11.9               
  441  441 A F  H >< S+     0   0    2     -4,-1.9     3,-2.2     1,-0.2     4,-0.3   0.656  90.1  93.1 -95.7 -14.6   18.9   17.5   12.1               
  442  442 A L  G >< S+     0   0   91     -4,-1.9     3,-1.4     1,-0.3    -1,-0.2   0.772  76.5  64.3 -44.6 -39.4   17.8   16.9   15.7               
  443  443 A P  G 3  S+     0   0  104      0, 0.0    -1,-0.3     0, 0.0    -2,-0.1   0.696 104.2  47.0 -63.1 -19.3   20.3   19.6   17.0               
  444  444 A F  G <  S-     0   0   50     -3,-2.2     2,-0.2     1,-0.4    -2,-0.2   0.416 129.5 -81.3 -97.9  -3.0   18.3   22.3   15.2               
  445  445 A G  S <  S-     0   0   30     -3,-1.4    -1,-0.4    -4,-0.3     2,-0.1  -0.738  72.6 -31.4 130.9-178.7   14.9   21.1   16.4               
  446  446 A F  S    S-     0   0  131     -2,-0.2     2,-2.5     2,-0.2     4,-0.1  -0.462  74.3 -99.5 -63.0 149.6   12.4   18.3   15.5               
  447  447 A V  S    S+     0   0   26      1,-0.1  -445,-0.3    -2,-0.1    -1,-0.1  -0.267 115.1  64.0 -80.9  54.9   12.5   17.6   11.7               
  448  448 A S  S    S-     0   0   46     -2,-2.5    -2,-0.2  -447,-0.1    -1,-0.1  -0.493  89.2-140.5-164.3  89.6    9.4   19.7   11.1               
  449  449 A F        -     0   0    6    -28,-0.9   -28,-0.1     1,-0.1    -2,-0.1  -0.396  19.3-171.0 -65.5 135.7   10.4   23.3   12.1               
  450  450 A D  S    S+     0   0  134      1,-0.2    -1,-0.1   -33,-0.1   -29,-0.1   0.552  78.3  51.3 -93.1 -16.7    7.7   25.3   13.9               
  451  451 A N  S  > S-     0   0   71    -30,-0.1     4,-1.4     1,-0.1     3,-0.4  -0.990  72.8-144.6-128.1 127.6    9.8   28.5   13.6               
  452  452 A P  H  > S+     0   0   63      0, 0.0     4,-1.9     0, 0.0     5,-0.1   0.781 101.3  62.1 -65.6 -24.3   11.3   29.8   10.3               
  453  453 A A  H  > S+     0   0   50      2,-0.2     4,-2.5     1,-0.2     5,-0.2   0.936 102.2  50.2 -64.8 -42.2   14.5   31.1   12.2               
  454  454 A S  H  > S+     0   0   33     -3,-0.4     4,-2.4     1,-0.2    -1,-0.2   0.904 109.2  52.0 -62.1 -39.4   15.3   27.4   13.2               
  455  455 A A  H  X S+     0   0    0     -4,-1.4     4,-1.9     2,-0.2    -1,-0.2   0.876 109.9  49.1 -64.5 -37.2   14.9   26.4    9.5               
  456  456 A Q  H  X S+     0   0  112     -4,-1.9     4,-2.7     2,-0.2    -2,-0.2   0.926 109.9  50.8 -67.6 -42.7   17.4   29.2    8.5               
  457  457 A T  H  X S+     0   0   76     -4,-2.5     4,-2.3     2,-0.2     5,-0.2   0.928 110.4  50.1 -59.3 -43.7   19.9   28.1   11.2               
  458  458 A A  H  X S+     0   0    0     -4,-2.4     4,-2.3     2,-0.2     5,-0.3   0.888 110.9  49.3 -62.5 -39.2   19.6   24.5    9.9               
  459  459 A I  H  X S+     0   0   36     -4,-1.9     4,-2.2     2,-0.2    -2,-0.2   0.943 111.6  49.1 -61.7 -47.9   20.2   25.8    6.3               
  460  460 A Q  H  < S+     0   0  159     -4,-2.7    -2,-0.2     1,-0.2    -1,-0.2   0.870 119.4  37.1 -62.7 -39.0   23.3   27.8    7.5               
  461  461 A A  H  < S+     0   0   50     -4,-2.3    -1,-0.2    -5,-0.2    -2,-0.2   0.840 125.5  35.5 -80.1 -37.0   24.9   24.8    9.3               
  462  462 A M  H >< S+     0   0   11     -4,-2.3     3,-1.5    -5,-0.2     2,-0.7   0.642  85.8 100.7-102.5 -17.0   23.9   22.0    6.9               
  463  463 A N  T 3< S+     0   0   80     -4,-2.2    10,-0.2    -5,-0.3   -38,-0.0  -0.612 101.1  11.8 -72.5 114.6   24.2   23.6    3.4               
  464  464 A G  T 3  S+     0   0   27      8,-2.5    -1,-0.3    -2,-0.7     9,-0.1   0.266  90.6 150.9  95.7  -5.3   27.6   22.3    2.1               
  465  465 A F    <   -     0   0   98     -3,-1.5     7,-3.1     6,-0.1     2,-0.5  -0.305  43.6-127.0 -58.9 133.2   28.0   19.7    4.9               
  466  466 A Q  E     +H  471   0D 114      5,-0.2     2,-0.4     3,-0.0     5,-0.2  -0.765  28.6 178.0 -96.9 128.8   30.1   16.8    3.7               
  467  467 A I  E >   -H  470   0D  17      3,-2.8     3,-2.1    -2,-0.5     2,-0.2  -0.976  67.6 -51.3-128.0 111.6   28.9   13.1    3.9               
  468  468 A G  T 3  S-     0   0   63     -2,-0.4    -2,-0.0     1,-0.3     0, 0.0  -0.406 123.2 -17.9  56.2-123.0   31.4   10.7    2.4               
  469  469 A M  T 3  S+     0   0  195     -2,-0.2     2,-0.3    -3,-0.1    -1,-0.3   0.308 125.5  79.2 -91.5   4.4   32.2   11.9   -1.2               
  470  470 A K  E <   -H  467   0D 101     -3,-2.1    -3,-2.8   -43,-0.0     2,-0.5  -0.877  65.6-142.2-116.2 149.8   29.1   14.2   -1.4               
  471  471 A R  E     -H  466   0D 165     -2,-0.3    -5,-0.2    -5,-0.2    -6,-0.1  -0.951  26.1-124.0-104.9 128.9   28.2   17.7   -0.1               
  472  472 A L        -     0   0    4     -7,-3.1    -8,-2.5    -2,-0.5     2,-0.5  -0.358  14.8-153.0 -60.1 143.4   24.6   18.3    1.1               
  473  473 A K  E     -G  426   0C  91    -47,-1.5   -47,-2.1   -10,-0.2     2,-0.4  -0.994  15.5-170.4-118.5 120.2   22.6   21.1   -0.5               
  474  474 A V  E     +G  425   0C   2     -2,-0.5     2,-0.3   -49,-0.2   -49,-0.2  -0.951  13.2 160.4-119.6 125.3   20.0   22.4    1.9               
  475  475 A Q  E     -G  424   0C  74    -51,-2.4   -51,-2.9    -2,-0.4     2,-0.1  -0.976  42.0 -92.0-142.6 155.8   17.3   24.9    0.8               
  476  476 A L  E     -G  423   0C  74     -2,-0.3     2,-0.5   -53,-0.2   -53,-0.2  -0.427  46.3-109.0 -60.3 137.8   13.8   26.3    1.8               
  477  477 A K        -     0   0   65    -55,-3.0   -57,-0.4    -2,-0.1   -55,-0.2  -0.609  34.1-134.9 -62.1 117.1   10.8   24.5    0.2               
  478  478 A R        -     0   0  212     -2,-0.5    -1,-0.0     1,-0.1    -3,-0.0  -0.630  26.1-107.0 -69.2 135.3    9.4   27.0   -2.3               
  479  479 A P        -     0   0   61      0, 0.0     3,-0.5     0, 0.0    -1,-0.1  -0.336  28.3-123.3 -60.4 147.8    5.6   27.2   -2.1               
  480  480 A K  S    S+     0   0  195      1,-0.2     3,-0.1     2,-0.1    -2,-0.1   0.682 102.5  46.0 -72.6 -17.5    4.0   25.5   -5.1               
  481  481 A D  S >  S+     0   0  133      1,-0.1     2,-1.4     2,-0.0     3,-0.6   0.538  76.3 100.3-111.0 -10.5    2.0   28.4   -6.4               
  482  482 A A  T 3  S+     0   0   81     -3,-0.5    -1,-0.1     1,-0.2    -2,-0.1  -0.037  72.7  69.7 -75.7  33.5    4.5   31.4   -6.3               
  483  483 A N  T 3  S+     0   0  154     -2,-1.4    -1,-0.2    -3,-0.1    -2,-0.0  -0.044  70.6  95.2-146.6  36.3    5.2   31.3  -10.1               
  484  484 A R    <   -     0   0  209     -3,-0.6     2,-0.1     0, 0.0    -3,-0.0  -0.998  61.8-143.1-115.5 125.9    2.1   32.4  -11.9               
  485  485 A P              0   0  125      0, 0.0    -2,-0.1     0, 0.0     0, 0.0  -0.470 360.0 360.0 -63.9 156.7    1.6   36.0  -13.0               
  486  486 A Y              0   0  310     -2,-0.1     0, 0.0     0, 0.0     0, 0.0  -0.455 360.0 360.0 -66.3 360.0   -2.0   37.2  -12.6               
