==== Secondary Structure Definition by the program DSSP, CMBI version 2.0                          ==== DATE=2026-03-08        .
REFERENCE W. KABSCH AND C.SANDER, BIOPOLYMERS 22 (1983) 2577-2637                                                              .
HEADER                                            01-AUG-25                                                                    .
COMPND    MOL_ID: 1; MOLECULE: SRA STEM-LOOP-INTERACTING RNA-BINDING PROTEIN, MI                                               .
SOURCE    MOL_ID: 1; ORGANISM_SCIENTIFIC: HOMO SAPIENS; ORGANISM_TAXID: 9606                                                   .
AUTHOR                                                                                                                         .
  109  1  0  0  0 TOTAL NUMBER OF RESIDUES, NUMBER OF CHAINS, NUMBER OF SS-BRIDGES(TOTAL,INTRACHAIN,INTERCHAIN)                .
  9296.4   ACCESSIBLE SURFACE OF PROTEIN (ANGSTROM**2)                                                                         .
   72 66.1   TOTAL NUMBER OF HYDROGEN BONDS OF TYPE O(I)-->H-N(J)  , SAME NUMBER PER 100 RESIDUES                              .
    0  0.0   TOTAL NUMBER OF HYDROGEN BONDS IN     PARALLEL BRIDGES, SAME NUMBER PER 100 RESIDUES                              .
   23 21.1   TOTAL NUMBER OF HYDROGEN BONDS IN ANTIPARALLEL BRIDGES, SAME NUMBER PER 100 RESIDUES                              .
    1  0.9   TOTAL NUMBER OF HYDROGEN BONDS OF TYPE O(I)-->H-N(I-5), SAME NUMBER PER 100 RESIDUES                              .
    0  0.0   TOTAL NUMBER OF HYDROGEN BONDS OF TYPE O(I)-->H-N(I-4), SAME NUMBER PER 100 RESIDUES                              .
    1  0.9   TOTAL NUMBER OF HYDROGEN BONDS OF TYPE O(I)-->H-N(I-3), SAME NUMBER PER 100 RESIDUES                              .
    0  0.0   TOTAL NUMBER OF HYDROGEN BONDS OF TYPE O(I)-->H-N(I-2), SAME NUMBER PER 100 RESIDUES                              .
    0  0.0   TOTAL NUMBER OF HYDROGEN BONDS OF TYPE O(I)-->H-N(I-1), SAME NUMBER PER 100 RESIDUES                              .
    0  0.0   TOTAL NUMBER OF HYDROGEN BONDS OF TYPE O(I)-->H-N(I+0), SAME NUMBER PER 100 RESIDUES                              .
    0  0.0   TOTAL NUMBER OF HYDROGEN BONDS OF TYPE O(I)-->H-N(I+1), SAME NUMBER PER 100 RESIDUES                              .
   27 24.8   TOTAL NUMBER OF HYDROGEN BONDS OF TYPE O(I)-->H-N(I+2), SAME NUMBER PER 100 RESIDUES                              .
    6  5.5   TOTAL NUMBER OF HYDROGEN BONDS OF TYPE O(I)-->H-N(I+3), SAME NUMBER PER 100 RESIDUES                              .
   16 14.7   TOTAL NUMBER OF HYDROGEN BONDS OF TYPE O(I)-->H-N(I+4), SAME NUMBER PER 100 RESIDUES                              .
    0  0.0   TOTAL NUMBER OF HYDROGEN BONDS OF TYPE O(I)-->H-N(I+5), SAME NUMBER PER 100 RESIDUES                              .
  1  2  3  4  5  6  7  8  9 10 11 12 13 14 15 16 17 18 19 20 21 22 23 24 25 26 27 28 29 30     *** HISTOGRAMS OF ***           .
  0  0  0  0  0  0  0  0  2  0  0  0  0  0  0  0  0  0  0  0  0  0  0  0  0  0  0  0  0  0    RESIDUES PER ALPHA HELIX         .
  0  0  0  0  0  0  0  0  0  0  0  0  0  0  0  0  0  0  0  0  0  0  0  0  0  0  0  0  0  0    PARALLEL BRIDGES PER LADDER      .
  1  0  1  2  1  0  0  0  0  0  0  0  0  0  0  0  0  0  0  0  0  0  0  0  0  0  0  0  0  0    ANTIPARALLEL BRIDGES PER LADDER  .
  1  0  1  0  0  0  0  0  0  0  0  0  0  0  0  0  0  0  0  0  0  0  0  0  0  0  0  0  0  0    LADDERS PER SHEET                .
  #  RESIDUE AA STRUCTURE BP1 BP2  ACC     N-H-->O    O-->H-N    N-H-->O    O-->H-N    TCO  KAPPA ALPHA  PHI   PSI    X-CA   Y-CA   Z-CA            CHAIN
    1    1 A M              0   0  243      0, 0.0     0, 0.0     0, 0.0     0, 0.0   0.000 360.0 360.0 360.0 127.6  -21.5   23.1  -18.3               
    2    2 A A        -     0   0   96      2,-0.1     3,-0.2     3,-0.0     0, 0.0   0.988 360.0 -28.6  65.4 108.3  -20.0   20.5  -15.9               
    3    3 A A        -     0   0   91      1,-0.2     2,-1.7     2,-0.0    -1,-0.0   0.833  24.6-141.5  62.0  89.2  -19.2   19.8  -12.4               
    4    4 A S        -     0   0  125      1,-0.1     2,-1.2     2,-0.1    -1,-0.2  -0.587  26.7-165.7 -58.6  88.3  -18.3   21.5   -9.2               
    5    5 A A        +     0   0   96     -2,-1.7     2,-1.5    -3,-0.2    -1,-0.1  -0.258  35.2 144.2 -77.1  48.5  -15.8   18.8   -8.2               
    6    6 A A        +     0   0   88     -2,-1.2     2,-1.4     2,-0.0    -1,-0.1  -0.563  20.7 174.5 -83.3  67.6  -15.7   20.2   -4.7               
    7    7 A R        -     0   0  247     -2,-1.5    -2,-0.1     1,-0.1     0, 0.0  -0.764  45.4-116.9 -67.1  97.5  -15.4   16.8   -3.1               
    8    8 A G        -     0   0   58     -2,-1.4    -1,-0.1     1,-0.2    -2,-0.0  -0.043   5.8-129.0 -45.5 139.9  -15.0   18.6    0.2               
    9    9 A A  S    S+     0   0  121      2,-0.0     2,-0.4     3,-0.0     3,-0.3   0.039  78.4 118.4 -69.3  24.5  -11.8   18.5    2.3               
   10   10 A A        +     0   0   84      1,-0.2     0, 0.0     3,-0.0     0, 0.0  -0.818  52.3  31.0 -95.0 138.7  -14.3   17.6    5.1               
   11   11 A A        +     0   0   78     -2,-0.4    -1,-0.2     3,-0.0    -2,-0.0   0.736  65.0 105.1  84.9  43.3  -14.4   14.3    7.0               
   12   12 A L        +     0   0   92     -3,-0.3     2,-1.5     2,-0.1    -2,-0.0  -0.432  27.1 161.6-123.0  69.6  -11.4   12.4    7.7               
   13   13 A R        -     0   0  233      1,-0.0     2,-1.1     0, 0.0    -3,-0.0  -0.751  52.9-130.4 -47.7  85.9  -11.2   13.4   11.2               
   14   14 A R        -     0   0   98     -2,-1.5    83,-0.1     2,-0.1    -2,-0.1  -0.617  16.5-130.4 -66.2  96.2   -9.0   10.3   11.1               
   15   15 A S    >   -     0   0   68     -2,-1.1     3,-1.4     1,-0.1    -1,-0.0  -0.251  17.7-118.5 -46.3 135.1  -10.4    8.3   13.9               
   16   16 A I  T 3  S+     0   0   98      1,-0.3    -1,-0.1    80,-0.1    -2,-0.1   0.777 111.1  53.8 -54.4 -22.9   -7.4    7.3   16.1               
   17   17 A N  T 3   +     0   0  145      2,-0.1    -1,-0.3    79,-0.0    -2,-0.1  -0.220  68.6 143.2-110.4  35.1   -8.4    3.6   15.3               
   18   18 A Q    <   -     0   0   32     -3,-1.4     2,-2.1     1,-0.1    76,-0.2  -0.722  57.5-123.4 -73.7 129.8   -8.6    3.4   11.5               
   19   19 A P        +     0   0   25      0, 0.0    48,-2.9     0, 0.0     2,-0.5  -0.461  58.0 150.5 -73.8  77.9   -7.3    0.0   10.3               
   20   20 A V  E     -A   66   0A   6     -2,-2.1    74,-2.1    46,-0.2     2,-0.3  -0.973  36.3-150.7-118.7 122.5   -4.6    1.6    8.0               
   21   21 A A  E     -AB  65  93A   0     44,-2.9    44,-2.5    -2,-0.5     2,-0.6  -0.705   9.3-143.9 -84.4 138.9   -1.3    0.0    7.2               
   22   22 A F  E     -AB  64  92A  48     70,-3.3    70,-2.5    -2,-0.3     2,-0.4  -0.947  19.5-161.6-100.2 119.5    1.7    2.3    6.5               
   23   23 A V  E     -AB  63  91A   0     40,-2.8    40,-2.6    -2,-0.6     2,-0.3  -0.882  10.4-179.6-109.6 131.5    3.9    0.7    3.7               
   24   24 A R  E     +AB  62  90A 128     66,-2.7    66,-2.7    -2,-0.4    38,-0.2  -0.884  57.1  36.7-126.1 163.0    7.5    1.7    3.1               
   25   25 A R  S    S+     0   0  153     36,-1.1    37,-0.2    -2,-0.3    -1,-0.1   0.816  70.2 170.4  63.4  35.2   10.3    0.6    0.6               
   26   26 A I        -     0   0    6     35,-2.1    -1,-0.2    -3,-0.2     2,-0.1  -0.648  36.2-118.1 -72.7 127.5    7.8    0.3   -2.3               
   27   27 A P    >   -     0   0   20      0, 0.0     3,-2.1     0, 0.0    32,-0.1  -0.441  19.3-118.1 -66.6 145.9    9.6   -0.2   -5.6               
   28   28 A W  T 3  S+     0   0  182      1,-0.3    31,-0.2    -2,-0.1    -2,-0.0   0.619 113.8  62.9 -60.9 -15.3    9.0    2.5   -8.3               
   29   29 A T  T 3  S+     0   0  102     56,-0.1     2,-0.6    29,-0.1    -1,-0.3   0.690  88.6  84.4 -77.3 -22.2    7.5   -0.2  -10.5               
   30   30 A A    <   -     0   0    1     -3,-2.1    31,-0.1    54,-0.1    29,-0.1  -0.738  60.5-171.7 -95.2 119.8    4.7   -0.9   -8.0               
   31   31 A A     >  -     0   0   32     -2,-0.6     4,-1.9     1,-0.0     5,-0.2  -0.264  46.5 -86.2 -93.0-178.2    1.5    1.2   -8.1               
   32   32 A S  H  > S+     0   0   42      1,-0.2     4,-2.0     2,-0.2     5,-0.1   0.746 126.4  62.0 -62.7 -23.1   -1.5    1.5   -5.8               
   33   33 A S  H  > S+     0   0   66      2,-0.2     4,-2.7     3,-0.2    -1,-0.2   0.951 103.6  46.2 -63.8 -51.6   -3.0   -1.4   -7.8               
   34   34 A Q  H  > S+     0   0   64      1,-0.2     4,-2.9     2,-0.2     5,-0.2   0.893 113.8  49.8 -64.1 -40.2   -0.2   -3.9   -6.9               
   35   35 A L  H  X S+     0   0    1     -4,-1.9     4,-2.9     2,-0.2    -1,-0.2   0.946 112.1  48.0 -59.1 -49.5   -0.4   -2.8   -3.2               
   36   36 A K  H  X S+     0   0  111     -4,-2.0     4,-1.6     2,-0.2    -2,-0.2   0.911 114.6  45.6 -59.0 -44.6   -4.2   -3.3   -3.3               
   37   37 A E  H  X S+     0   0  153     -4,-2.7     4,-0.6     2,-0.2    -2,-0.2   0.943 115.7  45.8 -66.8 -46.6   -3.9   -6.8   -4.9               
   38   38 A H  H >< S+     0   0   36     -4,-2.9     3,-0.8     1,-0.2     4,-0.2   0.913 117.3  43.9 -61.0 -45.6   -1.1   -7.9   -2.5               
   39   39 A F  H >X S+     0   0    0     -4,-2.9     3,-1.5    -5,-0.2     4,-1.0   0.737  95.6  76.9 -78.6 -18.0   -2.9   -6.6    0.6               
   40   40 A A  H 3< S+     0   0   54     -4,-1.6    -1,-0.2     1,-0.3    -2,-0.2   0.779  84.1  66.9 -60.4 -26.1   -6.3   -8.0   -0.5               
   41   41 A Q  T << S+     0   0  125     -3,-0.8    -1,-0.3    -4,-0.6    -2,-0.2   0.741 103.5  44.3 -65.6 -24.9   -5.1  -11.5    0.6               
   42   42 A F  T <4 S-     0   0   27     -3,-1.5     2,-0.2     1,-0.4    33,-0.2   0.698 132.5 -45.9 -92.5 -23.8   -5.0  -10.3    4.3               
   43   43 A G  S  < S-     0   0   18     -4,-1.0    -1,-0.4    -3,-0.2     2,-0.3  -0.906  79.0 -48.1 168.0 171.4   -8.5   -8.5    4.1               
   44   44 A H        -     0   0  130     -2,-0.2    24,-2.2    -3,-0.1     2,-0.6  -0.406  50.6-144.4 -66.0 119.1  -10.8   -6.2    2.1               
   45   45 A V  E     -C   67   0A   7     -2,-0.3    22,-0.3    22,-0.2     3,-0.1  -0.745  19.2-179.6 -87.9 115.8   -8.9   -3.0    1.0               
   46   46 A R  E     +     0   0A 170     20,-2.0     2,-0.3    -2,-0.6    21,-0.2   0.851  68.4   4.0 -78.5 -41.7  -11.1    0.1    1.0               
   47   47 A R  E     -C   66   0A 137     19,-1.6    19,-3.4     2,-0.0     2,-0.4  -0.972  54.0-159.1-152.8 137.4   -8.5    2.7   -0.1               
   48   48 A C  E     -C   65   0A  36     -2,-0.3     2,-0.5    17,-0.2    17,-0.2  -0.949  10.3-169.1-115.5 132.6   -4.8    2.8   -1.3               
   49   49 A I  E     +C   64   0A  56     15,-2.9    15,-2.9    -2,-0.4    -2,-0.0  -0.965  11.4 169.7-124.9 112.4   -2.9    6.1   -1.1               
   50   50 A L        -     0   0   13     -2,-0.5     2,-0.4    13,-0.2    13,-0.2  -0.951  28.3-140.6-123.3  97.4    0.5    6.1   -2.9               
   51   51 A P        -     0   0   39      0, 0.0     9,-2.1     0, 0.0     2,-0.3  -0.547  15.4-148.8 -65.4 125.7    1.9    9.8   -3.0               
   52   52 A F  B     -D   59   0B 112     -2,-0.4     2,-0.4     7,-0.3     7,-0.3  -0.691  12.9-124.8 -89.8 139.7    3.5   10.6   -6.3               
   53   53 A D     >  -     0   0   54      5,-3.2     4,-1.2    -2,-0.3    -1,-0.0  -0.745  15.9-149.2 -76.7 130.2    6.4   13.1   -6.6               
   54   54 A K  T  4 S+     0   0  208     -2,-0.4    -1,-0.1     2,-0.2     5,-0.0   0.739  92.5  48.8 -76.4 -25.3    5.4   15.7   -9.2               
   55   55 A E  T  4 S+     0   0  183      1,-0.1    -1,-0.1     3,-0.1    -2,-0.0   0.896 122.6  29.2 -83.3 -44.3    8.9   16.4  -10.4               
   56   56 A T  T  4 S-     0   0   82      2,-0.2    -2,-0.2     1,-0.0    -1,-0.1   0.656  93.9-135.2 -88.3 -19.4   10.0   12.8  -11.0               
   57   57 A G  S  < S+     0   0   53     -4,-1.2     2,-0.2     1,-0.3    -3,-0.1   0.318  71.4 109.9  74.0  -5.0    6.5   11.4  -11.8               
   58   58 A F  S    S-     0   0  109      1,-0.1    -5,-3.2    -6,-0.1    -1,-0.3  -0.594  76.1-102.3 -96.9 156.8    7.4    8.4   -9.5               
   59   59 A H  B     -D   52   0B   4     -7,-0.3     2,-0.6   -31,-0.2    -7,-0.3  -0.480  32.6-113.0 -74.3 154.3    5.9    7.5   -6.0               
   60   60 A R        -     0   0  172     -9,-2.1   -35,-0.2     2,-0.3    -1,-0.1   0.071  51.2-103.4 -76.9  23.4    8.0    8.4   -2.9               
   61   61 A G  S    S+     0   0   14     -2,-0.6   -35,-2.1     1,-0.1   -36,-1.1   0.640  96.8  88.4  61.1  15.9    8.5    4.6   -2.1               
   62   62 A L  E     +A   24   0A  45    -11,-0.3     2,-0.3   -38,-0.2    -2,-0.3  -0.989  47.1 153.7-141.0 150.9    5.8    4.9    0.7               
   63   63 A G  E     -A   23   0A   0    -40,-2.6   -40,-2.8    -2,-0.3     2,-0.4  -0.947  33.3-113.2-162.2 177.1    2.0    4.6    0.9               
   64   64 A W  E     -AC  22  49A  66    -15,-2.9   -15,-2.9    -2,-0.3     2,-0.5  -0.993  15.5-162.1-126.8 136.4   -1.1    3.9    3.0               
   65   65 A V  E     -AC  21  48A   0    -44,-2.5   -44,-2.9    -2,-0.4     2,-0.7  -0.969   9.7-155.3-120.6 111.9   -3.5    0.9    2.7               
   66   66 A Q  E     -AC  20  47A  34    -19,-3.4   -20,-2.0    -2,-0.5   -19,-1.6  -0.841  12.0-157.1 -89.8 117.0   -6.8    1.3    4.4               
   67   67 A F  E     - C   0  45A   1    -48,-2.9   -22,-0.2    -2,-0.7     3,-0.1  -0.372  20.9-132.9 -83.8 162.8   -8.5   -2.0    5.3               
   68   68 A S  S    S+     0   0   62    -24,-2.2     2,-0.3    -2,-0.1   -23,-0.1   0.769  92.3  32.6 -83.3 -30.2  -12.2   -2.6    5.9               
   69   69 A S  S  > S-     0   0   44    -25,-0.3     4,-1.1   -50,-0.1    -2,-0.1  -0.866  75.3-127.1-124.6 155.0  -11.6   -4.5    9.1               
   70   70 A E  H  > S+     0   0  111     -2,-0.3     4,-2.8     2,-0.2     5,-0.2   0.856 111.5  63.8 -67.3 -32.7   -9.0   -4.3   11.9               
   71   71 A E  H  > S+     0   0  135      2,-0.2     4,-3.0     1,-0.2     5,-0.3   0.921  98.3  54.0 -55.0 -44.6   -8.4   -8.1   11.3               
   72   72 A G  H  > S+     0   0    0      1,-0.2     4,-1.8     2,-0.2    -1,-0.2   0.885 111.3  45.1 -60.8 -38.2   -7.1   -7.2    7.7               
   73   73 A L  H  X S+     0   0   11     -4,-1.1     4,-0.7     2,-0.2    -2,-0.2   0.928 113.3  49.5 -67.1 -47.5   -4.6   -4.8    9.2               
   74   74 A R  H >X S+     0   0  134     -4,-2.8     4,-2.1     2,-0.2     3,-1.2   0.937 111.2  49.2 -60.0 -45.8   -3.5   -7.3   12.0               
   75   75 A N  H 3X S+     0   0   69     -4,-3.0     4,-1.3     1,-0.3    -1,-0.2   0.906 110.5  51.1 -58.2 -44.2   -3.0  -10.1    9.4               
   76   76 A A  H 3< S+     0   0    0     -4,-1.8    -1,-0.3    -5,-0.3    -2,-0.2   0.578 113.0  46.3 -70.7 -12.9   -1.0   -7.6    7.2               
   77   77 A L  H << S+     0   0   66     -3,-1.2    -2,-0.2    -4,-0.7    -1,-0.2   0.693 106.7  56.4 -97.0 -29.0    1.2   -6.8   10.3               
   78   78 A Q  H  < S+     0   0  149     -4,-2.1     2,-0.6    -5,-0.2    -2,-0.2   0.754  88.7  89.7 -70.1 -28.2    1.7  -10.4   11.4               
   79   79 A Q     <  -     0   0   80     -4,-1.3     3,-0.2    -5,-0.2    12,-0.2  -0.611  57.4-174.0 -72.1 116.1    3.1  -11.1    7.9               
   80   80 A E  S    S+     0   0  160     -2,-0.6     2,-0.6     1,-0.2    -1,-0.2   0.754  71.0  58.5 -81.1 -25.3    6.9  -10.5    8.2               
   81   81 A N        +     0   0   88      9,-0.1     2,-0.7     2,-0.1    -1,-0.2  -0.745  57.0 168.4-117.5  84.8    7.6  -11.0    4.5               
   82   82 A H  E     -E   89   0C   3     -2,-0.6     7,-2.5     7,-0.6     2,-0.5  -0.869  13.3-175.7 -90.8 113.1    5.7   -8.7    2.1               
   83   83 A I  E     +E   88   0C  98     -2,-0.7     2,-0.4     5,-0.2     5,-0.2  -0.962   7.2 174.6-113.3 122.6    7.3   -9.0   -1.4               
   84   84 A I  E >  S-E   87   0C   8      3,-2.5     3,-2.2    -2,-0.5   -54,-0.1  -1.000  76.4 -10.6-129.6 126.2    6.0   -6.8   -4.2               
   85   85 A D  T 3  S-     0   0   86     -2,-0.4    -1,-0.1     1,-0.3     3,-0.1   0.852 130.0 -57.5  49.3  38.4    7.7   -6.9   -7.6               
   86   86 A G  T 3  S+     0   0   70      1,-0.2     2,-0.5   -59,-0.0    -1,-0.3   0.405 115.4 117.9  75.4  -1.1   10.5   -9.0   -5.9               
   87   87 A V  E <   -E   84   0C  46     -3,-2.2    -3,-2.5   -60,-0.0     2,-0.7  -0.838  67.9-127.2-100.5 127.2   11.2   -6.2   -3.4               
   88   88 A K  E     -E   83   0C  99     -2,-0.5    -5,-0.2    -5,-0.2     2,-0.2  -0.619  31.9-162.1 -68.1 110.6   10.7   -6.8    0.4               
   89   89 A V  E     -E   82   0C   2     -7,-2.5    -7,-0.6    -2,-0.7     2,-0.5  -0.568  14.0-124.0 -90.3 155.5    8.4   -3.9    1.5               
   90   90 A Q  E     -B   24   0A  91    -66,-2.7   -66,-2.7    -2,-0.2     2,-0.4  -0.917  21.1-162.1-105.8 129.9    8.0   -2.9    5.2               
   91   91 A V  E     +B   23   0A  23     -2,-0.5     2,-0.3   -68,-0.2   -68,-0.2  -0.918  14.7 169.6-115.5 129.2    4.5   -2.8    6.7               
   92   92 A H  E     -B   22   0A  88    -70,-2.5   -70,-3.3    -2,-0.4     2,-0.1  -0.961  40.0 -99.4-131.8 153.3    3.7   -0.9    9.9               
   93   93 A T  E     -B   21   0A  77     -2,-0.3     2,-0.6   -72,-0.2   -72,-0.2  -0.460  52.2 -99.4 -62.8 141.9    0.6    0.1   11.8               
   94   94 A R        -     0   0   28    -74,-2.1   -74,-0.1   -76,-0.2    -1,-0.1  -0.569  35.5-125.7 -61.1 119.5   -0.4    3.7   11.0               
   95   95 A R        -     0   0  217     -2,-0.6     2,-0.2     1,-0.1    -1,-0.1  -0.531  28.1-122.0 -55.7 119.2    0.9    5.8   13.9               
   96   96 A P        -     0   0   60      0, 0.0     2,-1.3     0, 0.0   -80,-0.1  -0.538  17.0-124.5 -54.5 130.3   -2.2    7.7   15.1               
   97   97 A K        -     0   0  179     -2,-0.2     3,-0.1   -83,-0.1   -83,-0.0  -0.857  31.4-136.0 -65.0 100.2   -1.5   11.4   14.9               
   98   98 A L        -     0   0  136     -2,-1.3     2,-0.2     1,-0.1    -3,-0.0  -0.465  37.3 -90.7 -40.4 132.3   -2.4   11.8   18.5               
   99   99 A P        -     0   0   83      0, 0.0     2,-2.0     0, 0.0    -1,-0.1  -0.534  44.4-123.8 -46.6 114.6   -4.5   15.0   18.3               
  100  100 A Q        -     0   0  183     -2,-0.2     2,-2.0     1,-0.1    -3,-0.0  -0.736  26.2-165.4 -66.3  88.7   -1.7   17.4   18.9               
  101  101 A T        +     0   0  100     -2,-2.0     2,-0.9     1,-0.1    -1,-0.1  -0.742  16.5 171.6 -65.6  72.3   -3.3   19.0   21.8               
  102  102 A S        +     0   0   93     -2,-2.0    -1,-0.1     1,-0.1    -2,-0.1  -0.621  25.4 141.3 -74.4  57.0   -0.7   21.7   21.4               
  103  103 A D        +     0   0  120     -2,-0.9     2,-1.3     2,-0.1    -1,-0.1  -0.517   6.4 140.6 -94.1  50.0   -3.0   23.2   24.0               
  104  104 A D        +     0   0  157      3,-0.0     2,-1.1     0, 0.0     3,-0.2  -0.597  34.0 172.1 -73.7  59.2    0.2   24.5   25.5               
  105  105 A E        -     0   0  164     -2,-1.3     3,-0.2     1,-0.2    -2,-0.1  -0.790  41.0 -31.5 -80.5 103.8   -2.2   27.5   26.0               
  106  106 A K        -     0   0  154     -2,-1.1     2,-1.7     1,-0.2    -1,-0.2   0.939  26.5-147.8  65.2  99.4   -0.4   30.0   28.2               
  107  107 A K        +     0   0  212     -3,-0.2     2,-0.6     2,-0.0    -1,-0.2  -0.704  45.1 160.1 -63.4  79.0    2.1   30.3   30.9               
  108  108 A D              0   0  122     -2,-1.7    -3,-0.0    -3,-0.2    -1,-0.0  -0.927 360.0 360.0-109.5  95.7    0.2   33.4   32.2               
  109  109 A F              0   0  271     -2,-0.6    -1,-0.1     0, 0.0    -2,-0.0   0.326 360.0 360.0-126.0 360.0    1.2   33.8   35.8               
