==== Secondary Structure Definition by the program DSSP, CMBI version 2.0                          ==== DATE=2026-03-08        .
REFERENCE W. KABSCH AND C.SANDER, BIOPOLYMERS 22 (1983) 2577-2637                                                              .
HEADER                                            01-AUG-25                                                                    .
COMPND    MOL_ID: 1; MOLECULE: CLEAVAGE STIMULATION FACTOR SUBUNIT 2 TAU VARIANT                                               .
SOURCE    MOL_ID: 1; ORGANISM_SCIENTIFIC: HOMO SAPIENS; ORGANISM_TAXID: 9606                                                   .
AUTHOR                                                                                                                         .
  616  1  0  0  0 TOTAL NUMBER OF RESIDUES, NUMBER OF CHAINS, NUMBER OF SS-BRIDGES(TOTAL,INTRACHAIN,INTERCHAIN)                .
 70598.2   ACCESSIBLE SURFACE OF PROTEIN (ANGSTROM**2)                                                                         .
  185 30.0   TOTAL NUMBER OF HYDROGEN BONDS OF TYPE O(I)-->H-N(J)  , SAME NUMBER PER 100 RESIDUES                              .
    0  0.0   TOTAL NUMBER OF HYDROGEN BONDS IN     PARALLEL BRIDGES, SAME NUMBER PER 100 RESIDUES                              .
   23  3.7   TOTAL NUMBER OF HYDROGEN BONDS IN ANTIPARALLEL BRIDGES, SAME NUMBER PER 100 RESIDUES                              .
    1  0.2   TOTAL NUMBER OF HYDROGEN BONDS OF TYPE O(I)-->H-N(I-5), SAME NUMBER PER 100 RESIDUES                              .
    0  0.0   TOTAL NUMBER OF HYDROGEN BONDS OF TYPE O(I)-->H-N(I-4), SAME NUMBER PER 100 RESIDUES                              .
    1  0.2   TOTAL NUMBER OF HYDROGEN BONDS OF TYPE O(I)-->H-N(I-3), SAME NUMBER PER 100 RESIDUES                              .
    0  0.0   TOTAL NUMBER OF HYDROGEN BONDS OF TYPE O(I)-->H-N(I-2), SAME NUMBER PER 100 RESIDUES                              .
    0  0.0   TOTAL NUMBER OF HYDROGEN BONDS OF TYPE O(I)-->H-N(I-1), SAME NUMBER PER 100 RESIDUES                              .
    0  0.0   TOTAL NUMBER OF HYDROGEN BONDS OF TYPE O(I)-->H-N(I+0), SAME NUMBER PER 100 RESIDUES                              .
    0  0.0   TOTAL NUMBER OF HYDROGEN BONDS OF TYPE O(I)-->H-N(I+1), SAME NUMBER PER 100 RESIDUES                              .
   21  3.4   TOTAL NUMBER OF HYDROGEN BONDS OF TYPE O(I)-->H-N(I+2), SAME NUMBER PER 100 RESIDUES                              .
   26  4.2   TOTAL NUMBER OF HYDROGEN BONDS OF TYPE O(I)-->H-N(I+3), SAME NUMBER PER 100 RESIDUES                              .
  110 17.9   TOTAL NUMBER OF HYDROGEN BONDS OF TYPE O(I)-->H-N(I+4), SAME NUMBER PER 100 RESIDUES                              .
    3  0.5   TOTAL NUMBER OF HYDROGEN BONDS OF TYPE O(I)-->H-N(I+5), SAME NUMBER PER 100 RESIDUES                              .
  1  2  3  4  5  6  7  8  9 10 11 12 13 14 15 16 17 18 19 20 21 22 23 24 25 26 27 28 29 30     *** HISTOGRAMS OF ***           .
  0  0  0  0  0  2  1  1  1  1  1  0  1  0  1  0  0  1  0  0  0  0  0  0  0  0  0  1  0  0    RESIDUES PER ALPHA HELIX         .
  0  0  0  0  0  0  0  0  0  0  0  0  0  0  0  0  0  0  0  0  0  0  0  0  0  0  0  0  0  0    PARALLEL BRIDGES PER LADDER      .
  0  1  0  1  1  1  0  0  0  0  0  0  0  0  0  0  0  0  0  0  0  0  0  0  0  0  0  0  0  0    ANTIPARALLEL BRIDGES PER LADDER  .
  1  0  1  0  0  0  0  0  0  0  0  0  0  0  0  0  0  0  0  0  0  0  0  0  0  0  0  0  0  0    LADDERS PER SHEET                .
  #  RESIDUE AA STRUCTURE BP1 BP2  ACC     N-H-->O    O-->H-N    N-H-->O    O-->H-N    TCO  KAPPA ALPHA  PHI   PSI    X-CA   Y-CA   Z-CA            CHAIN
    1    1 A M              0   0  237      0, 0.0     0, 0.0     0, 0.0     0, 0.0   0.000 360.0 360.0 360.0 154.4   16.3   23.7   26.5               
    2    2 A S        +     0   0  114      1,-0.2     2,-1.0     0, 0.0     0, 0.0   0.847 360.0 174.8  54.3  64.7   12.7   23.6   25.2               
    3    3 A S        -     0   0  124      2,-0.0     2,-0.7     3,-0.0    -1,-0.2  -0.868  21.4-159.0 -86.4  98.0   12.3   23.8   21.4               
    4    4 A L        -     0   0  158     -2,-1.0     2,-0.6     1,-0.0     0, 0.0  -0.777  17.3-128.1 -77.0 113.0    8.5   23.3   21.2               
    5    5 A A        -     0   0   82     -2,-0.7     2,-1.2     1,-0.1    -1,-0.0  -0.531   8.5-140.3 -65.0 112.6    7.8   22.1   17.7               
    6    6 A V        -     0   0  137     -2,-0.6     2,-0.5     2,-0.0    -1,-0.1  -0.688  23.8-163.8 -64.5  97.4    5.1   24.2   16.0               
    7    7 A R        -     0   0  139     -2,-1.2    -3,-0.0     1,-0.0    -2,-0.0  -0.866  28.1-110.4 -83.3 123.8    3.4   21.3   14.3               
    8    8 A D    >>  -     0   0  110     -2,-0.5     4,-2.3     1,-0.1     3,-0.9  -0.364  21.0-135.3 -55.1 127.0    1.1   22.8   11.6               
    9    9 A P  H 3> S+     0   0  107      0, 0.0     4,-2.3     0, 0.0    -1,-0.1   0.783 105.1  56.4 -64.6 -24.6   -2.5   22.2   12.8               
   10   10 A A  H 3> S+     0   0   72      2,-0.2     4,-1.4     3,-0.2     5,-0.1   0.854 109.3  46.0 -69.0 -35.4   -3.5   21.0    9.3               
   11   11 A M  H <> S+     0   0  127     -3,-0.9     4,-1.8     2,-0.2     5,-0.2   0.941 113.5  48.6 -72.6 -45.7   -0.8   18.3    9.4               
   12   12 A D  H  X S+     0   0   33     -4,-2.3     4,-1.4     1,-0.2     3,-0.3   0.933 110.4  51.4 -59.9 -45.3   -1.8   17.2   13.0               
   13   13 A R  H  < S+     0   0  137     -4,-2.3    -1,-0.2     1,-0.2     4,-0.2   0.875 109.1  51.7 -58.5 -38.1   -5.5   17.0   11.9               
   14   14 A S  H >< S+     0   0   46     -4,-1.4     3,-0.5     1,-0.2    79,-0.3   0.831 108.4  50.4 -69.3 -33.1   -4.4   14.8    8.9               
   15   15 A L  H 3< S+     0   0   47     -4,-1.8    -1,-0.2    -3,-0.3    -2,-0.2   0.698 111.1  49.3 -76.3 -23.0   -2.5   12.5   11.3               
   16   16 A R  T 3< S+     0   0   72     -4,-1.4    48,-2.8    -5,-0.2     2,-0.4   0.381  98.6  91.5 -90.5  -0.1   -5.6   12.2   13.6               
   17   17 A S  E <   -A   63   0A  16     -3,-0.5    75,-1.7    46,-0.2     2,-0.4  -0.817  58.2-162.4-105.1 139.6   -7.8   11.4   10.5               
   18   18 A V  E     -AB  62  91A   0     44,-2.9    44,-2.8    -2,-0.4     2,-0.4  -0.956  15.2-134.3-123.2 129.2   -8.6    7.9    9.2               
   19   19 A F  E     -AB  61  90A  52     71,-2.7    71,-2.5    -2,-0.4     2,-0.4  -0.713  19.3-161.6 -78.8 134.7   -9.9    6.9    5.8               
   20   20 A V  E     +AB  60  89A   0     40,-2.9    40,-2.5    -2,-0.4     2,-0.2  -0.985  18.3 167.9-122.2 122.9  -12.8    4.4    5.9               
   21   21 A G  E     +AB  59  88A   3     67,-3.0    67,-2.5    -2,-0.4    38,-0.2  -0.783  47.4  45.6-134.1 173.8  -13.6    2.5    2.7               
   22   22 A N  S    S+     0   0   73     36,-0.6    37,-0.2    -2,-0.2    -1,-0.1   0.659  72.6 168.0  59.9  22.4  -15.6   -0.5    1.3               
   23   23 A I        -     0   0    1     35,-2.0    -1,-0.2    -3,-0.1     2,-0.1  -0.389  38.7-113.9 -63.5 131.3  -18.6    0.8    3.4               
   24   24 A P    >   -     0   0    6      0, 0.0     3,-2.0     0, 0.0    34,-0.1  -0.423  21.0-120.7 -64.5 146.0  -22.0   -0.9    2.5               
   25   25 A Y  T 3  S+     0   0  146      1,-0.3    -2,-0.1    -2,-0.1    33,-0.0   0.613 112.6  58.8 -66.4 -13.0  -24.6    1.5    0.9               
   26   26 A E  T 3  S+     0   0  168     57,-0.1     2,-0.4     2,-0.1    -1,-0.3   0.392  80.4 114.1 -93.6  -3.4  -27.0    0.7    3.9               
   27   27 A A    <   -     0   0    6     -3,-2.0     2,-0.3    55,-0.1    31,-0.1  -0.571  55.7-150.5 -69.8 126.5  -24.5    2.0    6.5               
   28   28 A T     >  -     0   0   58     -2,-0.4     4,-1.9     1,-0.1     5,-0.2  -0.657  24.8-118.1 -87.1 153.7  -25.5    5.1    8.4               
   29   29 A E  H  > S+     0   0   72     -2,-0.3     4,-2.5     1,-0.2     5,-0.1   0.851 115.8  58.1 -56.6 -33.3  -22.9    7.6    9.7               
   30   30 A E  H  > S+     0   0  155      2,-0.2     4,-2.4     1,-0.2    -1,-0.2   0.924 105.0  47.7 -65.1 -45.5  -24.2    6.8   13.3               
   31   31 A Q  H  > S+     0   0   82      2,-0.2     4,-2.0     1,-0.2    -1,-0.2   0.880 114.5  47.4 -64.3 -38.3  -23.5    3.0   12.9               
   32   32 A L  H  X S+     0   0    0     -4,-1.9     4,-2.2     2,-0.2    -2,-0.2   0.913 111.0  51.4 -68.4 -41.3  -20.0    3.8   11.6               
   33   33 A K  H  X S+     0   0  103     -4,-2.5     4,-2.1     2,-0.2    -2,-0.2   0.884 109.0  51.3 -62.4 -40.3  -19.5    6.3   14.5               
   34   34 A D  H  X S+     0   0  124     -4,-2.4     4,-0.8     2,-0.2    -2,-0.2   0.971 112.0  45.8 -60.3 -51.5  -20.5    3.7   17.1               
   35   35 A I  H >< S+     0   0   20     -4,-2.0     3,-0.6     1,-0.2     4,-0.3   0.859 115.6  46.4 -59.1 -41.3  -18.0    1.1   15.6               
   36   36 A F  H >X S+     0   0    0     -4,-2.2     3,-1.1     1,-0.2     4,-0.9   0.827 104.4  62.4 -75.7 -26.5  -15.2    3.7   15.5               
   37   37 A S  H 3< S+     0   0   65     -4,-2.1    -1,-0.2     1,-0.2    -2,-0.2   0.658  86.8  74.2 -70.7 -15.5  -16.1    4.9   19.1               
   38   38 A E  T << S+     0   0  134     -4,-0.8    -1,-0.2    -3,-0.6    -2,-0.2   0.785 102.1  41.4 -64.5 -27.6  -15.2    1.3   20.3               
   39   39 A V  T <4 S-     0   0   38     -3,-1.1     2,-0.3     1,-0.3    -2,-0.2   0.723 130.3 -60.8 -94.8 -24.6  -11.4    2.3   19.8               
   40   40 A G  S  < S-     0   0   21     -4,-0.9     2,-0.5    32,-0.0    -1,-0.3  -0.956  78.4 -24.0 162.6-174.2  -11.7    5.9   21.2               
   41   41 A S        -     0   0   67     -2,-0.3    24,-1.7    -3,-0.1     2,-0.7  -0.368  49.2-153.4 -67.1 108.0  -13.2    9.4   21.1               
   42   42 A V  E     -C   64   0A  14     -2,-0.5    22,-0.2    22,-0.2     3,-0.1  -0.728  11.2-174.5 -80.4 110.4  -14.5   10.3   17.5               
   43   43 A V  E    S-     0   0A  78     20,-1.8     2,-0.3    -2,-0.7    21,-0.2   0.881  71.5  -6.3 -70.8 -42.5  -14.4   14.1   17.1               
   44   44 A S  E     -C   63   0A  54     19,-1.6    19,-3.2     2,-0.0     2,-0.3  -0.982  55.6-162.7-154.0 142.9  -16.1   13.9   13.7               
   45   45 A F  E     -C   62   0A  13     -2,-0.3     2,-0.3    17,-0.2    17,-0.2  -0.953   9.8-174.2-118.1 147.2  -17.2   11.4   11.1               
   46   46 A R  E     -C   61   0A 147     15,-2.3    15,-2.2    -2,-0.3     2,-0.3  -0.801   8.6-160.5-142.7 101.2  -18.0   12.3    7.5               
   47   47 A L  E     -C   60   0A   7     -2,-0.3     2,-0.6    13,-0.3    13,-0.3  -0.581  25.8-124.4 -71.4 137.3  -19.5    9.8    5.0               
   48   48 A V  E     -     0   0A  18     11,-2.5     9,-3.2    -2,-0.3    11,-0.5  -0.796  26.6-164.1 -91.2 123.2  -18.9   10.9    1.4               
   49   49 A Y  E     -C   56   0A 114     -2,-0.6     2,-0.4     7,-0.3     6,-0.1  -0.856  25.3-114.9-107.2 139.3  -22.1   11.1   -0.7               
   50   50 A D     >  -     0   0   28      5,-3.1     4,-2.1    -2,-0.4     5,-0.2  -0.602  23.1-146.8 -71.9 119.5  -22.2   11.3   -4.5               
   51   51 A R  T  4 S+     0   0  252     -2,-0.4    -1,-0.1     1,-0.2    -2,-0.0   0.668  92.6  44.8 -71.3 -18.8  -23.7   14.8   -5.4               
   52   52 A E  T  4 S+     0   0  186      3,-0.1    -1,-0.2     1,-0.1    -2,-0.0   0.833 125.6  28.1 -90.8 -40.3  -25.5   13.6   -8.6               
   53   53 A T  T  4 S-     0   0   88      2,-0.2    -2,-0.2     0, 0.0    -1,-0.1   0.563  92.6-133.6 -97.3 -13.5  -27.2   10.4   -7.2               
   54   54 A G     <  +     0   0   57     -4,-2.1    -3,-0.1     1,-0.2     3,-0.0   0.444  63.1 132.3  70.1   1.8  -27.5   11.3   -3.5               
   55   55 A K        -     0   0  139     -5,-0.2    -5,-3.1     1,-0.1    -1,-0.2  -0.587  68.8-102.1 -87.1 145.2  -26.0    7.8   -2.7               
   56   56 A P  E     - C   0  49A  22      0, 0.0    -7,-0.3     0, 0.0    -1,-0.1  -0.430  28.4-138.7 -60.3 135.6  -23.2    7.1   -0.2               
   57   57 A K  E     -     0   0A 106     -9,-3.2    -8,-0.1     2,-0.3     3,-0.1   0.365  41.9-103.1 -84.8   6.7  -20.0    6.5   -2.3               
   58   58 A G  E    S+     0   0A  10    -10,-0.3   -35,-2.0     1,-0.2   -36,-0.6   0.555  94.7  77.5  79.8  11.7  -18.8    3.6   -0.1               
   59   59 A Y  E     +A   21   0A  57    -11,-0.5   -11,-2.5   -38,-0.2    -2,-0.3  -0.965  46.9 159.4-144.3 162.2  -16.1    5.7    1.7               
   60   60 A G  E     -AC  20  47A   0    -40,-2.5   -40,-2.9    -2,-0.3     2,-0.4  -0.928  32.3-106.6-162.7-178.7  -15.8    8.4    4.5               
   61   61 A F  E     -AC  19  46A  30    -15,-2.2   -15,-2.3    -2,-0.3     2,-0.4  -0.988  18.4-159.9-129.4 137.0  -13.4   10.0    6.9               
   62   62 A C  E     -AC  18  45A   1    -44,-2.8   -44,-2.9    -2,-0.4     2,-0.5  -0.978   7.0-158.0-119.4 123.6  -13.2    9.6   10.7               
   63   63 A E  E     -AC  17  44A  30    -19,-3.2   -20,-1.8    -2,-0.4   -19,-1.6  -0.896  10.9-163.6-105.4 124.8  -11.4   12.2   12.9               
   64   64 A Y  E     - C   0  42A   0    -48,-2.8   -22,-0.2    -2,-0.5   -48,-0.1  -0.623  30.2-120.4-102.5 162.8  -10.1   11.2   16.4               
   65   65 A Q  S    S+     0   0  109    -24,-1.7     2,-0.3    -2,-0.2   -23,-0.1   0.879  97.0  31.3 -66.4 -32.4   -9.0   13.3   19.4               
   66   66 A D  S  > S-     0   0   90    -25,-0.2     4,-1.9   -50,-0.1     3,-0.3  -0.922  70.9-129.4-136.4 148.4   -5.5   11.7   19.3               
   67   67 A Q  H  > S+     0   0   59     -2,-0.3     4,-2.5     1,-0.2     5,-0.2   0.877 110.9  55.9 -64.1 -37.5   -3.0   10.3   16.7               
   68   68 A E  H  > S+     0   0  156      2,-0.2     4,-2.1     1,-0.2    -1,-0.2   0.864 106.0  51.5 -65.5 -32.4   -2.5    7.1   18.8               
   69   69 A T  H  > S+     0   0   29     -3,-0.3     4,-2.5     2,-0.2    -2,-0.2   0.931 109.8  49.3 -69.6 -42.2   -6.3    6.5   18.6               
   70   70 A A  H  X S+     0   0    0     -4,-1.9     4,-2.1     2,-0.2    -2,-0.2   0.928 112.6  47.3 -61.7 -44.3   -6.2    6.9   14.8               
   71   71 A L  H  X S+     0   0   87     -4,-2.5     4,-1.6     1,-0.2    -2,-0.2   0.891 112.8  50.1 -61.3 -40.4   -3.3    4.5   14.5               
   72   72 A S  H  X S+     0   0   44     -4,-2.1     4,-2.2     2,-0.2     5,-0.2   0.879 107.4  53.6 -67.8 -37.0   -5.2    2.1   16.9               
   73   73 A A  H  X>S+     0   0    0     -4,-2.5     4,-2.5     2,-0.2     5,-0.6   0.935 107.6  50.6 -64.6 -44.0   -8.4    2.3   14.7               
   74   74 A M  H  X5S+     0   0   35     -4,-2.1     4,-0.8     1,-0.2    -1,-0.2   0.880 114.8  44.8 -59.2 -37.6   -6.3    1.4   11.6               
   75   75 A R  H  <5S+     0   0  213     -4,-1.6    -2,-0.2    -5,-0.1    -1,-0.2   0.858 123.9  31.3 -74.0 -37.2   -4.9   -1.7   13.5               
   76   76 A N  H  <5S+     0   0   99     -4,-2.2    -2,-0.2    -5,-0.1    -3,-0.2   0.613 125.1  38.4-101.7 -18.6   -8.2   -2.9   15.1               
   77   77 A L  H ><5S+     0   0    0     -4,-2.5     3,-2.1    -5,-0.2     2,-0.4   0.598  82.9 106.1-111.2 -17.0  -11.0   -1.9   12.5               
   78   78 A N  T 3<<S+     0   0   90     -4,-0.8    10,-0.2    -5,-0.6     3,-0.1  -0.528  95.9  14.5 -65.4 122.0   -9.2   -2.6    9.2               
   79   79 A G  T 3  S+     0   0   45      8,-3.2    -1,-0.3    -2,-0.4     2,-0.2   0.295  89.7 150.5  88.9  -4.1  -10.8   -5.8    7.9               
   80   80 A R    <   -     0   0   80     -3,-2.1     7,-3.0     7,-0.4     2,-0.4  -0.413  47.6-125.0 -61.5 124.3  -13.8   -5.6   10.3               
   81   81 A E  E     +D   86   0B 157      5,-0.3     2,-0.4    -2,-0.2     5,-0.3  -0.551  34.5 174.2 -70.1 125.5  -16.9   -7.2    8.8               
   82   82 A F  E >  S-D   85   0B  30      3,-2.7     3,-1.7    -2,-0.4   -55,-0.1  -0.990  70.7 -17.1-134.8 125.1  -19.9   -4.8    8.7               
   83   83 A S  T 3  S-     0   0   76     -2,-0.4   -57,-0.1     1,-0.3    -1,-0.1   0.870 131.2 -49.1  44.5  45.0  -23.2   -5.8    7.0               
   84   84 A G  T 3  S+     0   0   71      1,-0.1     2,-0.4   -60,-0.0    -1,-0.3   0.608 122.1 100.0  75.6  13.3  -21.3   -8.6    5.1               
   85   85 A R  E <  S-D   82   0B  78     -3,-1.7    -3,-2.7    -5,-0.1     2,-0.5  -0.995  72.4-125.7-130.1 130.9  -18.4   -6.3    3.9               
   86   86 A A  E     -D   81   0B  46     -2,-0.4    -5,-0.3    -5,-0.3     2,-0.3  -0.611  30.9-130.0 -70.9 116.7  -14.9   -6.0    5.4               
   87   87 A L        -     0   0    1     -7,-3.0    -8,-3.2    -2,-0.5     2,-0.5  -0.507  12.5-139.2 -65.3 129.1  -14.3   -2.3    6.2               
   88   88 A R  E     -B   21   0A 142    -67,-2.5   -67,-3.0    -2,-0.3     2,-0.4  -0.837  19.5-169.2 -86.4 129.7  -11.0   -0.9    4.8               
   89   89 A V  E     +B   20   0A   6     -2,-0.5     2,-0.2   -69,-0.2   -69,-0.2  -0.990  18.6 155.1-129.2 118.9   -9.4    1.4    7.4               
   90   90 A D  E     -B   19   0A  54    -71,-2.5   -71,-2.7    -2,-0.4     2,-0.5  -0.812  48.6 -73.1-144.4 169.9   -6.4    3.5    6.2               
   91   91 A N  E >   -B   18   0A  49    -73,-0.2     3,-1.6    -2,-0.2   -73,-0.2  -0.603  31.7-149.0 -84.1 121.5   -4.4    6.7    6.8               
   92   92 A A  T 3  S+     0   0    8    -75,-1.7     5,-0.2    -2,-0.5   -74,-0.2   0.627  87.3  80.2 -68.9 -10.8   -6.4    9.9    5.7               
   93   93 A A  T 3   +     0   0   46    -76,-0.4    -1,-0.3   -79,-0.3     2,-0.1   0.381  60.9 127.9 -74.6   2.6   -3.1   11.8    4.9               
   94   94 A S  S X  S-     0   0   76     -3,-1.6     3,-1.8     1,-0.1     4,-0.4  -0.458  75.2-111.7 -58.0 133.0   -2.9    9.8    1.5               
   95   95 A E  T >  S+     0   0   97      1,-0.3     3,-2.2     2,-0.2     4,-0.5   0.724 105.8  70.8 -44.6 -41.8   -2.5   12.6   -1.2               
   96   96 A K  T 3> S+     0   0  173      1,-0.3     4,-0.8     2,-0.2     3,-0.4   0.661  94.4  53.5 -59.3 -26.2   -6.0   12.3   -2.9               
   97   97 A N  H <> S+     0   0   43     -3,-1.8     4,-1.4    -5,-0.2    -1,-0.3   0.657  94.6  71.0 -82.0 -14.8   -8.0   13.8    0.1               
   98   98 A K  H <> S+     0   0   93     -3,-2.2     4,-0.8    -4,-0.4    -1,-0.2   0.753  97.3  51.7 -72.5 -21.6   -5.7   16.9    0.1               
   99   99 A E  H  > S+     0   0  120     -4,-0.5     4,-1.4    -3,-0.4    -2,-0.2   0.916 105.8  49.7 -82.7 -48.2   -7.3   18.1   -3.3               
  100  100 A E  H  < S+     0   0  104     -4,-0.8    -2,-0.2     1,-0.2     3,-0.2   0.896 115.1  46.8 -58.3 -37.6  -11.1   17.8   -2.3               
  101  101 A L  H >< S+     0   0  120     -4,-1.4     3,-0.8     1,-0.2    -1,-0.2   0.806 108.0  55.3 -77.6 -26.9  -10.3   19.9    0.9               
  102  102 A K  H >< S+     0   0   75     -4,-0.8     3,-1.4     1,-0.2    -1,-0.2   0.790  92.3  75.8 -66.1 -29.0   -8.2   22.5   -1.2               
  103  103 A S  T 3< S+     0   0   96     -4,-1.4    -1,-0.2     1,-0.3    -2,-0.1   0.299  88.2  58.2 -73.3   8.2  -11.2   23.0   -3.4               
  104  104 A L  T <  S+     0   0  147     -3,-0.8    -1,-0.3     1,-0.3    -2,-0.1   0.273 108.9  27.7-123.8   8.1  -13.1   25.1   -0.7               
  105  105 A G  S <  S-     0   0   46     -3,-1.4    -1,-0.3     3,-0.0     2,-0.1  -0.865  73.3-118.3-168.3 136.9  -10.6   28.1   -0.1               
  106  106 A P  S    S+     0   0  133      0, 0.0    -3,-0.0     0, 0.0    -2,-0.0  -0.368  76.9  40.1 -72.8 158.4   -7.8   30.0   -1.9               
  107  107 A A        +     0   0  108      1,-0.2     0, 0.0    -2,-0.1     0, 0.0   0.994  56.9 132.7  66.7  82.3   -4.1   30.1   -0.8               
  108  108 A A        -     0   0   61     -3,-0.0    -1,-0.2    -6,-0.0    -3,-0.0  -0.956  53.2 -97.9-146.0 145.7   -2.4   27.0    0.5               
  109  109 A P        -     0   0  104      0, 0.0    -1,-0.0     0, 0.0     0, 0.0   0.231  41.4 -65.8 -74.9 174.3    1.1   25.9   -0.8               
  110  110 A I        -     0   0  171      1,-0.1     2,-0.5     0, 0.0     0, 0.0   0.006  38.7-140.0 -39.0 142.7    2.8   23.6   -3.3               
  111  111 A I        -     0   0   75      2,-0.0     2,-0.4     0, 0.0    -1,-0.1  -0.987  16.7-130.8-115.3 114.1    2.5   19.8   -2.9               
  112  112 A D        -     0   0  156     -2,-0.5     5,-0.0     2,-0.0     0, 0.0  -0.553  27.6-149.3 -61.2 114.0    5.8   18.0   -3.8               
  113  113 A S    >   -     0   0   49     -2,-0.4     3,-2.6     1,-0.1    -1,-0.0  -0.832  16.6-131.6 -91.6 135.4    4.6   15.2   -6.1               
  114  114 A P  T 3  S+     0   0   91      0, 0.0    -1,-0.1     0, 0.0     3,-0.1   0.538 112.0  53.5 -65.1  -3.6    6.5   11.9   -6.2               
  115  115 A Y  T 3  S-     0   0  205      1,-0.3     2,-0.1     0, 0.0    -3,-0.0   0.304 115.6-118.7-103.7   4.3    6.4   12.3  -10.0               
  116  116 A G    <   -     0   0   39     -3,-2.6    -1,-0.3     2,-0.1     3,-0.1  -0.216  53.4 -30.1  81.8-179.4    8.0   15.8  -10.0               
  117  117 A D  S    S-     0   0  137      1,-0.1     2,-0.5    -3,-0.1    -5,-0.0  -0.307  81.5 -86.2 -57.7 150.8    6.5   19.1  -11.2               
  118  118 A P        -     0   0  128      0, 0.0     2,-0.4     0, 0.0    -1,-0.1  -0.533  50.1-158.3 -64.8 118.6    4.0   18.9  -14.2               
  119  119 A I        -     0   0   90     -2,-0.5     5,-0.1    -3,-0.1    -3,-0.0  -0.844  19.9-110.5-102.1 135.1    6.2   19.0  -17.3               
  120  120 A D    >>  -     0   0  107     -2,-0.4     4,-1.4     1,-0.1     3,-0.7  -0.261  31.6-111.4 -60.8 147.7    4.8   20.0  -20.8               
  121  121 A P  T 34 S+     0   0  112      0, 0.0    -1,-0.1     0, 0.0    -2,-0.0   0.645 117.5  53.8 -65.1 -13.7    4.5   17.2  -23.3               
  122  122 A E  T 34 S+     0   0  157      2,-0.1     4,-0.3     1,-0.1    -2,-0.0   0.831 110.8  44.0 -84.2 -34.5    7.3   18.8  -25.5               
  123  123 A D  T <> S+     0   0   84     -3,-0.7     4,-2.7     1,-0.2     3,-0.2   0.616  91.2  90.6 -82.8 -16.4    9.9   19.0  -22.5               
  124  124 A A  H  X S+     0   0   32     -4,-1.4     4,-2.7     1,-0.2     5,-0.2   0.871  84.5  48.4 -49.3 -48.3    9.0   15.4  -21.4               
  125  125 A P  H  > S+     0   0   68      0, 0.0     4,-2.1     0, 0.0    -1,-0.2   0.882 114.5  45.9 -66.8 -35.8   11.7   13.6  -23.5               
  126  126 A E  H  > S+     0   0  128     -4,-0.3     4,-2.7    -3,-0.2    -2,-0.2   0.906 113.7  49.9 -69.3 -38.5   14.5   16.0  -22.4               
  127  127 A S  H  X S+     0   0   30     -4,-2.7     4,-2.7     2,-0.2     5,-0.2   0.931 112.1  46.7 -67.2 -42.6   13.3   15.6  -18.7               
  128  128 A I  H  X S+     0   0   32     -4,-2.7     4,-2.7    -5,-0.2     5,-0.2   0.912 112.4  52.2 -61.2 -42.0   13.3   11.8  -19.0               
  129  129 A T  H  X S+     0   0   57     -4,-2.1     4,-2.4    -5,-0.2    -2,-0.2   0.927 112.8  43.8 -61.1 -44.6   16.8   12.1  -20.6               
  130  130 A R  H  X S+     0   0  177     -4,-2.7     4,-0.9     2,-0.2    -2,-0.2   0.893 114.4  49.6 -66.0 -43.0   18.0   14.2  -17.7               
  131  131 A A  H  < S+     0   0   56     -4,-2.7     4,-0.4     2,-0.2     3,-0.2   0.866 114.2  44.6 -68.3 -38.4   16.4   12.0  -15.0               
  132  132 A V  H >< S+     0   0    8     -4,-2.7     3,-1.6     1,-0.2    -2,-0.2   0.952 111.8  53.5 -66.8 -47.1   17.9    8.8  -16.6               
  133  133 A A  H 3< S+     0   0   65     -4,-2.4    -2,-0.2     1,-0.3    -1,-0.2   0.628 103.4  57.6 -67.0 -15.1   21.3   10.5  -17.0               
  134  134 A S  T 3< S+     0   0   92     -4,-0.9    -1,-0.3    -3,-0.2    -2,-0.2   0.561  86.4  97.2 -88.4 -10.6   21.3   11.5  -13.2               
  135  135 A L  S <  S-     0   0   60     -3,-1.6     5,-0.0    -4,-0.4    -3,-0.0  -0.586  83.1-113.6 -74.2 138.5   21.0    7.8  -12.1               
  136  136 A P    >>  -     0   0   52      0, 0.0     4,-1.7     0, 0.0     3,-1.0  -0.385  31.1-109.7 -64.4 151.8   24.2    5.9  -11.1               
  137  137 A P  H 3> S+     0   0   93      0, 0.0     4,-2.4     0, 0.0     5,-0.2   0.796 117.4  62.5 -60.5 -28.1   25.1    3.0  -13.6               
  138  138 A E  H 3> S+     0   0  155      2,-0.2     4,-2.6     1,-0.2     5,-0.1   0.908 105.3  45.7 -60.9 -42.0   24.2    0.4  -10.8               
  139  139 A Q  H <> S+     0   0  113     -3,-1.0     4,-2.5     2,-0.2    -1,-0.2   0.879 111.7  51.8 -72.6 -35.0   20.6    1.7  -10.8               
  140  140 A M  H  X S+     0   0   10     -4,-1.7     4,-2.0     2,-0.2    -2,-0.2   0.910 113.0  46.0 -61.9 -42.4   20.5    1.7  -14.7               
  141  141 A F  H  X S+     0   0  134     -4,-2.4     4,-2.4     2,-0.2    -2,-0.2   0.929 113.2  47.9 -67.1 -44.9   21.7   -1.9  -14.6               
  142  142 A E  H  X S+     0   0   63     -4,-2.6     4,-3.1     2,-0.2     5,-0.2   0.924 110.7  52.1 -65.4 -40.5   19.2   -3.0  -11.9               
  143  143 A L  H  X S+     0   0   47     -4,-2.5     4,-2.5     1,-0.2    -1,-0.2   0.928 112.9  45.1 -56.2 -47.0   16.3   -1.3  -13.8               
  144  144 A M  H  X S+     0   0   36     -4,-2.0     4,-2.3     2,-0.2    -2,-0.2   0.869 113.5  50.3 -66.3 -36.5   17.4   -3.3  -16.9               
  145  145 A K  H  X S+     0   0   91     -4,-2.4     4,-2.3     2,-0.2    -2,-0.2   0.936 111.9  46.8 -66.9 -46.9   17.8   -6.5  -14.9               
  146  146 A Q  H  X S+     0   0  113     -4,-3.1     4,-2.7     2,-0.2    -2,-0.2   0.925 113.3  49.5 -60.6 -44.0   14.3   -6.1  -13.3               
  147  147 A M  H  X S+     0   0   25     -4,-2.5     4,-2.5    -5,-0.2    -2,-0.2   0.920 110.4  50.1 -63.0 -42.5   12.8   -5.3  -16.8               
  148  148 A K  H  X S+     0   0  135     -4,-2.3     4,-2.3     2,-0.2    -2,-0.2   0.910 112.5  47.8 -60.2 -42.4   14.5   -8.5  -18.3               
  149  149 A L  H  X S+     0   0   79     -4,-2.3     4,-2.3     2,-0.2     5,-0.3   0.897 109.9  52.0 -66.5 -41.4   13.1  -10.6  -15.4               
  150  150 A C  H  X S+     0   0   27     -4,-2.7     4,-2.7     2,-0.2     8,-0.4   0.945 112.8  45.6 -59.8 -46.5    9.6   -9.1  -15.9               
  151  151 A V  H  X S+     0   0   55     -4,-2.5     4,-0.5     1,-0.2    -2,-0.2   0.916 113.1  50.7 -61.1 -45.0    9.7  -10.0  -19.6               
  152  152 A Q  H  < S+     0   0  118     -4,-2.3    -2,-0.2     2,-0.2     3,-0.2   0.851 119.5  34.6 -65.8 -38.6   11.1  -13.5  -18.8               
  153  153 A N  H  < S+     0   0  130     -4,-2.3    -2,-0.2     1,-0.2     2,-0.2   0.934 137.7  12.1 -77.2 -48.8    8.3  -14.3  -16.3               
  154  154 A S  H >X  +     0   0   47     -4,-2.7     4,-2.6    -5,-0.3     3,-1.0  -0.574  58.4 175.9-141.6  69.7    5.3  -12.5  -17.8               
  155  155 A H  H 3X S+     0   0  133     -4,-0.5     4,-1.7     1,-0.3    -1,-0.1   0.786  88.6  49.1 -42.1 -39.3    5.8  -11.2  -21.4               
  156  156 A Q  H 3> S+     0   0  149      2,-0.2     4,-1.9     3,-0.2    -1,-0.3   0.826 111.2  48.2 -78.7 -30.7    2.1  -10.0  -21.5               
  157  157 A E  H <> S+     0   0  120     -3,-1.0     4,-3.1     2,-0.2     5,-0.2   0.960 111.5  49.9 -70.4 -48.4    2.4   -8.2  -18.1               
  158  158 A A  H  X S+     0   0    2     -4,-2.6     4,-2.3    -8,-0.4    -2,-0.2   0.893 112.4  49.1 -55.2 -41.9    5.7   -6.5  -19.3               
  159  159 A R  H  X S+     0   0  172     -4,-1.7     4,-1.9    -5,-0.3    -1,-0.2   0.908 112.3  46.7 -63.3 -44.9    3.8   -5.5  -22.5               
  160  160 A N  H  X S+     0   0   73     -4,-1.9     4,-2.0     2,-0.2    -2,-0.2   0.928 111.7  51.6 -64.8 -42.9    0.8   -4.1  -20.5               
  161  161 A M  H  X S+     0   0   61     -4,-3.1     4,-1.7     1,-0.2    -2,-0.2   0.918 112.4  45.5 -58.8 -47.4    3.2   -2.2  -18.1               
  162  162 A L  H  < S+     0   0   56     -4,-2.3     7,-0.3     1,-0.2    -1,-0.2   0.831 113.7  49.5 -65.2 -36.2    5.1   -0.6  -21.1               
  163  163 A L  H  < S+     0   0  103     -4,-1.9    -1,-0.2     1,-0.2    -2,-0.2   0.787 115.4  43.4 -73.8 -29.8    1.8    0.3  -22.9               
  164  164 A Q  H  < S+     0   0  146     -4,-2.0    -2,-0.2     1,-0.2    -1,-0.2   0.736 119.5  43.5 -83.2 -26.5    0.3    1.9  -19.7               
  165  165 A N    >X  +     0   0   57     -4,-1.7     4,-1.7    -5,-0.2     3,-0.8  -0.704  59.7 168.5-123.6  75.0    3.6    3.8  -18.8               
  166  166 A P  H 3> S+     0   0   71      0, 0.0     4,-2.5     0, 0.0     5,-0.2   0.863  80.3  60.6 -57.8 -33.6    5.0    5.4  -22.0               
  167  167 A Q  H 3> S+     0   0   93      1,-0.2     4,-2.3     2,-0.2     5,-0.1   0.867 104.1  49.2 -61.5 -35.1    7.5    7.4  -19.8               
  168  168 A L  H <> S+     0   0   46     -3,-0.8     4,-2.7     2,-0.2    -1,-0.2   0.893 109.1  52.4 -70.1 -38.9    8.9    4.1  -18.5               
  169  169 A A  H  X S+     0   0   36     -4,-1.7     4,-2.0    -7,-0.3    -2,-0.2   0.921 112.9  44.3 -63.2 -42.4    9.3    2.8  -22.1               
  170  170 A Y  H  X S+     0   0  117     -4,-2.5     4,-2.6     2,-0.2    -2,-0.2   0.911 113.1  51.4 -65.9 -42.0   11.2    6.0  -23.0               
  171  171 A A  H  X S+     0   0   18     -4,-2.3     4,-2.6     2,-0.2    -2,-0.2   0.921 111.7  46.6 -62.9 -43.2   13.3    5.8  -19.8               
  172  172 A L  H  X S+     0   0    8     -4,-2.7     4,-1.9     2,-0.2    -1,-0.2   0.899 112.5  50.6 -64.1 -41.7   14.3    2.1  -20.6               
  173  173 A L  H  X S+     0   0   26     -4,-2.0     4,-1.5    -5,-0.2    -2,-0.2   0.925 112.6  46.7 -61.5 -44.2   15.1    3.0  -24.2               
  174  174 A Q  H  X S+     0   0   50     -4,-2.6     4,-2.9     2,-0.2    -2,-0.2   0.915 109.4  53.3 -66.3 -42.2   17.3    5.9  -23.0               
  175  175 A A  H  X S+     0   0    1     -4,-2.6     4,-2.5     1,-0.2     6,-0.3   0.882 107.3  52.9 -60.7 -37.0   19.1    3.7  -20.4               
  176  176 A Q  H  <>S+     0   0   48     -4,-1.9     5,-1.9     2,-0.2     6,-1.6   0.867 112.7  44.0 -65.7 -36.8   19.9    1.2  -23.2               
  177  177 A V  H ><5S+     0   0   29     -4,-1.5     3,-1.4     4,-0.2    -2,-0.2   0.918 114.1  49.3 -73.4 -43.8   21.5    4.0  -25.4               
  178  178 A V  H 3<5S+     0   0   62     -4,-2.9    -2,-0.2     1,-0.3    -3,-0.2   0.938 112.1  47.8 -63.0 -45.1   23.4    5.5  -22.4               
  179  179 A M  T 3<5S-     0   0   49     -4,-2.5    -1,-0.3    -5,-0.2    -2,-0.2   0.337 113.4-121.3 -75.5   7.3   24.8    2.1  -21.3               
  180  180 A R  T < 5S+     0   0  223     -3,-1.4    -3,-0.2     2,-0.2     3,-0.1   0.683  77.8 126.9  55.9  24.4   25.8    1.5  -25.1               
  181  181 A I  S   <S+     0   0  102     -5,-1.9     2,-0.3    -6,-0.3    -4,-0.2   0.745  77.6  25.9 -76.7 -26.4   23.6   -1.7  -25.2               
  182  182 A M  S    S-     0   0   26     -6,-1.6    -1,-0.2    -9,-0.1    -2,-0.2  -0.995  86.4-116.2-140.1 135.9   21.8   -0.3  -28.3               
  183  183 A D    >>  -     0   0  105     -2,-0.3     4,-1.9     1,-0.1     3,-1.5  -0.394  24.2-125.4 -64.2 141.8   23.0    2.2  -31.0               
  184  184 A P  H 3> S+     0   0   80      0, 0.0     4,-2.4     0, 0.0     5,-0.2   0.849 111.9  61.8 -60.5 -30.9   21.0    5.5  -31.1               
  185  185 A E  H 3> S+     0   0  126      2,-0.2     4,-1.1     1,-0.2    -2,-0.0   0.797 105.4  45.9 -59.9 -33.6   20.4    4.8  -34.9               
  186  186 A I  H <> S+     0   0   78     -3,-1.5     4,-1.5     2,-0.2    -1,-0.2   0.920 109.8  53.6 -78.8 -43.2   18.5    1.6  -33.8               
  187  187 A A  H >X S+     0   0    7     -4,-1.9     4,-2.3     1,-0.2     3,-0.5   0.925 109.2  49.0 -54.9 -46.6   16.5    3.4  -31.1               
  188  188 A L  H 3X S+     0   0   96     -4,-2.4     4,-1.7     1,-0.2    -1,-0.2   0.874 108.3  53.8 -61.8 -37.9   15.3    6.0  -33.7               
  189  189 A K  H 3< S+     0   0  130     -4,-1.1    -1,-0.2    -5,-0.2    -2,-0.2   0.766 110.7  47.7 -69.9 -25.3   14.3    3.2  -36.2               
  190  190 A I  H X< S+     0   0   95     -4,-1.5     3,-1.7    -3,-0.5    -2,-0.2   0.943 110.1  50.7 -75.1 -51.7   12.1    1.7  -33.4               
  191  191 A L  H 3< S+     0   0   75     -4,-2.3    -2,-0.2     1,-0.3    -3,-0.1   0.826 103.1  59.3 -59.5 -36.8   10.4    5.0  -32.4               
  192  192 A H  T 3< S+     0   0  155     -4,-1.7     2,-1.1    -5,-0.2    -1,-0.3   0.496  75.1 106.6 -78.3   0.3    9.4    5.9  -36.0               
  193  193 A R  S <  S-     0   0  195     -3,-1.7     2,-2.0     1,-0.1    -1,-0.1  -0.681  71.3-141.6 -78.4 102.0    7.3    2.7  -36.4               
  194  194 A K        -     0   0  180     -2,-1.1     2,-0.5     1,-0.1    -1,-0.1  -0.388  19.1-165.1 -68.7  74.9    3.7    4.2  -36.2               
  195  195 A I        -     0   0  132     -2,-2.0     2,-1.0     1,-0.1    -1,-0.1  -0.534  12.5-141.7 -65.0 112.5    2.0    1.3  -34.2               
  196  196 A H        -     0   0  162     -2,-0.5     2,-0.7     2,-0.0    -1,-0.1  -0.710  18.5-169.9 -79.8 102.2   -1.7    1.8  -34.5               
  197  197 A V        -     0   0  104     -2,-1.0    -2,-0.0     2,-0.0    -1,-0.0  -0.870   7.4-156.0 -90.6 114.6   -3.2    1.0  -31.0               
  198  198 A T        -     0   0  121     -2,-0.7     2,-0.5     1,-0.0    -2,-0.0  -0.833  25.8-116.2 -84.3 125.3   -7.0    0.8  -31.2               
  199  199 A P        -     0   0  108      0, 0.0     2,-1.4     0, 0.0    -1,-0.0  -0.489  21.3-143.5 -64.0 114.9   -8.6    1.4  -27.7               
  200  200 A L        -     0   0  172     -2,-0.5    -2,-0.0     2,-0.0    -3,-0.0  -0.666  22.5-176.4 -79.9  88.5  -10.3   -1.8  -26.6               
  201  201 A I        -     0   0  148     -2,-1.4     2,-0.3     1,-0.0     0, 0.0  -0.809  28.0-125.5 -83.1 118.9  -13.4   -0.4  -24.8               
  202  202 A P        -     0   0  126      0, 0.0     2,-0.3     0, 0.0    -2,-0.0  -0.533  37.0-121.4 -68.5 125.0  -15.5   -3.3  -23.3               
  203  203 A G        +     0   0   73     -2,-0.3     2,-0.2     0, 0.0    -3,-0.0  -0.572  38.1 159.9 -88.7 133.4  -19.0   -2.8  -24.6               
  204  204 A K        +     0   0  204     -2,-0.3     0, 0.0     1,-0.2     0, 0.0  -0.696  38.2  24.5-169.6 139.6  -22.5   -2.3  -22.9               
  205  205 A S        -     0   0  111     -2,-0.2     2,-0.3     1,-0.1    -1,-0.2   0.713  32.9-164.8-140.9 162.8  -25.3   -1.2  -23.7               
  206  206 A Q        +     0   0  189      2,-0.0     2,-0.3     0, 0.0    -1,-0.1  -0.614  14.1 179.5 -72.6 145.3  -27.7   -0.5  -26.6               
  207  207 A S        -     0   0  123     -2,-0.3     2,-0.3     2,-0.0     0, 0.0  -0.967  15.8-146.5-139.5 140.5  -30.7    1.8  -26.2               
  208  208 A V        -     0   0  135     -2,-0.3     2,-0.3     2,-0.0    -2,-0.0  -0.718  15.8-179.6 -98.5 150.8  -33.1    2.5  -29.2               
  209  209 A S        -     0   0  129     -2,-0.3     2,-0.2     2,-0.0    -2,-0.0  -0.967  17.6-149.9-148.8 150.0  -35.1    5.6  -30.1               
  210  210 A V        +     0   0  134     -2,-0.3    -2,-0.0     0, 0.0     0, 0.0  -0.792  28.3  92.4-130.8 160.9  -37.4    5.9  -33.2               
  211  211 A S        +     0   0  120     -2,-0.2    -2,-0.0     0, 0.0     0, 0.0   0.400  40.9  27.5  80.4 140.8  -38.9    8.3  -35.8               
  212  212 A G        -     0   0   71      1,-0.0     2,-0.2     0, 0.0     0, 0.0   0.768  21.8-160.4-164.0 162.0  -38.8    9.5  -38.7               
  213  213 A P        +     0   0  139      0, 0.0    -1,-0.0     0, 0.0     0, 0.0  -0.539  23.0 142.0 -95.3 150.0  -37.9    9.9  -42.4               
  214  214 A G        -     0   0   75     -2,-0.2     2,-0.2     2,-0.0     0, 0.0  -0.578  25.7-163.6-175.2 109.4  -37.7   12.8  -45.0               
  215  215 A P        +     0   0  137      0, 0.0     0, 0.0     0, 0.0     0, 0.0  -0.680  21.3 148.6-103.5 155.9  -35.0   13.0  -47.8               
  216  216 A G        -     0   0   76     -2,-0.2     2,-0.3     2,-0.0    -2,-0.0  -0.451  17.9-167.5-179.6 105.9  -33.5   15.8  -50.2               
  217  217 A P        +     0   0  134      0, 0.0     0, 0.0     0, 0.0     0, 0.0  -0.737  14.7 158.4 -96.9 148.8  -30.0   16.1  -51.6               
  218  218 A G        -     0   0   73     -2,-0.3     2,-0.4     2,-0.0    -2,-0.0  -0.665  21.1-157.8-167.6 109.4  -28.4   19.1  -53.4               
  219  219 A P        -     0   0  138      0, 0.0     2,-0.4     0, 0.0     0, 0.0  -0.775  13.8-169.7 -88.0 130.9  -24.7   20.1  -53.9               
  220  220 A G        -     0   0   77     -2,-0.4     2,-0.4     2,-0.0    -2,-0.0  -0.981   7.0-151.7-124.2 127.1  -23.9   23.8  -54.6               
  221  221 A L        +     0   0  178     -2,-0.4     0, 0.0     2,-0.0     0, 0.0  -0.780  17.5 170.1 -93.9 140.1  -20.5   25.3  -55.7               
  222  222 A C        +     0   0  125     -2,-0.4     2,-0.3     2,-0.0    -2,-0.0  -0.788   7.2 174.5-147.9 104.5  -19.2   28.8  -55.0               
  223  223 A P        +     0   0  132      0, 0.0    -2,-0.0     0, 0.0     0, 0.0  -0.827   4.4 168.5-102.2 150.4  -15.5   29.7  -55.8               
  224  224 A G        -     0   0   73     -2,-0.3     2,-0.1     2,-0.0    -2,-0.0  -0.949  17.7-173.9-160.5 145.5  -13.8   33.2  -55.6               
  225  225 A P        +     0   0  127      0, 0.0     0, 0.0     0, 0.0     0, 0.0  -0.390  13.1 114.3-130.5-168.0  -10.0   34.0  -55.8               
  226  226 A N        +     0   0  148     -2,-0.1    -2,-0.0     0, 0.0     0, 0.0   0.448  21.3  75.7  81.2 143.6   -6.7   36.0  -55.6               
  227  227 A V        -     0   0  114      0, 0.0     0, 0.0     0, 0.0     0, 0.0   0.678  44.8 -82.0-152.7 137.2   -3.7   37.2  -54.7               
  228  228 A L        +     0   0  146      0, 0.0     0, 0.0     0, 0.0     0, 0.0   0.747  33.1  82.7  49.5 160.0    0.1   36.2  -54.9               
  229  229 A L        -     0   0  136      0, 0.0     0, 0.0     0, 0.0     0, 0.0   0.842  34.2 -15.5-157.5 159.8    3.2   35.0  -54.5               
  230  230 A N        -     0   0  136      0, 0.0     0, 0.0     0, 0.0     0, 0.0   0.813  32.4-102.2  66.3 121.3    6.3   32.5  -54.8               
  231  231 A Q        +     0   0  146      2,-0.0     0, 0.0     0, 0.0     0, 0.0   0.500  32.0 101.3  67.1 126.8    7.8   29.4  -55.4               
  232  232 A Q        +     0   0  160      1,-0.0     0, 0.0     0, 0.0     0, 0.0   0.680  19.8 139.6-151.7 158.5    9.2   26.6  -55.2               
  233  233 A N        -     0   0  127      0, 0.0    -2,-0.0     0, 0.0    -1,-0.0  -0.959  25.8-150.3-132.4 149.6    8.7   22.8  -55.5               
  234  234 A P        -     0   0  111      0, 0.0     2,-0.1     0, 0.0     0, 0.0  -0.967  37.6-122.4-112.2 143.7   10.3   19.5  -56.9               
  235  235 A P        -     0   0  114      0, 0.0     0, 0.0     0, 0.0     0, 0.0  -0.364   3.7-121.4 -92.7 162.0    7.8   16.8  -57.9               
  236  236 A A        -     0   0   94     -2,-0.1     2,-0.3     1,-0.0     0, 0.0  -0.758  30.7-126.0 -87.5 138.8    7.0   13.1  -57.1               
  237  237 A P        -     0   0  127      0, 0.0    -1,-0.0     0, 0.0     0, 0.0  -0.627  17.9-129.5 -81.2 144.6    7.1   10.5  -60.0               
  238  238 A Q        -     0   0  183     -2,-0.3     2,-0.0     1,-0.1     0, 0.0  -0.514  37.6 -87.7 -85.4 158.5    4.1    8.2  -60.8               
  239  239 A P        -     0   0  129      0, 0.0     2,-0.3     0, 0.0    -1,-0.1  -0.305  35.9-152.3 -74.3 152.7    4.5    4.4  -61.1               
  240  240 A Q        -     0   0  199      1,-0.1     2,-0.0     2,-0.1     0, 0.0  -0.817  15.1-114.7-124.6 163.1    5.4    2.4  -64.3               
  241  241 A H        +     0   0  179     -2,-0.3    -1,-0.1     2,-0.0     0, 0.0  -0.021  40.6 110.5 -88.7-175.0    4.7   -1.2  -65.4               
  242  242 A L        +     0   0  152     -2,-0.0    -2,-0.1     0, 0.0     0, 0.0   0.475  26.3  64.4  72.4 145.0    6.6   -4.5  -66.2               
  243  243 A A        -     0   0   77      0, 0.0    -2,-0.0     0, 0.0     0, 0.0   0.420  33.0-147.5-151.9 133.9    7.4   -7.5  -65.7               
  244  244 A R        +     0   0  229      1,-0.0     0, 0.0     2,-0.0     0, 0.0   0.599  19.4 161.1  39.1 111.6    6.3  -11.1  -65.3               
  245  245 A R        +     0   0  251      2,-0.0     2,-0.3     0, 0.0    -1,-0.0  -0.741  27.6 170.8-147.1 117.9    7.0  -14.4  -63.5               
  246  246 A P        +     0   0  114      0, 0.0     2,-0.3     0, 0.0    -2,-0.0  -0.964  15.4 177.8-125.7 144.1    4.1  -17.0  -63.6               
  247  247 A V        -     0   0  140     -2,-0.3    -2,-0.0     2,-0.0     0, 0.0  -0.880  29.8 -94.0-150.6 111.5    3.4  -20.7  -62.6               
  248  248 A K        +     0   0  170     -2,-0.3    -1,-0.0     2,-0.0     0, 0.0   0.445  40.6  92.2  65.2 123.3    0.4  -22.7  -62.8               
  249  249 A D        +     0   0   99      1,-0.0    -2,-0.0     0, 0.0     0, 0.0   0.919  13.0 143.0-152.3 158.5   -2.5  -24.1  -61.7               
  250  250 A I        +     0   0  145      2,-0.0    -2,-0.0     0, 0.0    -1,-0.0   0.362   7.3 143.4  65.4 131.5   -5.9  -24.5  -61.1               
  251  251 A P        +     0   0  114      0, 0.0     2,-0.3     0, 0.0     0, 0.0   0.448   5.6 175.0-134.2 174.5   -8.8  -26.0  -60.7               
  252  252 A P        +     0   0  117      0, 0.0     2,-0.2     0, 0.0    -2,-0.0  -0.936  23.4 162.1-111.6 145.5  -12.0  -26.0  -58.6               
  253  253 A L        +     0   0  161     -2,-0.3     0, 0.0     1,-0.1     0, 0.0  -0.832  11.0  49.9-173.2 159.7  -15.3  -28.1  -59.0               
  254  254 A M        -     0   0  173     -2,-0.2     2,-0.3     1,-0.0    -1,-0.1   0.776  23.4-161.5-151.5 170.3  -18.2  -29.5  -58.1               
  255  255 A Q        +     0   0  180      2,-0.0    -1,-0.0     0, 0.0     0, 0.0  -0.772  15.0 161.7 -97.4 146.3  -21.7  -29.1  -56.5               
  256  256 A T        -     0   0  139     -2,-0.3     2,-0.4     2,-0.0     0, 0.0  -0.819  13.3-167.7-154.1 128.6  -24.3  -31.7  -55.0               
  257  257 A P        -     0   0  120      0, 0.0     2,-0.3     0, 0.0    -2,-0.0  -0.938   1.7-171.2-114.1 135.8  -27.3  -31.0  -52.6               
  258  258 A I        -     0   0  164     -2,-0.4     2,-0.1     2,-0.0    -2,-0.0  -0.927   6.6-170.3-148.3 118.2  -29.4  -33.5  -50.6               
  259  259 A Q        +     0   0  191     -2,-0.3     2,-0.0     0, 0.0     0, 0.0  -0.143  12.5 154.9  89.4 109.7  -32.3  -32.8  -48.9               
  260  260 A G        +     0   0   81     -2,-0.1    -2,-0.0     0, 0.0     2,-0.0   0.162  20.8 103.8 119.6 126.6  -34.7  -34.5  -46.4               
  261  261 A G        -     0   0   65     -2,-0.0     0, 0.0     0, 0.0     0, 0.0   0.430  26.3-151.0 169.0 150.1  -36.7  -33.8  -44.2               
  262  262 A I        +     0   0  171     -2,-0.0     0, 0.0     2,-0.0     0, 0.0   0.814  27.5  21.9  52.9 155.9  -39.8  -33.1  -41.9               
  263  263 A P        +     0   0  120      0, 0.0     0, 0.0     0, 0.0     0, 0.0   0.822  11.3 167.4-129.5 178.3  -41.6  -31.8  -39.7               
  264  264 A A        -     0   0   92      0, 0.0     2,-0.3     0, 0.0    -2,-0.0  -0.693  22.8-142.0 -99.6 166.3  -42.7  -29.2  -37.1               
  265  265 A P        -     0   0  131      0, 0.0     0, 0.0     0, 0.0     0, 0.0  -0.962  25.4-142.2-117.7 153.8  -45.9  -28.6  -35.1               
  266  266 A G        -     0   0   71     -2,-0.3     2,-0.2     1,-0.1     0, 0.0  -0.135  24.1 -66.1-100.7-168.6  -47.2  -25.0  -34.5               
  267  267 A P        -     0   0  130      0, 0.0    -1,-0.1     0, 0.0     0, 0.0  -0.471  32.7-175.9 -87.9 155.3  -48.8  -22.9  -31.7               
  268  268 A I        -     0   0  167     -2,-0.2     2,-0.2     2,-0.0     0, 0.0  -0.985  12.8-156.6-143.3 145.1  -52.3  -22.9  -30.0               
  269  269 A P        +     0   0  121      0, 0.0     0, 0.0     0, 0.0     0, 0.0  -0.506  21.1 106.0-109.5-176.7  -53.7  -20.4  -27.3               
  270  270 A A        +     0   0  101     -2,-0.2    -2,-0.0     0, 0.0     0, 0.0   0.558  19.3 165.5  74.3 151.0  -56.3  -20.0  -24.4               
  271  271 A A        -     0   0   78      0, 0.0     0, 0.0     0, 0.0     0, 0.0   0.819  14.5-137.8-170.4-175.5  -57.5  -19.8  -21.4               
  272  272 A V        +     0   0  139      0, 0.0     0, 0.0     0, 0.0     0, 0.0   0.550  24.4  56.4  70.6 160.7  -59.4  -19.2  -18.0               
  273  273 A P        +     0   0  124      0, 0.0     0, 0.0     0, 0.0     0, 0.0   0.474  22.2  23.9-141.5 171.9  -59.8  -18.3  -14.9               
  274  274 A G        +     0   0   77      2,-0.0     0, 0.0     0, 0.0     0, 0.0   0.128  24.5   0.8 107.8 153.7  -60.1  -16.6  -11.4               
  275  275 A A        +     0   0  112      2,-0.0     0, 0.0     0, 0.0     0, 0.0   0.695  44.4   4.9-161.4 158.3  -60.4  -14.7   -9.0               
  276  276 A G        +     0   0   77      1,-0.0     2,-0.3     0, 0.0    -2,-0.0   0.569  36.2 174.3 123.1 103.8  -60.9  -11.7   -6.6               
  277  277 A P        +     0   0  133      0, 0.0    -1,-0.0     0, 0.0    -2,-0.0  -0.911   6.9 152.8-126.6 158.8  -61.8   -7.9   -7.2               
  278  278 A G        -     0   0   70     -2,-0.3     0, 0.0     0, 0.0     0, 0.0   0.057   9.7 -18.8 102.7 166.5  -62.7   -4.5   -5.6               
  279  279 A S        -     0   0  110     -2,-0.0     0, 0.0     0, 0.0     0, 0.0   0.416  11.1-100.3-175.1 144.3  -63.2   -1.5   -4.6               
  280  280 A L        +     0   0  165      1,-0.0     0, 0.0     2,-0.0     0, 0.0   0.323  18.9 124.0  67.1 160.1  -63.6    2.3   -3.7               
  281  281 A T        +     0   0  129      1,-0.0     2,-0.3     0, 0.0    -1,-0.0   0.719  12.4 141.5-142.5 162.8  -63.4    5.2   -2.2               
  282  282 A P        +     0   0  127      0, 0.0    -1,-0.0     0, 0.0    -2,-0.0  -1.000  30.2  80.0-132.8 151.7  -62.4    8.9   -2.5               
  283  283 A G        +     0   0   83     -2,-0.3     0, 0.0     1,-0.1     0, 0.0   0.337  30.3  77.2 133.5 128.8  -63.6   12.3   -1.3               
  284  284 A G        +     0   0   82      0, 0.0    -1,-0.1     0, 0.0     0, 0.0   0.408  19.3  67.1  88.2 153.2  -64.0   15.3    1.1               
  285  285 A A        -     0   0   91      2,-0.0    -2,-0.0     0, 0.0     0, 0.0   0.718  24.7 -96.2-165.1 171.7  -63.7   17.8    2.9               
  286  286 A M        +     0   0  190      0, 0.0     0, 0.0     0, 0.0     0, 0.0   0.655  21.4 178.4  79.0 143.5  -63.2   21.3    4.6               
  287  287 A Q        +     0   0  187      1,-0.0    -2,-0.0     2,-0.0     0, 0.0  -0.436   1.9 156.4-128.0-154.7  -60.9   23.9    6.2               
  288  288 A P        -     0   0  104      0, 0.0    -1,-0.0     0, 0.0     0, 0.0   0.767  10.6 -47.5-137.5-173.2  -59.9   26.7    7.7               
  289  289 A Q        +     0   0  160      2,-0.0     2,-0.0     0, 0.0    -2,-0.0   0.981  23.6  89.4  84.5 117.0  -58.3   29.6    9.6               
  290  290 A L        +     0   0  161      1,-0.1     0, 0.0     0, 0.0     0, 0.0   0.204  38.1  37.7 155.2 145.4  -56.7   31.8   12.1               
  291  291 A G        -     0   0   75      2,-0.0    -1,-0.1     1,-0.0    -2,-0.0   0.594  32.5-169.7 109.7 122.1  -53.8   33.4   14.0               
  292  292 A M        -     0   0  180      1,-0.1    -1,-0.0     0, 0.0     0, 0.0  -0.818  17.9 -21.5-146.9-170.8  -50.2   34.8   13.7               
  293  293 A P        -     0   0  124      0, 0.0     2,-0.2     0, 0.0    -1,-0.1   0.833  11.8-177.3-125.8-174.5  -47.2   36.0   15.1               
  294  294 A G        -     0   0   71      2,-0.0     0, 0.0     0, 0.0     0, 0.0  -0.691  28.1 -96.4-171.1 122.1  -44.5   37.5   17.4               
  295  295 A V        +     0   0  160     -2,-0.2     0, 0.0     2,-0.0     0, 0.0   0.301  34.5  66.7  -4.8 145.1  -40.7   38.5   17.7               
  296  296 A G        +     0   0   66      0, 0.0     2,-0.1     0, 0.0    -2,-0.0   0.683  13.8 166.0 180.0-164.6  -37.6   38.0   18.6               
  297  297 A P        +     0   0  117      0, 0.0    -2,-0.0     0, 0.0     0, 0.0  -0.519  15.6  93.6-132.5-178.4  -33.9   36.9   19.1               
  298  298 A V        +     0   0  135     -2,-0.1     0, 0.0     0, 0.0     0, 0.0   0.190  21.4 147.1  74.2 172.2  -30.2   36.7   20.3               
  299  299 A P        +     0   0  109      0, 0.0     0, 0.0     0, 0.0     0, 0.0   0.262  15.7 156.4-141.5-175.4  -27.6   35.7   22.4               
  300  300 A L        +     0   0  164      1,-0.1     2,-0.3     0, 0.0     0, 0.0   0.932   7.4 161.5  61.8 118.4  -24.4   34.6   24.2               
  301  301 A E        -     0   0  178      2,-0.0     2,-0.4     0, 0.0    -1,-0.1  -0.950  29.7-119.8-158.0 177.5  -22.3   34.4   27.4               
  302  302 A R        -     0   0  233     -2,-0.3     2,-0.4     2,-0.0     0, 0.0  -0.906  16.5-167.0-129.6 133.2  -19.3   32.3   28.6               
  303  303 A G        -     0   0   78     -2,-0.4     2,-0.2     0, 0.0    -2,-0.0  -0.931   9.4-159.2-135.5 112.5  -18.6   29.8   31.5               
  304  304 A Q        +     0   0  182     -2,-0.4    -2,-0.0     1,-0.1     0, 0.0  -0.502  19.3  95.3 -77.6 165.3  -15.4   28.3   32.9               
  305  305 A V        -     0   0  117     -2,-0.2    -1,-0.1     0, 0.0     0, 0.0   0.812  30.7 -16.3-161.0 174.2  -14.2   25.7   34.7               
  306  306 A Q        -     0   0  184      0, 0.0     2,-0.2     0, 0.0     0, 0.0   0.547  19.7-139.2 110.6 136.7  -12.7   22.6   36.2               
  307  307 A M        +     0   0  177      0, 0.0     2,-0.2     0, 0.0     0, 0.0  -0.688  14.6 167.9-100.1 154.8  -11.6   18.9   36.0               
  308  308 A S        -     0   0  127     -2,-0.2     0, 0.0     0, 0.0     0, 0.0  -0.778  23.3-149.5-160.3 140.7  -11.8   15.7   38.0               
  309  309 A D        -     0   0  153     -2,-0.2     0, 0.0     1,-0.1     0, 0.0  -0.105  19.9 -31.1-117.2-161.5  -10.9   12.2   36.8               
  310  310 A P        +     0   0   95      0, 0.0    -1,-0.1     0, 0.0     2,-0.1   0.013  25.8 134.5-120.7 167.1  -11.7    8.6   37.2               
  311  311 A R        -     0   0  243      2,-0.0     0, 0.0     0, 0.0     0, 0.0  -0.299  32.5-127.0-178.1 126.1  -12.6    5.1   38.2               
  312  312 A A        +     0   0   96     -2,-0.1     2,-0.0     2,-0.0     0, 0.0   0.726  34.7 134.9  21.4 162.0  -14.7    2.1   37.2               
  313  313 A P        -     0   0  121      0, 0.0    -2,-0.0     0, 0.0     0, 0.0   0.522  17.7-155.8-129.9 177.9  -16.6   -0.4   36.8               
  314  314 A I        -     0   0  166     -2,-0.0     2,-0.3     2,-0.0    -2,-0.0  -0.633   7.9-157.3 -81.0 140.7  -19.1   -1.9   34.3               
  315  315 A P        -     0   0  123      0, 0.0     2,-0.3     0, 0.0     0, 0.0  -0.893  19.9-154.8-106.1 151.7  -22.0   -4.3   34.9               
  316  316 A R        -     0   0  257     -2,-0.3    -2,-0.0     0, 0.0     0, 0.0  -0.973  17.5 -55.0-132.0 140.4  -23.2   -6.5   31.9               
  317  317 A G        -     0   0   68     -2,-0.3     2,-0.0     1,-0.2     0, 0.0  -0.443   8.1-130.6 112.5-179.2  -26.4   -8.3   30.8               
  318  318 A P        -     0   0  129      0, 0.0     2,-0.2     0, 0.0    -1,-0.2   0.487  23.3-168.3-110.3 165.5  -28.9  -10.1   30.6               
  319  319 A V        -     0   0  141     -2,-0.0     0, 0.0     2,-0.0     0, 0.0  -0.677  19.7-133.8 -91.1 154.3  -29.6  -12.3   27.5               
  320  320 A T        -     0   0  143     -2,-0.2     2,-0.3     0, 0.0     0, 0.0  -0.946  22.9-160.9-113.0 125.2  -33.0  -14.0   26.9               
  321  321 A P        +     0   0  121      0, 0.0    -2,-0.0     0, 0.0     0, 0.0  -0.818  35.9  50.2-106.6 150.0  -33.2  -17.8   25.9               
  322  322 A G        +     0   0   87     -2,-0.3     2,-0.2     1,-0.2     0, 0.0   0.780  28.9 143.0 105.4 109.7  -35.7  -20.1   24.3               
  323  323 A G        -     0   0   79      2,-0.0    -1,-0.2     0, 0.0     0, 0.0  -0.814  37.5-132.2-165.0 121.0  -38.1  -20.4   21.2               
  324  324 A L        -     0   0  170     -2,-0.2     0, 0.0     1,-0.1     0, 0.0  -0.489  18.1-122.2 -81.1 146.9  -38.7  -23.7   19.3               
  325  325 A P        -     0   0  118      0, 0.0     2,-0.3     0, 0.0    -1,-0.1  -0.674  14.7-137.7 -86.4 136.3  -38.6  -24.1   15.4               
  326  326 A P        -     0   0  130      0, 0.0     2,-0.4     0, 0.0     0, 0.0  -0.705  22.5-142.0 -83.3 143.6  -41.6  -25.3   13.3               
  327  327 A R        +     0   0  255     -2,-0.3     2,-0.1     0, 0.0     0, 0.0  -0.893  40.3  82.8-107.4 135.5  -40.7  -27.8   10.5               
  328  328 A G        +     0   0   66     -2,-0.4     0, 0.0     1,-0.1     0, 0.0  -0.485  30.7  78.2 147.2 157.5  -42.1  -28.1    6.9               
  329  329 A L        -     0   0  166     -2,-0.1    -1,-0.1     0, 0.0     2,-0.1   0.953  37.9-147.3  64.6  95.5  -42.4  -27.2    3.2               
  330  330 A L        +     0   0  170      2,-0.0     2,-0.0     0, 0.0     0, 0.0  -0.011  15.5 177.3  63.5 101.8  -40.5  -28.1    0.6               
  331  331 A G        +     0   0   82     -2,-0.1     2,-0.4     0, 0.0     0, 0.0  -0.451  17.0 178.5-170.7  75.7  -39.9  -25.8   -2.5               
  332  332 A D        +     0   0  154     -2,-0.0    -2,-0.0     2,-0.0     0, 0.0  -0.812  21.9 106.6 -96.7 127.1  -37.4  -27.4   -4.9               
  333  333 A A        -     0   0   90     -2,-0.4     2,-0.2     2,-0.0     0, 0.0  -0.434  36.0-155.1 176.8 142.0  -36.1  -26.1   -8.3               
  334  334 A P        -     0   0  117      0, 0.0     2,-0.1     0, 0.0    -2,-0.0  -0.517   7.5-145.1-101.9 172.6  -32.9  -24.5   -9.8               
  335  335 A N        +     0   0  152     -2,-0.2    -2,-0.0     2,-0.0     0, 0.0  -0.591  42.8 127.0-144.8  92.0  -31.9  -22.2  -12.7               
  336  336 A D        +     0   0  141     -2,-0.1     3,-0.1     3,-0.0     0, 0.0  -0.990  25.0 175.4-117.1 126.9  -28.6  -22.7  -14.6               
  337  337 A P        +     0   0  105      0, 0.0     3,-0.0     0, 0.0    -2,-0.0  -0.376  49.0  85.6-127.3  60.4  -29.2  -22.9  -18.4               
  338  338 A R        +     0   0  244      0, 0.0     2,-0.5     0, 0.0     0, 0.0   0.215  54.2 104.7-143.2  36.3  -25.9  -23.1  -20.2               
  339  339 A G        +     0   0   81     -3,-0.1     2,-0.2     2,-0.0    -3,-0.0  -0.932  50.9 158.2-103.3 128.2  -24.7  -26.7  -20.3               
  340  340 A G        +     0   0   70     -2,-0.5     0, 0.0     1,-0.1     0, 0.0  -0.676  10.1  32.5 165.2 144.1  -25.0  -28.7  -23.7               
  341  341 A T        -     0   0  125     -2,-0.2    -1,-0.1     0, 0.0    -2,-0.0   0.458  50.2-105.8-158.1 124.4  -24.5  -30.8  -25.9               
  342  342 A L        +     0   0  147      0, 0.0    -2,-0.1     0, 0.0     0, 0.0   0.564  43.0 124.8  62.5 162.5  -23.5  -34.5  -26.2               
  343  343 A L        +     0   0  163      1,-0.0     2,-0.3     0, 0.0     0, 0.0   0.674  27.1 178.5-118.7 160.5  -22.3  -37.5  -26.6               
  344  344 A S        +     0   0  108      2,-0.0     2,-0.3     0, 0.0    -1,-0.0  -0.731   7.8 173.4 -94.4 152.4  -22.1  -40.4  -24.0               
  345  345 A V        -     0   0  144     -2,-0.3     2,-0.3     2,-0.0     0, 0.0  -0.889  18.8-155.2-147.9 145.3  -20.9  -43.9  -24.1               
  346  346 A T        +     0   0  140     -2,-0.3     2,-0.1     2,-0.0    -2,-0.0  -0.808  21.4 150.1-116.4 153.1  -20.8  -46.1  -20.9               
  347  347 A G        -     0   0   68     -2,-0.3     2,-0.1     0, 0.0    -2,-0.0  -0.081  21.3-152.5 152.7  90.5  -18.8  -49.2  -19.7               
  348  348 A E        +     0   0  187     -2,-0.1    -2,-0.0     2,-0.0     2,-0.0  -0.061  26.7 134.5  51.1  95.1  -17.7  -50.4  -16.7               
  349  349 A V        -     0   0  143     -2,-0.1     0, 0.0     0, 0.0     0, 0.0   0.042  23.2-161.0 174.6 127.2  -14.9  -52.5  -15.5               
  350  350 A E        +     0   0  172      1,-0.1    -2,-0.0    -2,-0.0     0, 0.0  -0.575  20.0  41.6 -97.7 179.4  -12.2  -52.5  -12.7               
  351  351 A P        +     0   0   80      0, 0.0    -1,-0.1     0, 0.0     0, 0.0   0.873  28.4  43.2-137.2-165.3   -9.3  -53.7  -11.6               
  352  352 A R        +     0   0  240      0, 0.0     0, 0.0     0, 0.0     0, 0.0   0.505  13.0 164.3  78.9 147.1   -5.7  -55.0  -10.8               
  353  353 A G        -     0   0   69      0, 0.0     0, 0.0     0, 0.0     0, 0.0   0.756  12.9-150.6 164.7-177.2   -2.5  -55.2  -10.9               
  354  354 A Y        -     0   0  217      0, 0.0     0, 0.0     0, 0.0     0, 0.0   0.930  27.2 -96.4  80.9 108.6    1.1  -56.2   -9.9               
  355  355 A L        -     0   0  159      0, 0.0     0, 0.0     0, 0.0     0, 0.0   0.790  19.7-147.2  33.5 147.0    4.8  -55.1   -9.7               
  356  356 A G        +     0   0   68      2,-0.0     0, 0.0     0, 0.0     0, 0.0   0.334  21.8 146.8 -83.2-137.9    8.2  -55.3  -11.6               
  357  357 A P        +     0   0  130      0, 0.0     2,-0.1     0, 0.0     0, 0.0   0.099  12.5 110.8-119.1-120.4   11.4  -55.4  -11.0               
  358  358 A P        -     0   0  127      0, 0.0     2,-0.3     0, 0.0    -2,-0.0   0.264  24.1-130.2-122.2-135.2   14.8  -55.9  -11.0               
  359  359 A H        +     0   0  170     -2,-0.1     2,-0.2     2,-0.0     0, 0.0  -0.979  22.0 155.1-137.2 142.2   18.5  -54.4  -11.4               
  360  360 A Q        +     0   0  191     -2,-0.3     0, 0.0     0, 0.0     0, 0.0  -0.901   9.7 130.3-167.1 154.3   21.9  -55.2  -13.2               
  361  361 A G        +     0   0   59     -2,-0.2    -2,-0.0     0, 0.0     0, 0.0  -0.711   8.1  80.9-145.7-159.9   25.3  -53.8  -14.6               
  362  362 A P        -     0   0  124      0, 0.0     2,-0.1     0, 0.0     0, 0.0   0.405  17.0-161.4-117.9-143.9   28.4  -53.4  -15.3               
  363  363 A P        -     0   0  124      0, 0.0     2,-0.2     0, 0.0     0, 0.0  -0.321  16.2-158.6-145.3 172.0   31.6  -53.6  -16.6               
  364  364 A M        +     0   0  156     -2,-0.1     2,-0.2     2,-0.0     0, 0.0  -0.570   8.6 178.3 -81.1 159.8   35.1  -52.4  -15.5               
  365  365 A H        -     0   0  193     -2,-0.2     2,-0.2     0, 0.0     0, 0.0  -0.892  18.9-138.8-157.5 156.7   38.3  -51.8  -17.4               
  366  366 A H        +     0   0  169     -2,-0.2    -2,-0.0     1,-0.0     0, 0.0  -0.633  24.8 123.6-101.6 156.6   41.8  -50.5  -16.2               
  367  367 A A        -     0   0   87     -2,-0.2    -1,-0.0     0, 0.0     0, 0.0   0.472  24.3  -7.1 154.0 136.0   44.8  -48.7  -16.3               
  368  368 A S        +     0   0  132      0, 0.0     0, 0.0     0, 0.0     0, 0.0   0.868  24.6 134.0  57.7 143.6   47.6  -46.2  -15.2               
  369  369 A G        -     0   0   68      0, 0.0     0, 0.0     0, 0.0     0, 0.0   0.689  13.9-161.4 165.5 160.3   49.3  -44.0  -13.6               
  370  370 A H        -     0   0  175      0, 0.0     2,-0.1     0, 0.0     0, 0.0   0.550  13.7-149.6  66.9 137.7   51.7  -41.7  -11.7               
  371  371 A D        +     0   0  133      0, 0.0     0, 0.0     0, 0.0     0, 0.0   0.468  11.3 168.4  75.3 137.6   52.6  -39.1   -9.6               
  372  372 A T        -     0   0  106     -2,-0.1     0, 0.0     2,-0.0     0, 0.0   0.707  21.9-102.0-151.6 165.4   54.2  -36.7   -8.2               
  373  373 A R        -     0   0  235      1,-0.1     0, 0.0     0, 0.0     0, 0.0   0.825  10.6-145.0  42.6 131.4   54.7  -33.7   -5.8               
  374  374 A G        -     0   0   69      0, 0.0     2,-0.3     0, 0.0    -1,-0.1  -0.574  21.7-153.2 -93.2 176.2   54.8  -29.9   -5.6               
  375  375 A P        -     0   0  134      0, 0.0     2,-0.2     0, 0.0     0, 0.0  -0.970   2.5-144.3-139.4 173.2   57.2  -28.0   -3.3               
  376  376 A S        +     0   0  111     -2,-0.3     0, 0.0     0, 0.0     0, 0.0  -0.491  31.7  70.9-101.6 177.8   57.2  -24.6   -1.5               
  377  377 A S        +     0   0  113     -2,-0.2     0, 0.0     0, 0.0     0, 0.0   0.439  23.6  93.5 102.9 154.5   59.5  -21.8   -0.4               
  378  378 A H        -     0   0  152      0, 0.0     2,-0.0     0, 0.0     0, 0.0   0.899  27.0-164.0  65.6 112.3   61.9  -18.7   -0.6               
  379  379 A E        -     0   0  151      0, 0.0     2,-0.0     0, 0.0     0, 0.0   0.733   4.6-171.9  97.0 149.2   61.8  -15.3   -0.5               
  380  380 A M        +     0   0  150     -2,-0.0     0, 0.0     0, 0.0     0, 0.0   0.320  23.0  15.3  97.9 142.6   63.6  -12.0   -1.2               
  381  381 A R        -     0   0  225      2,-0.1     0, 0.0    -2,-0.0     0, 0.0   0.199  33.7 -83.6-170.6 129.7   63.6   -8.8   -0.8               
  382  382 A G        +     0   0   77      0, 0.0     0, 0.0     0, 0.0     0, 0.0   0.723  10.7 174.8  95.2 128.3   63.2   -5.1    0.1               
  383  383 A G        -     0   0   74      0, 0.0    -2,-0.1     0, 0.0     2,-0.0  -0.050  14.8-164.5 -88.6-145.1   61.5   -1.7    0.0               
  384  384 A P        -     0   0  116      0, 0.0     0, 0.0     0, 0.0     0, 0.0   0.331  13.5 -85.9-145.8-173.1   61.6    1.1    1.3               
  385  385 A L        +     0   0  176     -2,-0.0     0, 0.0     1,-0.0     0, 0.0   0.790  27.0 152.0  43.4 129.6   60.4    4.6    2.3               
  386  386 A G        +     0   0   80      0, 0.0    -1,-0.0     0, 0.0     0, 0.0   0.218  15.3 134.4 166.4  82.2   60.3    8.2    1.0               
  387  387 A D        +     0   0  146      2,-0.0     2,-0.1     0, 0.0    -2,-0.0  -0.967  11.6 151.6-107.8 133.0   57.8   11.2    1.6               
  388  388 A P        -     0   0  112      0, 0.0     0, 0.0     0, 0.0     0, 0.0  -0.454  24.2-141.6-145.7 139.5   58.4   14.6    2.3               
  389  389 A R        +     0   0  207     -2,-0.1     2,-0.1     0, 0.0    -2,-0.0   0.358  19.7 162.8  18.8 138.3   56.5   17.8    1.7               
  390  390 A L        +     0   0  142      1,-0.1     0, 0.0     0, 0.0     0, 0.0  -0.183  15.3   8.1 167.3 161.0   57.0   21.2    0.9               
  391  391 A L        -     0   0  135     -2,-0.1    -1,-0.1     0, 0.0     0, 0.0   0.921  37.2-104.3  63.6 113.2   56.2   24.9   -0.3               
  392  392 A I        +     0   0  166      2,-0.0     0, 0.0     0, 0.0     0, 0.0   0.755  19.6 168.1  89.8 127.2   54.0   27.4   -1.3               
  393  393 A G        +     0   0   78      0, 0.0     0, 0.0     0, 0.0     0, 0.0   0.460  28.2 146.6 164.4  41.3   52.4   29.5   -4.2               
  394  394 A E        +     0   0  182      1,-0.0    -2,-0.0     0, 0.0     2,-0.0  -0.556  11.3  86.2 -83.6 173.5   49.3   31.8   -3.8               
  395  395 A P        -     0   0   81      0, 0.0    -1,-0.0     0, 0.0     0, 0.0   0.552  38.8 -27.2-141.4-163.6   47.8   34.5   -4.7               
  396  396 A R        -     0   0  229     -2,-0.0     0, 0.0     1,-0.0     0, 0.0   0.929   9.5-173.5  72.2 130.2   45.7   37.2   -6.6               
  397  397 A G        -     0   0   68      0, 0.0     2,-0.3     0, 0.0    -1,-0.0  -0.441  28.0-130.6-106.6-164.3   44.0   38.4   -9.9               
  398  398 A P        -     0   0  135      0, 0.0     2,-0.1     0, 0.0     0, 0.0  -0.972  13.3-117.1-138.7 172.0   42.2   41.7  -10.3               
  399  399 A M        -     0   0  173     -2,-0.3     2,-0.2     2,-0.0     0, 0.0  -0.383  15.7-174.4 -67.4 160.4   38.8   42.9  -11.8               
  400  400 A I        -     0   0  183     -2,-0.1     2,-0.1     0, 0.0     0, 0.0  -0.711  27.0-161.3-152.1 143.0   37.8   45.0  -14.5               
  401  401 A D        +     0   0  121     -2,-0.2    -2,-0.0     1,-0.0     0, 0.0  -0.242  18.5  54.6 -99.2 168.2   34.1   45.7  -14.8               
  402  402 A Q        +     0   0  122     -2,-0.1    -1,-0.0     2,-0.0     0, 0.0   0.974  43.2   7.2  82.1 125.1   31.0   46.9  -16.8               
  403  403 A R        +     0   0  223      1,-0.0     0, 0.0     0, 0.0     0, 0.0   0.836  31.4 119.5  83.6 134.7   28.4   47.0  -19.6               
  404  404 A G        -     0   0   80      0, 0.0    -1,-0.0     0, 0.0    -2,-0.0   0.538  28.8-166.5 148.0  71.0   26.8   45.8  -22.9               
  405  405 A L        +     0   0  168      1,-0.1     0, 0.0     0, 0.0     0, 0.0  -0.525  20.5  93.3 -76.3 171.7   23.2   44.5  -23.5               
  406  406 A P        -     0   0  104      0, 0.0    -1,-0.1     0, 0.0     0, 0.0   0.833  34.9 -89.3-141.2-167.7   21.7   42.9  -25.9               
  407  407 A M        +     0   0  166      2,-0.0     0, 0.0     0, 0.0     0, 0.0   0.651  41.5  21.7  81.5 147.4   19.9   40.8  -28.7               
  408  408 A D        +     0   0  160      1,-0.0     2,-0.0     0, 0.0     0, 0.0   0.926  31.1 137.9  44.2 125.3   19.5   38.7  -31.9               
  409  409 A G        -     0   0   74      0, 0.0     2,-0.3     0, 0.0    -1,-0.0  -0.281  26.4-157.5 175.3  95.6   21.6   36.6  -34.3               
  410  410 A R        +     0   0  263     -2,-0.0     2,-0.0     2,-0.0     0, 0.0  -0.608  35.5 103.0 -73.3 139.9   20.5   33.2  -35.9               
  411  411 A G        +     0   0   79     -2,-0.3     2,-0.0     2,-0.0     0, 0.0   0.116  24.3 145.6 102.9 150.3   23.1   30.7  -37.2               
  412  412 A G        +     0   0   69     -2,-0.0    -2,-0.0     0, 0.0     0, 0.0   0.534  15.4 178.1 151.7 154.8   24.9   28.3  -37.6               
  413  413 A R        -     0   0  249      2,-0.0    -2,-0.0    -2,-0.0     0, 0.0   0.399  46.0 -80.3  82.5 141.5   27.1   25.4  -38.9               
  414  414 A D        -     0   0  154      0, 0.0     2,-0.3     0, 0.0     0, 0.0   0.010  25.9-170.1 -45.5 150.3   29.5   22.9  -37.5               
  415  415 A S        -     0   0  133      2,-0.0     2,-0.3     0, 0.0    -2,-0.0  -0.948  17.8-153.3-146.5 151.3   33.1   22.9  -36.5               
  416  416 A R        +     0   0  244     -2,-0.3     0, 0.0     0, 0.0     0, 0.0  -0.856  29.8  46.2-129.8 154.4   35.0   19.7  -35.6               
  417  417 A A        +     0   0   84     -2,-0.3     2,-0.0     1,-0.1    -2,-0.0   0.356  21.4 132.1  69.7 144.9   38.1   18.5  -33.5               
  418  418 A M        -     0   0  170      0, 0.0     2,-0.1     0, 0.0    -1,-0.1   0.540  27.2-173.6-127.1 152.0   39.9   18.4  -30.8               
  419  419 A E        +     0   0  162     -2,-0.0     2,-0.0     0, 0.0     0, 0.0   0.021  13.3 115.0  56.8 113.6   41.2   15.7  -29.1               
  420  420 A T        +     0   0  112     -2,-0.1     0, 0.0     0, 0.0     0, 0.0   0.573  29.1  29.9-168.4 177.0   42.9   14.5  -26.4               
  421  421 A R        -     0   0  236     -2,-0.0     2,-0.1     0, 0.0     0, 0.0   0.794  24.2-162.0  73.8 116.7   43.5   12.4  -23.2               
  422  422 A A        -     0   0  101      2,-0.0     2,-0.2     0, 0.0     0, 0.0  -0.106   5.1-164.9  78.1 104.7   42.6    9.7  -21.5               
  423  423 A M        +     0   0  189     -2,-0.1     2,-0.3     2,-0.0     0, 0.0  -0.682  16.2 180.0-152.9  99.5   43.0    8.6  -17.9               
  424  424 A E        +     0   0  192     -2,-0.2     2,-0.3     2,-0.0    -2,-0.0  -0.761   4.1 173.1 -85.6 145.4   42.4    4.8  -17.3               
  425  425 A T        -     0   0  139     -2,-0.3     2,-0.1     2,-0.0    -2,-0.0  -0.915  27.0-120.5-149.9 136.5   42.7    3.3  -13.8               
  426  426 A E        +     0   0  158     -2,-0.3     2,-0.3     2,-0.0    -2,-0.0  -0.392  28.1 176.5 -75.4 147.1   41.8   -0.3  -13.1               
  427  427 A V        -     0   0  147     -2,-0.1     2,-0.3     2,-0.0    -2,-0.0  -0.891  29.5-151.6-130.0 120.6   39.4   -2.3  -11.0               
  428  428 A L        +     0   0  124     -2,-0.3     2,-0.1     1,-0.0    -2,-0.0  -0.662  25.0 165.8 -69.3 137.2   39.8   -6.0  -11.7               
  429  429 A E        -     0   0  188     -2,-0.3    -1,-0.0     0, 0.0    -2,-0.0  -0.495  38.0-113.2-149.5 103.9   37.3   -8.7  -11.4               
  430  430 A T        -     0   0  118      1,-0.2     2,-0.2    -2,-0.1    -2,-0.0   0.460  22.7-108.9  26.8 109.2   38.0  -12.0  -13.0               
  431  431 A R        +     0   0  246      3,-0.0     2,-0.3     2,-0.0    -1,-0.2  -0.407  40.3 158.4 -55.4 126.6   36.3  -13.8  -16.0               
  432  432 A V        +     0   0  122     -2,-0.2     0, 0.0     1,-0.1     0, 0.0  -0.957  49.3   7.4-142.5 141.5   34.1  -16.9  -15.5               
  433  433 A M        +     0   0  182     -2,-0.3     2,-0.2     1,-0.1    -1,-0.1   0.890  69.3 102.6  58.1  76.9   31.4  -18.3  -17.9               
  434  434 A E        +     0   0  199     -3,-0.0    -1,-0.1     1,-0.0    -3,-0.0  -0.608  43.0 110.7-148.4 113.9   30.5  -17.3  -21.3               
  435  435 A R        +     0   0  249     -2,-0.2     2,-0.3     1,-0.1     3,-0.1   0.039  47.4  91.9-161.2  40.5   31.9  -19.7  -23.9               
  436  436 A R  S    S-     0   0  239      1,-0.2    -1,-0.1    -3,-0.0     0, 0.0  -0.799  73.1  -0.2-146.3 107.0   29.1  -21.7  -25.7               
  437  437 A G        +     0   0   70     -2,-0.3     2,-0.2     0, 0.0    -1,-0.2   0.927  29.8 164.9  57.3 115.3   27.3  -20.8  -29.0               
  438  438 A M        +     0   0  184     -3,-0.1    -3,-0.0     0, 0.0     0, 0.0   0.267  30.2 135.2  57.4 141.3   27.2  -18.5  -31.2               
  439  439 A E        -     0   0  175     -2,-0.2     0, 0.0     2,-0.0     0, 0.0   0.810  36.8-137.2  77.0  92.1   25.2  -19.6  -34.4               
  440  440 A T        -     0   0  135      1,-0.1     2,-0.2     0, 0.0     0, 0.0   0.804  20.4 -40.4  94.9 143.6   22.9  -17.7  -36.1               
  441  441 A C        +     0   0  133      0, 0.0     2,-0.2     0, 0.0    -1,-0.1  -0.473  35.9 157.1 -75.4 147.0   19.6  -17.3  -38.0               
  442  442 A A        -     0   0   91     -2,-0.2     0, 0.0     0, 0.0     0, 0.0  -0.581  34.4 -54.3-166.3 137.9   17.4  -19.1  -40.4               
  443  443 A M        -     0   0  182     -2,-0.2     2,-0.2     1,-0.1     0, 0.0   0.856  23.0-129.1  53.7 107.9   13.8  -19.4  -41.7               
  444  444 A E        -     0   0  180      2,-0.0    -1,-0.1     1,-0.0     2,-0.1  -0.500  30.6-179.8 -49.6 131.7   10.2  -20.0  -40.8               
  445  445 A T        -     0   0  129     -2,-0.2    -1,-0.0     0, 0.0     0, 0.0  -0.552  20.8-119.1-152.9 104.0    8.5  -22.7  -43.0               
  446  446 A R        -     0   0  228     -2,-0.1    -2,-0.0     0, 0.0     0, 0.0   0.040  23.6-108.6  -3.5 106.5    4.9  -23.9  -42.7               
  447  447 A G        +     0   0   70      1,-0.0     0, 0.0     0, 0.0     0, 0.0   0.650  24.1 170.8  85.1-176.6    3.1  -26.9  -42.0               
  448  448 A M        -     0   0  202      1,-0.0     2,-0.3     0, 0.0    -1,-0.0   0.699  22.3-131.0  82.1 131.7    0.9  -29.9  -43.1               
  449  449 A E        -     0   0  196      2,-0.0     2,-0.2     0, 0.0    -1,-0.0  -0.721  14.1-168.3 -91.2 146.4   -0.4  -33.2  -41.8               
  450  450 A A        -     0   0   96     -2,-0.3     2,-0.1     2,-0.0     0, 0.0  -0.771  13.2-150.0-152.3 112.0   -0.5  -36.8  -43.2               
  451  451 A R        +     0   0  246     -2,-0.2    -2,-0.0     0, 0.0     0, 0.0  -0.003  17.9  69.3  67.3  98.3   -2.2  -39.5  -42.1               
  452  452 A G        +     0   0   62     -2,-0.1    -2,-0.0     0, 0.0     0, 0.0   0.390  23.5  39.5 128.7 149.5   -2.2  -43.1  -41.8               
  453  453 A M        -     0   0  182      1,-0.1     2,-0.1     0, 0.0     0, 0.0   0.998  19.6-150.8  77.3  99.8   -2.1  -46.9  -41.3               
  454  454 A D        -     0   0  168      0, 0.0     2,-0.2     0, 0.0    -1,-0.1  -0.346  17.0-161.8 -51.6 150.0   -1.6  -49.6  -38.7               
  455  455 A A        -     0   0   93     -2,-0.1     0, 0.0     0, 0.0     0, 0.0  -0.747  18.3-104.3-151.7 116.1   -0.2  -53.0  -39.5               
  456  456 A R        -     0   0  253     -2,-0.2     0, 0.0     0, 0.0     0, 0.0   0.238  20.2-134.8   2.2 141.4   -0.3  -56.3  -37.6               
  457  457 A G        -     0   0   64      0, 0.0     0, 0.0     0, 0.0     0, 0.0   0.858   5.5-152.9 148.4-169.9    1.1  -58.5  -35.8               
  458  458 A L        -     0   0  163      0, 0.0     2,-0.0     0, 0.0     0, 0.0   0.428  17.9-158.9  70.1 157.5    2.1  -62.1  -34.5               
  459  459 A E        +     0   0  155      0, 0.0     0, 0.0     0, 0.0     0, 0.0   0.545  14.8 171.8-172.8 175.3    2.9  -63.9  -31.9               
  460  460 A M        -     0   0  149     -2,-0.0     0, 0.0     0, 0.0     0, 0.0   0.558  22.3 -20.7  71.5 150.2    4.4  -66.8  -29.5               
  461  461 A R        +     0   0  221      1,-0.2     0, 0.0     0, 0.0     0, 0.0   0.526  14.5 158.6-171.1 142.4    5.1  -68.1  -26.6               
  462  462 A G        -     0   0   61      2,-0.0    -1,-0.2     0, 0.0     2,-0.1  -0.036   4.8-175.5 -76.2-170.1    6.1  -69.2  -23.0               
  463  463 A P        +     0   0  130      0, 0.0     0, 0.0     0, 0.0     0, 0.0  -0.032   8.6 157.9-148.9-171.4    6.3  -71.2  -20.6               
  464  464 A V        -     0   0  133     -2,-0.1     2,-0.1     0, 0.0    -2,-0.0  -0.763  19.1-150.0-111.0 166.9    7.2  -71.8  -16.8               
  465  465 A P        -     0   0  114      0, 0.0     0, 0.0     0, 0.0     0, 0.0  -0.426  13.2-119.0-154.5 136.1    6.5  -74.2  -14.2               
  466  466 A S        +     0   0  107     -2,-0.1     0, 0.0     0, 0.0     0, 0.0   0.935  19.5 163.6  65.1 141.2    6.1  -74.5  -10.5               
  467  467 A S        -     0   0  117      2,-0.0     2,-0.0     0, 0.0     0, 0.0   0.368  16.6 -84.8 102.0 149.2    6.8  -75.8   -6.9               
  468  468 A R        +     0   0  249      2,-0.0     0, 0.0     0, 0.0     0, 0.0   0.244  32.3  84.9-173.6 130.1    6.7  -75.7   -3.6               
  469  469 A G        -     0   0   72     -2,-0.0     2,-0.3     2,-0.0    -2,-0.0  -0.317  17.2-170.3 154.6 130.2    7.0  -75.3    0.3               
  470  470 A P        -     0   0  125      0, 0.0     2,-0.2     0, 0.0    -2,-0.0  -0.872   2.1-176.8-116.5 161.0    6.1  -73.0    3.4               
  471  471 A M        -     0   0  189     -2,-0.3    -2,-0.0     2,-0.1     0, 0.0  -0.704  25.9 -96.5-160.8 130.5    6.9  -72.6    7.1               
  472  472 A T        +     0   0  144     -2,-0.2     0, 0.0     0, 0.0     0, 0.0   0.586  41.4 123.7  20.6 135.9    5.8  -70.4   10.1               
  473  473 A G        +     0   0   75      0, 0.0    -2,-0.1     0, 0.0     0, 0.0   0.390  22.1 148.1 115.1 114.0    6.7  -67.2   12.1               
  474  474 A G        -     0   0   78      0, 0.0     0, 0.0     0, 0.0     0, 0.0   0.826  31.6-156.7 102.0 133.9    5.9  -64.2   13.3               
  475  475 A I        -     0   0  157      0, 0.0     0, 0.0     0, 0.0     0, 0.0   0.704  35.6 -89.0-149.1 132.9    5.2  -61.2   14.7               
  476  476 A Q        +     0   0  196      2,-0.0     0, 0.0     0, 0.0     0, 0.0   0.694  27.3  69.3  38.7 138.7    2.6  -58.5   14.8               
  477  477 A G        +     0   0   66      1,-0.1     2,-0.2     0, 0.0     0, 0.0   0.800   6.7 104.4 180.0 173.5    0.9  -55.8   14.2               
  478  478 A P        +     0   0  137      0, 0.0    -1,-0.1     0, 0.0    -2,-0.0  -0.770  33.7  64.5-126.7 171.7   -1.2  -52.7   13.1               
  479  479 A G        -     0   0   74     -2,-0.2     2,-0.2     2,-0.0     0, 0.0   0.298  42.4-107.5 107.9 150.8   -4.3  -50.5   13.3               
  480  480 A P        -     0   0  125      0, 0.0     2,-0.3     0, 0.0     0, 0.0  -0.693  23.6-172.1-103.5 164.7   -6.7  -48.0   15.2               
  481  481 A I        -     0   0  177     -2,-0.2     2,-0.2     2,-0.0    -2,-0.0  -0.959   6.2-151.5-151.4 161.8  -10.3  -48.3   16.7               
  482  482 A N        +     0   0  140     -2,-0.3     0, 0.0     0, 0.0     0, 0.0  -0.589  35.2  70.5-117.5-178.4  -13.0  -46.0   18.2               
  483  483 A I        +     0   0  165     -2,-0.2    -2,-0.0     0, 0.0     0, 0.0   0.686  26.9 119.3  92.1 132.8  -16.0  -46.0   20.8               
  484  484 A G        -     0   0   67      0, 0.0     0, 0.0     0, 0.0     0, 0.0   0.834  29.2-146.7 140.4  64.1  -17.1  -46.2   24.4               
  485  485 A A        +     0   0  111      0, 0.0     0, 0.0     0, 0.0     0, 0.0   0.844  19.2 141.9  43.8 142.2  -19.1  -44.2   27.0               
  486  486 A G        -     0   0   87      0, 0.0     0, 0.0     0, 0.0     0, 0.0   0.285  18.1 -20.5 100.3 144.0  -19.5  -43.2   30.8               
  487  487 A G        +     0   0   73      1,-0.1     0, 0.0     0, 0.0     0, 0.0   0.705  14.7 148.4-176.8 152.5  -20.0  -41.3   33.3               
  488  488 A P        -     0   0  126      0, 0.0    -1,-0.1     0, 0.0     2,-0.1  -0.338  12.0-170.0 -97.7 178.7  -20.5  -38.5   36.1               
  489  489 A P        +     0   0  106      0, 0.0     0, 0.0     0, 0.0     0, 0.0  -0.409  14.9  53.6-163.5-175.2  -22.1  -37.2   39.0               
  490  490 A Q        +     0   0  194     -2,-0.1     0, 0.0     0, 0.0     0, 0.0   0.515  27.9  34.1  76.3 153.2  -22.9  -34.4   41.7               
  491  491 A G        +     0   0   71      1,-0.0     2,-0.2     0, 0.0     0, 0.0   0.794  17.9 151.4-167.6 173.6  -23.8  -31.8   43.3               
  492  492 A P        -     0   0  128      0, 0.0     2,-0.2     0, 0.0    -1,-0.0  -0.648  11.7-153.1-132.9 169.3  -25.9  -28.6   44.3               
  493  493 A R        -     0   0  216     -2,-0.2     2,-0.0     2,-0.0     0, 0.0  -0.753  31.6 -11.3 178.9 163.1  -27.6  -25.7   46.4               
  494  494 A Q        -     0   0  132     -2,-0.2     0, 0.0     2,-0.0     0, 0.0  -0.167  22.0-134.2-168.5 112.5  -30.1  -23.4   46.7               
  495  495 A V        -     0   0  130     -2,-0.0     2,-0.1     0, 0.0    -2,-0.0   0.581  17.0-129.8  62.4 179.1  -33.1  -21.1   46.1               
  496  496 A P        -     0   0  129      0, 0.0     2,-0.0     0, 0.0    -2,-0.0  -0.149   6.1-121.1-143.1-164.4  -34.9  -17.7   46.4               
  497  497 A G        -     0   0   64     -2,-0.1     0, 0.0     0, 0.0     0, 0.0  -0.078  18.5 -47.1 156.0 131.7  -37.6  -15.1   47.2               
  498  498 A I        +     0   0  169     -2,-0.0     0, 0.0     0, 0.0     0, 0.0   0.866  20.4   6.4  42.6 156.8  -40.2  -12.2   46.7               
  499  499 A S        +     0   0  115      0, 0.0     0, 0.0     0, 0.0     0, 0.0   0.644  12.3  40.0-172.1 155.9  -41.9   -9.4   45.9               
  500  500 A G        -     0   0   75      0, 0.0     2,-0.0     0, 0.0     0, 0.0   0.160  12.5-115.5  95.7 163.1  -43.8   -6.2   44.9               
  501  501 A V        +     0   0  157      0, 0.0     0, 0.0     0, 0.0     0, 0.0   0.266  16.3 153.5 172.2 139.8  -45.2   -3.5   43.4               
  502  502 A G        -     0   0   69     -2,-0.0     0, 0.0     0, 0.0     0, 0.0   0.496  29.5-132.8 122.8  84.0  -46.2    0.2   42.4               
  503  503 A N        -     0   0  170      1,-0.1     2,-0.1     0, 0.0     0, 0.0   0.857  17.2 -98.7  81.6 142.7  -47.3    1.7   39.5               
  504  504 A P        -     0   0  120      0, 0.0     2,-0.2     0, 0.0    -1,-0.1  -0.294  12.4-155.7-120.7-174.6  -46.8    4.8   37.1               
  505  505 A G        -     0   0   71      1,-0.2     0, 0.0    -2,-0.1     0, 0.0  -0.684  29.6  -8.3-176.3 136.2  -47.6    8.3   35.8               
  506  506 A A        +     0   0  111     -2,-0.2    -1,-0.2     0, 0.0     0, 0.0   0.781  29.1 167.0  56.5 140.5  -47.5   10.7   32.7               
  507  507 A G        -     0   0   73      2,-0.0    -2,-0.0     0, 0.0     2,-0.0   0.791  21.2-134.2 109.0 135.2  -46.8   12.1   29.8               
  508  508 A M        -     0   0  192      0, 0.0     2,-0.2     0, 0.0     0, 0.0   0.632  14.0-149.9-141.2 177.5  -46.4   13.7   27.0               
  509  509 A Q        -     0   0  199     -2,-0.0     2,-0.1     2,-0.0    -2,-0.0  -0.547  13.3-177.2 -90.2 157.7  -46.1   13.4   23.2               
  510  510 A G        -     0   0   77     -2,-0.2     2,-0.0     0, 0.0    -1,-0.0  -0.485  13.7-150.1-165.7  87.4  -44.3   15.7   20.7               
  511  511 A T        -     0   0  144      1,-0.2     2,-0.1    -2,-0.1    -2,-0.0  -0.314   8.2-112.0 -53.5 154.1  -44.0   15.4   16.9               
  512  512 A G        -     0   0   69     -2,-0.0     2,-0.3     1,-0.0    -1,-0.2   0.249  14.1-139.5 107.6 107.8  -42.2   16.0   14.4               
  513  513 A I        -     0   0  176     -2,-0.1     2,-0.3     2,-0.0    -1,-0.0  -1.000   3.1-154.0-144.7 140.1  -42.0   18.2   11.2               
  514  514 A Q        -     0   0  202     -2,-0.3     2,-0.6     0, 0.0     0, 0.0  -0.882  18.9-134.2-107.8 145.5  -40.9   17.9    7.5               
  515  515 A G        -     0   0   81     -2,-0.3     2,-0.2     0, 0.0    -2,-0.0  -0.902  15.4-143.0-102.7 118.2  -39.7   20.8    5.3               
  516  516 A T        -     0   0  144     -2,-0.6     0, 0.0     1,-0.1     0, 0.0  -0.510  23.2-118.2 -72.9 145.4  -41.1   21.2    1.8               
  517  517 A G        -     0   0   77     -2,-0.2     2,-0.4     1,-0.0    -1,-0.1  -0.119  15.8-125.6 -76.8 175.7  -38.8   22.4   -1.0               
  518  518 A M        -     0   0  190      2,-0.0     2,-0.5     0, 0.0    -1,-0.0  -0.976   9.6-141.2-123.1 138.1  -38.8   25.5   -3.3               
  519  519 A Q        -     0   0  205     -2,-0.4     2,-0.4     0, 0.0     0, 0.0  -0.875  19.6-159.2 -95.0 127.1  -38.7   25.6   -7.1               
  520  520 A G        -     0   0   76     -2,-0.5    -2,-0.0     1,-0.0     0, 0.0  -0.920  22.5-107.5-111.3 134.3  -36.5   28.5   -8.5               
  521  521 A A        -     0   0  107     -2,-0.4     2,-0.2     1,-0.1    -1,-0.0  -0.230  29.8-125.7 -62.2 144.1  -36.9   29.9  -12.0               
  522  522 A G        -     0   0   76      2,-0.0     2,-0.4     0, 0.0    -1,-0.1  -0.514  15.0-153.7 -82.3 156.5  -34.3   29.2  -14.8               
  523  523 A I        -     0   0  172     -2,-0.2     2,-0.3     2,-0.0     0, 0.0  -0.999   6.7-163.7-128.4 133.7  -32.5   31.9  -16.9               
  524  524 A Q        +     0   0  195     -2,-0.4     2,-0.0     0, 0.0    -2,-0.0  -0.903  33.4  96.4-105.2 146.9  -31.1   31.2  -20.4               
  525  525 A G        +     0   0   79     -2,-0.3    -2,-0.0     1,-0.1     0, 0.0  -0.000  33.8  65.3 142.5 131.2  -28.6   33.4  -22.3               
  526  526 A G        +     0   0   80      1,-0.2     2,-0.2    -2,-0.0    -1,-0.1   0.817  10.2 170.4  76.8 120.2  -24.9   34.2  -23.3               
  527  527 A G        +     0   0   83      2,-0.0     2,-0.3     0, 0.0    -1,-0.2  -0.749  27.0 164.5  84.1  60.8  -22.7   33.0  -25.0               
  528  528 A M        -     0   0  191     -2,-0.2     2,-0.3     2,-0.0     0, 0.0  -0.975  19.4-159.9-148.7 139.8  -19.8   35.6  -25.3               
  529  529 A Q        +     0   0  201     -2,-0.3     2,-0.1     0, 0.0    -2,-0.0  -0.880  32.2 112.9-112.7 151.5  -16.1   35.4  -26.4               
  530  530 A G        +     0   0   79     -2,-0.3    -2,-0.0     1,-0.0     0, 0.0  -0.365  18.7  41.2 117.7 159.7  -13.4   38.0  -25.6               
  531  531 A A        -     0   0   95     -2,-0.1     2,-0.2     1,-0.1    -1,-0.0   0.724  18.3-153.9-148.6 156.8  -11.0   39.6  -24.6               
  532  532 A G        -     0   0   82      2,-0.0     2,-0.4     1,-0.0    -1,-0.1  -0.464  18.6-172.3 -70.2 138.8   -7.2   39.8  -23.7               
  533  533 A I        -     0   0  169     -2,-0.2     2,-0.4     0, 0.0    -1,-0.0  -0.999   9.1-155.1-127.2 132.2   -5.9   42.4  -21.2               
  534  534 A Q        -     0   0  203     -2,-0.4    -2,-0.0     1,-0.1     0, 0.0  -0.878  34.0  -4.4-102.6 142.4   -2.2   43.0  -20.6               
  535  535 A G        +     0   0   70     -2,-0.4     2,-0.2     1,-0.1    -1,-0.1   0.959  15.3 170.0  78.1 118.3   -0.2   44.2  -17.6               
  536  536 A V        -     0   0  135      2,-0.0     2,-0.4     0, 0.0    -1,-0.1  -0.761  27.3-170.4-136.7 123.7    0.2   45.6  -14.3               
  537  537 A S        -     0   0  117     -2,-0.2     2,-0.4     2,-0.0     0, 0.0  -0.836   3.6-161.3 -93.3 140.0    3.9   45.5  -13.2               
  538  538 A I        +     0   0  158     -2,-0.4     2,-0.3     2,-0.0    -2,-0.0  -0.990  12.9 172.5-122.4 127.7    4.8   46.4   -9.6               
  539  539 A Q        +     0   0  194     -2,-0.4     2,-0.1     2,-0.0    -2,-0.0  -0.942  10.9 144.8-122.8 154.0    8.4   47.3   -8.5               
  540  540 A G        +     0   0   82     -2,-0.3    -2,-0.0     0, 0.0     0, 0.0  -0.048  26.4   1.0 127.3 133.1    9.7   48.6   -5.1               
  541  541 A G        -     0   0   77      1,-0.1     2,-0.2    -2,-0.1    -2,-0.0   0.652  12.8-179.7-165.7 150.3   11.9   48.6   -3.1               
  542  542 A G        -     0   0   82      0, 0.0     2,-0.3     0, 0.0    -1,-0.1  -0.518  16.1-160.5 -83.2 152.1   15.3   47.9   -1.4               
  543  543 A I        -     0   0  175     -2,-0.2     2,-0.3     2,-0.0     0, 0.0  -0.978  21.3-159.3-126.8 141.0   16.7   49.1    2.0               
  544  544 A Q        +     0   0  194     -2,-0.3     0, 0.0     0, 0.0     0, 0.0  -0.749  18.8  39.8-109.2 160.7   20.5   49.0    2.7               
  545  545 A G        +     0   0   83     -2,-0.3    -2,-0.0     1,-0.0     0, 0.0   0.394  24.3 109.3 113.9 151.3   23.2   49.0    5.1               
  546  546 A G        +     0   0   88      1,-0.2     2,-0.3     0, 0.0    -1,-0.0   0.837  27.3 144.4 110.5  83.7   25.4   48.2    8.2               
  547  547 A G        +     0   0   71      0, 0.0     2,-0.3     0, 0.0    -1,-0.2  -0.998  15.4 165.0-134.1 139.5   28.6   46.2    8.4               
  548  548 A I        -     0   0  147     -2,-0.3     0, 0.0     1,-0.2     0, 0.0  -0.883  18.3 -11.0-154.5 129.2   31.7   46.7   10.7               
  549  549 A Q        -     0   0  188     -2,-0.3    -1,-0.2     1,-0.0     2,-0.1   0.883  19.9-161.6  51.5 148.8   34.8   45.0   12.0               
  550  550 A G        +     0   0   70      0, 0.0    -1,-0.0     0, 0.0     0, 0.0   0.071  17.3  90.0 140.1 115.1   37.1   43.2   12.9               
  551  551 A A        -     0   0   96     -2,-0.1    -2,-0.0     0, 0.0     0, 0.0   0.988  24.5-157.7  67.7 106.0   40.2   41.8   14.6               
  552  552 A S        +     0   0  107      0, 0.0     0, 0.0     0, 0.0     0, 0.0   0.909  17.6 163.2 109.1 138.1   41.9   39.9   17.1               
  553  553 A K        +     0   0  185      0, 0.0     0, 0.0     0, 0.0     0, 0.0   0.900  22.8  73.2  85.3 137.3   44.0   38.1   19.7               
  554  554 A Q        -     0   0  187      0, 0.0     2,-0.1     0, 0.0     0, 0.0   0.750  22.0-172.0  65.5 140.4   45.0   36.0   22.8               
  555  555 A G        -     0   0   83      0, 0.0     2,-0.2     0, 0.0     0, 0.0  -0.177   6.9-164.8 140.6 110.9   45.3   33.2   24.2               
  556  556 A G        -     0   0   72     -2,-0.1     0, 0.0     1,-0.1     0, 0.0  -0.595  33.2 -29.5 176.5 124.9   46.0   30.8   27.1               
  557  557 A S        -     0   0  129     -2,-0.2    -1,-0.1     2,-0.0     0, 0.0   0.960  37.6-140.4  63.3 115.1   46.7   27.3   28.4               
  558  558 A Q        +     0   0  185      1,-0.0     0, 0.0     2,-0.0     0, 0.0  -0.032  22.5 130.9 -69.4-174.3   46.4   23.5   27.9               
  559  559 A P        -     0   0  102      0, 0.0    -1,-0.0     0, 0.0    -2,-0.0   0.593  30.2-103.7-134.2 167.8   45.9   20.4   28.7               
  560  560 A S        +     0   0  114      1,-0.1     2,-0.3     0, 0.0    -2,-0.0   0.756  15.7 174.5  40.0 121.3   44.1   17.0   28.1               
  561  561 A S        -     0   0  115      0, 0.0    -1,-0.1     0, 0.0     0, 0.0  -0.948  45.6 -87.8-142.7 166.6   41.5   14.6   29.3               
  562  562 A F        -     0   0  205     -2,-0.3     0, 0.0     1,-0.0     0, 0.0  -0.174  28.7-159.6 -72.1 154.7   40.5   11.4   27.4               
  563  563 A S        -     0   0  111      3,-0.0     2,-0.3     2,-0.0    -1,-0.0  -0.981   9.9-149.1-128.9 121.0   37.9   10.7   24.7               
  564  564 A P        -     0   0  126      0, 0.0     2,-0.2     0, 0.0     0, 0.0  -0.687  45.6 -96.8 -74.4 141.1   36.3    7.3   23.8               
  565  565 A G        -     0   0   76     -2,-0.3     2,-0.9     1,-0.1    -2,-0.0  -0.407  20.7-133.8 -71.9 132.6   35.6    7.4   20.0               
  566  566 A Q        -     0   0  198     -2,-0.2     2,-0.4     2,-0.0    -1,-0.1  -0.727  22.9-148.1 -73.0 106.5   32.2    8.3   18.5               
  567  567 A S        -     0   0  109     -2,-0.9     2,-1.3     1,-0.1     0, 0.0  -0.685  24.2-115.2 -70.9 129.8   31.7    5.6   15.9               
  568  568 A Q        -     0   0  188     -2,-0.4     2,-0.3     1,-0.0    -1,-0.1  -0.578  29.8-145.7 -74.0  92.3   29.7    7.2   13.0               
  569  569 A V        -     0   0  110     -2,-1.3    -1,-0.0     4,-0.1    -3,-0.0  -0.450  12.3-144.0 -58.8 120.7   26.4    5.2   13.1               
  570  570 A T    >>  -     0   0   74     -2,-0.3     4,-2.1     1,-0.1     3,-0.9  -0.576  22.2-114.3 -81.5 154.0   25.1    4.8    9.6               
  571  571 A P  H 3> S+     0   0  106      0, 0.0     4,-2.4     0, 0.0     5,-0.2   0.862 119.5  58.7 -57.9 -30.8   21.3    4.9    8.9               
  572  572 A Q  H 3> S+     0   0  160      2,-0.2     4,-1.9     1,-0.2     5,-0.1   0.821 105.3  47.7 -67.6 -32.3   21.6    1.3    7.8               
  573  573 A D  H <> S+     0   0   76     -3,-0.9     4,-2.5     2,-0.2    -1,-0.2   0.896 111.2  51.5 -74.4 -36.5   23.0    0.3   11.3               
  574  574 A Q  H  X S+     0   0  145     -4,-2.1     4,-2.1     2,-0.2    -2,-0.2   0.912 111.9  46.2 -63.4 -42.4   20.2    2.3   13.0               
  575  575 A E  H  X S+     0   0  136     -4,-2.4     4,-2.4     2,-0.2    -2,-0.2   0.930 112.4  50.8 -66.9 -42.1   17.6    0.4   10.8               
  576  576 A K  H  X S+     0   0  125     -4,-1.9     4,-2.4     2,-0.2    -2,-0.2   0.898 110.2  50.2 -60.0 -41.2   19.4   -2.9   11.6               
  577  577 A A  H  X S+     0   0   46     -4,-2.5     4,-2.4     2,-0.2    -2,-0.2   0.900 109.2  51.1 -64.8 -39.6   19.2   -2.0   15.4               
  578  578 A A  H  X S+     0   0   48     -4,-2.1     4,-1.8     2,-0.2    -2,-0.2   0.908 110.7  48.8 -64.5 -40.4   15.4   -1.2   15.0               
  579  579 A L  H  X S+     0   0   98     -4,-2.4     4,-2.4     2,-0.2    -2,-0.2   0.928 110.3  51.3 -62.3 -44.9   14.9   -4.7   13.4               
  580  580 A I  H  X S+     0   0   60     -4,-2.4     4,-2.0     1,-0.2    -2,-0.2   0.919 109.1  51.4 -58.7 -43.7   16.9   -6.3   16.2               
  581  581 A M  H  X S+     0   0  118     -4,-2.4     4,-1.6     2,-0.2    -1,-0.2   0.854 109.6  49.7 -63.6 -35.9   14.7   -4.5   18.8               
  582  582 A Q  H  X S+     0   0  126     -4,-1.8     4,-1.3     2,-0.2    -2,-0.2   0.956 109.1  51.1 -66.7 -46.5   11.5   -5.8   17.0               
  583  583 A V  H  < S+     0   0   15     -4,-2.4     3,-0.3     1,-0.2    -2,-0.2   0.881 110.9  49.5 -59.6 -38.3   12.8   -9.5   17.0               
  584  584 A L  H  < S+     0   0   69     -4,-2.0    -1,-0.2     1,-0.2    -2,-0.2   0.901 109.4  52.0 -66.0 -38.1   13.6   -9.2   20.8               
  585  585 A Q  H  < S+     0   0  136     -4,-1.6     2,-0.4    -5,-0.2    -2,-0.2   0.650  80.1 114.0 -77.3 -15.5   10.0   -7.8   21.5               
  586  586 A L     <  -     0   0   42     -4,-1.3     2,-0.1    -3,-0.3    -3,-0.0  -0.405  64.0-137.8 -59.2 115.1    8.2  -10.7   19.6               
  587  587 A T     >  -     0   0   71     -2,-0.4     4,-2.2     1,-0.1     5,-0.2  -0.341  22.1-108.6 -67.7 155.8    6.2  -12.7   22.2               
  588  588 A A  H  > S+     0   0   83      2,-0.2     4,-1.0     1,-0.2    -1,-0.1   0.800 120.1  54.6 -57.7 -30.5    6.2  -16.6   22.1               
  589  589 A D  H >> S+     0   0  120      2,-0.2     4,-1.2     1,-0.2     3,-0.8   0.966 107.6  47.2 -69.9 -49.7    2.5  -16.4   20.9               
  590  590 A Q  H >> S+     0   0   98      1,-0.3     4,-0.5     2,-0.2     3,-0.5   0.888 110.5  54.4 -56.4 -39.5    3.3  -14.1   17.9               
  591  591 A I  H 3< S+     0   0   12     -4,-2.2     3,-0.4     1,-0.2    -1,-0.3   0.796 105.0  54.5 -65.7 -28.0    6.2  -16.4   17.1               
  592  592 A A  H << S+     0   0   47     -4,-1.0    -1,-0.2    -3,-0.8    -2,-0.2   0.742 101.5  57.9 -78.0 -22.6    3.7  -19.4   17.0               
  593  593 A M  H << S+     0   0  158     -4,-1.2    -1,-0.2    -3,-0.5    -2,-0.2   0.569  89.7  96.1 -79.7 -13.8    1.5  -17.5   14.4               
  594  594 A L  S  < S-     0   0   55     -4,-0.5     5,-0.1    -3,-0.4    -3,-0.0  -0.479  91.0 -90.0 -76.0 150.5    4.4  -17.3   11.9               
  595  595 A P     >  -     0   0   68      0, 0.0     4,-2.9     0, 0.0     5,-0.2  -0.239  44.9-109.4 -50.6 145.7    5.0  -19.8    9.0               
  596  596 A P  H  > S+     0   0  104      0, 0.0     4,-1.9     0, 0.0     5,-0.1   0.825 117.8  49.8 -58.4 -36.4    7.2  -22.7   10.2               
  597  597 A E  H  > S+     0   0  152      2,-0.2     4,-2.4     1,-0.2     3,-0.2   0.969 115.0  42.4 -64.1 -52.4   10.2  -21.5    8.1               
  598  598 A Q  H  > S+     0   0  104      1,-0.2     4,-2.9     2,-0.2     5,-0.2   0.883 111.4  57.1 -62.3 -38.7   10.0  -17.9    9.3               
  599  599 A R  H  X S+     0   0  118     -4,-2.9     4,-1.8     2,-0.2    -1,-0.2   0.891 109.4  45.2 -59.4 -42.3    9.4  -19.2   12.9               
  600  600 A Q  H  X S+     0   0  135     -4,-1.9     4,-2.5    -5,-0.2    -2,-0.2   0.943 113.4  49.4 -66.9 -46.7   12.7  -21.1   12.7               
  601  601 A S  H  X S+     0   0   65     -4,-2.4     4,-2.6     1,-0.2    -2,-0.2   0.912 112.8  47.2 -58.7 -44.6   14.6  -18.1   11.2               
  602  602 A I  H  X S+     0   0   34     -4,-2.9     4,-2.6     2,-0.2    -1,-0.2   0.878 111.7  50.8 -66.0 -38.7   13.2  -15.7   13.9               
  603  603 A L  H  X S+     0   0  110     -4,-1.8     4,-2.4    -5,-0.2    -2,-0.2   0.932 112.5  46.4 -64.0 -44.1   14.1  -18.3   16.7               
  604  604 A I  H  X S+     0   0   89     -4,-2.5     4,-2.7     2,-0.2    -2,-0.2   0.921 114.0  48.1 -64.5 -45.1   17.7  -18.6   15.4               
  605  605 A L  H  X S+     0   0   80     -4,-2.6     4,-3.0     2,-0.2    -2,-0.2   0.927 111.4  50.5 -59.7 -45.9   18.0  -14.8   15.1               
  606  606 A K  H  X S+     0   0   36     -4,-2.6     4,-2.6     2,-0.2    -2,-0.2   0.906 113.0  46.0 -62.4 -40.2   16.7  -14.3   18.6               
  607  607 A E  H  X S+     0   0  100     -4,-2.4     4,-2.5     2,-0.2    -2,-0.2   0.918 114.0  47.8 -67.1 -44.8   19.2  -16.8   20.0               
  608  608 A Q  H  X S+     0   0  112     -4,-2.7     4,-1.4     2,-0.2    -2,-0.2   0.932 113.2  49.1 -61.2 -44.5   22.1  -15.3   18.0               
  609  609 A I  H >X S+     0   0   19     -4,-3.0     4,-2.2     2,-0.2     3,-0.8   0.958 111.6  48.1 -59.5 -52.0   21.1  -11.8   19.2               
  610  610 A Q  H 3X>S+     0   0  118     -4,-2.6     5,-0.6     1,-0.3     4,-0.6   0.893 110.5  52.1 -58.3 -40.1   20.9  -13.0   22.9               
  611  611 A K  H 3<5S+     0   0  146     -4,-2.5    -1,-0.3     1,-0.2    -2,-0.2   0.781 115.3  43.2 -63.7 -28.0   24.3  -14.7   22.5               
  612  612 A S  H <<5S+     0   0  108     -4,-1.4    -2,-0.2    -3,-0.8    -1,-0.2   0.723 104.4  61.0 -90.6 -25.4   25.7  -11.3   21.2               
  613  613 A T  H  <5S-     0   0   83     -4,-2.2    -2,-0.2    -5,-0.1    -1,-0.1   0.509  95.7-137.0 -83.8  -4.4   23.9   -8.9   23.8               
  614  614 A G  T  <5 +     0   0   64     -4,-0.6     2,-1.3    -5,-0.2    -3,-0.1   0.718  39.4 163.8  65.3  27.5   25.8  -10.5   26.7               
  615  615 A A      <       0   0   91     -5,-0.6    -1,-0.2     0, 0.0    -2,-0.1  -0.671 360.0 360.0 -85.1  87.2   22.8  -10.7   29.2               
  616  616 A S              0   0  194     -2,-1.3     0, 0.0     0, 0.0     0, 0.0  -0.961 360.0 360.0-118.2 360.0   24.0  -13.2   31.9               
