==== Secondary Structure Definition by the program DSSP, CMBI version 2.0                          ==== DATE=2026-03-08        .
REFERENCE W. KABSCH AND C.SANDER, BIOPOLYMERS 22 (1983) 2577-2637                                                              .
HEADER                                            01-AUG-25                                                                    .
COMPND    MOL_ID: 1; MOLECULE: POLYADENYLATE-BINDING PROTEIN 3; CHAIN: A                                                       .
SOURCE    MOL_ID: 1; ORGANISM_SCIENTIFIC: HOMO SAPIENS; ORGANISM_TAXID: 9606                                                   .
AUTHOR                                                                                                                         .
  631  1  0  0  0 TOTAL NUMBER OF RESIDUES, NUMBER OF CHAINS, NUMBER OF SS-BRIDGES(TOTAL,INTRACHAIN,INTERCHAIN)                .
 53798.7   ACCESSIBLE SURFACE OF PROTEIN (ANGSTROM**2)                                                                         .
  377 59.7   TOTAL NUMBER OF HYDROGEN BONDS OF TYPE O(I)-->H-N(J)  , SAME NUMBER PER 100 RESIDUES                              .
    0  0.0   TOTAL NUMBER OF HYDROGEN BONDS IN     PARALLEL BRIDGES, SAME NUMBER PER 100 RESIDUES                              .
   93 14.7   TOTAL NUMBER OF HYDROGEN BONDS IN ANTIPARALLEL BRIDGES, SAME NUMBER PER 100 RESIDUES                              .
    0  0.0   TOTAL NUMBER OF HYDROGEN BONDS OF TYPE O(I)-->H-N(I-5), SAME NUMBER PER 100 RESIDUES                              .
    1  0.2   TOTAL NUMBER OF HYDROGEN BONDS OF TYPE O(I)-->H-N(I-4), SAME NUMBER PER 100 RESIDUES                              .
    6  1.0   TOTAL NUMBER OF HYDROGEN BONDS OF TYPE O(I)-->H-N(I-3), SAME NUMBER PER 100 RESIDUES                              .
    0  0.0   TOTAL NUMBER OF HYDROGEN BONDS OF TYPE O(I)-->H-N(I-2), SAME NUMBER PER 100 RESIDUES                              .
    0  0.0   TOTAL NUMBER OF HYDROGEN BONDS OF TYPE O(I)-->H-N(I-1), SAME NUMBER PER 100 RESIDUES                              .
    0  0.0   TOTAL NUMBER OF HYDROGEN BONDS OF TYPE O(I)-->H-N(I+0), SAME NUMBER PER 100 RESIDUES                              .
    0  0.0   TOTAL NUMBER OF HYDROGEN BONDS OF TYPE O(I)-->H-N(I+1), SAME NUMBER PER 100 RESIDUES                              .
   60  9.5   TOTAL NUMBER OF HYDROGEN BONDS OF TYPE O(I)-->H-N(I+2), SAME NUMBER PER 100 RESIDUES                              .
   42  6.7   TOTAL NUMBER OF HYDROGEN BONDS OF TYPE O(I)-->H-N(I+3), SAME NUMBER PER 100 RESIDUES                              .
  179 28.4   TOTAL NUMBER OF HYDROGEN BONDS OF TYPE O(I)-->H-N(I+4), SAME NUMBER PER 100 RESIDUES                              .
    0  0.0   TOTAL NUMBER OF HYDROGEN BONDS OF TYPE O(I)-->H-N(I+5), SAME NUMBER PER 100 RESIDUES                              .
  1  2  3  4  5  6  7  8  9 10 11 12 13 14 15 16 17 18 19 20 21 22 23 24 25 26 27 28 29 30     *** HISTOGRAMS OF ***           .
  0  0  0  0  1  1  0  4  2  0  4  0  1  0  0  0  0  0  2  0  0  0  0  1  0  0  0  0  0  1    RESIDUES PER ALPHA HELIX         .
  0  0  0  0  0  0  0  0  0  0  0  0  0  0  0  0  0  0  0  0  0  0  0  0  0  0  0  0  0  0    PARALLEL BRIDGES PER LADDER      .
  0  4  0  5  3  1  3  0  0  0  0  0  0  0  0  0  0  0  0  0  0  0  0  0  0  0  0  0  0  0    ANTIPARALLEL BRIDGES PER LADDER  .
  4  0  4  0  0  0  0  0  0  0  0  0  0  0  0  0  0  0  0  0  0  0  0  0  0  0  0  0  0  0    LADDERS PER SHEET                .
  #  RESIDUE AA STRUCTURE BP1 BP2  ACC     N-H-->O    O-->H-N    N-H-->O    O-->H-N    TCO  KAPPA ALPHA  PHI   PSI    X-CA   Y-CA   Z-CA            CHAIN
    1    1 A M              0   0  242      0, 0.0     0, 0.0     0, 0.0     0, 0.0   0.000 360.0 360.0 360.0 106.1   31.4   -0.9  -34.1               
    2    2 A N        -     0   0  163      3,-0.0     2,-0.4     1,-0.0     3,-0.2  -0.783 360.0-124.4 -80.7 127.1   27.9    0.2  -33.0               
    3    3 A P        -     0   0  111      0, 0.0    -1,-0.0     0, 0.0     0, 0.0  -0.634  57.3 -58.4 -69.0 125.7   25.4   -2.7  -32.8               
    4    4 A S        -     0   0  108     -2,-0.4     3,-0.0     1,-0.1     0, 0.0   0.419  45.4-130.4  13.7 102.5   22.3   -2.1  -35.0               
    5    5 A T        -     0   0  109     -3,-0.2     2,-0.3     1,-0.1    -1,-0.1  -0.569  40.8-104.5 -59.1 130.0   20.1    1.0  -34.5               
    6    6 A P        -     0   0   50      0, 0.0     2,-1.4     0, 0.0    -1,-0.1  -0.491  30.7-125.5 -60.3 122.7   16.5   -0.4  -34.2               
    7    7 A S        -     0   0  116     -2,-0.3    -3,-0.0     2,-0.0    -2,-0.0  -0.644  23.2-164.2 -70.7  94.3   14.8    0.4  -37.6               
    8    8 A Y        -     0   0   37     -2,-1.4    80,-0.0     1,-0.1    79,-0.0  -0.810  12.8-148.2 -73.4 111.2   11.8    2.2  -36.4               
    9    9 A P  S    S+     0   0  121      0, 0.0     2,-0.4     0, 0.0    -1,-0.1   0.605  77.5  63.4 -66.3  -9.2    9.8    2.0  -39.7               
   10   10 A T  S    S-     0   0   58      2,-0.1     2,-2.1    77,-0.1    77,-0.2  -0.972  75.8-140.3-120.2 129.7    8.2    5.4  -39.0               
   11   11 A A        +     0   0   13     -2,-0.4    48,-3.1    48,-0.3     2,-0.5  -0.264  65.0 134.1 -72.0  46.5    9.9    8.8  -38.7               
   12   12 A S  E     -A   58   0A  10     -2,-2.1    75,-2.8    46,-0.2     2,-0.4  -0.927  38.7-165.9-115.0 123.1    7.4    9.3  -35.8               
   13   13 A L  E     -AB  57  86A   0     44,-3.0    44,-2.2    -2,-0.5     2,-0.5  -0.842  15.6-140.2-107.1 141.5    8.2   10.8  -32.4               
   14   14 A Y  E     -AB  56  85A  53     71,-2.8    71,-2.3    -2,-0.4     2,-0.6  -0.884  16.7-163.8 -90.0 128.8    6.2   10.8  -29.2               
   15   15 A V  E     +AB  55  84A   0     40,-3.1    40,-2.2    -2,-0.5     3,-0.3  -0.923  18.3 176.3-119.2  99.9    6.5   14.1  -27.3               
   16   16 A G  E     + B   0  83A   0     67,-3.1    67,-2.2    -2,-0.6    38,-0.2  -0.372  48.4  44.5 -96.6 177.4    5.3   13.8  -23.7               
   17   17 A D  S    S+     0   0   58     36,-0.2    37,-0.2    65,-0.2    -1,-0.2   0.702  74.2 171.0  59.4  28.5    5.2   16.0  -20.5               
   18   18 A L        -     0   0    4     35,-2.0    -1,-0.2    -3,-0.3    35,-0.1  -0.285  40.0-109.0 -65.9 144.6    3.8   18.9  -22.5               
   19   19 A H    >   -     0   0   46     58,-0.3     3,-2.4    61,-0.2    -1,-0.1  -0.555  33.3-116.0 -65.9 139.8    2.6   22.1  -20.8               
   20   20 A P  T 3  S+     0   0   57      0, 0.0    -1,-0.1     0, 0.0    -2,-0.1   0.835 114.0  52.8 -50.7 -38.9   -1.3   22.3  -21.2               
   21   21 A D  T 3  S+     0   0   87     57,-0.1     2,-0.2     2,-0.0    57,-0.1   0.368  77.6 124.6 -79.4  -0.2   -1.1   25.5  -23.3               
   22   22 A V    <   -     0   0    2     -3,-2.4     2,-0.2    55,-0.1    -4,-0.0  -0.525  46.2-160.1 -64.3 128.1    1.4   24.0  -25.8               
   23   23 A T     >  -     0   0   61     -2,-0.2     4,-1.7     1,-0.1     5,-0.2  -0.659  31.4-109.5-105.1 163.5   -0.0   24.4  -29.4               
   24   24 A E  H  > S+     0   0   98     -2,-0.2     4,-2.6     1,-0.2     5,-0.1   0.882 119.9  57.0 -60.5 -35.4    0.8   22.6  -32.7               
   25   25 A A  H  > S+     0   0   58      2,-0.2     4,-2.8     1,-0.2     5,-0.2   0.919 104.9  50.3 -61.1 -43.9    2.4   25.9  -33.9               
   26   26 A M  H  > S+     0   0   56      1,-0.2     4,-1.5     2,-0.2    -1,-0.2   0.855 112.7  46.9 -64.4 -36.6    4.8   26.0  -30.9               
   27   27 A L  H  X S+     0   0    0     -4,-1.7     4,-2.5     2,-0.2     5,-0.3   0.905 110.9  52.3 -69.5 -40.7    5.8   22.3  -31.6               
   28   28 A Y  H  X S+     0   0  128     -4,-2.6     4,-2.7     1,-0.2    -2,-0.2   0.963 111.0  46.3 -59.2 -51.3    6.3   23.1  -35.3               
   29   29 A E  H  < S+     0   0  141     -4,-2.8    -1,-0.2     1,-0.2    -2,-0.2   0.846 115.8  48.0 -57.1 -37.7    8.6   26.1  -34.5               
   30   30 A K  H  < S+     0   0   65     -4,-1.5    -1,-0.2    -5,-0.2    -2,-0.2   0.894 121.4  32.1 -70.1 -43.1   10.5   23.9  -32.0               
   31   31 A F  H >X S+     0   0    0     -4,-2.5     3,-1.9     1,-0.2     4,-0.6   0.658  95.3  84.4 -95.8 -19.9   11.0   20.8  -34.3               
   32   32 A S  G >< S+     0   0   48     -4,-2.7     3,-0.8     1,-0.3    -1,-0.2   0.788  81.9  64.5 -58.9 -30.5   11.2   22.4  -37.8               
   33   33 A P  G 34 S+     0   0   97      0, 0.0    -1,-0.3     0, 0.0    -2,-0.1   0.705  97.1  58.3 -64.8 -19.7   15.0   23.1  -37.4               
   34   34 A A  G <4 S-     0   0    9     -3,-1.9    -2,-0.2     1,-0.3    33,-0.1   0.759 124.1 -72.7 -78.6 -25.6   15.6   19.3  -37.2               
   35   35 A G  S << S-     0   0   16     -3,-0.8    -1,-0.3    -4,-0.6     2,-0.2  -0.893  73.2 -26.9 154.0 178.5   14.0   18.8  -40.7               
   36   36 A P        -     0   0   56      0, 0.0    24,-2.6     0, 0.0     2,-0.4  -0.386  56.3-144.4 -62.9 123.3   10.8   18.7  -42.8               
   37   37 A I  E     -C   59   0A  21     -2,-0.2    22,-0.3    22,-0.2     3,-0.1  -0.753  14.5-168.9 -92.1 127.9    7.7   17.9  -40.7               
   38   38 A L  E    S-     0   0A 123     20,-2.5     2,-0.3    -2,-0.4    21,-0.2   0.860  70.6 -20.8 -79.0 -44.1    4.9   15.8  -42.2               
   39   39 A S  E     -C   58   0A  49     19,-1.6    19,-2.9     2,-0.0     2,-0.4  -0.934  48.1-151.2-163.9 150.1    2.4   16.3  -39.4               
   40   40 A I  E     -C   57   0A  27     -2,-0.3     2,-0.4    17,-0.2    17,-0.2  -0.964  15.9-177.2-119.5 138.8    2.0   17.3  -35.7               
   41   41 A R  E     -C   56   0A 101     15,-2.2    15,-2.5    -2,-0.4     2,-0.5  -0.935  12.8-154.7-135.4 117.0   -0.9   16.1  -33.6               
   42   42 A I  E     -C   55   0A  28     -2,-0.4     2,-0.6    13,-0.2    13,-0.3  -0.779  10.2-152.5 -86.1 126.5   -1.5   17.1  -30.0               
   43   43 A C  E     +C   54   0A  29     11,-2.7    11,-1.5    -2,-0.5     2,-0.4  -0.901  19.3 176.3 -98.1 114.5   -3.4   14.5  -28.0               
   44   44 A R  E     -C   53   0A 132     -2,-0.6     2,-0.5     9,-0.2     9,-0.2  -0.986  31.5-126.4-116.2 130.1   -5.4   16.2  -25.1               
   45   45 A D        -     0   0   61      7,-0.7     7,-0.1    -2,-0.4     6,-0.1  -0.664  17.6-162.8 -71.1 122.3   -7.7   14.3  -22.8               
   46   46 A L  S    S+     0   0  162     -2,-0.5     3,-0.2     1,-0.1    -1,-0.1   0.608  85.3  45.0 -78.2 -17.9  -11.1   16.1  -23.0               
   47   47 A I  S    S+     0   0  148      1,-0.3     2,-0.7     0, 0.0    -1,-0.1   0.855 114.5  41.4-102.4 -46.1  -12.5   14.4  -19.8               
   48   48 A T    >   -     0   0   65      1,-0.1     3,-1.2     4,-0.0     2,-1.2  -0.886  68.1-159.4-105.2 106.1   -9.5   14.7  -17.3               
   49   49 A S  T 3  S+     0   0  127     -2,-0.7    -1,-0.1     1,-0.2    -3,-0.1   0.098  88.3  47.1 -63.9  24.1   -7.9   18.1  -17.7               
   50   50 A G  T 3  S+     0   0   68     -2,-1.2    -1,-0.2     2,-0.0     3,-0.1   0.335  90.9  68.8-154.8   9.9   -4.7   16.5  -16.1               
   51   51 A S  S <  S+     0   0   78     -3,-1.2     2,-0.1     1,-0.2    -2,-0.1   0.517  94.5  29.2-134.8   4.4   -3.6   13.1  -17.5               
   52   52 A S        +     0   0   46     -4,-0.4    -7,-0.7    -7,-0.1     2,-0.7  -0.501  45.9 157.0-159.6  95.7   -2.3   13.3  -21.1               
   53   53 A N  E     + C   0  44A  42     -9,-0.2   -35,-2.0    -3,-0.1     2,-0.3  -0.881  40.0 126.7-103.3  90.9   -0.5   16.3  -22.6               
   54   54 A Y  E     - C   0  43A  42    -11,-1.5   -11,-2.7    -2,-0.7     2,-0.3  -0.934  38.5-157.5-138.1 165.0    1.5   14.6  -25.4               
   55   55 A A  E     -AC  15  42A   0    -40,-2.2   -40,-3.1    -2,-0.3     2,-0.5  -0.954  15.0-132.4-136.0 159.7    2.0   15.0  -29.1               
   56   56 A Y  E     -AC  14  41A  51    -15,-2.5   -15,-2.2    -2,-0.3     2,-0.5  -0.978  18.2-166.9-109.3 130.1    3.1   13.0  -32.1               
   57   57 A V  E     -AC  13  40A   0    -44,-2.2   -44,-3.0    -2,-0.5     2,-0.6  -0.980   4.6-165.0-116.2 115.3    5.6   14.7  -34.5               
   58   58 A N  E     -AC  12  39A  29    -19,-2.9   -20,-2.5    -2,-0.5   -19,-1.6  -0.927   4.5-162.1-103.5 120.2    6.0   12.9  -37.8               
   59   59 A F  E     - C   0  37A   6    -48,-3.1   -48,-0.3    -2,-0.6   -22,-0.2  -0.546  26.7-125.5 -89.2 160.1    9.1   13.8  -39.9               
   60   60 A Q  S    S+     0   0  113    -24,-2.6     2,-0.4    -2,-0.2   -49,-0.1   0.855  98.0  36.3 -71.3 -33.5    9.4   13.1  -43.7               
   61   61 A H  S >> S-     0   0  105    -25,-0.4     4,-1.5   -50,-0.1     3,-0.7  -0.945  74.7-133.8-125.0 143.8   12.8   11.3  -43.0               
   62   62 A T  H 3> S+     0   0   64     -2,-0.4     4,-2.4     1,-0.2     5,-0.1   0.838 106.5  60.6 -61.6 -32.9   13.9    9.0  -40.1               
   63   63 A K  H 3> S+     0   0  163      2,-0.2     4,-2.6     1,-0.2    -1,-0.2   0.847 102.7  50.9 -63.5 -35.6   17.2   10.9  -39.9               
   64   64 A D  H <> S+     0   0   31     -3,-0.7     4,-2.2     2,-0.2    -1,-0.2   0.889 111.1  48.6 -70.6 -38.0   15.4   14.2  -39.1               
   65   65 A A  H  X S+     0   0    0     -4,-1.5     4,-2.3     2,-0.2    -2,-0.2   0.906 112.1  48.7 -66.0 -42.7   13.4   12.4  -36.3               
   66   66 A E  H  X S+     0   0   79     -4,-2.4     4,-2.6     2,-0.2     5,-0.2   0.960 111.7  49.6 -61.6 -47.6   16.7   10.9  -34.9               
   67   67 A H  H  X S+     0   0   92     -4,-2.6     4,-2.1     1,-0.2     5,-0.3   0.893 111.7  48.9 -59.1 -41.9   18.3   14.3  -35.0               
   68   68 A A  H  X S+     0   0    0     -4,-2.2     4,-2.2     2,-0.2     5,-0.2   0.907 111.7  49.2 -63.4 -42.8   15.3   15.9  -33.2               
   69   69 A L  H  X S+     0   0   24     -4,-2.3     4,-0.7     1,-0.2    -2,-0.2   0.907 116.0  42.7 -63.9 -40.7   15.4   13.1  -30.5               
   70   70 A D  H  < S+     0   0  108     -4,-2.6    -2,-0.2     1,-0.1    -1,-0.2   0.839 125.2  31.7 -75.0 -35.7   19.1   13.6  -29.9               
   71   71 A T  H  < S+     0   0   71     -4,-2.1    -2,-0.2    -5,-0.2    -3,-0.2   0.745 124.2  37.9 -98.6 -25.7   19.2   17.4  -29.9               
   72   72 A M  H >< S+     0   0   15     -4,-2.2     3,-1.8    -5,-0.3    10,-0.2   0.379  76.8 123.6-113.2  -1.7   15.8   18.5  -28.5               
   73   73 A N  T 3< S+     0   0   25     -4,-0.7    10,-0.2     1,-0.3     3,-0.1  -0.460  84.6  12.8 -67.0 135.6   15.0   15.9  -25.7               
   74   74 A F  T 3  S+     0   0   22      8,-2.1    -1,-0.3     1,-0.3    39,-0.1   0.414  89.9 152.7  70.7   6.6   14.4   17.6  -22.4               
   75   75 A D    <   -     0   0   50     -3,-1.8     7,-2.8     6,-0.2     2,-0.6  -0.318  48.5-113.3 -62.7 143.5   14.1   21.1  -24.0               
   76   76 A V  E     +D   81   0B  98      5,-0.3     2,-0.5    -3,-0.1    -1,-0.1  -0.703  33.9 179.0 -89.6 120.8   11.9   23.5  -22.1               
   77   77 A I  E >  S-D   80   0B  15      3,-2.8     3,-1.8    -2,-0.6   -58,-0.3  -0.983  78.5 -15.6-119.4 121.7    8.6   24.6  -23.6               
   78   78 A K  T 3  S-     0   0   99     -2,-0.5    -1,-0.2     1,-0.3   -57,-0.1   0.879 131.1 -51.5  47.5  44.4    6.5   27.0  -21.4               
   79   79 A G  T 3  S+     0   0   66      1,-0.2    -1,-0.3    -3,-0.1    -3,-0.1   0.403 120.1 102.7  79.2   0.3    8.6   26.1  -18.4               
   80   80 A K  E <  S-D   77   0B  94     -3,-1.8    -3,-2.8    -5,-0.0     2,-0.3  -0.960  71.2-126.5-113.4 131.0    8.3   22.3  -18.8               
   81   81 A P  E     -D   76   0B  45      0, 0.0    -5,-0.3     0, 0.0     2,-0.2  -0.593  29.0-131.1 -68.7 129.7   11.0   20.0  -20.2               
   82   82 A V        -     0   0    2     -7,-2.8    -8,-2.1    -2,-0.3     2,-0.6  -0.575   8.8-139.9 -80.3 145.2    9.6   17.9  -23.1               
   83   83 A R  E     -B   16   0A  50    -67,-2.2   -67,-3.1    -2,-0.2     2,-0.4  -0.934  18.8-164.2-108.0 114.0   10.2   14.1  -23.1               
   84   84 A I  E     +B   15   0A   1     -2,-0.6     2,-0.3   -69,-0.2   -69,-0.2  -0.794  17.5 157.2-100.6 136.3   10.9   12.8  -26.6               
   85   85 A M  E     -B   14   0A  36    -71,-2.3   -71,-2.8    -2,-0.4     2,-0.1  -0.967  49.2 -86.0-143.3 159.9   10.7    9.1  -27.5               
   86   86 A W  E     -B   13   0A  41     -2,-0.3     2,-0.9   -73,-0.2   -73,-0.2  -0.448  57.1-101.3 -60.3 139.4   10.3    6.9  -30.7               
   87   87 A S        -     0   0    9    -75,-2.8     2,-0.6   -77,-0.2   -75,-0.1  -0.576  40.1-166.9 -70.1 106.5    6.5    6.5  -31.3               
   88   88 A Q        +     0   0   61     -2,-0.9    -1,-0.0     1,-0.1     6,-0.0  -0.875  11.9 178.1 -95.0 116.0    5.7    3.0  -30.0               
   89   89 A R        +     0   0  133     -2,-0.6    -1,-0.1   501,-0.0   501,-0.1   0.798  55.7  90.4 -89.8 -27.8    2.2    1.9  -31.3               
   90   90 A D     >  -     0   0   44      1,-0.1     4,-1.6   500,-0.0     5,-0.1  -0.536  64.2-154.9 -71.0 117.0    2.1   -1.6  -29.8               
   91   91 A P  H  > S+     0   0   12      0, 0.0     4,-2.3     0, 0.0     5,-0.2   0.823  92.5  61.5 -57.8 -32.8    0.5   -1.4  -26.2               
   92   92 A S  H  > S+     0   0   81      2,-0.2     4,-1.5     1,-0.2    -2,-0.0   0.934 106.1  44.0 -64.2 -45.1    2.5   -4.6  -25.2               
   93   93 A L  H  4 S+     0   0   98      1,-0.2     4,-0.3     2,-0.2    -1,-0.2   0.858 117.6  46.5 -68.4 -33.9    5.9   -2.9  -25.8               
   94   94 A R  H  < S+     0   0  104     -4,-1.6    -2,-0.2     1,-0.2    -1,-0.2   0.811 121.6  36.0 -72.3 -34.8    4.7    0.3  -24.0               
   95   95 A K  H  < S+     0   0  150     -4,-2.3    -2,-0.2     1,-0.1    -3,-0.2   0.474  88.4  95.0-102.1  -5.9    3.1   -1.7  -21.0               
   96   96 A S  S  < S-     0   0   62     -4,-1.5    -1,-0.1    -5,-0.2    -3,-0.1   0.782  71.9-149.3 -57.3 -33.6    5.7   -4.6  -20.6               
   97   97 A G    >   +     0   0   30     -4,-0.3     3,-1.9     1,-0.3    76,-0.3   0.350  44.9 147.6  72.4  -4.9    7.7   -2.7  -18.0               
   98   98 A V  T 3   +     0   0   77      1,-0.3    -1,-0.3    -5,-0.1     3,-0.1  -0.400  69.7  13.1 -65.7 131.1   10.8   -4.6  -19.3               
   99   99 A G  T 3  S+     0   0    2      1,-0.2    46,-2.7    -3,-0.1     2,-0.5   0.346  94.7 136.8  79.9  -3.2   13.9   -2.4  -19.0               
  100  100 A N  E <   +E  144   0C  34     -3,-1.9    73,-2.5    44,-0.2     2,-0.3  -0.643  28.5 178.9 -79.5 123.8   12.1    0.0  -16.6               
  101  101 A I  E     -EF 143 172C   1     42,-3.2    42,-2.1    -2,-0.5     2,-0.4  -0.828  19.7-141.1-117.6 159.3   14.1    1.1  -13.6               
  102  102 A F  E     -EF 142 171C  17     69,-3.0    69,-2.2    -2,-0.3     2,-0.5  -0.977   9.6-159.8-121.2 132.6   13.3    3.5  -10.7               
  103  103 A V  E     -EF 141 170C   0     38,-2.7    38,-2.6    -2,-0.4     2,-0.3  -0.963  15.3-178.7-118.8 124.5   15.8    5.9   -9.2               
  104  104 A K  E     +EF 140 169C 105     65,-3.1    65,-2.5    -2,-0.5    36,-0.2  -0.818  55.6  34.4-123.7 161.1   15.2    7.3   -5.7               
  105  105 A N  S    S+     0   0   79     34,-0.8    35,-0.2    -2,-0.3    -1,-0.2   0.794  73.9 166.6  59.5  32.9   17.0    9.8   -3.3               
  106  106 A L        -     0   0    1     33,-2.2    -1,-0.2    -3,-0.2     2,-0.1  -0.485  45.0-103.3 -65.1 143.4   18.2   11.9   -6.2               
  107  107 A D    >   -     0   0   30     56,-0.2     3,-2.0    59,-0.2    32,-0.1  -0.480  28.5-121.3 -64.1 141.6   19.6   15.3   -5.3               
  108  108 A K  T 3  S+     0   0  140      1,-0.3    29,-0.5    -2,-0.1    -1,-0.1   0.684 111.0  64.4 -64.6 -18.3   16.9   18.0   -6.1               
  109  109 A S  T 3  S+     0   0   78     55,-0.1     2,-0.6    27,-0.1    -1,-0.3   0.621  80.0  99.2 -74.5 -17.0   19.5   19.7   -8.4               
  110  110 A I    <   -     0   0   10     -3,-2.0    29,-0.2    53,-0.1     2,-0.1  -0.642  56.2-174.5 -79.5 118.5   19.5   16.7  -10.8               
  111  111 A N     >  -     0   0   92     -2,-0.6     4,-2.4    26,-0.0     5,-0.2  -0.389  42.8 -85.2 -99.9-179.6   17.2   17.2  -13.8               
  112  112 A N  H  > S+     0   0    9      1,-0.2     4,-2.8     2,-0.2     5,-0.1   0.908 127.3  47.3 -53.4 -47.8   16.1   14.9  -16.7               
  113  113 A K  H  > S+     0   0  111      2,-0.2     4,-3.1     1,-0.2     5,-0.2   0.923 111.6  49.2 -65.1 -46.2   19.2   15.7  -18.8               
  114  114 A A  H  > S+     0   0   36      2,-0.2     4,-1.6     1,-0.2    -1,-0.2   0.891 114.5  45.8 -62.4 -40.4   21.7   15.1  -15.9               
  115  115 A L  H  X S+     0   0    0     -4,-2.4     4,-2.4     2,-0.2    -2,-0.2   0.938 114.7  48.2 -65.8 -45.7   20.0   11.8  -15.0               
  116  116 A Y  H  X S+     0   0   52     -4,-2.8     4,-2.4     2,-0.2    -2,-0.2   0.942 110.5  50.4 -58.0 -50.3   20.0   10.8  -18.7               
  117  117 A D  H  < S+     0   0   81     -4,-3.1     4,-0.4     1,-0.2    -1,-0.2   0.871 114.3  46.6 -58.6 -36.6   23.7   11.7  -19.2               
  118  118 A T  H  < S+     0   0   56     -4,-1.6     3,-0.5    -5,-0.2    -1,-0.2   0.900 118.6  38.2 -71.1 -44.9   24.5    9.6  -16.1               
  119  119 A V  H >< S+     0   0    0     -4,-2.4     3,-2.0     1,-0.2     4,-0.4   0.679  94.3  82.4 -87.8 -16.1   22.5    6.5  -17.0               
  120  120 A S  G >< S+     0   0   52     -4,-2.4     3,-0.8     1,-0.3    -1,-0.2   0.769  78.4  72.4 -61.5 -23.3   23.2    6.5  -20.8               
  121  121 A A  G 3  S+     0   0   87     -3,-0.5    -1,-0.3    -4,-0.4    -2,-0.1   0.642  93.2  55.3 -63.3 -17.5   26.5    4.7  -20.0               
  122  122 A F  G <  S-     0   0   31     -3,-2.0     2,-0.3     1,-0.3    -1,-0.2   0.692 123.5 -58.7 -92.8 -19.3   24.5    1.5  -19.1               
  123  123 A G  S <  S-     0   0   22     -3,-0.8    -1,-0.3    -4,-0.4     2,-0.1  -0.907  76.7 -37.0 159.6 177.1   22.7    1.1  -22.5               
  124  124 A N        -     0   0   77     -2,-0.3    22,-2.5    -3,-0.1     2,-0.6  -0.404  54.8-142.6 -65.5 133.7   20.2    2.8  -24.9               
  125  125 A I  E     -G  145   0C  11     20,-0.2    20,-0.3     1,-0.1     3,-0.1  -0.894  20.5-176.7-106.5 118.3   17.5    4.8  -23.1               
  126  126 A L  E    S+     0   0C  42     18,-2.2     2,-0.3    -2,-0.6   -40,-0.2   0.826  78.2   2.6 -75.9 -36.2   13.9    4.8  -24.6               
  127  127 A S  E     -G  144   0C   8     17,-1.5    17,-3.2   -42,-0.1     2,-0.4  -0.964  57.8-176.7-153.3 140.1   12.7    7.3  -21.9               
  128  128 A C  E     +G  143   0C   1     -2,-0.3     2,-0.3    15,-0.2    15,-0.2  -1.000  13.7 165.9-133.9 135.8   14.1    9.2  -18.9               
  129  129 A N  E     -G  142   0C  29     13,-2.4    13,-2.8    -2,-0.4     2,-0.5  -0.923  24.7-155.6-151.8 132.0   12.1   11.4  -16.5               
  130  130 A V  E     -G  141   0C   2     -2,-0.3     2,-0.5    11,-0.3    11,-0.3  -0.884  34.6-121.6 -95.8 125.2   12.7   13.1  -13.1               
  131  131 A V  E     -     0   0C  31      9,-2.3     7,-3.0    -2,-0.5     9,-0.5  -0.600  35.9-175.1 -76.3 123.6    9.4   13.7  -11.3               
  132  132 A C  E     -G  137   0C  76     -2,-0.5     5,-0.2     5,-0.3     2,-0.2  -0.842  12.2-170.5-114.5 149.4    8.8   17.3  -10.5               
  133  133 A D  E >   -G  136   0C  71      3,-2.8     3,-1.8    -2,-0.3     5,-0.0  -0.526  55.2 -74.8-113.0-170.0    6.1   19.2   -8.6               
  134  134 A E  T 3  S+     0   0  202      1,-0.3     3,-0.1    -2,-0.2    -2,-0.0   0.742 135.0  52.8 -60.1 -22.6    5.5   23.0   -8.3               
  135  135 A N  T 3  S-     0   0  147      1,-0.3     2,-0.3     0, 0.0    -1,-0.3   0.290 119.1-109.7 -95.7   5.8    8.5   23.2   -5.9               
  136  136 A G  E <  S+ G   0 133C  31     -3,-1.8    -3,-2.8     2,-0.0    -1,-0.3  -0.736  76.6  19.6 101.2-149.1   10.8   21.4   -8.4               
  137  137 A S  E     - G   0 132C  13    -29,-0.5    -5,-0.3    -2,-0.3     4,-0.1  -0.376  50.5-153.3 -64.2 131.9   12.3   17.8   -8.2               
  138  138 A K  E     -     0   0C 105     -7,-3.0   -33,-0.2     2,-0.3    -1,-0.1   0.381  50.7-107.6 -78.7   1.6   10.6   15.3   -5.9               
  139  139 A G  E    S+     0   0C  11     -8,-0.3   -33,-2.2     1,-0.2   -34,-0.8   0.707  89.2  83.4  77.2  22.1   14.0   13.5   -5.7               
  140  140 A Y  E     +E  104   0C  62     -9,-0.5    -9,-2.3   -36,-0.2    -2,-0.3  -0.990  48.5 176.4-149.2 158.3   13.1   10.5   -7.9               
  141  141 A G  E     -EG 103 130C   0    -38,-2.6   -38,-2.7    -2,-0.3     2,-0.4  -0.904  23.0-122.5-151.2 175.2   12.9    9.5  -11.5               
  142  142 A F  E     -EG 102 129C  50    -13,-2.8   -13,-2.4    -2,-0.3     2,-0.4  -0.984  17.3-169.3-128.2 136.1   12.2    6.7  -14.0               
  143  143 A V  E     -EG 101 128C   2    -42,-2.1   -42,-3.2    -2,-0.4     2,-0.6  -0.999   6.5-159.6-129.2 126.7   14.5    5.3  -16.8               
  144  144 A H  E     -EG 100 127C  25    -17,-3.2   -18,-2.2    -2,-0.4   -17,-1.5  -0.942  11.3-162.7-104.7 107.6   13.3    3.0  -19.5               
  145  145 A F  E     - G   0 125C   0    -46,-2.7   -20,-0.2    -2,-0.6     6,-0.1  -0.666  25.3-127.5 -80.7 149.4   16.2    1.1  -21.1               
  146  146 A E  S    S+     0   0   73    -22,-2.5     2,-0.3    -2,-0.3   -21,-0.1   0.839  94.4  43.9 -59.8 -33.8   15.7   -0.6  -24.4               
  147  147 A T  S  > S-     0   0   54    -23,-0.4     4,-1.6   -48,-0.1    -2,-0.1  -0.863  73.0-136.3-120.7 146.9   17.0   -3.9  -22.9               
  148  148 A H  H  > S+     0   0   74     -2,-0.3     4,-2.6     1,-0.2     5,-0.2   0.910 108.3  58.0 -62.9 -38.0   16.5   -5.7  -19.6               
  149  149 A E  H  > S+     0   0  108      1,-0.2     4,-2.3     2,-0.2    -1,-0.2   0.845 103.7  51.2 -65.0 -37.0   20.2   -6.4  -19.4               
  150  150 A A  H  > S+     0   0    0      2,-0.2     4,-2.3     1,-0.2    -1,-0.2   0.930 110.5  49.7 -65.2 -42.0   21.0   -2.6  -19.5               
  151  151 A A  H  X S+     0   0    3     -4,-1.6     4,-2.6     2,-0.2    -2,-0.2   0.926 111.8  47.6 -60.9 -45.6   18.5   -2.1  -16.7               
  152  152 A E  H  X S+     0   0   97     -4,-2.6     4,-2.9     2,-0.2     5,-0.2   0.917 111.3  50.7 -63.7 -42.5   20.1   -4.9  -14.6               
  153  153 A R  H  X S+     0   0  109     -4,-2.3     4,-2.1     2,-0.2     5,-0.3   0.910 111.7  48.6 -59.4 -43.3   23.6   -3.4  -15.3               
  154  154 A A  H  X S+     0   0    0     -4,-2.3     4,-2.8     2,-0.2     5,-0.5   0.929 113.2  46.8 -63.3 -45.7   22.3    0.0  -14.1               
  155  155 A I  H  X S+     0   0   35     -4,-2.6     4,-1.8     1,-0.2    -2,-0.2   0.956 115.0  46.3 -59.1 -51.3   20.7   -1.4  -10.9               
  156  156 A K  H  < S+     0   0  188     -4,-2.9    -1,-0.2     1,-0.2    -2,-0.2   0.838 124.3  30.9 -63.2 -39.6   23.9   -3.5  -10.1               
  157  157 A K  H  < S+     0   0  141     -4,-2.1    -1,-0.2    -5,-0.2    -2,-0.2   0.829 124.9  40.2 -90.0 -37.4   26.4   -0.6  -10.7               
  158  158 A M  H >< S+     0   0    1     -4,-2.8     3,-2.1    -5,-0.3     2,-0.3   0.705  82.8 105.4 -92.9 -23.3   24.4    2.5   -9.7               
  159  159 A N  T 3< S+     0   0   75     -4,-1.8    10,-0.2    -5,-0.5   -56,-0.0  -0.437  97.2  10.2 -62.0 120.3   22.5    1.3   -6.6               
  160  160 A G  T 3  S+     0   0   44      8,-2.8    -1,-0.3    -2,-0.3     9,-0.1   0.277  96.4 138.7  88.9  -5.6   24.2    3.0   -3.7               
  161  161 A M    <   -     0   0   92     -3,-2.1     7,-2.8     7,-0.1     2,-0.7  -0.273  58.2-112.3 -65.3 152.8   26.4    5.3   -5.8               
  162  162 A L  E     +H  167   0D 109      5,-0.2     2,-0.5     3,-0.1     5,-0.2  -0.809  33.5 180.0 -88.0 113.8   26.9    9.0   -4.8               
  163  163 A L  E >  S-H  166   0D  23      3,-2.6     3,-2.0    -2,-0.7   -56,-0.2  -0.979  80.9 -17.2-111.1 120.4   25.2   11.5   -7.2               
  164  164 A N  T 3  S-     0   0  110     -2,-0.5    -1,-0.2     1,-0.3   -55,-0.1   0.873 130.5 -53.4  47.7  42.7   25.9   15.1   -6.0               
  165  165 A G  T 3  S+     0   0   66      1,-0.2     2,-0.4    -3,-0.1    -1,-0.3   0.377 116.4 113.0  78.0  -1.7   26.8   13.7   -2.5               
  166  166 A R  E <  S-H  163   0D 103     -3,-2.0    -3,-2.6   -61,-0.0     2,-0.7  -0.865  70.2-124.5-102.7 135.2   23.6   11.7   -2.1               
  167  167 A K  E     -H  162   0D 143     -2,-0.4    -5,-0.2    -5,-0.2     2,-0.2  -0.655  33.3-146.9 -72.7 109.5   23.4    7.8   -2.1               
  168  168 A V        -     0   0    2     -7,-2.8    -8,-2.8    -2,-0.7     2,-0.5  -0.511   2.4-141.7 -79.7 146.5   21.0    7.0   -4.8               
  169  169 A F  E     -F  104   0C 107    -65,-2.5   -65,-3.1   -10,-0.2     2,-0.4  -0.956  19.7-173.5-106.1 127.8   18.7    3.9   -4.7               
  170  170 A V  E     +F  103   0C   2     -2,-0.5     2,-0.3   -67,-0.2   -67,-0.2  -0.985  16.9 143.7-125.3 127.9   18.2    2.1   -8.0               
  171  171 A G  E     -F  102   0C  12    -69,-2.2   -69,-3.0    -2,-0.4     3,-0.1  -0.932  52.4 -64.9-150.9 173.4   15.7   -0.8   -8.5               
  172  172 A Q  E     -F  101   0C 127     -2,-0.3     2,-0.3   -71,-0.2   -71,-0.3  -0.336  60.6-103.2 -60.8 141.3   13.2   -2.4  -10.8               
  173  173 A F        -     0   0   74    -73,-2.5     2,-0.4   -76,-0.3   -73,-0.1  -0.571  36.5-165.5 -68.3 130.8   10.2   -0.3  -11.7               
  174  174 A K        -     0   0   70     -2,-0.3   -77,-0.0    -3,-0.1    -3,-0.0  -0.964  23.0-115.4-115.8 136.0    7.0   -1.3   -9.9               
  175  175 A S     >  -     0   0   48     -2,-0.4     4,-2.6     1,-0.1     5,-0.2  -0.113  28.4-109.8 -60.5 159.4    3.6   -0.0  -11.0               
  176  176 A R  H  > S+     0   0  181      1,-0.2     4,-2.2     2,-0.2     5,-0.2   0.946 120.7  49.9 -56.2 -45.4    1.6    2.3   -8.6               
  177  177 A K  H  > S+     0   0  174      2,-0.2     4,-2.3     1,-0.2    -1,-0.2   0.886 111.8  47.2 -60.4 -45.1   -0.9   -0.6   -8.0               
  178  178 A E  H  > S+     0   0   83      2,-0.2     4,-2.9     1,-0.2     5,-0.2   0.939 112.0  49.4 -65.5 -45.6    1.8   -3.1   -7.3               
  179  179 A R  H  X S+     0   0   93     -4,-2.6     4,-2.2     1,-0.2    -2,-0.2   0.872 112.5  48.3 -60.8 -40.7    3.7   -0.8   -4.9               
  180  180 A E  H  X S+     0   0  108     -4,-2.2     4,-2.3    -5,-0.2    -1,-0.2   0.901 112.2  49.5 -66.4 -39.8    0.4   -0.0   -3.0               
  181  181 A A  H  X S+     0   0   64     -4,-2.3     4,-2.6     2,-0.2    -2,-0.2   0.935 113.6  45.3 -63.7 -46.3   -0.4   -3.8   -2.9               
  182  182 A E  H  X S+     0   0   86     -4,-2.9     4,-3.0     2,-0.2     5,-0.2   0.901 114.2  48.3 -63.6 -42.6    3.1   -4.6   -1.5               
  183  183 A L  H  X S+     0   0  117     -4,-2.2     4,-1.3    -5,-0.2    -1,-0.2   0.877 113.4  48.5 -68.6 -34.8    2.9   -1.7    1.0               
  184  184 A G  H  X S+     0   0   33     -4,-2.3     4,-0.7     2,-0.2    -2,-0.2   0.890 112.7  48.1 -66.6 -41.9   -0.6   -2.9    2.1               
  185  185 A A  H >X S+     0   0   49     -4,-2.6     3,-1.5     1,-0.2     4,-1.2   0.972 112.9  47.4 -63.2 -49.8    0.8   -6.5    2.4               
  186  186 A R  H 3< S+     0   0  175     -4,-3.0    -1,-0.2     1,-0.3    -2,-0.2   0.766 107.2  57.6 -63.9 -28.2    3.8   -5.4    4.5               
  187  187 A A  H 3< S+     0   0   57     -4,-1.3    -1,-0.3    -5,-0.2    -2,-0.2   0.687 104.7  52.1 -74.3 -20.1    1.4   -3.2    6.6               
  188  188 A K  H << S+     0   0  155     -3,-1.5     2,-0.3    -4,-0.7    -2,-0.2   0.703  88.8  98.6 -83.1 -23.6   -0.5   -6.5    7.5               
  189  189 A E     <  +     0   0  109     -4,-1.2    53,-0.0    -5,-0.1    52,-0.0  -0.484  49.8 168.6 -66.1 122.2    2.8   -8.2    8.5               
  190  190 A F        -     0   0   22     -2,-0.3    54,-0.1    51,-0.1    55,-0.1  -0.969  25.8-180.0-135.1 123.1    3.1   -8.1   12.3               
  191  191 A P        +     0   0   53      0, 0.0    47,-2.8     0, 0.0     2,-0.5   0.632  68.8  84.5 -84.4 -18.5    5.7  -10.0   14.5               
  192  192 A N  E     -I  237   0E  71     45,-0.2    74,-2.9    74,-0.2     2,-0.4  -0.790  60.9-167.6 -99.4 124.0    4.2   -8.5   17.7               
  193  193 A V  E     -IJ 236 265E   0     43,-3.4    43,-2.3    -2,-0.5     2,-0.4  -0.846  10.4-150.1-109.5 135.1    1.2  -10.1   19.4               
  194  194 A Y  E     -IJ 235 264E  33     70,-3.4    70,-2.4    -2,-0.4     2,-0.4  -0.941  16.1-167.6-103.2 131.0   -0.9   -8.6   22.2               
  195  195 A I  E     +IJ 234 263E   1     39,-2.6    39,-2.6    -2,-0.4     2,-0.3  -0.964   9.6 172.9-126.6 132.3   -2.4  -11.1   24.6               
  196  196 A K  E     +IJ 233 262E 109     66,-2.6    66,-2.7    -2,-0.4    37,-0.2  -0.973  49.5  32.1-138.6 156.4   -5.2  -10.3   27.2               
  197  197 A N        +     0   0   65     35,-2.4    59,-0.2    -2,-0.3    36,-0.1   0.697  64.6 129.3  74.7  28.8   -7.5  -12.0   29.7               
  198  198 A F  S    S-     0   0    4     34,-0.5     3,-0.1     1,-0.3     2,-0.1   0.340  71.6-108.2 -89.2   3.9   -5.2  -15.0   30.7               
  199  199 A G        -     0   0   14     33,-0.2    -1,-0.3     1,-0.1     3,-0.3  -0.351  31.6 -77.9  91.9 179.5   -5.7  -14.3   34.5               
  200  200 A E  S    S+     0   0  109      1,-0.2    30,-0.5    -2,-0.1    -1,-0.1   0.709 117.1  72.5 -89.7 -20.7   -3.3  -13.0   37.1               
  201  201 A D  S    S+     0   0  113     -3,-0.1     2,-0.6    28,-0.1    -1,-0.2   0.330  73.8 103.2 -79.7   0.9   -1.3  -16.3   37.6               
  202  202 A M        +     0   0   30     -3,-0.3    30,-0.2     4,-0.1     2,-0.2  -0.844  48.4 177.8 -90.9 124.8    0.4  -15.9   34.2               
  203  203 A D     >  -     0   0   70     -2,-0.6     4,-2.1    27,-0.1     5,-0.2  -0.433  48.0 -87.4-110.0 179.4    4.1  -14.7   34.3               
  204  204 A D  H  > S+     0   0   53      2,-0.2     4,-1.7     1,-0.2     5,-0.1   0.861 125.3  50.1 -59.7 -37.0    6.7  -14.1   31.6               
  205  205 A E  H  > S+     0   0  146      2,-0.2     4,-2.6     1,-0.2     5,-0.2   0.966 111.9  44.2 -71.3 -51.5    7.9  -17.8   31.7               
  206  206 A R  H  > S+     0   0  130      1,-0.2     4,-2.5     2,-0.2    -2,-0.2   0.866 114.7  50.7 -62.5 -37.8    4.4  -19.5   31.4               
  207  207 A L  H  X S+     0   0    1     -4,-2.1     4,-1.9     2,-0.2    -1,-0.2   0.893 111.1  49.0 -66.1 -39.1    3.5  -17.0   28.6               
  208  208 A K  H  X S+     0   0  122     -4,-1.7     4,-2.2    -5,-0.2    -2,-0.2   0.910 113.4  46.0 -65.8 -42.5    6.8  -17.9   26.8               
  209  209 A D  H  X S+     0   0  126     -4,-2.6     4,-0.7     2,-0.2    -2,-0.2   0.929 113.6  49.4 -65.6 -43.7    6.1  -21.6   27.1               
  210  210 A L  H  < S+     0   0   45     -4,-2.5    -1,-0.2    -5,-0.2    -2,-0.2   0.846 123.7  30.1 -64.1 -38.5    2.4  -21.2   26.0               
  211  211 A F  H >< S+     0   0    1     -4,-1.9     3,-1.8    -5,-0.1     4,-0.5   0.628 100.0  81.5 -99.0 -15.4    3.4  -19.1   22.9               
  212  212 A G  H >< S+     0   0   36     -4,-2.2     3,-0.8     1,-0.3    -2,-0.2   0.776  79.8  70.7 -64.0 -24.1    6.9  -20.7   22.2               
  213  213 A K  T 3< S+     0   0  124     -4,-0.7    -1,-0.3     1,-0.2    -2,-0.1   0.674  93.5  56.9 -63.1 -20.4    5.1  -23.6   20.4               
  214  214 A F  T <  S-     0   0   17     -3,-1.8    -1,-0.2     1,-0.3    -2,-0.2   0.736 124.6 -61.9 -84.0 -25.2    4.2  -21.2   17.5               
  215  215 A G  S <  S-     0   0   13     -3,-0.8    -1,-0.3    -4,-0.5     2,-0.3  -0.891  75.2 -37.3 159.1 173.5    7.8  -20.1   16.8               
  216  216 A P        -     0   0   64      0, 0.0    23,-2.3     0, 0.0     2,-0.6  -0.413  54.1-147.2 -63.3 120.2   11.0  -18.4   18.1               
  217  217 A A  E     -K  238   0E  34     -2,-0.3    21,-0.3    21,-0.2     3,-0.1  -0.823  14.1-167.8 -91.3 121.5   10.0  -15.5   20.4               
  218  218 A L  E    S+     0   0E 122     19,-2.1     2,-0.3    -2,-0.6    20,-0.2   0.768  79.8   6.6 -70.7 -32.8   12.4  -12.5   20.4               
  219  219 A S  E     -K  237   0E  69     18,-1.5    18,-3.1   -11,-0.0     2,-0.4  -0.955  58.7-172.9-156.3 137.9   10.7  -11.0   23.4               
  220  220 A V  E     +K  236   0E  24     -2,-0.3     2,-0.3    16,-0.2    16,-0.2  -0.999  15.4 170.3-130.2 131.1    7.9  -12.0   25.9               
  221  221 A K  E     -K  235   0E  99     14,-2.5    14,-2.4    -2,-0.4     2,-0.3  -0.861  22.2-158.9-149.7 117.7    6.5   -9.6   28.5               
  222  222 A V  E     -K  234   0E   3     -2,-0.3     2,-0.6    12,-0.3    12,-0.3  -0.697  31.3-125.3 -79.5 133.9    3.6   -9.7   31.0               
  223  223 A M  E     -     0   0E  69     10,-2.8     8,-3.1    -2,-0.3    10,-0.5  -0.797  32.0-171.8 -89.0 120.0    2.6   -6.3   32.1               
  224  224 A T  E     -K  230   0E  69     -2,-0.6     6,-0.2     6,-0.3     2,-0.1  -0.577  18.7-121.7-103.5 161.2    2.5   -5.8   35.9               
  225  225 A D    >   -     0   0   64      4,-2.4     3,-1.4    -2,-0.2    -1,-0.1  -0.247  47.5 -82.8 -82.6-175.3    1.3   -3.0   38.2               
  226  226 A E  T 3  S+     0   0  212      1,-0.3    -2,-0.0     2,-0.1    -1,-0.0   0.723 131.2  56.3 -65.6 -21.5    3.5   -1.1   40.7               
  227  227 A S  T 3  S-     0   0   97      2,-0.1    -1,-0.3     3,-0.0     3,-0.1   0.436 119.9-109.1 -86.4  -2.9    2.9   -4.0   43.2               
  228  228 A G  S <  S+     0   0   51     -3,-1.4     2,-0.2     1,-0.3    -2,-0.1   0.370  73.9 140.7  84.2   0.9    4.3   -6.6   40.7               
  229  229 A K        -     0   0   97      1,-0.1    -4,-2.4    -5,-0.1    -1,-0.3  -0.505  60.3-103.9 -76.7 138.4    0.8   -8.1   40.2               
  230  230 A S  E     - K   0 224E  12    -30,-0.5    -6,-0.3    -6,-0.2    -1,-0.1  -0.395  15.8-149.7 -62.0 131.7   -0.1   -9.1   36.6               
  231  231 A K  E     -     0   0E 124     -8,-3.1    -1,-0.1     2,-0.3   -34,-0.1   0.290  48.5-108.0 -80.4   6.4   -2.5   -6.7   34.8               
  232  232 A G  E    S+     0   0E  13    -33,-0.2   -35,-2.4   -30,-0.2   -34,-0.5   0.725  90.0  85.8  71.1  22.9   -3.8   -9.7   32.8               
  233  233 A F  E     +I  196   0E  42    -10,-0.5   -10,-2.8   -37,-0.2    -2,-0.3  -0.990  46.1 162.4-147.8 157.2   -2.1   -8.7   29.5               
  234  234 A G  E     -IK 195 222E   0    -39,-2.6   -39,-2.6    -2,-0.3     2,-0.4  -0.882  27.3-114.7-156.9-178.9    1.2   -9.1   27.8               
  235  235 A F  E     -IK 194 221E  63    -14,-2.4   -14,-2.5    -2,-0.3     2,-0.4  -0.991  13.0-166.4-131.8 141.1    3.2   -9.0   24.5               
  236  236 A V  E     -IK 193 220E   1    -43,-2.3   -43,-3.4    -2,-0.4     2,-0.6  -0.999   7.2-160.7-125.3 126.7    5.0  -11.7   22.4               
  237  237 A S  E     -IK 192 219E  26    -18,-3.1   -19,-2.1    -2,-0.4   -18,-1.5  -0.961  12.4-161.5-106.2 113.6    7.4  -10.6   19.7               
  238  238 A F  E     - K   0 217E   0    -47,-2.8   -21,-0.2    -2,-0.6     3,-0.0  -0.585  26.2-126.7 -87.2 157.0    8.1  -13.4   17.1               
  239  239 A E  S    S+     0   0  126    -23,-2.3     2,-0.3    -2,-0.2   -22,-0.1   0.871  97.0  37.6 -66.2 -35.0   11.0  -13.5   14.7               
  240  240 A R  S  > S-     0   0  125    -24,-0.3     4,-1.5   -49,-0.1     3,-0.3  -0.900  73.5-134.3-122.0 146.3    8.6  -14.0   11.8               
  241  241 A H  H  > S+     0   0   49     -2,-0.3     4,-2.5     1,-0.2     5,-0.2   0.868 105.7  63.0 -61.1 -37.1    5.1  -12.6   11.0               
  242  242 A E  H  > S+     0   0  124      2,-0.2     4,-2.5     1,-0.2    -1,-0.2   0.878 103.2  47.6 -58.7 -39.5    3.9  -16.2   10.1               
  243  243 A D  H  > S+     0   0    2     -3,-0.3     4,-2.3     2,-0.2    -1,-0.2   0.915 112.5  49.2 -70.9 -39.9    4.5  -17.4   13.7               
  244  244 A A  H  X S+     0   0    0     -4,-1.5     4,-1.9     2,-0.2    -2,-0.2   0.881 111.4  50.0 -62.5 -40.0    2.7  -14.4   15.1               
  245  245 A Q  H  X S+     0   0   60     -4,-2.5     4,-2.8     2,-0.2     5,-0.2   0.953 110.1  49.4 -66.3 -47.0   -0.3  -15.0   12.7               
  246  246 A K  H  X S+     0   0  110     -4,-2.5     4,-2.5     1,-0.2     5,-0.3   0.899 110.1  52.1 -56.4 -43.5   -0.5  -18.7   13.7               
  247  247 A A  H  X S+     0   0    0     -4,-2.3     4,-1.8     2,-0.2     5,-0.3   0.888 112.2  45.6 -61.3 -41.4   -0.5  -17.7   17.4               
  248  248 A V  H  X S+     0   0   20     -4,-1.9     4,-2.0     2,-0.2    -2,-0.2   0.954 115.3  46.2 -64.1 -50.2   -3.4  -15.2   16.7               
  249  249 A D  H  < S+     0   0  113     -4,-2.8    -2,-0.2     1,-0.2    -3,-0.2   0.858 121.0  36.8 -65.7 -37.9   -5.4  -17.7   14.6               
  250  250 A E  H  < S+     0   0   89     -4,-2.5    -1,-0.2    -5,-0.2    -2,-0.2   0.770 125.3  34.8 -86.7 -30.5   -5.0  -20.7   17.1               
  251  251 A M  H >< S+     0   0    6     -4,-1.8     3,-1.7    -5,-0.3     2,-0.3   0.697  84.3 106.0-103.5 -21.7   -5.1  -18.8   20.5               
  252  252 A N  T 3< S+     0   0   80     -4,-2.0    10,-0.2    -5,-0.3   -57,-0.0  -0.440  95.7   7.9 -65.4 125.5   -7.6  -16.0   20.0               
  253  253 A G  T 3  S+     0   0   37      8,-2.9    -1,-0.3     1,-0.3     9,-0.1   0.306  93.5 139.9  85.0  -4.7  -10.9  -16.9   21.8               
  254  254 A K    <   -     0   0   81     -3,-1.7     7,-3.0     7,-0.2     2,-0.5  -0.345  56.4-113.2 -65.5 149.6   -9.5  -20.0   23.5               
  255  255 A E  E     +L  260   0F 141      5,-0.2     2,-0.4     3,-0.1     5,-0.2  -0.753  38.7 170.2 -88.8 122.9  -10.6  -20.6   27.1               
  256  256 A L  E >  S-L  259   0F  48      3,-2.9     3,-1.3    -2,-0.5    -2,-0.0  -0.994  73.6  -9.7-129.9 125.1   -7.9  -20.4   29.8               
  257  257 A N  T 3  S-     0   0  102     -2,-0.4    -1,-0.1     1,-0.2     3,-0.1   0.872 129.6 -54.4  55.7  41.2   -8.8  -20.4   33.5               
  258  258 A G  T 3  S+     0   0   59      1,-0.2     2,-0.4    -3,-0.0    -1,-0.2   0.631 121.9 100.6  72.1  10.8  -12.6  -20.1   32.7               
  259  259 A K  E <  S-L  256   0F 109     -3,-1.3    -3,-2.9   -62,-0.1     2,-0.6  -0.989  75.9-119.2-128.7 140.1  -11.9  -16.9   30.6               
  260  260 A Q  E     -L  255   0F 134     -2,-0.4    -5,-0.2    -5,-0.2     2,-0.2  -0.664  31.9-137.4 -76.5 119.9  -11.6  -16.4   26.9               
  261  261 A I        -     0   0    3     -7,-3.0    -8,-2.9    -2,-0.6     2,-0.5  -0.521   7.2-140.6 -74.9 142.6   -8.2  -15.1   26.0               
  262  262 A Y  E     +J  196   0E 116    -66,-2.7   -66,-2.6    -2,-0.2     2,-0.4  -0.934  21.6 179.4-102.2 127.3   -7.8  -12.3   23.4               
  263  263 A V  E     +J  195   0E   1     -2,-0.5     2,-0.3   -68,-0.2   -68,-0.2  -0.996  19.7 133.2-129.1 123.3   -4.9  -12.6   21.0               
  264  264 A G  E     -J  194   0E   6    -70,-2.4   -70,-3.4    -2,-0.4     2,-0.1  -0.970  57.6 -56.3-157.4 172.9   -4.3  -10.0   18.3               
  265  265 A R  E     -J  193   0E  90     -2,-0.3     2,-0.5   -72,-0.2   -72,-0.3  -0.327  57.4-112.7 -55.0 133.0   -1.8   -7.8   16.5               
  266  266 A A        -     0   0   23    -74,-2.9     2,-0.4   -30,-0.2   -74,-0.2  -0.555  38.0-157.0 -68.5 117.3    0.1   -5.5   18.9               
  267  267 A Q        -     0   0   51     -2,-0.5     2,-0.1     1,-0.0    -1,-0.0  -0.792  16.7-113.9 -98.3 142.1   -1.1   -1.9   18.1               
  268  268 A K     >  -     0   0  167     -2,-0.4     4,-2.7     1,-0.1     5,-0.3  -0.357  33.8-110.1 -65.0 151.1    0.8    1.3   18.8               
  269  269 A K  H  > S+     0   0  160      1,-0.2     4,-2.0     2,-0.2     5,-0.1   0.859 119.0  47.4 -53.2 -41.6   -0.9    3.7   21.3               
  270  270 A V  H  > S+     0   0  109      2,-0.2     4,-2.0     3,-0.2    -1,-0.2   0.903 112.3  48.8 -68.3 -43.9   -1.7    6.3   18.6               
  271  271 A E  H  > S+     0   0   70      2,-0.2     4,-2.5     1,-0.2    -2,-0.2   0.971 113.6  47.5 -58.9 -51.4   -3.1    3.6   16.2               
  272  272 A R  H  X S+     0   0   87     -4,-2.7     4,-2.8     1,-0.2    -2,-0.2   0.857 111.5  49.7 -59.2 -44.1   -5.3    2.1   19.0               
  273  273 A Q  H  X S+     0   0  108     -4,-2.0     4,-2.2    -5,-0.3    -1,-0.2   0.888 111.5  49.1 -64.6 -38.9   -6.6    5.5   20.1               
  274  274 A T  H  X S+     0   0   81     -4,-2.0     4,-2.2     2,-0.2    -2,-0.2   0.912 114.2  45.3 -67.3 -43.0   -7.5    6.4   16.5               
  275  275 A E  H  X S+     0   0   93     -4,-2.5     4,-2.9     2,-0.2     5,-0.3   0.963 113.3  49.4 -65.0 -48.9   -9.3    3.1   15.9               
  276  276 A L  H  X S+     0   0  109     -4,-2.8     4,-2.4     1,-0.2    -2,-0.2   0.881 111.3  50.5 -57.0 -41.8  -11.1    3.3   19.3               
  277  277 A K  H  X S+     0   0  134     -4,-2.2     4,-2.5     2,-0.2    -1,-0.2   0.940 112.4  46.9 -61.1 -46.9  -12.2    6.9   18.5               
  278  278 A R  H  X S+     0   0  174     -4,-2.2     4,-2.7     2,-0.2    -2,-0.2   0.924 113.6  47.2 -60.4 -48.2  -13.5    5.7   15.1               
  279  279 A T  H  X S+     0   0   52     -4,-2.9     4,-3.0     2,-0.2    -1,-0.2   0.880 113.6  48.4 -65.7 -37.2  -15.4    2.7   16.6               
  280  280 A F  H  X S+     0   0  135     -4,-2.4     4,-2.2    -5,-0.3    -1,-0.2   0.904 112.3  48.7 -67.7 -40.9  -16.9    4.9   19.3               
  281  281 A E  H  X S+     0   0  104     -4,-2.5     4,-2.5     2,-0.2    -2,-0.2   0.922 114.4  46.9 -62.3 -42.2  -18.0    7.5   16.7               
  282  282 A Q  H  X S+     0   0  111     -4,-2.7     4,-3.2     2,-0.2     5,-0.3   0.964 112.7  47.4 -65.0 -50.8  -19.5    4.7   14.6               
  283  283 A M  H  X S+     0   0  113     -4,-3.0     4,-2.3     1,-0.2    -1,-0.2   0.860 113.4  50.3 -58.6 -37.4  -21.3    3.1   17.7               
  284  284 A K  H  X S+     0   0  104     -4,-2.2     4,-2.5    -5,-0.2    -1,-0.2   0.941 113.4  45.0 -63.4 -47.1  -22.5    6.7   18.5               
  285  285 A Q  H  X S+     0   0  106     -4,-2.5     4,-2.6     2,-0.2    -2,-0.2   0.889 113.6  49.2 -65.4 -40.8  -23.8    7.2   14.9               
  286  286 A D  H  X S+     0   0   80     -4,-3.2     4,-2.8     2,-0.2    -2,-0.2   0.933 113.8  46.3 -65.4 -44.4  -25.4    3.7   14.8               
  287  287 A R  H  X S+     0   0  134     -4,-2.3     4,-2.1    -5,-0.3    -2,-0.2   0.937 112.9  51.7 -58.6 -46.5  -27.1    4.3   18.1               
  288  288 A I  H  X S+     0   0   29     -4,-2.5     4,-0.7     2,-0.2    -2,-0.2   0.905 114.0  41.7 -56.7 -47.2  -28.1    7.8   16.8               
  289  289 A T  H >X S+     0   0   71     -4,-2.6     3,-0.7     2,-0.2     4,-0.6   0.918 112.0  54.8 -71.2 -43.5  -29.7    6.3   13.6               
  290  290 A R  H >< S+     0   0  179     -4,-2.8     3,-0.6     1,-0.2     4,-0.4   0.895 112.2  42.5 -57.8 -46.0  -31.4    3.3   15.4               
  291  291 A Y  H 3X S+     0   0  107     -4,-2.1     4,-1.6     1,-0.2    -1,-0.2   0.627  95.8  79.8 -77.9 -15.4  -33.3    5.6   17.8               
  292  292 A Q  H << S+     0   0   95     -4,-0.7    -1,-0.2    -3,-0.7    -2,-0.2   0.797 104.1  30.5 -65.3 -30.1  -34.3    8.3   15.2               
  293  293 A V  T << S+     0   0   67     -4,-0.6    -1,-0.2    -3,-0.6    -2,-0.2   0.534 125.0  42.4-106.9 -11.2  -37.2    6.2   13.8               
  294  294 A V  T  4 S+     0   0   10     -4,-0.4    46,-2.2    -3,-0.2     2,-0.5   0.535  90.5  89.7-113.8 -15.4  -38.3    4.2   16.9               
  295  295 A N  E  <  -M  339   0G  35     -4,-1.6    73,-3.1    44,-0.2     2,-0.4  -0.808  60.3-158.7 -94.6 123.9  -38.2    6.8   19.8               
  296  296 A L  E     -MN 338 367G   0     42,-3.1    42,-1.8    -2,-0.5     2,-0.6  -0.791  12.5-142.5-102.3 139.5  -41.4    8.8   20.4               
  297  297 A Y  E     -MN 337 366G  25     69,-3.3    69,-2.0    -2,-0.4     2,-0.5  -0.916  20.0-166.9 -94.5 120.1  -41.7   12.2   22.1               
  298  298 A V  E     +MN 336 365G   0     38,-2.6    38,-2.8    -2,-0.6     2,-0.3  -0.953  11.4 176.6-112.9 119.8  -45.0   12.2   24.2               
  299  299 A K  E     +MN 335 364G 105     65,-2.9    65,-2.7    -2,-0.5    36,-0.2  -0.832  51.6  45.5-122.6 164.0  -46.2   15.6   25.5               
  300  300 A N  S    S+     0   0   68     34,-1.7    35,-0.2    -2,-0.3    -1,-0.2   0.793  71.1 172.0  69.0  35.0  -49.2   16.9   27.4               
  301  301 A L        -     0   0    1     33,-1.9    -1,-0.2    -3,-0.2     2,-0.1  -0.464  37.9-110.7 -64.2 139.1  -49.0   14.1   30.0               
  302  302 A D    >   -     0   0   32     56,-0.2     3,-2.0    59,-0.2    32,-0.1  -0.440  29.5-113.6 -64.0 149.0  -51.3   14.4   33.0               
  303  303 A D  T 3  S+     0   0  100      1,-0.3    29,-0.3    -2,-0.1    -1,-0.1   0.756 116.4  57.6 -65.7 -23.3  -49.4   15.1   36.2               
  304  304 A G  T 3  S+     0   0   46      2,-0.0     2,-0.7     5,-0.0    -1,-0.3   0.308  80.8 106.5 -85.9   2.8  -50.4   11.6   37.5               
  305  305 A I    <   +     0   0   13     -3,-2.0    29,-0.1     4,-0.1     2,-0.1  -0.815  48.0 177.2 -88.1 114.7  -48.9    9.7   34.5               
  306  306 A D     >  -     0   0   70     -2,-0.7     4,-2.6    26,-0.0     5,-0.2  -0.337  49.3 -83.7 -98.7-178.6  -45.6    7.9   35.6               
  307  307 A D  H  > S+     0   0   68      2,-0.2     4,-2.4     1,-0.2     5,-0.1   0.841 128.6  49.8 -57.2 -35.7  -43.3    5.6   33.6               
  308  308 A E  H  > S+     0   0  153      2,-0.2     4,-2.8     1,-0.2    -1,-0.2   0.937 112.3  44.3 -75.4 -46.3  -45.5    2.6   34.2               
  309  309 A R  H  > S+     0   0  162      2,-0.2     4,-2.1     1,-0.2    -2,-0.2   0.893 115.1  50.8 -63.7 -39.5  -48.8    4.2   33.2               
  310  310 A L  H  X S+     0   0    2     -4,-2.6     4,-1.4     2,-0.2    -2,-0.2   0.950 112.2  46.3 -61.7 -49.0  -47.0    5.7   30.1               
  311  311 A R  H  X S+     0   0   98     -4,-2.4     4,-1.6     1,-0.2     3,-0.4   0.923 113.2  49.7 -58.0 -46.3  -45.7    2.1   29.3               
  312  312 A K  H  < S+     0   0  163     -4,-2.8    -1,-0.2     1,-0.2    -2,-0.2   0.833 108.5  52.7 -63.9 -35.9  -49.1    0.6   29.8               
  313  313 A A  H  < S+     0   0   27     -4,-2.1    -1,-0.2     1,-0.2    -2,-0.2   0.803 118.9  35.7 -68.4 -29.9  -50.8    3.2   27.5               
  314  314 A F  H >< S+     0   0    0     -4,-1.4     3,-1.8    -3,-0.4     4,-0.3   0.558  91.4  90.9-101.4 -12.6  -48.3    2.5   24.7               
  315  315 A S  G >< S+     0   0   63     -4,-1.6     3,-1.1     1,-0.3    -1,-0.1   0.781  76.3  66.3 -59.8 -28.3  -47.9   -1.4   25.2               
  316  316 A P  G 3  S+     0   0   91      0, 0.0    -1,-0.3     0, 0.0    -2,-0.1   0.641  97.4  57.4 -65.3 -14.0  -50.8   -2.2   22.7               
  317  317 A F  G <  S-     0   0   13     -3,-1.8     2,-0.3     1,-0.3    32,-0.2   0.565 120.1 -64.7 -94.9 -10.4  -48.7   -0.8   19.8               
  318  318 A G  S <  S-     0   0   21     -3,-1.1     2,-0.7    -4,-0.3    -1,-0.3  -0.929  74.8 -30.6 153.1-174.6  -45.6   -3.0   20.2               
  319  319 A T        -     0   0   94     -2,-0.3    22,-1.2    -3,-0.1     2,-0.8  -0.610  54.7-145.1 -79.7 114.1  -42.6   -4.0   22.3               
  320  320 A I  E     -O  340   0G  21     -2,-0.7    20,-0.3    20,-0.2     3,-0.1  -0.696  19.9-179.2 -85.4 113.0  -41.4   -1.1   24.4               
  321  321 A T  E    S+     0   0G  80     18,-1.7     2,-0.3    -2,-0.8    19,-0.2   0.803  76.4   4.1 -77.4 -30.0  -37.6   -1.0   24.9               
  322  322 A S  E     +O  339   0G  59     17,-1.4    17,-3.2   -11,-0.0     2,-0.4  -0.957  57.1 179.5-156.3 137.4  -37.8    2.1   27.0               
  323  323 A A  E     +O  338   0G   6     -2,-0.3     2,-0.3    15,-0.2    15,-0.2  -0.983  17.5 165.3-136.4 127.7  -40.5    4.4   28.5               
  324  324 A K  E     -O  337   0G 119     13,-2.5    13,-2.5    -2,-0.4     2,-0.3  -0.933  27.0-149.3-150.5 124.7  -39.6    7.4   30.7               
  325  325 A V  E     -O  336   0G   3     -2,-0.3     2,-0.7    11,-0.3    11,-0.3  -0.680  30.6-121.7 -85.0 135.0  -41.5   10.5   32.0               
  326  326 A M  E     -     0   0G  66      9,-2.9     7,-3.1    -2,-0.3     9,-0.5  -0.761  33.5-167.3 -86.4 115.4  -39.3   13.6   32.4               
  327  327 A M  E     -O  332   0G 104     -2,-0.7     2,-0.4     5,-0.3     5,-0.2  -0.727  14.0-168.1-103.3 148.8  -39.4   14.8   36.0               
  328  328 A E  E >  S-O  331   0G 129      3,-3.0     3,-1.9    -2,-0.3    -2,-0.0  -0.973  81.0 -15.8-136.5 116.1  -38.2   18.1   37.6               
  329  329 A G  T 3  S-     0   0   90     -2,-0.4     3,-0.1     1,-0.3    -1,-0.0   0.831 128.1 -55.7  58.6  31.6  -38.0   18.3   41.4               
  330  330 A G  T 3  S+     0   0   67      1,-0.3     2,-0.4     0, 0.0    -1,-0.3   0.261 119.1 109.1  81.2  -7.8  -40.3   15.2   41.7               
  331  331 A R  E <  S- O   0 328G 186     -3,-1.9    -3,-3.0     1,-0.0    -1,-0.3  -0.789  77.3-108.6 -96.1 140.4  -43.0   16.9   39.5               
  332  332 A S  E     - O   0 327G  14     -2,-0.4    -5,-0.3   -29,-0.3     4,-0.1  -0.437  12.6-145.5 -61.3 133.4  -43.7   15.7   35.9               
  333  333 A K  E     -     0   0G  91     -7,-3.1   -33,-0.2     2,-0.3    -1,-0.1   0.347  48.8-108.8 -75.0   2.4  -42.5   18.2   33.2               
  334  334 A G  E    S+     0   0G  14     -8,-0.2   -33,-1.9     1,-0.2   -34,-1.7   0.648  90.2  81.5  75.5  16.5  -45.7   17.0   31.3               
  335  335 A F  E     +M  299   0G  40     -9,-0.5    -9,-2.9   -36,-0.2    -2,-0.3  -0.991  46.7 163.7-146.6 158.6  -43.6   15.0   28.7               
  336  336 A G  E     -MO 298 325G   0    -38,-2.8   -38,-2.6    -2,-0.3     2,-0.4  -0.848  29.3-107.9-153.9-175.1  -41.8   11.7   28.2               
  337  337 A F  E     -MO 297 324G  57    -13,-2.5   -13,-2.5    -2,-0.2     2,-0.4  -0.981  16.5-168.4-129.3 142.6  -40.2    9.3   25.7               
  338  338 A V  E     -MO 296 323G   0    -42,-1.8   -42,-3.1    -2,-0.4     2,-0.5  -0.984   8.3-164.8-131.5 118.6  -41.4    5.8   24.4               
  339  339 A C  E     -MO 295 322G   2    -17,-3.2   -18,-1.7    -2,-0.4   -17,-1.4  -0.921   6.1-160.9-105.7 124.6  -39.0    3.7   22.4               
  340  340 A F  E     - O   0 320G   3    -46,-2.2   -20,-0.2    -2,-0.5   -46,-0.1  -0.427  27.7-121.0 -90.9 167.7  -40.3    0.7   20.4               
  341  341 A S  S    S+     0   0   66    -22,-1.2   -21,-0.1    -2,-0.1    -1,-0.1   0.778  96.2  32.0 -73.5 -30.1  -38.3   -2.3   19.0               
  342  342 A S  S  > S-     0   0   28    -23,-0.2     4,-1.7   -48,-0.1    -2,-0.1  -0.904  73.4-126.7-132.3 152.8  -39.4   -1.4   15.4               
  343  343 A P  H  > S+     0   0   48      0, 0.0     4,-2.4     0, 0.0     5,-0.1   0.811 110.5  58.5 -63.1 -31.3  -40.2    1.7   13.3               
  344  344 A E  H  > S+     0   0  135      2,-0.2     4,-2.5     1,-0.2     5,-0.2   0.945 106.8  45.7 -67.3 -46.9  -43.6    0.1   12.3               
  345  345 A E  H  > S+     0   0   40      1,-0.2     4,-2.5     2,-0.2    -1,-0.2   0.914 113.9  50.4 -59.8 -43.9  -44.7   -0.2   15.9               
  346  346 A A  H  X S+     0   0    0     -4,-1.7     4,-2.1     2,-0.2    -2,-0.2   0.906 110.9  48.1 -63.0 -42.0  -43.5    3.4   16.6               
  347  347 A T  H  X S+     0   0   81     -4,-2.4     4,-2.4     2,-0.2    -2,-0.2   0.922 111.0  50.8 -66.6 -43.2  -45.4    4.8   13.5               
  348  348 A K  H  X S+     0   0  106     -4,-2.5     4,-2.3     1,-0.2     5,-0.3   0.939 110.5  49.6 -58.3 -47.2  -48.6    2.9   14.5               
  349  349 A A  H  X S+     0   0    0     -4,-2.5     4,-2.3     1,-0.2     5,-0.3   0.878 109.9  51.1 -61.1 -40.3  -48.3    4.5   18.0               
  350  350 A V  H  X S+     0   0   33     -4,-2.1     4,-1.4     1,-0.2    -1,-0.2   0.935 112.6  46.4 -61.5 -46.1  -47.9    8.0   16.5               
  351  351 A T  H  < S+     0   0  110     -4,-2.4    -2,-0.2     1,-0.2    -1,-0.2   0.887 122.4  33.5 -65.4 -41.5  -51.0    7.6   14.3               
  352  352 A E  H  < S+     0   0  102     -4,-2.3    -2,-0.2    -5,-0.2    -1,-0.2   0.782 122.6  41.9 -90.0 -30.4  -53.3    6.2   17.0               
  353  353 A M  H >< S+     0   0    1     -4,-2.3     3,-1.4    -5,-0.3     2,-0.4   0.677  84.1 103.5 -94.9 -18.7  -52.0    8.0   20.2               
  354  354 A N  T 3< S+     0   0   81     -4,-1.4    10,-0.2    -5,-0.3     3,-0.1  -0.529 100.7   5.2 -68.1 121.3  -51.5   11.6   18.8               
  355  355 A G  T 3  S+     0   0   48      8,-2.9    -1,-0.3    -2,-0.4     2,-0.2   0.224  97.1 139.7  85.0  -9.1  -54.5   13.6   20.0               
  356  356 A R    <   -     0   0  134     -3,-1.4     7,-3.0     6,-0.2     2,-0.5  -0.435  55.6-123.3 -68.5 132.8  -55.8   10.7   22.2               
  357  357 A I  E     -P  362   0H 119      5,-0.3     2,-0.4    -2,-0.2    -1,-0.1  -0.668  29.9-177.5 -77.4 120.3  -57.1   11.8   25.6               
  358  358 A V  E >   -P  361   0H  34      3,-2.3     3,-1.5    -2,-0.5     2,-0.6  -0.996  67.9 -34.2-121.1 123.4  -55.3   10.0   28.4               
  359  359 A A  T 3  S-     0   0   76     -2,-0.4    -2,-0.0     1,-0.2   -58,-0.0  -0.575 129.1 -26.0  56.7-108.9  -56.7   10.8   31.9               
  360  360 A T  T 3  S+     0   0  106     -2,-0.6    -1,-0.2     2,-0.0    -3,-0.1   0.524 124.1  68.5-107.9 -10.1  -57.7   14.6   31.5               
  361  361 A K  E <  S-P  358   0H  56     -3,-1.5    -3,-2.3   -61,-0.1     2,-0.4  -0.895  76.5-119.9-122.2 139.7  -55.3   15.8   28.7               
  362  362 A P  E     -P  357   0H  65      0, 0.0    -5,-0.3     0, 0.0    -6,-0.2  -0.654  39.5-125.4 -72.9 126.7  -55.0   15.1   24.9               
  363  363 A L        -     0   0    5     -7,-3.0    -8,-2.9    -2,-0.4     2,-0.5  -0.393  10.0-147.2 -71.2 147.1  -51.6   13.6   24.1               
  364  364 A Y  E     -N  299   0G 122    -65,-2.7   -65,-2.9   -10,-0.2     2,-0.4  -0.984  23.5-178.2-108.1 120.6  -49.1   15.0   21.6               
  365  365 A V  E     +N  298   0G   2     -2,-0.5     2,-0.3   -67,-0.2   -67,-0.2  -0.981  13.6 142.4-125.0 125.6  -47.1   12.1   20.0               
  366  366 A A  E     -N  297   0G  21    -69,-2.0   -69,-3.3    -2,-0.4     2,-0.1  -0.967  57.0 -72.7-148.9 165.6  -44.3   12.6   17.5               
  367  367 A L  E     -N  296   0G  84     -2,-0.3     2,-0.5   -71,-0.2   -71,-0.3  -0.400  61.8-104.5 -59.3 135.1  -40.9   11.2   16.5               
  368  368 A A        -     0   0   17    -73,-3.1     2,-0.3   -77,-0.2   -73,-0.2  -0.514  33.6-155.6 -71.0 120.0  -38.3   12.3   19.0               
  369  369 A Q        -     0   0  121     -2,-0.5     2,-0.1     1,-0.1    -1,-0.0  -0.739  23.2-110.7 -89.2 141.2  -36.0   15.1   17.8               
  370  370 A R     >  -     0   0   68     -2,-0.3     4,-2.9     1,-0.1     5,-0.2  -0.370  23.2-118.7 -65.9 151.5  -32.6   15.5   19.4               
  371  371 A K  H  > S+     0   0  163      2,-0.2     4,-2.3     1,-0.2     5,-0.1   0.891 114.2  45.9 -56.9 -44.2  -31.9   18.6   21.5               
  372  372 A E  H  > S+     0   0  127      2,-0.2     4,-2.7     1,-0.2    -1,-0.2   0.926 114.9  45.4 -69.4 -46.1  -29.2   19.9   19.2               
  373  373 A E  H  > S+     0   0   88      2,-0.2     4,-2.8     1,-0.2    -2,-0.2   0.924 115.9  48.0 -62.4 -43.4  -31.1   19.2   15.9               
  374  374 A R  H  X S+     0   0  110     -4,-2.9     4,-2.7     2,-0.2    -2,-0.2   0.889 111.9  49.3 -64.0 -41.7  -34.2   20.9   17.5               
  375  375 A Q  H  X S+     0   0  120     -4,-2.3     4,-2.3    -5,-0.2    -2,-0.2   0.924 112.7  47.4 -65.5 -42.7  -32.1   23.8   18.7               
  376  376 A A  H  X S+     0   0   52     -4,-2.7     4,-2.8     2,-0.2    -2,-0.2   0.927 113.1  48.9 -62.3 -44.9  -30.6   24.3   15.2               
  377  377 A Y  H  X S+     0   0  148     -4,-2.8     4,-2.6     1,-0.2    -2,-0.2   0.954 114.6  44.6 -58.5 -50.3  -34.1   24.0   13.6               
  378  378 A L  H  X S+     0   0   90     -4,-2.7     4,-2.3     2,-0.2    -1,-0.2   0.839 113.3  51.5 -63.9 -35.5  -35.5   26.6   16.1               
  379  379 A T  H  X S+     0   0   66     -4,-2.3     4,-2.6     2,-0.2    -2,-0.2   0.931 111.9  46.0 -69.2 -43.7  -32.4   28.9   15.6               
  380  380 A N  H  X S+     0   0   97     -4,-2.8     4,-2.6     2,-0.2    -2,-0.2   0.909 112.7  50.5 -63.7 -42.5  -32.8   28.7   11.8               
  381  381 A E  H  X S+     0   0   61     -4,-2.6     4,-2.3     2,-0.2    -2,-0.2   0.926 112.6  47.2 -61.9 -42.6  -36.6   29.4   12.1               
  382  382 A Y  H  X S+     0   0  150     -4,-2.3     4,-2.5     2,-0.2    -2,-0.2   0.928 112.5  49.0 -62.7 -45.3  -35.8   32.4   14.4               
  383  383 A M  H  X S+     0   0  120     -4,-2.6     4,-2.1     2,-0.2    -2,-0.2   0.895 111.0  50.1 -63.5 -40.2  -33.1   33.7   12.0               
  384  384 A Q  H  X S+     0   0  140     -4,-2.6     4,-1.9     2,-0.2    -2,-0.2   0.923 110.8  49.2 -65.3 -42.3  -35.5   33.4    9.0               
  385  385 A R  H  X S+     0   0  154     -4,-2.3     4,-1.5     1,-0.2    -2,-0.2   0.938 111.7  49.3 -61.3 -44.3  -38.3   35.3   10.8               
  386  386 A M  H  X S+     0   0   95     -4,-2.5     4,-1.1     1,-0.2    -2,-0.2   0.869 108.6  53.2 -63.4 -36.7  -35.7   38.0   11.8               
  387  387 A A  H  < S+     0   0   64     -4,-2.1     4,-0.3     1,-0.2     3,-0.3   0.898 107.5  51.4 -64.8 -38.6  -34.6   38.3    8.1               
  388  388 A S  H >< S+     0   0   80     -4,-1.9     3,-0.7     1,-0.2    -2,-0.2   0.840 107.3  52.4 -69.4 -31.0  -38.2   38.8    6.9               
  389  389 A V  H >< S+     0   0  101     -4,-1.5     3,-0.6     1,-0.2    -1,-0.2   0.766 106.1  54.7 -76.8 -23.6  -38.8   41.7    9.4               
  390  390 A R  T 3< S+     0   0  235     -4,-1.1    -1,-0.2    -3,-0.3    -2,-0.2   0.502  91.8  76.5 -85.1  -4.7  -35.7   43.5    8.2               
  391  391 A A  T <   +     0   0   72     -3,-0.7    -1,-0.2    -4,-0.3    -2,-0.1   0.155  56.6 119.1 -97.3  15.5  -36.8   43.5    4.5               
  392  392 A V    <   -     0   0  119     -3,-0.6     2,-0.8     1,-0.0    -3,-0.0  -0.751  63.0-138.7 -76.8 111.7  -39.5   46.3    4.8               
  393  393 A P        -     0   0  112      0, 0.0     2,-0.9     0, 0.0    -2,-0.1  -0.655   8.2-145.1 -78.4 108.9  -38.1   48.9    2.3               
  394  394 A N        -     0   0  154     -2,-0.8     2,-0.6     2,-0.1    -2,-0.0  -0.670  17.1-140.3 -70.8 106.1  -38.6   52.4    3.8               
  395  395 A Q        +     0   0  179     -2,-0.9     2,-0.1     1,-0.0    -1,-0.0  -0.646  42.1 141.4 -64.2 114.4  -39.3   54.6    0.8               
  396  396 A R        -     0   0  234     -2,-0.6    -2,-0.1     0, 0.0    -1,-0.0  -0.499  46.9 -94.0-164.3 110.8  -37.6   58.0    1.1               
  397  397 A A        -     0   0   88     -2,-0.1     0, 0.0     1,-0.1     0, 0.0   0.773  28.5-109.3  32.5 135.3  -36.0   60.1   -1.6               
  398  398 A P        -     0   0  130      0, 0.0     2,-0.4     0, 0.0    -1,-0.1  -0.646  20.7-158.4 -83.4 146.4  -32.4   60.6   -3.0               
  399  399 A P        -     0   0  125      0, 0.0     2,-0.1     0, 0.0     0, 0.0  -0.996  19.3-133.1-119.5 132.3  -30.3   63.7   -2.5               
  400  400 A S        +     0   0  123     -2,-0.4     0, 0.0     1,-0.1     0, 0.0  -0.336  40.7  12.9 -54.4 144.7  -27.5   64.4   -4.9               
  401  401 A G        +     0   0   57     -2,-0.1    -1,-0.1     0, 0.0     0, 0.0   0.983  50.9  15.4  85.3 108.7  -24.0   65.4   -4.5               
  402  402 A Y        +     0   0  214      0, 0.0    -2,-0.0     0, 0.0     0, 0.0   0.986  34.7   6.7  87.1 115.4  -20.8   66.0   -3.0               
  403  403 A F        -     0   0  169      0, 0.0     0, 0.0     0, 0.0     0, 0.0   0.994  31.9  -6.4  83.2 118.5  -17.9   66.0   -0.6               
  404  404 A M        -     0   0  154      0, 0.0     0, 0.0     0, 0.0     0, 0.0   0.989  24.4 -88.4  74.9 113.6  -15.7   65.4    2.3               
  405  405 A T        +     0   0  129      0, 0.0     0, 0.0     0, 0.0     0, 0.0   0.525  23.5 125.1  37.5 126.1  -14.2   64.3    5.5               
  406  406 A A        -     0   0   78      0, 0.0     0, 0.0     0, 0.0     0, 0.0   0.642  32.4-105.2-171.4 144.5  -13.4   64.2    8.6               
  407  407 A V        -     0   0  144      1,-0.1     2,-0.2     0, 0.0     0, 0.0   0.900  25.6-124.0  41.9 149.9  -13.4   62.4   12.0               
  408  408 A P        -     0   0  112      0, 0.0     2,-0.2     0, 0.0    -1,-0.1  -0.539   6.3-150.0-123.7 167.4  -15.0   62.4   15.6               
  409  409 A Q        -     0   0  184     -2,-0.2     0, 0.0     1,-0.1     0, 0.0  -0.800  28.5-121.5-169.1 156.3  -15.1   62.5   19.4               
  410  410 A T        +     0   0  100     -2,-0.2    -1,-0.1     0, 0.0     0, 0.0   0.760  33.2 122.7-167.1 165.5  -17.0   61.2   22.0               
  411  411 A Q        -     0   0  178      0, 0.0    -2,-0.0     0, 0.0     0, 0.0   0.897  21.5-134.3  96.5 104.6  -19.2   60.2   25.1               
  412  412 A N        +     0   0  149      2,-0.0     2,-0.2     0, 0.0     0, 0.0   0.248  12.6 175.9   7.6 137.6  -22.1   58.5   26.6               
  413  413 A H        -     0   0  199      2,-0.0     2,-0.3     0, 0.0     0, 0.0  -0.598  14.4-166.2-164.2 150.8  -24.8   58.9   28.9               
  414  414 A A        -     0   0   99     -2,-0.2     2,-0.2     0, 0.0    -2,-0.0  -0.786   7.0-176.9-112.0 152.1  -27.8   56.5   29.7               
  415  415 A A        -     0   0   97     -2,-0.3    -2,-0.0     0, 0.0     0, 0.0  -0.699  20.4-110.7-167.0 116.5  -31.2   56.3   31.4               
  416  416 A Y        -     0   0  210     -2,-0.2     0, 0.0     0, 0.0     0, 0.0   0.253  21.7-115.0  80.7  97.2  -33.7   53.9   32.2               
  417  417 A Y        +     0   0  193      0, 0.0     0, 0.0     0, 0.0     0, 0.0   0.870  16.7 174.1  58.2 167.2  -37.1   52.2   32.0               
  418  418 A P        -     0   0  109      0, 0.0     2,-0.0     0, 0.0     0, 0.0   0.724  13.8-174.5-140.2-156.3  -40.1   50.9   32.2               
  419  419 A P        +     0   0  112      0, 0.0     0, 0.0     0, 0.0     0, 0.0  -0.065  10.8 129.8-126.1-164.9  -43.2   49.0   30.7               
  420  420 A S        +     0   0  111      1,-0.2     2,-0.2    -2,-0.0     0, 0.0   0.772  15.1 122.4 101.1 115.3  -46.7   47.4   30.3               
  421  421 A Q        -     0   0  199      2,-0.0     2,-0.3     0, 0.0    -1,-0.2  -0.527  33.3-145.8-167.6 146.7  -49.9   46.8   28.7               
  422  422 A I        +     0   0  164     -2,-0.2     2,-0.2     2,-0.0     0, 0.0  -0.691  21.7 161.6 -91.0 138.0  -51.5   43.6   27.4               
  423  423 A A        -     0   0  103     -2,-0.3     2,-0.2     2,-0.0    -2,-0.0  -0.806  21.8-149.8-155.7 128.5  -53.8   42.7   24.5               
  424  424 A R        +     0   0  233     -2,-0.2     2,-0.1     2,-0.0    -2,-0.0  -0.510  25.3 151.0 -73.9 149.8  -54.4   39.2   23.0               
  425  425 A L        +     0   0  181     -2,-0.2    -2,-0.0     2,-0.0     0, 0.0  -0.491  14.4 164.7-171.8 127.1  -55.2   37.9   19.6               
  426  426 A R        +     0   0  221     -2,-0.1     2,-0.2     2,-0.0    -2,-0.0  -0.852  14.3 179.0-106.5 154.3  -54.3   34.5   18.0               
  427  427 A P        -     0   0  129      0, 0.0    -2,-0.0     0, 0.0     0, 0.0  -0.759  20.1-138.5-145.3 158.3  -55.1   32.4   15.2               
  428  428 A S        -     0   0  100     -2,-0.2     2,-0.5     1,-0.0    -2,-0.0  -0.333  19.2-116.1 -70.4 156.7  -53.6   29.0   14.2               
  429  429 A P        -     0   0  123      0, 0.0     2,-0.5     0, 0.0    -1,-0.0  -0.878  22.8-150.3 -97.7 127.8  -52.6   27.6   10.8               
  430  430 A R        -     0   0  234     -2,-0.5     2,-0.4     2,-0.0     0, 0.0  -0.830  14.0-137.2 -88.4 125.0  -54.6   24.5    9.5               
  431  431 A W        -     0   0  236     -2,-0.5     2,-0.4     2,-0.0     0, 0.0  -0.700  18.3-173.5 -79.1 134.2  -52.7   22.1    7.2               
  432  432 A T        -     0   0  124     -2,-0.4     2,-0.3     2,-0.1    -2,-0.0  -0.994  19.1-138.8-122.2 132.7  -54.4   20.7    4.1               
  433  433 A A        +     0   0   93     -2,-0.4     2,-0.1     2,-0.0    -2,-0.0  -0.745  29.9 154.7 -89.4 139.1  -52.4   18.1    2.2               
  434  434 A Q        -     0   0  201     -2,-0.3     2,-0.1     2,-0.0    -2,-0.1  -0.328  24.3-142.0 173.6 119.5  -52.0   17.6   -1.6               
  435  435 A G        +     0   0   77     -2,-0.1     2,-0.1     2,-0.0    -2,-0.0  -0.323  32.9 122.2 102.9  69.7  -49.7   16.2   -3.5               
  436  436 A A        -     0   0  104     -2,-0.1    -2,-0.0     0, 0.0     0, 0.0  -0.273  23.4-168.4 176.2 121.5  -47.9   16.7   -6.8               
  437  437 A R        +     0   0  243     -2,-0.1    -2,-0.0     1,-0.1     0, 0.0  -0.633  27.1  81.5 -91.9 177.0  -44.3   17.2   -8.2               
  438  438 A P        +     0   0  111      0, 0.0    -1,-0.1     0, 0.0     0, 0.0   0.629  17.7 167.6-133.8 167.6  -42.5   17.9  -10.8               
  439  439 A H        +     0   0  195      2,-0.0     2,-0.3     0, 0.0    -2,-0.0  -0.910   4.1 171.0-103.0 143.4  -40.9   20.8  -12.9               
  440  440 A P        +     0   0  109      0, 0.0     2,-0.2     0, 0.0     0, 0.0  -0.854  20.5 144.9-135.2 124.9  -38.3   20.7  -15.6               
  441  441 A F        -     0   0  191     -2,-0.3     2,-0.1     2,-0.0    -2,-0.0  -0.731  26.5-145.3-167.7 116.3  -37.5   23.8  -17.8               
  442  442 A Q        +     0   0  152     -2,-0.2     2,-0.1     0, 0.0     0, 0.0   0.048  20.4 152.5  63.2 101.8  -34.8   25.5  -19.3               
  443  443 A N        -     0   0  154     -2,-0.1    -2,-0.0     0, 0.0     0, 0.0  -0.172  12.8-179.1 178.0 140.3  -33.5   28.8  -20.2               
  444  444 A K        +     0   0  196     -2,-0.1     0, 0.0     2,-0.0     0, 0.0  -0.261  10.5 143.3 -83.2-173.6  -30.2   30.7  -20.9               
  445  445 A P        -     0   0  111      0, 0.0    -1,-0.0     0, 0.0     0, 0.0   0.542  20.3-124.3-140.9 169.8  -28.4   33.3  -21.6               
  446  446 A S        +     0   0  118      0, 0.0    -2,-0.0     0, 0.0     2,-0.0   0.687  17.4 157.2  36.9 126.1  -25.2   35.4  -21.3               
  447  447 A A        -     0   0   85      0, 0.0     0, 0.0     0, 0.0     0, 0.0   0.087  36.7 -53.0 175.6 126.6  -23.4   38.4  -20.6               
  448  448 A I        -     0   0  171     -2,-0.0     0, 0.0     2,-0.0     0, 0.0   0.982  34.8-118.8  75.4 116.2  -20.0   39.8  -19.6               
  449  449 A R        +     0   0  229      1,-0.0     0, 0.0     0, 0.0     0, 0.0   0.099  23.5  68.6 -56.7-171.7  -17.1   39.9  -17.1               
  450  450 A P        +     0   0  121      0, 0.0     2,-0.0     0, 0.0    -1,-0.0   0.819  19.9  69.2-138.6 179.7  -14.9   41.2  -14.9               
  451  451 A G        -     0   0   78      0, 0.0     0, 0.0     0, 0.0     0, 0.0   0.092  32.7-135.4 142.2 123.9  -12.9   42.7  -12.0               
  452  452 A A        +     0   0  100      2,-0.0     0, 0.0    -2,-0.0     0, 0.0   0.074  31.0 105.0 -74.3-171.2  -11.5   42.0   -8.5               
  453  453 A P        -     0   0  117      0, 0.0     2,-0.4     0, 0.0    -1,-0.0   0.645  18.3-161.4-132.6 167.8  -10.6   42.3   -5.4               
  454  454 A R        -     0   0  255      0, 0.0    -2,-0.0     0, 0.0     0, 0.0  -0.712  15.9-159.6 -79.1 132.0  -11.4   41.2   -1.7               
  455  455 A V        -     0   0  122     -2,-0.4     2,-0.3     1,-0.0     0, 0.0  -0.779  27.7-107.7-101.5 151.6  -10.1   43.2    1.3               
  456  456 A P        -     0   0  119      0, 0.0     2,-0.7     0, 0.0    -1,-0.0  -0.615  18.7-143.3 -88.2 139.4   -9.9   41.5    4.7               
  457  457 A F        -     0   0  208     -2,-0.3     2,-0.2     0, 0.0     0, 0.0  -0.899  22.2-179.0-101.0 111.4  -12.2   42.2    7.7               
  458  458 A S        +     0   0   97     -2,-0.7     0, 0.0     1,-0.0     0, 0.0  -0.628  23.9  77.7 -80.5 163.2  -10.5   42.0   11.1               
  459  459 A T        +     0   0  114     -2,-0.2    -1,-0.0     0, 0.0     0, 0.0   0.854  30.2  73.7  95.2 113.4  -12.1   42.5   14.5               
  460  460 A M        +     0   0  176      2,-0.0     0, 0.0     0, 0.0     0, 0.0   0.472  18.2 155.3 164.4 121.4  -14.0   41.9   17.4               
  461  461 A R        -     0   0  234      0, 0.0     2,-0.4     0, 0.0     0, 0.0  -0.888  26.6-146.8-103.5 145.7  -13.7   39.8   20.6               
  462  462 A P        -     0   0  123      0, 0.0     2,-0.1     0, 0.0    -2,-0.0  -0.939  23.5-118.3-114.0 148.3  -15.5   40.6   23.9               
  463  463 A A        -     0   0   90     -2,-0.4     0, 0.0     1,-0.1     0, 0.0  -0.366  29.1 -58.0 -76.0 141.5  -14.0   39.9   27.4               
  464  464 A S        -     0   0  106     -2,-0.1     2,-0.3     1,-0.0    -1,-0.1   0.645   8.2-165.1  76.2 112.2  -14.4   38.1   30.5               
  465  465 A S        -     0   0  122      2,-0.1     2,-0.1     0, 0.0    -1,-0.0  -0.829  33.1-158.0-143.9 116.7  -16.3   37.1   33.5               
  466  466 A Q        +     0   0  174     -2,-0.3     0, 0.0     2,-0.0     0, 0.0  -0.482  25.5 156.2 -69.9 149.7  -14.2   35.4   36.2               
  467  467 A V        -     0   0  146     -2,-0.1    -2,-0.1     0, 0.0     0, 0.0  -0.617  41.9 -79.3-172.9 159.1  -14.8   33.1   39.2               
  468  468 A P        -     0   0  124      0, 0.0     2,-0.3     0, 0.0    -2,-0.0   0.117  13.5-133.1-115.2 171.2  -12.3   30.8   40.6               
  469  469 A R        -     0   0  239      0, 0.0     2,-0.3     0, 0.0     0, 0.0  -0.654  16.5-148.0 -90.6 137.0  -10.1   27.6   40.9               
  470  470 A V        -     0   0  142     -2,-0.3     2,-0.2     2,-0.0     0, 0.0  -0.843  32.2-119.4-103.6 141.6   -9.4   25.4   44.0               
  471  471 A M        +     0   0  173     -2,-0.3     2,-0.0     0, 0.0    -1,-0.0  -0.445  40.0 140.5 -77.7 146.1   -6.0   23.7   44.1               
  472  472 A S        -     0   0  108     -2,-0.2    -2,-0.0     0, 0.0     0, 0.0  -0.054  30.8-111.3-179.3 125.3   -4.1   20.6   44.3               
  473  473 A T        +     0   0  130     -2,-0.0     0, 0.0     2,-0.0     0, 0.0   0.465  40.6 100.7  20.8 133.6   -1.0   19.0   42.9               
  474  474 A Q        +     0   0  187      1,-0.0     2,-0.4     0, 0.0     0, 0.0   0.576  13.5 148.6-169.4 138.2    1.0   17.1   41.1               
  475  475 A R        -     0   0  246      0, 0.0     2,-0.4     0, 0.0    -2,-0.0  -0.977  21.7-160.4-113.2 133.4    3.1   17.2   37.9               
  476  476 A V        -     0   0  145     -2,-0.4     2,-0.1     1,-0.0     0, 0.0  -0.953  28.8-129.2-116.5 138.8    6.4   15.2   37.4               
  477  477 A A        -     0   0   85     -2,-0.4    -1,-0.0     1,-0.2     0, 0.0  -0.263  14.4 -79.5 -94.3 163.7    8.6   16.5   34.6               
  478  478 A N        -     0   0  157     -2,-0.1     2,-0.5     1,-0.1    -1,-0.2  -0.210  31.5-144.3 -40.9 139.9   10.6   15.8   31.5               
  479  479 A T        +     0   0  129      2,-0.0     2,-0.5     0, 0.0    -1,-0.1  -0.919  26.2 167.5-117.8  98.7   14.0   14.2   31.7               
  480  480 A S        -     0   0  110     -2,-0.5     2,-0.7     2,-0.0    -2,-0.0  -0.981  19.4-159.6 -95.9 117.9   16.2   15.7   29.0               
  481  481 A T        +     0   0  122     -2,-0.5     2,-0.4     2,-0.0    -2,-0.0  -0.916  14.4 177.9-107.2 105.0   19.9   14.7   29.8               
  482  482 A Q        -     0   0  181     -2,-0.7     2,-0.4     2,-0.0    -2,-0.0  -0.856  12.3-162.4 -79.2 137.9   22.6   16.7   28.2               
  483  483 A T        -     0   0  141     -2,-0.4     2,-0.3     2,-0.0    -2,-0.0  -0.999  11.0-153.6-125.9 130.2   26.0   15.5   29.4               
  484  484 A V        +     0   0  137     -2,-0.4    -2,-0.0     2,-0.0     0, 0.0  -0.773  21.3 123.5-100.7 140.9   29.0   17.8   28.8               
  485  485 A G        -     0   0   65     -2,-0.3    -2,-0.0     0, 0.0     0, 0.0   0.322  27.8 -17.3 103.7 162.1   32.7   17.6   28.4               
  486  486 A P        +     0   0  129      0, 0.0    -2,-0.0     0, 0.0     0, 0.0   0.749  15.7 176.5-129.9 166.1   35.7   17.7   27.3               
  487  487 A R        -     0   0  214      0, 0.0     2,-0.3     0, 0.0     0, 0.0  -0.395   6.3-169.4 -68.8 157.6   38.3   18.4   24.5               
  488  488 A P        -     0   0  129      0, 0.0     2,-0.2     0, 0.0     0, 0.0  -0.887  17.6-151.0-137.0 167.1   41.8   18.5   24.2               
  489  489 A A        +     0   0   69     -2,-0.3     0, 0.0     0, 0.0     0, 0.0  -0.573  25.1  87.8 -98.8 166.7   43.8   19.7   21.1               
  490  490 A A        +     0   0  103     -2,-0.2     0, 0.0     1,-0.0     0, 0.0   0.360  22.3  84.3 116.5 148.8   47.0   19.4   19.1               
  491  491 A A        -     0   0   97      0, 0.0     2,-0.1     0, 0.0    -1,-0.0   0.884  32.1-160.2  82.3  98.2   49.5   18.1   16.5               
  492  492 A A        +     0   0  105      0, 0.0     2,-0.1     0, 0.0     0, 0.0  -0.014  13.2 174.0  73.1 101.6   50.0   18.8   13.2               
  493  493 A A        -     0   0   98     -2,-0.1     0, 0.0     0, 0.0     0, 0.0  -0.159  20.5-147.8 176.4  97.3   51.6   17.3   10.1               
  494  494 A A        +     0   0  101     -2,-0.1     0, 0.0     0, 0.0     0, 0.0   0.188  23.2 149.5  61.9 101.3   51.6   18.4    6.8               
  495  495 A A        -     0   0  102      0, 0.0     0, 0.0     0, 0.0     0, 0.0   0.179  36.5 -55.9 170.6 123.2   51.6   17.4    3.3               
  496  496 A A        -     0   0  102      1,-0.1     0, 0.0     0, 0.0     0, 0.0   0.956  23.9-163.8  67.1 107.8   50.4   18.3   -0.2               
  497  497 A T        +     0   0  134      0, 0.0     2,-0.1     0, 0.0    -1,-0.1  -0.398  10.5 175.7 -66.5 163.6   47.6   19.1   -2.6               
  498  498 A P        -     0   0  119      0, 0.0     0, 0.0     0, 0.0     0, 0.0  -0.202  27.1 -17.0-150.8 167.4   47.0   19.2   -5.8               
  499  499 A A        -     0   0   87      1,-0.1     0, 0.0    -2,-0.1     0, 0.0   0.967  31.7-126.7  75.9  94.1   44.5   19.8   -8.5               
  500  500 A V        -     0   0  137      1,-0.1     2,-0.7     0, 0.0    -1,-0.1  -0.158  32.1-141.0  -8.1 107.3   40.9   19.9   -9.6               
  501  501 A R        -     0   0  238      2,-0.0     2,-0.2     0, 0.0    -1,-0.1  -0.902  11.4-149.8-101.9 103.4   40.4   17.6  -12.6               
  502  502 A T        -     0   0  123     -2,-0.7     0, 0.0     1,-0.1     0, 0.0  -0.524  19.8-123.2 -58.9 127.9   38.0   19.3  -15.0               
  503  503 A V        -     0   0  138     -2,-0.2     2,-0.2     1,-0.1    -1,-0.1  -0.711  34.9-108.7 -81.8 129.8   36.0   16.6  -16.9               
  504  504 A P        -     0   0   95      0, 0.0     2,-0.8     0, 0.0    -1,-0.1  -0.408  18.2-127.3 -76.0 137.1   36.5   17.1  -20.7               
  505  505 A R        -     0   0  235     -2,-0.2     2,-0.6     1,-0.0     0, 0.0  -0.691  24.5-139.5 -74.8 103.2   33.7   18.4  -23.0               
  506  506 A Y        -     0   0  215     -2,-0.8     2,-0.5     2,-0.0    -1,-0.0  -0.633  19.5-168.7 -70.8 113.4   33.3   15.8  -25.8               
  507  507 A K        -     0   0  191     -2,-0.6     2,-0.5     2,-0.0    -2,-0.0  -0.928  16.7-138.5 -92.4 127.9   32.8   17.7  -29.1               
  508  508 A Y        -     0   0  238     -2,-0.5     2,-0.4     1,-0.0    -2,-0.0  -0.794  23.5-136.9 -80.9 125.6   31.7   15.6  -32.1               
  509  509 A A        -     0   0  101     -2,-0.5     2,-0.5     2,-0.0    -2,-0.0  -0.763   5.8-144.6 -86.5 128.6   33.7   16.9  -35.2               
  510  510 A A        +     0   0  109     -2,-0.4    -2,-0.0     1,-0.1     0, 0.0  -0.811  48.1 117.0 -83.3 127.4   32.0   17.3  -38.5               
  511  511 A G        +     0   0   73     -2,-0.5     2,-0.2     1,-0.2    -1,-0.1   0.271  16.4 104.5 161.0  77.4   34.2   16.5  -41.5               
  512  512 A V        +     0   0  154      2,-0.0     2,-0.4     0, 0.0    -1,-0.2  -0.767  41.4 178.6-142.8 116.1   34.1   13.9  -44.2               
  513  513 A R        +     0   0  235     -2,-0.2     0, 0.0     2,-0.0     0, 0.0  -0.857  13.1 165.0 -99.5 134.9   33.1   15.4  -47.6               
  514  514 A N        -     0   0  162     -2,-0.4    -2,-0.0     0, 0.0     2,-0.0  -0.896  34.4-114.6-149.9 146.5   32.8   13.7  -50.9               
  515  515 A P        -     0   0  106      0, 0.0    -2,-0.0     0, 0.0     0, 0.0  -0.106  18.2 -78.5-100.8 171.5   30.9   15.4  -53.8               
  516  516 A Q        -     0   0  163     -2,-0.0     2,-0.3     1,-0.0     0, 0.0  -0.053  18.9-174.2 -40.7 138.9   28.0   15.6  -56.3               
  517  517 A Q        -     0   0  199      2,-0.0     2,-0.2     0, 0.0    -1,-0.0  -0.931  25.7-147.4-133.1 125.1   27.2   13.9  -59.5               
  518  518 A H        +     0   0  160     -2,-0.3     2,-0.1     2,-0.0     0, 0.0  -0.510  28.6 148.6 -65.1 143.6   24.1   15.2  -61.3               
  519  519 A R        -     0   0  248     -2,-0.2    -2,-0.0     0, 0.0     0, 0.0  -0.330  25.5-137.2-173.1 139.6   21.4   14.0  -63.4               
  520  520 A N        +     0   0  160     -2,-0.1    -2,-0.0     2,-0.0     2,-0.0  -0.108  31.3 122.9 -45.5 143.0   17.7   14.8  -64.0               
  521  521 A A        -     0   0  102      0, 0.0     0, 0.0     0, 0.0     0, 0.0   0.222  23.2-166.1 169.2 132.2   14.5   13.5  -64.5               
  522  522 A Q        +     0   0  176      2,-0.0     2,-0.1    -2,-0.0    -2,-0.0  -0.154  19.8 160.2 -54.9 158.8   10.9   13.5  -63.1               
  523  523 A P        -     0   0  115      0, 0.0     2,-0.0     0, 0.0     0, 0.0  -0.204  35.0-124.2-141.8 161.1    7.9   12.3  -62.9               
  524  524 A Q        -     0   0  184     -2,-0.1     2,-0.5     1,-0.1    -2,-0.0  -0.258  20.0-168.9 -43.8 123.9    5.2   12.8  -60.2               
  525  525 A V        -     0   0  117      2,-0.0     2,-1.4    -2,-0.0    -1,-0.1  -0.953  13.5-150.4-120.2 106.2    3.8    9.7  -58.6               
  526  526 A T        -     0   0  137     -2,-0.5     2,-1.2     1,-0.0    -2,-0.0  -0.661  16.6-157.4 -62.2  90.2    0.8   10.5  -56.4               
  527  527 A M        -     0   0  174     -2,-1.4     2,-0.1     3,-0.0     3,-0.1  -0.739  11.3-140.8 -80.7  99.7    1.3    7.7  -53.9               
  528  528 A Q        -     0   0  181     -2,-1.2     2,-0.3     1,-0.1    -2,-0.0  -0.378  24.0-104.8 -48.4 127.1   -2.2    7.2  -52.5               
  529  529 A Q        -     0   0  179      1,-0.1     2,-1.1    -2,-0.1    -1,-0.1  -0.520  41.6-108.3 -55.3 120.7   -2.2    6.5  -48.7               
  530  530 A L        -     0   0  183     -2,-0.3     2,-0.6    -3,-0.1    -1,-0.1  -0.461  44.2-173.8 -56.4  91.1   -2.9    2.8  -48.4               
  531  531 A A        -     0   0   48     -2,-1.1     2,-0.6    10,-0.0     8,-0.1  -0.895  31.5-117.4 -92.0 120.6   -6.5    3.0  -47.1               
  532  532 A V        -     0   0  105     -2,-0.6     2,-0.9     1,-0.1    -2,-0.0  -0.468  32.0-143.8 -57.2 102.8   -7.8   -0.5  -46.1               
  533  533 A H        -     0   0  164     -2,-0.6     2,-0.6     6,-0.1    -1,-0.1  -0.726  20.6-176.5 -76.6 104.8  -10.7   -0.8  -48.6               
  534  534 A V    >   -     0   0   66     -2,-0.9     3,-1.6     3,-0.4    -2,-0.0  -0.953  45.9-104.2 -90.4 118.1  -13.6   -2.6  -47.0               
  535  535 A Q  T 3  S+     0   0  190     -2,-0.6     3,-0.1     1,-0.2    -2,-0.0  -0.243  99.0  13.2 -47.7 120.9  -16.0   -2.7  -50.0               
  536  536 A G  T 3  S+     0   0   87      1,-0.1     2,-0.4     0, 0.0    -1,-0.2   0.430 102.0  96.1  96.9   5.0  -18.8   -0.2  -49.5               
  537  537 A Q  S <  S-     0   0   83     -3,-1.6    -3,-0.4    23,-0.0     3,-0.1  -0.968  72.2-114.0-137.4 126.6  -17.6    2.2  -46.7               
  538  538 A E        -     0   0  133     -2,-0.4    -3,-0.0     1,-0.1    -5,-0.0  -0.141  50.3 -89.3 -52.7 135.6  -15.8    5.6  -46.7               
  539  539 A T        -     0   0   59      1,-0.1     2,-1.6    -8,-0.1    -1,-0.1  -0.207  33.3-135.7 -55.1 122.8  -12.2    5.5  -45.2               
  540  540 A L        -     0   0   37     -3,-0.1     2,-0.2     4,-0.1    -1,-0.1  -0.617  29.0-172.2 -82.0  84.0  -12.2    6.1  -41.4               
  541  541 A T     >  -     0   0   64     -2,-1.6     4,-2.1     1,-0.1     3,-0.5  -0.588  35.4-119.1 -73.0 143.9   -9.2    8.5  -41.2               
  542  542 A A  H  > S+     0   0   44     -2,-0.2     4,-2.0     1,-0.2    -1,-0.1   0.748 115.4  60.6 -53.9 -25.3   -8.1    9.4  -37.6               
  543  543 A S  H  > S+     0   0   80      2,-0.2     4,-1.4     1,-0.1    -1,-0.2   0.952 105.2  44.7 -66.8 -48.8   -9.0   13.1  -38.6               
  544  544 A R  H  > S+     0   0  113     -3,-0.5     4,-0.7     1,-0.2     3,-0.3   0.912 113.5  51.7 -63.2 -41.3  -12.7   12.2  -39.2               
  545  545 A L  H >< S+     0   0    6     -4,-2.1     3,-1.1     1,-0.2    -1,-0.2   0.936 107.9  51.1 -61.0 -46.9  -12.8   10.2  -36.0               
  546  546 A A  H 3< S+     0   0   59     -4,-2.0    -1,-0.2     1,-0.2    -2,-0.2   0.784 105.5  57.3 -63.2 -29.2  -11.3   13.1  -33.9               
  547  547 A S  H 3< S+     0   0   99     -4,-1.4    -1,-0.2    -3,-0.3    -2,-0.2   0.667  92.7  84.3 -76.3 -18.7  -13.9   15.6  -35.3               
  548  548 A A  S << S-     0   0   16     -3,-1.1     5,-0.1    -4,-0.7     0, 0.0  -0.548  91.4 -95.9 -86.7 151.8  -17.0   13.5  -34.1               
  549  549 A P    >>  -     0   0   84      0, 0.0     4,-2.2     0, 0.0     3,-0.9  -0.333  44.8-104.4 -57.4 148.6  -18.6   13.6  -30.6               
  550  550 A P  H 3> S+     0   0   87      0, 0.0     4,-2.1     0, 0.0     5,-0.2   0.820 122.0  50.3 -50.8 -41.3  -17.2   10.7  -28.3               
  551  551 A Q  H 3> S+     0   0  173      1,-0.2     4,-2.0     2,-0.2     5,-0.1   0.902 112.5  47.2 -63.1 -40.0  -20.5    8.7  -28.6               
  552  552 A K  H <> S+     0   0   91     -3,-0.9     4,-2.6     2,-0.2    -1,-0.2   0.851 107.6  56.8 -72.1 -32.7  -20.3    9.0  -32.5               
  553  553 A Q  H  X S+     0   0   28     -4,-2.2     4,-2.2     2,-0.2    -2,-0.2   0.947 109.0  46.1 -59.0 -48.5  -16.6    8.1  -32.4               
  554  554 A K  H  X S+     0   0   60     -4,-2.1     4,-2.6     2,-0.2    -2,-0.2   0.898 111.6  52.2 -62.6 -40.5  -17.5    4.8  -30.7               
  555  555 A Q  H  X S+     0   0   91     -4,-2.0     4,-2.5     2,-0.2    -2,-0.2   0.948 110.1  47.7 -59.2 -49.6  -20.4    4.2  -33.2               
  556  556 A M  H  X S+     0   0   30     -4,-2.6     4,-0.7     1,-0.2    -2,-0.2   0.864 114.6  46.4 -62.2 -38.2  -18.1    4.7  -36.2               
  557  557 A L  H >X S+     0   0    0     -4,-2.2     4,-2.5     2,-0.2     3,-0.6   0.902 111.4  52.6 -67.1 -40.7  -15.5    2.3  -34.6               
  558  558 A G  H 3X S+     0   0   10     -4,-2.6     4,-2.8     1,-0.2    -2,-0.2   0.907 103.9  55.7 -62.9 -42.2  -18.3   -0.2  -33.8               
  559  559 A E  H 3< S+     0   0   85     -4,-2.5    -1,-0.2     1,-0.2    -2,-0.2   0.745 115.2  40.1 -62.9 -25.3  -19.5   -0.2  -37.5               
  560  560 A R  H <X S+     0   0   35     -4,-0.7     4,-0.8    -3,-0.6    -2,-0.2   0.814 118.0  45.2 -89.3 -38.6  -16.0   -1.2  -38.6               
  561  561 A L  H  X S+     0   0    0     -4,-2.5     4,-2.7     2,-0.1     5,-0.3   0.890 102.2  65.8 -73.0 -41.0  -15.1   -3.7  -35.8               
  562  562 A F  H  X S+     0   0   79     -4,-2.8     4,-2.8     1,-0.2     5,-0.2   0.880 101.5  45.7 -56.8 -47.8  -18.5   -5.6  -35.9               
  563  563 A P  H  > S+     0   0   64      0, 0.0     4,-1.7     0, 0.0    -1,-0.2   0.896 115.7  47.7 -62.8 -38.8  -18.1   -7.1  -39.4               
  564  564 A L  H  X S+     0   0   68     -4,-0.8     4,-0.6     2,-0.2    -2,-0.2   0.916 115.9  43.7 -67.2 -42.3  -14.5   -8.2  -38.7               
  565  565 A I  H >X S+     0   0    0     -4,-2.7     4,-3.2     1,-0.2     3,-0.9   0.878 109.4  57.4 -70.0 -38.2  -15.5   -9.7  -35.4               
  566  566 A Q  H 3< S+     0   0   92     -4,-2.8    -2,-0.2    -5,-0.3    -1,-0.2   0.861 102.1  55.5 -62.8 -34.5  -18.6  -11.3  -36.9               
  567  567 A A  H 3< S+     0   0   87     -4,-1.7    -1,-0.3    -5,-0.2    -2,-0.2   0.741 117.5  36.3 -65.4 -24.5  -16.3  -13.1  -39.4               
  568  568 A M  H << S+     0   0   56     -3,-0.9    -2,-0.2    -4,-0.6    -1,-0.1   0.861 136.7  12.2 -95.1 -46.6  -14.4  -14.6  -36.4               
  569  569 A H    >X  +     0   0   53     -4,-3.2     4,-1.2     1,-0.1     3,-0.7  -0.690  63.6 176.4-136.9  82.4  -17.1  -15.2  -33.8               
  570  570 A P  T 34 S+     0   0   93      0, 0.0     4,-0.3     0, 0.0     3,-0.2   0.836  80.6  50.0 -58.4 -37.3  -20.7  -14.9  -35.3               
  571  571 A T  T 34 S+     0   0  129      1,-0.2     4,-0.1     2,-0.1     3,-0.1   0.779 122.7  28.9 -75.5 -29.6  -22.5  -15.9  -32.1               
  572  572 A L  T X> S+     0   0   32     -3,-0.7     4,-2.7    -7,-0.1     3,-0.5   0.374  84.4 113.7-112.8   2.2  -20.8  -13.5  -29.7               
  573  573 A A  H 3X S+     0   0    2     -4,-1.2     4,-2.9     1,-0.2     5,-0.2   0.824  78.2  48.7 -50.3 -45.3  -19.9  -10.6  -32.2               
  574  574 A G  H 3> S+     0   0   46     -4,-0.3     4,-2.3     2,-0.2    -1,-0.2   0.913 115.6  43.4 -63.0 -42.9  -22.3   -8.1  -30.6               
  575  575 A K  H <> S+     0   0  125     -3,-0.5     4,-2.5     2,-0.2    -2,-0.2   0.931 115.7  48.0 -68.9 -45.1  -20.9   -8.7  -27.0               
  576  576 A I  H  X S+     0   0    0     -4,-2.7     4,-2.8     2,-0.2     5,-0.2   0.932 113.5  47.6 -61.9 -46.0  -17.3   -8.8  -28.1               
  577  577 A T  H  X S+     0   0    7     -4,-2.9     4,-2.3    -5,-0.3    -2,-0.2   0.927 111.1  51.9 -61.6 -44.3  -17.7   -5.5  -30.1               
  578  578 A G  H  < S+     0   0   39     -4,-2.3     4,-0.4    -5,-0.2    -2,-0.2   0.918 113.2  44.9 -56.8 -44.4  -19.5   -4.0  -27.1               
  579  579 A M  H >< S+     0   0   58     -4,-2.5     3,-1.4     1,-0.2     4,-0.3   0.915 112.3  50.2 -66.0 -46.0  -16.5   -5.0  -24.9               
  580  580 A L  H >< S+     0   0    5     -4,-2.8     3,-1.9     1,-0.3    -2,-0.2   0.853  99.5  66.2 -66.0 -31.2  -13.8   -3.8  -27.4               
  581  581 A L  T 3< S+     0   0   38     -4,-2.3    -1,-0.3     1,-0.3    -2,-0.2   0.670  89.3  67.0 -65.0 -13.8  -15.6   -0.4  -27.7               
  582  582 A E  T <  S+     0   0  171     -3,-1.4    -1,-0.3    -4,-0.4    -2,-0.2   0.677  86.3  92.9 -75.5 -16.0  -14.6    0.2  -24.0               
  583  583 A I  S <  S-     0   0   36     -3,-1.9     5,-0.0    -4,-0.3    -3,-0.0  -0.322  95.5 -80.8 -74.6 155.0  -10.9    0.3  -25.1               
  584  584 A D    >>  -     0   0  112      1,-0.1     4,-2.3    -2,-0.1     3,-0.9  -0.268  37.0-122.4 -54.9 139.9   -9.1    3.6  -26.1               
  585  585 A N  H 3> S+     0   0   34      1,-0.3     4,-2.0     2,-0.2    -1,-0.1   0.782 110.9  57.8 -60.9 -29.3   -9.9    4.8  -29.7               
  586  586 A S  H 3> S+     0   0   73      2,-0.2     4,-1.6     1,-0.2    -1,-0.3   0.860 108.8  45.1 -68.3 -36.1   -6.1    4.8  -30.6               
  587  587 A E  H <> S+     0   0   18     -3,-0.9     4,-2.3     2,-0.2    -2,-0.2   0.910 111.6  52.9 -74.9 -38.4   -5.9    1.0  -29.7               
  588  588 A L  H  X S+     0   0    0     -4,-2.3     4,-1.5     2,-0.2    -2,-0.2   0.886 108.4  50.7 -62.0 -39.8   -9.1    0.3  -31.6               
  589  589 A L  H  X S+     0   0   33     -4,-2.0     4,-1.1     2,-0.2    -1,-0.2   0.917 109.3  50.8 -64.1 -41.1   -7.6    2.1  -34.7               
  590  590 A Y  H >X S+     0   0   61     -4,-1.6     4,-1.9     1,-0.2     3,-0.5   0.905 107.5  53.6 -62.6 -39.5   -4.5   -0.1  -34.4               
  591  591 A M  H 3< S+     0   0    2     -4,-2.3     7,-0.5     1,-0.2    -1,-0.2   0.834 105.8  53.4 -64.2 -32.4   -6.7   -3.2  -34.2               
  592  592 A L  H 3< S+     0   0   37     -4,-1.5    -1,-0.2     1,-0.2    -2,-0.2   0.764 113.6  43.1 -71.5 -25.6   -8.4   -2.1  -37.5               
  593  593 A E  H << S+     0   0  125     -4,-1.1    -2,-0.2    -3,-0.5    -1,-0.2   0.727 115.3  52.1 -87.5 -27.2   -4.9   -1.8  -39.1               
  594  594 A S     X  -     0   0   24     -4,-1.9     4,-2.3    -5,-0.1    -1,-0.2  -0.895  58.8-169.9-119.3 103.9   -3.6   -5.1  -37.6               
  595  595 A P  H  > S+     0   0  101      0, 0.0     4,-2.4     0, 0.0    -1,-0.1   0.817  92.2  54.4 -57.8 -33.1   -5.6   -8.4  -38.1               
  596  596 A E  H  > S+     0   0  161      2,-0.2     4,-2.7     1,-0.2     5,-0.2   0.919 108.2  47.6 -68.9 -42.9   -3.3  -10.2  -35.6               
  597  597 A S  H  > S+     0   0   26      2,-0.2     4,-2.1     1,-0.2     5,-0.2   0.913 112.6  49.8 -64.6 -41.8   -3.9   -7.5  -32.9               
  598  598 A L  H  X S+     0   0    8     -4,-2.3     4,-2.2    -7,-0.5    -2,-0.2   0.939 111.9  48.3 -60.0 -47.2   -7.6   -7.7  -33.5               
  599  599 A R  H  X S+     0   0  158     -4,-2.4     4,-2.7     2,-0.2     5,-0.2   0.943 110.2  50.6 -59.4 -50.1   -7.5  -11.6  -33.2               
  600  600 A S  H  X S+     0   0   78     -4,-2.7     4,-1.9     1,-0.2    -1,-0.2   0.893 114.2  44.8 -55.2 -43.9   -5.5  -11.5  -30.0               
  601  601 A K  H  X S+     0   0   49     -4,-2.1     4,-2.1     2,-0.2    -1,-0.2   0.825 111.1  53.0 -72.1 -33.4   -8.0   -9.0  -28.4               
  602  602 A V  H  X S+     0   0    0     -4,-2.2     4,-2.4     2,-0.2    -2,-0.2   0.931 108.9  49.9 -65.6 -43.4  -11.0  -11.0  -29.7               
  603  603 A D  H  X S+     0   0   83     -4,-2.7     4,-2.4     2,-0.2    -2,-0.2   0.910 110.3  50.6 -62.4 -41.8   -9.6  -14.2  -28.0               
  604  604 A E  H  X S+     0   0  105     -4,-1.9     4,-2.0    -5,-0.2    -1,-0.2   0.934 111.7  47.7 -58.8 -46.2   -9.1  -12.2  -24.7               
  605  605 A A  H  X S+     0   0    6     -4,-2.1     4,-2.3     2,-0.2    -2,-0.2   0.883 110.1  52.5 -65.1 -37.9  -12.7  -11.0  -24.9               
  606  606 A V  H  X S+     0   0   14     -4,-2.4     4,-2.5     2,-0.2    -2,-0.2   0.934 107.7  51.4 -62.8 -45.1  -14.0  -14.6  -25.6               
  607  607 A A  H  X S+     0   0   53     -4,-2.4     4,-2.3     1,-0.2    -2,-0.2   0.912 111.2  47.8 -59.8 -42.7  -12.1  -15.9  -22.6               
  608  608 A V  H  X S+     0   0   78     -4,-2.0     4,-2.1     2,-0.2    -1,-0.2   0.919 112.1  49.4 -64.0 -43.3  -13.7  -13.2  -20.3               
  609  609 A L  H  X S+     0   0   21     -4,-2.3     4,-2.2     2,-0.2    -2,-0.2   0.888 111.1  49.5 -64.8 -39.5  -17.2  -14.0  -21.8               
  610  610 A Q  H  X S+     0   0  118     -4,-2.5     4,-2.4     2,-0.2    -2,-0.2   0.928 110.4  50.5 -64.5 -43.9  -16.8  -17.7  -21.2               
  611  611 A A  H  X S+     0   0   63     -4,-2.3     4,-1.7     2,-0.2    -2,-0.2   0.889 111.2  49.0 -61.9 -39.2  -15.6  -17.1  -17.5               
  612  612 A H  H  X S+     0   0  107     -4,-2.1     4,-2.6     2,-0.2    -2,-0.2   0.926 110.3  50.2 -66.5 -43.0  -18.7  -14.9  -16.9               
  613  613 A Q  H  X S+     0   0   85     -4,-2.2     4,-2.4     1,-0.2    -2,-0.2   0.905 109.5  51.4 -62.8 -40.0  -21.1  -17.5  -18.4               
  614  614 A A  H  X S+     0   0   60     -4,-2.4     4,-2.0     2,-0.2    -1,-0.2   0.884 111.8  47.9 -62.4 -37.7  -19.5  -20.2  -16.2               
  615  615 A K  H  X S+     0   0  145     -4,-1.7     4,-2.3     2,-0.2    -2,-0.2   0.897 112.1  48.0 -71.3 -40.2  -20.1  -17.9  -13.1               
  616  616 A E  H  X S+     0   0   93     -4,-2.6     4,-2.6     2,-0.2    -2,-0.2   0.882 110.4  52.7 -66.8 -37.5  -23.7  -17.2  -14.1               
  617  617 A A  H  X S+     0   0   61     -4,-2.4     4,-2.3     2,-0.2    -2,-0.2   0.931 111.8  45.3 -64.0 -43.6  -24.4  -20.9  -14.6               
  618  618 A T  H  X S+     0   0   88     -4,-2.0     4,-2.1     2,-0.2    -2,-0.2   0.909 113.8  49.7 -65.2 -39.5  -23.0  -21.7  -11.1               
  619  619 A Q  H  X S+     0   0  118     -4,-2.3     4,-2.1     2,-0.2    -2,-0.2   0.890 111.5  48.1 -70.6 -36.4  -25.1  -18.8   -9.6               
  620  620 A K  H  X S+     0   0  153     -4,-2.6     4,-2.3     2,-0.2    -2,-0.2   0.911 110.1  52.8 -65.9 -40.7  -28.3  -20.0  -11.4               
  621  621 A A  H  X S+     0   0   58     -4,-2.3     4,-1.5     2,-0.2    -2,-0.2   0.899 110.7  47.3 -61.4 -40.9  -27.6  -23.5  -10.1               
  622  622 A V  H  X S+     0   0   90     -4,-2.1     4,-0.7     2,-0.2    -2,-0.2   0.915 113.1  48.4 -65.8 -42.1  -27.2  -22.1   -6.5               
  623  623 A N  H  < S+     0   0  105     -4,-2.1     3,-0.3     1,-0.2    -2,-0.2   0.829 110.2  51.1 -70.9 -32.3  -30.5  -20.1   -6.9               
  624  624 A S  H >< S+     0   0   94     -4,-2.3     3,-0.9     1,-0.2    -1,-0.2   0.816 106.5  55.6 -71.6 -28.7  -32.4  -23.1   -8.3               
  625  625 A A  H 3< S+     0   0   86     -4,-1.5    -1,-0.2     1,-0.2    -2,-0.2   0.681 106.6  51.1 -74.8 -17.6  -31.2  -25.2   -5.3               
  626  626 A T  T 3< S+     0   0   95     -4,-0.7     2,-0.6    -3,-0.3    -1,-0.2   0.152  79.9 165.8-103.3  17.3  -32.7  -22.6   -2.8               
  627  627 A G    <   +     0   0   64     -3,-0.9    -3,-0.1     1,-0.0    -4,-0.0  -0.158   9.1 159.5 -50.1  94.0  -36.2  -22.5   -4.5               
  628  628 A V        -     0   0  125     -2,-0.6     2,-0.6     2,-0.0    -2,-0.1  -0.986  38.9-135.3-100.1 116.9  -38.7  -20.8   -2.2               
  629  629 A P        -     0   0  120      0, 0.0     2,-0.5     0, 0.0    -2,-0.0  -0.684  13.9-146.1 -75.2 116.4  -41.6  -19.7   -4.6               
  630  630 A T              0   0  139     -2,-0.6    -2,-0.0     1,-0.0     0, 0.0  -0.773 360.0 360.0 -78.5 125.7  -42.6  -16.2   -3.8               
  631  631 A V              0   0  207     -2,-0.5    -1,-0.0     0, 0.0     0, 0.0  -0.449 360.0 360.0 -59.6 360.0  -46.4  -15.6   -4.4               
