==== Secondary Structure Definition by the program DSSP, CMBI version 2.0                          ==== DATE=2026-03-08        .
REFERENCE W. KABSCH AND C.SANDER, BIOPOLYMERS 22 (1983) 2577-2637                                                              .
HEADER                                            01-AUG-25                                                                    .
COMPND    MOL_ID: 1; MOLECULE: PROTEIN LIN-28 HOMOLOG A; CHAIN: A                                                              .
SOURCE    MOL_ID: 1; ORGANISM_SCIENTIFIC: HOMO SAPIENS; ORGANISM_TAXID: 9606                                                   .
AUTHOR                                                                                                                         .
  209  1  0  0  0 TOTAL NUMBER OF RESIDUES, NUMBER OF CHAINS, NUMBER OF SS-BRIDGES(TOTAL,INTRACHAIN,INTERCHAIN)                .
 18564.2   ACCESSIBLE SURFACE OF PROTEIN (ANGSTROM**2)                                                                         .
   95 45.5   TOTAL NUMBER OF HYDROGEN BONDS OF TYPE O(I)-->H-N(J)  , SAME NUMBER PER 100 RESIDUES                              .
    4  1.9   TOTAL NUMBER OF HYDROGEN BONDS IN     PARALLEL BRIDGES, SAME NUMBER PER 100 RESIDUES                              .
   35 16.7   TOTAL NUMBER OF HYDROGEN BONDS IN ANTIPARALLEL BRIDGES, SAME NUMBER PER 100 RESIDUES                              .
    3  1.4   TOTAL NUMBER OF HYDROGEN BONDS OF TYPE O(I)-->H-N(I-5), SAME NUMBER PER 100 RESIDUES                              .
    1  0.5   TOTAL NUMBER OF HYDROGEN BONDS OF TYPE O(I)-->H-N(I-4), SAME NUMBER PER 100 RESIDUES                              .
    2  1.0   TOTAL NUMBER OF HYDROGEN BONDS OF TYPE O(I)-->H-N(I-3), SAME NUMBER PER 100 RESIDUES                              .
    0  0.0   TOTAL NUMBER OF HYDROGEN BONDS OF TYPE O(I)-->H-N(I-2), SAME NUMBER PER 100 RESIDUES                              .
    0  0.0   TOTAL NUMBER OF HYDROGEN BONDS OF TYPE O(I)-->H-N(I-1), SAME NUMBER PER 100 RESIDUES                              .
    0  0.0   TOTAL NUMBER OF HYDROGEN BONDS OF TYPE O(I)-->H-N(I+0), SAME NUMBER PER 100 RESIDUES                              .
    0  0.0   TOTAL NUMBER OF HYDROGEN BONDS OF TYPE O(I)-->H-N(I+1), SAME NUMBER PER 100 RESIDUES                              .
   27 12.9   TOTAL NUMBER OF HYDROGEN BONDS OF TYPE O(I)-->H-N(I+2), SAME NUMBER PER 100 RESIDUES                              .
   16  7.7   TOTAL NUMBER OF HYDROGEN BONDS OF TYPE O(I)-->H-N(I+3), SAME NUMBER PER 100 RESIDUES                              .
    6  2.9   TOTAL NUMBER OF HYDROGEN BONDS OF TYPE O(I)-->H-N(I+4), SAME NUMBER PER 100 RESIDUES                              .
    1  0.5   TOTAL NUMBER OF HYDROGEN BONDS OF TYPE O(I)-->H-N(I+5), SAME NUMBER PER 100 RESIDUES                              .
  1  2  3  4  5  6  7  8  9 10 11 12 13 14 15 16 17 18 19 20 21 22 23 24 25 26 27 28 29 30     *** HISTOGRAMS OF ***           .
  0  0  0  0  1  0  0  0  0  0  0  0  0  0  0  0  0  0  0  0  0  0  0  0  0  0  0  0  0  0    RESIDUES PER ALPHA HELIX         .
  2  0  0  0  0  0  0  0  0  0  0  0  0  0  0  0  0  0  0  0  0  0  0  0  0  0  0  0  0  0    PARALLEL BRIDGES PER LADDER      .
  0  0  0  0  0  1  1  2  0  0  0  0  0  0  0  0  0  0  0  0  0  0  0  0  0  0  0  0  0  0    ANTIPARALLEL BRIDGES PER LADDER  .
  0  0  0  0  0  1  0  0  0  0  0  0  0  0  0  0  0  0  0  0  0  0  0  0  0  0  0  0  0  0    LADDERS PER SHEET                .
  #  RESIDUE AA STRUCTURE BP1 BP2  ACC     N-H-->O    O-->H-N    N-H-->O    O-->H-N    TCO  KAPPA ALPHA  PHI   PSI    X-CA   Y-CA   Z-CA            CHAIN
    1    1 A M              0   0  253      0, 0.0     0, 0.0     0, 0.0     0, 0.0   0.000 360.0 360.0 360.0 117.2  -99.5  -12.4   17.0               
    2    2 A G        -     0   0   77      1,-0.0     0, 0.0     2,-0.0     0, 0.0   0.772 360.0-129.2-172.3 150.7  -96.5  -13.6   16.9               
    3    3 A S        -     0   0  121      1,-0.1     2,-0.4     0, 0.0    -1,-0.0  -0.019  24.1-122.5 -63.2 150.0  -93.2  -14.6   15.2               
    4    4 A V        -     0   0  151      0, 0.0     2,-0.3     0, 0.0    -1,-0.1  -0.689  34.7-176.5 -65.8 129.8  -90.9  -17.6   14.8               
    5    5 A S        -     0   0  126     -2,-0.4     2,-0.0     0, 0.0     0, 0.0  -0.983  21.3-115.6-142.7 136.5  -87.4  -16.6   16.2               
    6    6 A N        -     0   0  142     -2,-0.3     2,-0.0     1,-0.1     0, 0.0  -0.208  19.3-121.5 -80.8 151.6  -84.5  -18.9   16.0               
    7    7 A Q        +     0   0  137     -2,-0.0    -1,-0.1     2,-0.0     0, 0.0  -0.280  26.7 162.9 -64.2 155.5  -82.2  -20.7   18.5               
    8    8 A Q        -     0   0  152     -2,-0.0    -2,-0.0     0, 0.0    -1,-0.0   0.089  30.5-113.4-176.2 108.5  -78.7  -20.8   19.3               
    9    9 A F        -     0   0  153      1,-0.1    -2,-0.0     0, 0.0     0, 0.0   0.444  15.9-100.7  23.5 113.5  -76.9  -22.0   22.4               
   10   10 A A        +     0   0  105      0, 0.0    -1,-0.1     0, 0.0     2,-0.0   0.524  26.9 164.4  27.1 140.9  -74.9  -21.3   25.4               
   11   11 A G        -     0   0   84      0, 0.0     0, 0.0     0, 0.0     0, 0.0   0.275  19.6 -82.5 122.3 127.4  -71.3  -21.5   26.8               
   12   12 A G        -     0   0   79      1,-0.1     0, 0.0     2,-0.0     0, 0.0   0.824  20.2 -65.0 152.4 146.4  -69.3  -20.5   29.2               
   13   13 A C        -     0   0  134      1,-0.1    -1,-0.1     2,-0.0     0, 0.0  -0.096  36.4 -52.3 -71.0 148.0  -66.7  -18.7   31.5               
   14   14 A A        +     0   0   92      2,-0.0    -1,-0.1     0, 0.0    -2,-0.0   0.916  40.5  43.7  63.2 125.0  -63.3  -17.3   32.2               
   15   15 A K        +     0   0  207      1,-0.1     2,-0.2     2,-0.0    -2,-0.0   0.990  25.3 118.8  83.2 101.0  -59.6  -16.8   32.5               
   16   16 A A        -     0   0   95      1,-0.1    -1,-0.1     2,-0.1    -2,-0.0  -0.630  42.5-104.6-166.5 120.4  -56.0  -17.2   31.3               
   17   17 A A        +     0   0   93     -2,-0.2    -1,-0.1     0, 0.0    -2,-0.0   0.934  36.3 135.5  79.2 150.0  -53.3  -14.9   30.5               
   18   18 A E        -     0   0  176      2,-0.0    -2,-0.1     0, 0.0     0, 0.0   0.739  32.2-123.4  79.8 104.0  -51.1  -13.1   27.8               
   19   19 A E        -     0   0  194      1,-0.1     0, 0.0     0, 0.0     0, 0.0   0.639  22.2 -93.3  76.2 130.1  -49.9  -10.0   27.0               
   20   20 A A        -     0   0   92      2,-0.0    -1,-0.1     0, 0.0     2,-0.1  -0.022   8.2-161.6 -71.5 173.3  -49.7   -7.2   24.4               
   21   21 A P        -     0   0  126      0, 0.0     2,-0.1     0, 0.0     0, 0.0  -0.280  18.3-143.3-146.3 153.9  -48.3   -5.6   21.9               
   22   22 A E        -     0   0  186      1,-0.1     2,-1.3    -2,-0.1    -2,-0.0  -0.283  29.3-114.4 -48.0 130.6  -49.0   -2.1   20.7               
   23   23 A E        -     0   0  207     -2,-0.1    -1,-0.1     3,-0.0     3,-0.0  -0.663  43.6-177.2 -76.1  91.6  -49.0   -1.2   16.9               
   24   24 A A        -     0   0   70     -2,-1.3     2,-0.1     1,-0.1     0, 0.0  -0.708  39.4 -82.1 -88.9 149.5  -45.9    1.0   16.8               
   25   25 A P    >   -     0   0  116      0, 0.0     3,-1.0     0, 0.0    -1,-0.1  -0.317  32.7-143.8 -69.5 129.4  -44.9    2.7   13.4               
   26   26 A E  T 3  S+     0   0  192      1,-0.2     3,-0.3    -2,-0.1     4,-0.1   0.356  82.3  79.1 -74.2   1.0  -43.0    0.3   11.1               
   27   27 A D  T 3  S+     0   0  155      1,-0.2     3,-0.4     2,-0.1    -1,-0.2   0.576  77.8  66.0 -97.2  -7.4  -40.6    3.0    9.5               
   28   28 A A  S X  S+     0   0   87     -3,-1.0     3,-0.6     1,-0.2    -1,-0.2   0.597  84.6  70.9 -93.2  -9.2  -38.0    3.5   12.3               
   29   29 A A  G >  S+     0   0   90     -3,-0.3     3,-0.6     1,-0.2    -1,-0.2   0.515  79.7  73.7 -92.0  -3.0  -36.3   -0.0   12.3               
   30   30 A R  G 3  S+     0   0  236     -3,-0.4     3,-0.3     1,-0.2    -1,-0.2   0.440  81.4  72.3 -89.9   3.7  -34.4    0.2    8.9               
   31   31 A A  G <  S+     0   0   84     -3,-0.6     3,-0.4     1,-0.2    -1,-0.2   0.430  80.1  72.2 -95.4  -1.4  -31.7    2.7   10.1               
   32   32 A A  S <  S+     0   0   97     -3,-0.6    -1,-0.2     1,-0.2    -2,-0.1   0.570  94.1  49.3 -98.9  -7.8  -29.6    0.2   12.3               
   33   33 A D        +     0   0  152     -3,-0.3    -1,-0.2    -4,-0.1    -2,-0.1  -0.143  68.5 126.5-121.2  32.2  -27.9   -2.0    9.5               
   34   34 A E  S    S-     0   0  155     -3,-0.4     2,-0.2     2,-0.0    -3,-0.0  -0.852  72.5-120.6 -74.1 112.3  -26.6    0.9    7.4               
   35   35 A P        -     0   0   71      0, 0.0     2,-1.8     0, 0.0    -2,-0.1  -0.487  26.5-115.7 -55.8 119.4  -22.9   -0.3    7.3               
   36   36 A Q        -     0   0  136     -2,-0.2     2,-1.3    63,-0.1    63,-0.3  -0.454  36.6-163.6 -61.5  84.4  -21.2    2.7    8.9               
   37   37 A L        -     0   0  101     -2,-1.8     2,-0.4    61,-0.1    61,-0.2  -0.665  10.4-172.1 -78.9  92.7  -19.2    3.4    5.7               
   38   38 A L  E     -A   97   0A  38     59,-2.4    59,-2.6    -2,-1.3     2,-0.4  -0.721  16.7-135.6 -89.2 139.2  -16.6    5.7    7.1               
   39   39 A H  E     +A   96   0A  89     -2,-0.4    23,-2.6    57,-0.2     2,-0.3  -0.804  30.3 172.6 -92.3 136.9  -14.2    7.5    4.7               
   40   40 A G  E     -AB  95  61A   0     55,-2.8    55,-3.0    -2,-0.4     2,-0.3  -0.979  20.3-155.6-141.7 154.3  -10.5    7.5    5.6               
   41   41 A A  E     +AB  94  60A  28     19,-2.5    19,-2.4    -2,-0.3    18,-1.5  -0.945  36.5 108.8-127.2 150.5   -7.2    8.6    4.1               
   42   42 A G  E     -AB  93  58A   7     51,-2.6    51,-2.7    -2,-0.3     2,-0.3  -0.929  55.7 -68.2 178.8-155.8   -3.7    7.3    4.9               
   43   43 A I  E     -AB  92  57A  73     14,-2.2    14,-3.2    -2,-0.3     2,-0.7  -0.937  44.2-100.4-126.5 151.1   -0.7    5.2    3.7               
   44   44 A C  E     - B   0  56A   1     47,-2.2    46,-3.0    -2,-0.3    12,-0.3  -0.628  32.0-169.5 -67.2 114.9   -0.1    1.5    3.0               
   45   45 A K  E     -     0   0A  97     10,-1.7     2,-0.3    -2,-0.7    11,-0.2   0.966  67.2 -28.4 -70.0 -53.5    1.7    0.3    6.2               
   46   46 A W  E     - B   0  55A  87      9,-1.6     9,-2.1    -3,-0.1     2,-0.3  -0.975  56.1-159.2-159.4 155.3    2.6   -3.1    4.6               
   47   47 A F  E     - B   0  54A  16     -2,-0.3     2,-1.1     7,-0.2     7,-0.3  -0.945  13.6-145.2-143.6 122.5    1.2   -5.5    2.0               
   48   48 A N  E  >> - B   0  53A  59      5,-2.8     4,-2.0    -2,-0.3     5,-1.1  -0.711  13.3-169.6 -86.4 101.2    1.9   -9.2    1.6               
   49   49 A V  T  45S+     0   0   38     -2,-1.1    -1,-0.2     1,-0.2     5,-0.0   0.805  84.5  52.0 -60.1 -34.5    1.8   -9.7   -2.2               
   50   50 A R  T  45S+     0   0  219      1,-0.2    -1,-0.2    -3,-0.1    -2,-0.1   0.869 117.8  36.2 -71.3 -39.7    1.9  -13.5   -1.9               
   51   51 A M  T  45S-     0   0  101     -3,-0.3    -2,-0.2     2,-0.2    -1,-0.2   0.622 103.0-128.9 -89.7 -17.9   -1.1  -13.7    0.6               
   52   52 A G  T  <5S+     0   0    2     -4,-2.0    24,-3.2     1,-0.2     2,-0.3   0.765  71.9  93.1  74.1  27.8   -3.1  -10.8   -1.0               
   53   53 A F  E   < +BC  48  75A  66     -5,-1.1    -5,-2.8    22,-0.2     2,-0.3  -0.971  37.6 143.9-145.7 163.8   -3.6   -8.8    2.2               
   54   54 A G  E     -BC  47  74A   0     20,-2.5    20,-2.6    -2,-0.3     2,-0.4  -0.896  38.7 -88.4-167.5-165.0   -2.1   -6.0    4.3               
   55   55 A F  E     -BC  46  73A  62     -9,-2.1   -10,-1.7    -2,-0.3    -9,-1.6  -0.985  21.0-148.8-131.5 144.1   -2.7   -3.0    6.6               
   56   56 A L  E     -BC  44  72A   0     16,-2.8    16,-2.6    -2,-0.4     2,-0.7  -0.863  15.9-135.4-103.1 142.4   -3.3    0.7    6.0               
   57   57 A S  E     -BC  43  71A  17    -14,-3.2   -14,-2.2    -2,-0.4     2,-0.7  -0.911  23.0-146.7 -96.6 104.1   -2.2    3.4    8.5               
   58   58 A M  E     +BC  42  70A   1     12,-3.0    12,-1.7    -2,-0.7   -16,-0.3  -0.705  27.3 169.1 -77.7 114.6   -5.2    5.8    8.6               
   59   59 A T  E     +     0   0A  65    -18,-1.5     7,-2.6    -2,-0.7     2,-0.3   0.578  68.6  34.2-100.2 -17.7   -3.9    9.4    9.2               
   60   60 A A  E     -BC  41  65A  24    -19,-2.4   -19,-2.5     5,-0.3     2,-0.4  -0.997  59.7-168.9-140.4 139.9   -7.3   11.0    8.5               
   61   61 A R  E >  S-BC  40  64A 102      3,-2.8     3,-2.3    -2,-0.3   -21,-0.2  -0.995  81.0 -18.5-127.6 122.5  -11.0   10.0    9.1               
   62   62 A A  T 3  S-     0   0   75    -23,-2.6   -22,-0.1    -2,-0.4    -1,-0.1   0.823 129.5 -52.1  48.8  36.9  -13.8   12.0    7.6               
   63   63 A G  T 3  S+     0   0   75      1,-0.2     2,-0.5   -24,-0.1    -1,-0.3   0.263 114.6 118.0  83.9  -7.8  -11.3   14.9    7.0               
   64   64 A V  E <   -C   61   0A  97     -3,-2.3    -3,-2.8     1,-0.0    -1,-0.2  -0.783  67.8-123.3 -91.3 125.7  -10.2   15.0   10.7               
   65   65 A A  E     -C   60   0A  85     -2,-0.5     2,-0.5    -5,-0.2    -5,-0.3  -0.476  25.1-144.0 -64.6 134.2   -6.5   14.2   11.2               
   66   66 A L  E     -     0   0A  54     -7,-2.6     4,-0.0    -2,-0.2    -1,-0.0  -0.923   5.5-150.8-106.0 127.5   -5.9   11.2   13.6               
   67   67 A D  E    S+     0   0A 158     -2,-0.5    -8,-0.1     1,-0.2    -2,-0.0  -0.963  89.4  34.5-132.9 111.3   -3.0   11.1   16.1               
   68   68 A P  E    S-     0   0A  99      0, 0.0    -1,-0.2     0, 0.0     2,-0.1   0.504 102.4-124.1 -78.8 159.3   -2.2    8.2   16.6               
   69   69 A P  E     -     0   0A  61      0, 0.0     2,-0.4     0, 0.0   -10,-0.2  -0.398  25.7-130.2 -67.1 146.5   -2.8    6.7   13.2               
   70   70 A V  E     -C   58   0A  57    -12,-1.7   -12,-3.0    -2,-0.1     2,-0.3  -0.824  11.6-120.1-108.1 137.2   -5.1    3.7   13.2               
   71   71 A D  E     -C   57   0A  66     -2,-0.4    33,-0.5   -14,-0.2     2,-0.4  -0.561  28.6-170.4 -75.7 128.9   -4.5    0.3   11.5               
   72   72 A V  E     -C   56   0A   0    -16,-2.6   -16,-2.8    -2,-0.3    33,-0.2  -0.982  21.7-123.8-123.7 125.3   -7.1   -0.8    8.8               
   73   73 A F  E     -Cd  55 105A  64     31,-3.0    33,-3.0    -2,-0.4     2,-0.4  -0.436  27.9-167.2 -68.2 135.8   -7.2   -4.2    7.3               
   74   74 A V  E     -C   54   0A   0    -20,-2.6   -20,-2.5    -2,-0.2     2,-0.3  -0.989   8.1-165.4-128.9 133.2   -6.9   -4.5    3.5               
   75   75 A H  E >   -C   53   0A  65     -2,-0.4     3,-2.4    31,-0.2     4,-0.3  -0.895  31.8-120.0-111.0 146.2   -7.6   -7.4    1.2               
   76   76 A Q  G >  S+     0   0   60    -24,-3.2     3,-1.0    -2,-0.3   -23,-0.1   0.752 110.8  65.5 -55.5 -28.7   -6.5   -7.5   -2.5               
   77   77 A S  G 3  S+     0   0   59    -25,-0.3    -1,-0.3     1,-0.2   -24,-0.1   0.604  99.2  53.5 -69.5 -14.0  -10.2   -7.9   -3.6               
   78   78 A K  G <  S+     0   0   74     -3,-2.4    31,-2.6    30,-0.1     2,-0.4   0.438  83.5 108.6 -99.9  -6.3  -10.9   -4.3   -2.3               
   79   79 A L  B <   -e  109   0A   9     -3,-1.0     2,-1.2    -4,-0.3    31,-0.2  -0.623  65.5-139.0 -79.1 126.4   -8.0   -2.6   -4.3               
   80   80 A H        +     0   0   63     29,-3.0    37,-2.4    -2,-0.4     2,-0.3  -0.712  60.4 106.3 -85.0  91.7   -9.1   -0.3   -7.2               
   81   81 A M        -     0   0   28     -2,-1.2     2,-0.2    35,-0.2     4,-0.1  -0.970  67.5-102.5-161.0 158.9   -6.5   -1.2   -9.8               
   82   82 A E  S    S-     0   0   77     -2,-0.3     2,-0.3    35,-0.2    -2,-0.0  -0.587  80.5 -11.1 -86.3 145.3   -6.1   -3.1  -13.1               
   83   83 A G  S    S+     0   0   59     -2,-0.2     2,-0.6     2,-0.1    -2,-0.1  -0.510 121.9  22.6  74.5-133.3   -4.5   -6.6  -13.4               
   84   84 A F  S    S-     0   0   69     -2,-0.3     2,-0.6     1,-0.1    -2,-0.1  -0.666  81.5-137.0 -78.4 116.4   -2.6   -8.0  -10.4               
   85   85 A R        +     0   0   88     -2,-0.6     2,-0.3    -4,-0.1    -9,-0.1  -0.649  44.5 126.6 -87.9 115.1   -3.8   -6.3   -7.2               
   86   86 A S        -     0   0    4     -2,-0.6     2,-0.3    31,-0.1    33,-0.1  -0.935  42.7-132.5-148.6 170.0   -1.2   -5.2   -4.6               
   87   87 A L        -     0   0    3     -2,-0.3     2,-0.3    32,-0.2    33,-0.2  -0.924  16.1-135.0-119.7 153.9   -0.1   -2.1   -2.7               
   88   88 A K    >   -     0   0   13     -2,-0.3     3,-1.8    31,-0.2   -44,-0.3  -0.831  37.6 -93.4 -98.1 152.6    3.4   -0.8   -2.1               
   89   89 A E  T 3  S+     0   0  116     -2,-0.3   -44,-0.2     1,-0.3   -43,-0.1  -0.346 111.4  16.8 -64.2 136.5    4.6    0.3    1.3               
   90   90 A G  T 3  S+     0   0   10    -46,-3.0     2,-0.3     1,-0.3    -1,-0.3   0.503  86.2 151.4  72.8   5.8    4.1    4.1    1.9               
   91   91 A E    <   -     0   0    0     -3,-1.8   -47,-2.2   -47,-0.2     2,-0.3  -0.549  50.2-120.2 -61.3 129.4    1.6    4.4   -1.0               
   92   92 A A  E     +A   43   0A  15     72,-2.8     2,-0.3    -2,-0.3   -49,-0.2  -0.593  43.3 177.9 -70.6 129.7   -0.9    7.2   -0.4               
   93   93 A V  E     -A   42   0A   2    -51,-2.7   -51,-2.6    -2,-0.3     2,-0.4  -0.980  28.4-154.9-139.0 147.6   -4.5    5.8   -0.3               
   94   94 A E  E     +AF  41 110A  48     16,-2.5    16,-3.2    -2,-0.3     2,-0.3  -0.930  30.3 169.0-114.4 142.2   -8.1    6.8    0.2               
   95   95 A F  E     -AF  40 109A   2    -55,-3.0   -55,-2.8    -2,-0.4     2,-0.4  -0.998  37.1-128.6-152.4 155.1  -10.6    4.2    1.4               
   96   96 A T  E     -AF  39 108A  41     12,-2.4    11,-3.1    -2,-0.3    12,-1.2  -0.888  37.7-178.6 -97.6 138.9  -14.0    3.4    2.7               
   97   97 A F  E     -AF  38 106A   0    -59,-2.6   -59,-2.4    -2,-0.4     2,-0.3  -0.953  16.3-157.0-137.6 157.1  -14.0    1.2    5.8               
   98   98 A K  E     - F   0 105A  80      7,-2.7     7,-2.7    -2,-0.3     2,-0.5  -0.906  31.9-104.0-123.7 158.5  -16.4   -0.5    8.2               
   99   99 A K  E     + F   0 104A 164     -2,-0.3     2,-0.2   -63,-0.3     5,-0.2  -0.747  47.6 178.9 -77.6 124.3  -16.1   -1.7   11.8               
  100  100 A S  E >   - F   0 103A  42      3,-2.7     3,-1.9    -2,-0.5     0, 0.0  -0.774  46.3 -99.0-119.7 168.5  -15.8   -5.6   11.7               
  101  101 A A  T 3  S+     0   0  110      1,-0.3     3,-0.1    -2,-0.2    -2,-0.0   0.781 126.0  49.8 -59.4 -26.5  -15.4   -8.2   14.5               
  102  102 A K  T 3  S-     0   0  210      1,-0.3     2,-0.3   -29,-0.0    -1,-0.3   0.308 125.5 -94.3 -91.7   3.6  -11.6   -8.2   13.7               
  103  103 A G  E <  S- F   0 100A  36     -3,-1.9    -3,-2.7     2,-0.0     2,-0.4  -0.840  81.3  -3.5 112.8-156.1  -11.2   -4.4   13.8               
  104  104 A L  E     - F   0  99A  39    -33,-0.5   -31,-3.0    -2,-0.3     2,-0.4  -0.640  65.7-170.4 -78.1 128.5  -11.4   -1.8   11.0               
  105  105 A E  E     -dF  73  98A  46     -7,-2.7    -7,-2.7    -2,-0.4     2,-0.2  -0.973  18.8-126.9-123.3 131.3  -11.8   -3.4    7.5               
  106  106 A S  E     - F   0  97A   1    -33,-3.0    -9,-0.3    -2,-0.4   -31,-0.2  -0.502  18.6-176.3 -74.4 140.5  -11.5   -1.6    4.1               
  107  107 A I  E    S+     0   0A  54    -11,-3.1     2,-0.3     1,-0.4   -10,-0.2   0.761  77.7   8.0-102.9 -39.7  -14.4   -2.0    1.6               
  108  108 A R  E     - F   0  96A 127    -12,-1.2   -12,-2.4     2,-0.0     2,-0.4  -0.964  65.5-165.7-147.2 132.0  -12.8   -0.1   -1.3               
  109  109 A V  E     +eF  79  95A   0    -31,-2.6   -29,-3.0    -2,-0.3     2,-0.3  -0.982  17.4 160.9-122.0 127.5   -9.2    1.3   -1.5               
  110  110 A T  E     - F   0  94A  10    -16,-3.2   -16,-2.5    -2,-0.4     6,-0.2  -0.805  41.0 -99.6-127.5 167.7   -8.1    3.9   -4.2               
  111  111 A G  S >  S-     0   0    0      4,-3.0     3,-1.4   -18,-0.3   -18,-0.2  -0.289  72.2 -53.0 -71.2 179.5   -5.3    6.3   -4.7               
  112  112 A P  G >  S+     0   0   14      0, 0.0     3,-0.7     0, 0.0    -1,-0.2  -0.317 131.0  16.1 -61.0 134.3   -5.9   10.0   -3.8               
  113  113 A G  G 3  S-     0   0   43      1,-0.2    -2,-0.1    -3,-0.1   -20,-0.0   0.717 134.1 -67.0  71.4  21.3   -9.0   11.5   -5.6               
  114  114 A G  G <  S+     0   0   29     -3,-1.4    -1,-0.2     1,-0.2     3,-0.1   0.577  93.2 147.8  79.3  10.5  -10.3    7.9   -6.4               
  115  115 A V    <   -     0   0    4     -3,-0.7    -4,-3.0    -4,-0.2    28,-0.2  -0.122  55.8 -77.8 -69.8 169.1   -7.4    7.1   -8.9               
  116  116 A F        -     0   0   44     26,-2.6   -35,-0.2    -6,-0.2    -1,-0.1  -0.446  49.9-107.7 -69.4 143.2   -6.0    3.6   -9.4               
  117  117 A C        -     0   0    6    -37,-2.4   -35,-0.2    -8,-0.2    -1,-0.1  -0.276  17.1-135.1 -64.6 153.0   -3.5    2.2   -6.9               
  118  118 A I        -     0   0   23    -30,-0.1   -31,-0.1    46,-0.1    -1,-0.1   0.933  38.6-164.0 -72.8 -52.6    0.2    1.9   -7.8               
  119  119 A G        -     0   0    4    -31,-0.1   -32,-0.2   -33,-0.1   -31,-0.2   0.052  29.6 -41.5  79.3 169.0    0.9   -1.6   -6.5               
  120  120 A S        -     0   0   25    -33,-0.2   -32,-0.1     1,-0.1   -34,-0.0  -0.393  35.9-142.8 -70.1 141.4    4.0   -3.6   -5.6               
  121  121 A E  S    S+     0   0   76      1,-0.2     2,-1.4    -2,-0.1    -1,-0.1   0.713  87.2  84.9 -73.8 -19.5    7.1   -3.4   -7.9               
  122  122 A R        +     0   0  214      3,-0.0    -1,-0.2     2,-0.0    -2,-0.1  -0.600  53.6 166.1 -88.7  73.4    7.6   -7.2   -7.2               
  123  123 A R        -     0   0  176     -2,-1.4    -2,-0.0     1,-0.1   -74,-0.0  -0.765  54.1 -96.5 -72.6 134.4    5.4   -8.9   -9.7               
  124  124 A P        -     0   0   95      0, 0.0     2,-1.7     0, 0.0    -1,-0.1  -0.359  45.8-103.4 -52.3 129.5    6.5  -12.6   -9.7               
  125  125 A K        -     0   0  195      2,-0.1     2,-0.3    -3,-0.0     4,-0.1  -0.474  40.8-167.7 -61.6  85.5    9.0  -13.0  -12.6               
  126  126 A G        -     0   0   60     -2,-1.7    -3,-0.0     2,-0.1     0, 0.0  -0.630  35.2-111.3 -65.6 138.7    6.8  -14.8  -15.2               
  127  127 A K  S    S+     0   0  220     -2,-0.3     2,-1.0     2,-0.1    -1,-0.1   0.332  87.9 108.2 -65.4   6.5    9.2  -16.0  -17.9               
  128  128 A S        -     0   0   74      1,-0.1    -2,-0.1     2,-0.1    -1,-0.1  -0.765  44.3-176.9 -90.2  99.1    7.9  -13.5  -20.5               
  129  129 A M        +     0   0  190     -2,-1.0     2,-1.2    -4,-0.1     3,-0.1  -0.107  33.1 142.5 -75.0  29.2   10.6  -10.9  -21.0               
  130  130 A Q  S    S-     0   0  166      1,-0.2     3,-0.2     3,-0.0    -2,-0.1  -0.732  77.8 -60.1 -80.2  97.5    8.1   -9.1  -23.4               
  131  131 A K        -     0   0  199     -2,-1.2     2,-0.5     1,-0.2    -1,-0.2   0.753  49.8-130.8  32.1  89.0    8.9   -5.4  -22.5               
  132  132 A R        -     0   0  201     -3,-0.1    -1,-0.2     1,-0.1     2,-0.2  -0.544  33.6-117.4 -49.3 108.0    8.2   -4.5  -18.9               
  133  133 A R        -     0   0  151     -2,-0.5    -1,-0.1    -3,-0.2    -3,-0.0  -0.483  45.4-100.2 -50.9 117.3    6.2   -1.4  -19.5               
  134  134 A S    >   -     0   0   84      1,-0.2     3,-2.8    -2,-0.2    -1,-0.1  -0.178  31.6-101.3 -48.0 145.6    8.6    1.0  -17.7               
  135  135 A K  T 3  S+     0   0  123      1,-0.3    -1,-0.2     2,-0.1    -2,-0.1   0.413 123.8  56.8 -51.8   2.1    7.5    2.0  -14.1               
  136  136 A G  T 3   +     0   0   34      1,-0.1     2,-0.8     0, 0.0    -1,-0.3   0.346  69.1 102.8-114.9   2.5    6.3    5.3  -15.8               
  137  137 A D    <   +     0   0   54     -3,-2.8     2,-0.4     2,-0.1    10,-0.1  -0.099  59.7 110.1 -81.4  36.6    3.8    3.9  -18.5               
  138  138 A R  S    S-     0   0   49     -2,-0.8    11,-0.2     8,-0.1     2,-0.2  -0.919  83.6 -97.3-107.6 145.1    0.8    5.0  -16.2               
  139  139 A C     >  -     0   0    3      5,-2.6     4,-2.4    -2,-0.4     9,-0.1  -0.359  27.8-146.8 -54.4 119.2   -1.6    7.8  -16.9               
  140  140 A Y  T  4 S+     0   0  135     -2,-0.2    20,-0.3     2,-0.2    -1,-0.2   0.785  96.4  48.7 -64.7 -22.0   -0.3   10.7  -14.8               
  141  141 A N  T  4 S+     0   0   22     18,-0.1    -1,-0.2     1,-0.1   -26,-0.1   0.975 133.4   4.0 -79.5 -58.0   -4.0   11.8  -14.3               
  142  142 A C  T  4 S-     0   0    4    -27,-0.1   -26,-2.6     2,-0.1    -2,-0.2   0.492  89.9-117.3-113.4  -8.4   -5.7    8.6  -13.2               
  143  143 A G     <  +     0   0    9     -4,-2.4    -3,-0.1     1,-0.2     5,-0.0   0.404  59.0 154.7  82.0  -0.1   -3.0    5.9  -12.9               
  144  144 A G        -     0   0    0     -6,-0.1    -5,-2.6     1,-0.1    -1,-0.2  -0.125  41.8-146.5 -61.0 153.8   -4.5    3.7  -15.7               
  145  145 A L  S    S+     0   0   80     -7,-0.2    -1,-0.1     1,-0.1     3,-0.0   0.546  89.7  61.1 -97.0 -14.1   -2.3    1.2  -17.7               
  146  146 A D  S    S+     0   0  112     -7,-0.0     2,-0.3     2,-0.0    -1,-0.1   0.547 107.7  26.3 -96.8 -10.9   -4.2    1.5  -21.1               
  147  147 A H        -     0   0   29    -10,-0.1    -8,-0.3    -3,-0.0     2,-0.2  -0.939  69.1-117.1-148.1 166.1   -3.8    5.3  -21.8               
  148  148 A H    >   -     0   0   80     -2,-0.3     3,-2.2    -9,-0.1     4,-0.4  -0.658  44.0 -96.9-100.3 165.5   -1.6    8.4  -21.2               
  149  149 A A  G >  S+     0   0   44      1,-0.3     3,-1.0   -11,-0.2   -10,-0.1   0.798 123.0  60.4 -54.1 -31.6   -2.6   11.6  -19.4               
  150  150 A K  G 3  S+     0   0  172      1,-0.2    -1,-0.3     3,-0.0   -11,-0.0   0.700 110.6  40.9 -66.3 -24.0   -3.4   13.3  -22.9               
  151  151 A E  G <  S+     0   0  105     -3,-2.2     2,-0.4     2,-0.0    -1,-0.2   0.201  85.6 131.0-106.6   5.7   -6.1   10.5  -23.6               
  152  152 A C    <   -     0   0   23     -3,-1.0    -3,-0.0    -4,-0.4   -12,-0.0  -0.528  45.8-158.8 -72.1 125.4   -7.5   10.5  -20.0               
  153  153 A K        +     0   0  207     -2,-0.4    -1,-0.1     2,-0.0    -4,-0.0   0.529  67.8  91.3 -77.5 -11.8  -11.3   10.7  -19.8               
  154  154 A L  S    S-     0   0   89      1,-0.1     3,-0.1     3,-0.0   -12,-0.1  -0.632  88.8-100.2 -82.3 149.2  -11.2   11.9  -16.2               
  155  155 A P        -     0   0   87      0, 0.0     2,-0.1     0, 0.0    -1,-0.1  -0.207  61.0 -70.2 -58.1 155.9  -11.1   15.6  -15.3               
  156  156 A P        -     0   0  126      0, 0.0     3,-0.1     0, 0.0   -15,-0.0  -0.322  57.6-154.9 -53.5 120.1   -7.6   17.0  -14.4               
  157  157 A Q        -     0   0   55     -3,-0.1     3,-0.1     1,-0.1   -44,-0.1  -0.610  30.2 -81.1 -92.4 156.4   -6.6   15.6  -11.0               
  158  158 A P        -     0   0   78      0, 0.0     2,-0.2     0, 0.0    -1,-0.1  -0.244  57.5 -94.1 -55.1 142.6   -4.2   17.2   -8.5               
  159  159 A K        -     0   0  182      8,-0.1     2,-0.3    -3,-0.1    10,-0.1  -0.447  51.2-166.9 -62.1 127.8   -0.5   16.6   -9.3               
  160  160 A K        -     0   0   21    -20,-0.3     2,-0.2    -2,-0.2     7,-0.2  -0.882  30.5 -90.8-120.9 149.7    0.7   13.5   -7.4               
  161  161 A C     >  -     0   0    1      5,-2.9     4,-2.7     8,-0.4     9,-0.1  -0.377  29.7-143.0 -54.8 120.8    4.2   12.1   -6.7               
  162  162 A H  T  4 S+     0   0  101     -2,-0.2    -1,-0.2     1,-0.2     8,-0.1   0.670  99.3  47.0 -62.8 -17.1    5.0    9.6   -9.5               
  163  163 A F  T  4 S+     0   0   20      3,-0.1    -1,-0.2     1,-0.0     7,-0.0   0.938 133.4   5.0 -85.7 -60.5    6.6    7.4   -6.8               
  164  164 A C  T  4 S-     0   0    3      2,-0.1   -72,-2.8   -73,-0.1    -2,-0.2   0.343  89.3-118.9-112.7   2.3    4.1    7.3   -3.8               
  165  165 A Q     <  +     0   0    6     -4,-2.7    -3,-0.1     1,-0.2   -74,-0.1   0.407  56.7 156.8  63.5   6.6    1.0    9.1   -5.1               
  166  166 A S        -     0   0   19      1,-0.1    -5,-2.9    -6,-0.1     3,-0.3  -0.349  37.4-155.3 -57.0 137.0    1.3   11.8   -2.4               
  167  167 A I  S    S+     0   0  106     -7,-0.2    -1,-0.1     1,-0.2    -8,-0.1   0.521  87.3  70.1 -83.8 -10.3   -0.5   15.1   -3.3               
  168  168 A S  S    S+     0   0   99      1,-0.1     2,-0.3    -7,-0.0    -1,-0.2   0.627 107.6  14.4 -84.7 -17.1    1.9   17.0   -0.8               
  169  169 A H        -     0   0   39     -3,-0.3    -8,-0.4   -10,-0.1     2,-0.2  -0.985  69.7-116.8-152.3 161.8    5.1   16.6   -2.9               
  170  170 A M    >   -     0   0  126     -2,-0.3     3,-1.6    -9,-0.1    -9,-0.2  -0.558  44.9 -94.0 -96.9 168.0    6.6   15.7   -6.3               
  171  171 A V  G >  S+     0   0   46      1,-0.3     3,-0.9   -11,-0.2     6,-0.1   0.724 121.4  63.9 -56.2 -25.9    8.9   12.8   -7.1               
  172  172 A A  G 3  S+     0   0   94      1,-0.2    -1,-0.3     5,-0.0   -11,-0.0   0.840 112.5  33.8 -65.7 -33.4   12.0   15.0   -6.7               
  173  173 A S  G <  S+     0   0   92     -3,-1.6    -1,-0.2     4,-0.0    -2,-0.2  -0.076  84.4 139.1-112.5  25.0   11.2   15.6   -2.9               
  174  174 A C    <>  -     0   0    6     -3,-0.9     4,-2.0     1,-0.2     3,-0.5  -0.679  38.2-162.8 -80.2 113.8    9.7   12.1   -2.2               
  175  175 A P  H  > S+     0   0   67      0, 0.0     4,-2.2     0, 0.0    -1,-0.2   0.886  92.0  54.2 -64.1 -35.7   10.9   10.8    1.2               
  176  176 A L  H  > S+     0   0   42      1,-0.2     4,-1.1     2,-0.2    -2,-0.1   0.828 108.2  49.4 -66.8 -33.3    9.9    7.2    0.3               
  177  177 A K  H  4 S+     0   0  109     -3,-0.5    -1,-0.2     2,-0.2     4,-0.2   0.897 110.3  50.8 -71.0 -40.1   12.0    7.4   -2.9               
  178  178 A A  H >< S+     0   0   83     -4,-2.0     3,-0.9     1,-0.2    -2,-0.2   0.889 111.6  48.0 -62.9 -39.9   15.0    8.7   -0.8               
  179  179 A Q  H 3< S+     0   0  153     -4,-2.2    -1,-0.2     1,-0.2    -2,-0.2   0.764  97.3  69.5 -73.4 -27.3   14.7    5.8    1.7               
  180  180 A Q  T 3< S-     0   0   73     -4,-1.1    -1,-0.2    -5,-0.2    -2,-0.1   0.499  90.4-153.3 -73.7  -0.5   14.4    3.0   -0.9               
  181  181 A G    <   -     0   0   45     -3,-0.9     2,-1.6    -4,-0.2    -1,-0.1   0.250  46.9 -46.6  54.6 175.5   18.1    3.5   -1.9               
  182  182 A P  S    S-     0   0  131      0, 0.0     2,-0.2     0, 0.0    -1,-0.1  -0.681  71.2-131.5 -67.8  93.5   19.4    2.6   -5.4               
  183  183 A S        -     0   0   89     -2,-1.6     2,-1.0     1,-0.2    -2,-0.1  -0.429  33.7 -99.2 -50.2 116.1   17.6   -0.8   -5.4               
  184  184 A A  S    S+     0   0  101     -2,-0.2    -1,-0.2     1,-0.1     3,-0.1  -0.263  88.0 110.2 -51.9  85.7   20.4   -3.1   -6.6               
  185  185 A Q        +     0   0  162     -2,-1.0     2,-0.3     1,-0.1    -1,-0.1  -0.326  51.5  89.8-151.1  64.5   19.8   -3.7  -10.3               
  186  186 A G  S    S-     0   0   71     -4,-0.1     3,-0.1     0, 0.0    -1,-0.1  -0.837  74.9-119.1-155.7 118.6   22.7   -1.8  -12.0               
  187  187 A K        -     0   0  194     -2,-0.3     2,-0.7     1,-0.1    -2,-0.1  -0.179  36.1 -96.7 -48.5 148.6   26.1   -3.4  -12.8               
  188  188 A P        -     0   0  124      0, 0.0     2,-1.1     0, 0.0    -1,-0.1  -0.607  36.9-149.8 -65.4 108.9   29.3   -2.0  -11.2               
  189  189 A T        -     0   0  129     -2,-0.7     2,-0.2    -3,-0.1     0, 0.0  -0.844  10.3-153.3 -77.5  99.5   30.7    0.2  -14.0               
  190  190 A Y        +     0   0  207     -2,-1.1    -3,-0.0     0, 0.0     0, 0.0  -0.572  45.3  86.4 -57.5 146.5   34.4   -0.0  -13.4               
  191  191 A F        +     0   0  170     -2,-0.2    -2,-0.0     0, 0.0     0, 0.0   0.550  37.7  63.7  84.1 130.1   36.1    3.2  -14.8               
  192  192 A R        -     0   0  209      0, 0.0    -3,-0.0     0, 0.0     2,-0.0   0.602  35.7-150.8-155.2 148.3   37.1    6.2  -14.5               
  193  193 A E        -     0   0  137      1,-0.0     2,-0.3     0, 0.0     0, 0.0  -0.238   7.3-176.7 -54.3 137.5   39.6    8.2  -12.4               
  194  194 A E        -     0   0  188     -2,-0.0     2,-0.1     0, 0.0    -1,-0.0  -0.870  27.7-150.3-136.1 103.6   39.2   11.9  -11.5               
  195  195 A E        -     0   0  150     -2,-0.3     0, 0.0     1,-0.0     0, 0.0  -0.353  20.7 -27.0 -62.9 143.4   42.4   12.9   -9.5               
  196  196 A E        +     0   0  168     -2,-0.1    -1,-0.0     2,-0.0     0, 0.0   0.905  37.1 115.8  58.2 135.6   43.3   15.4   -6.9               
  197  197 A E        +     0   0  155      0, 0.0     2,-1.0     0, 0.0    -2,-0.0   0.549   8.6 168.7-154.3 131.7   43.7   17.8   -4.7               
  198  198 A I        -     0   0  163      2,-0.1     2,-0.8     1,-0.0    -2,-0.0  -0.809  35.9-142.3 -87.3  99.0   43.4   17.8   -0.9               
  199  199 A H        +     0   0  165     -2,-1.0    -1,-0.0     2,-0.0     0, 0.0  -0.565  37.5 155.2 -64.4 105.9   44.9   21.2   -0.0               
  200  200 A S        -     0   0   87     -2,-0.8     2,-1.0     2,-0.1    -2,-0.1  -0.937  29.8-154.5-130.4 110.5   46.9   20.7    3.2               
  201  201 A P        +     0   0  128      0, 0.0     2,-0.6     0, 0.0    -2,-0.0  -0.774  23.3 165.1 -86.6 103.4   49.8   23.1    3.9               
  202  202 A T        -     0   0  112     -2,-1.0     2,-0.7     2,-0.0    -2,-0.1  -0.937  13.0-173.3-108.1  98.8   52.3   21.3    6.2               
  203  203 A L        -     0   0  178     -2,-0.6     0, 0.0     0, 0.0     0, 0.0  -0.910  11.3-163.1 -89.9 115.5   55.5   23.4    6.0               
  204  204 A L        -     0   0  144     -2,-0.7    -2,-0.0     1,-0.1     0, 0.0  -0.481  16.2-106.0-104.3 172.3   58.2   21.4    7.9               
  205  205 A P        +     0   0   99      0, 0.0    -1,-0.1     0, 0.0     0, 0.0   0.342  37.8 117.1-112.0-165.4   61.4   22.7    9.2               
  206  206 A E        +     0   0  184      1,-0.0    -2,-0.0     0, 0.0     0, 0.0   0.875  25.3 102.4  96.0 109.9   65.2   23.5    9.7               
  207  207 A A        +     0   0  103      0, 0.0     2,-0.6     0, 0.0    -1,-0.0   0.055  21.9 169.5-171.9 104.9   68.0   25.7    9.8               
  208  208 A Q              0   0  203      0, 0.0     0, 0.0     0, 0.0     0, 0.0  -0.889 360.0 360.0 -80.2 120.3   69.7   26.9   13.0               
  209  209 A N              0   0  236     -2,-0.6     0, 0.0     0, 0.0     0, 0.0  -0.537 360.0 360.0-159.4 360.0   73.0   28.7   12.5               
