==== Secondary Structure Definition by the program DSSP, CMBI version 2.0                          ==== DATE=2026-03-08        .
REFERENCE W. KABSCH AND C.SANDER, BIOPOLYMERS 22 (1983) 2577-2637                                                              .
HEADER                                            01-AUG-25                                                                    .
COMPND    MOL_ID: 1; MOLECULE: NECTIN-3; CHAIN: A                                                                              .
SOURCE    MOL_ID: 1; ORGANISM_SCIENTIFIC: HOMO SAPIENS; ORGANISM_TAXID: 9606                                                   .
AUTHOR                                                                                                                         .
  549  1  0  0  0 TOTAL NUMBER OF RESIDUES, NUMBER OF CHAINS, NUMBER OF SS-BRIDGES(TOTAL,INTRACHAIN,INTERCHAIN)                .
 50363.4   ACCESSIBLE SURFACE OF PROTEIN (ANGSTROM**2)                                                                         .
  295 53.7   TOTAL NUMBER OF HYDROGEN BONDS OF TYPE O(I)-->H-N(J)  , SAME NUMBER PER 100 RESIDUES                              .
   11  2.0   TOTAL NUMBER OF HYDROGEN BONDS IN     PARALLEL BRIDGES, SAME NUMBER PER 100 RESIDUES                              .
  129 23.5   TOTAL NUMBER OF HYDROGEN BONDS IN ANTIPARALLEL BRIDGES, SAME NUMBER PER 100 RESIDUES                              .
    0  0.0   TOTAL NUMBER OF HYDROGEN BONDS OF TYPE O(I)-->H-N(I-5), SAME NUMBER PER 100 RESIDUES                              .
    4  0.7   TOTAL NUMBER OF HYDROGEN BONDS OF TYPE O(I)-->H-N(I-4), SAME NUMBER PER 100 RESIDUES                              .
    3  0.5   TOTAL NUMBER OF HYDROGEN BONDS OF TYPE O(I)-->H-N(I-3), SAME NUMBER PER 100 RESIDUES                              .
    0  0.0   TOTAL NUMBER OF HYDROGEN BONDS OF TYPE O(I)-->H-N(I-2), SAME NUMBER PER 100 RESIDUES                              .
    0  0.0   TOTAL NUMBER OF HYDROGEN BONDS OF TYPE O(I)-->H-N(I-1), SAME NUMBER PER 100 RESIDUES                              .
    0  0.0   TOTAL NUMBER OF HYDROGEN BONDS OF TYPE O(I)-->H-N(I+0), SAME NUMBER PER 100 RESIDUES                              .
    0  0.0   TOTAL NUMBER OF HYDROGEN BONDS OF TYPE O(I)-->H-N(I+1), SAME NUMBER PER 100 RESIDUES                              .
   76 13.8   TOTAL NUMBER OF HYDROGEN BONDS OF TYPE O(I)-->H-N(I+2), SAME NUMBER PER 100 RESIDUES                              .
   30  5.5   TOTAL NUMBER OF HYDROGEN BONDS OF TYPE O(I)-->H-N(I+3), SAME NUMBER PER 100 RESIDUES                              .
   45  8.2   TOTAL NUMBER OF HYDROGEN BONDS OF TYPE O(I)-->H-N(I+4), SAME NUMBER PER 100 RESIDUES                              .
    0  0.0   TOTAL NUMBER OF HYDROGEN BONDS OF TYPE O(I)-->H-N(I+5), SAME NUMBER PER 100 RESIDUES                              .
  1  2  3  4  5  6  7  8  9 10 11 12 13 14 15 16 17 18 19 20 21 22 23 24 25 26 27 28 29 30     *** HISTOGRAMS OF ***           .
  0  0  0  0  0  0  0  0  0  0  0  0  0  1  0  0  0  0  0  0  0  0  0  0  0  0  0  0  0  1    RESIDUES PER ALPHA HELIX         .
  1  1  0  0  1  0  0  0  0  0  0  0  0  0  0  0  0  0  0  0  0  0  0  0  0  0  0  0  0  0    PARALLEL BRIDGES PER LADDER      .
  2  0  5  2  1  4  1  3  2  0  0  0  0  0  0  0  0  0  0  0  0  0  0  0  0  0  0  0  0  0    ANTIPARALLEL BRIDGES PER LADDER  .
  2  4  2  0  1  0  0  0  0  0  0  0  0  0  0  0  0  0  0  0  0  0  0  0  0  0  0  0  0  0    LADDERS PER SHEET                .
  #  RESIDUE AA STRUCTURE BP1 BP2  ACC     N-H-->O    O-->H-N    N-H-->O    O-->H-N    TCO  KAPPA ALPHA  PHI   PSI    X-CA   Y-CA   Z-CA            CHAIN
    1    1 A M              0   0  251      0, 0.0     0, 0.0     0, 0.0     0, 0.0   0.000 360.0 360.0 360.0 122.7   13.2   18.7   24.4               
    2    2 A A        +     0   0  104      1,-0.2     2,-0.3     0, 0.0     0, 0.0   0.702 360.0 166.2-153.1 142.6   10.6   20.2   25.8               
    3    3 A R        +     0   0  241      2,-0.0    -1,-0.2     0, 0.0     2,-0.1  -0.845  16.1 172.3 -96.0 150.3    6.9   20.1   27.2               
    4    4 A T        -     0   0  132     -2,-0.3     0, 0.0     0, 0.0     0, 0.0  -0.473  14.8-141.4-177.9 111.1    5.0   22.7   29.3               
    5    5 A L        -     0   0  168      1,-0.2    -2,-0.0    -2,-0.1     0, 0.0   0.474   2.2-123.5  81.6 117.2    1.7   23.1   30.4               
    6    6 A R        -     0   0  227      0, 0.0    -1,-0.2     0, 0.0     2,-0.2  -0.472  14.5-170.6 -79.8 166.6   -1.3   25.4   31.2               
    7    7 A P        -     0   0  130      0, 0.0     0, 0.0     0, 0.0     0, 0.0  -0.732  16.9-118.2-151.4-176.6   -3.4   26.1   34.0               
    8    8 A S        -     0   0  108     -2,-0.2     2,-0.1     1,-0.1     0, 0.0   0.071  22.9-105.1 -91.7 179.8   -6.7   28.0   34.7               
    9    9 A P        -     0   0  127      0, 0.0     2,-0.3     0, 0.0    -1,-0.1  -0.176  10.8-120.9-112.2-176.2   -8.2   31.0   36.7               
   10   10 A L        -     0   0  175     -2,-0.1     0, 0.0     0, 0.0     0, 0.0  -0.976  28.8-139.8-130.4 143.6  -10.4   32.4   39.7               
   11   11 A C        -     0   0  118     -2,-0.3     0, 0.0     1,-0.1     0, 0.0  -0.537  18.4 -38.8-113.8-168.2  -13.5   34.8   39.9               
   12   12 A P        -     0   0  130      0, 0.0     2,-0.2     0, 0.0    -1,-0.1   0.872   6.6-171.5-133.5-171.2  -15.3   37.3   41.3               
   13   13 A G        +     0   0   82      2,-0.0     2,-0.3     0, 0.0     0, 0.0  -0.716  19.4 174.3-175.0 131.8  -17.2   40.0   43.5               
   14   14 A G        -     0   0   88     -2,-0.2     2,-0.3     2,-0.0     0, 0.0  -0.852   8.0-165.7-128.8 166.7  -19.8   42.8   42.9               
   15   15 A G        -     0   0   85     -2,-0.3     2,-0.3     2,-0.0    -2,-0.0  -0.967   4.7-162.7-157.1 140.7  -21.9   45.4   44.8               
   16   16 A K        -     0   0  217     -2,-0.3     2,-0.3     0, 0.0    -2,-0.0  -0.794   3.1-168.4-109.7 160.3  -24.9   47.7   44.1               
   17   17 A A        -     0   0  107     -2,-0.3     2,-0.1     2,-0.0    -2,-0.0  -0.953  14.4-174.5-153.4 163.9  -26.6   50.8   45.6               
   18   18 A Q        +     0   0  168     -2,-0.3     0, 0.0     2,-0.0     0, 0.0  -0.453   9.1 148.0-133.1-178.6  -30.0   52.5   44.9               
   19   19 A L        +     0   0  150     -2,-0.1    -2,-0.0     0, 0.0     0, 0.0   0.623  11.4  67.0  87.0 144.0  -32.7   55.4   45.3               
   20   20 A S        -     0   0   90      0, 0.0    -2,-0.0     0, 0.0     0, 0.0   0.746  17.7-110.2-175.9 154.0  -35.1   57.5   44.5               
   21   21 A S        +     0   0  108      0, 0.0     0, 0.0     0, 0.0     0, 0.0   0.878  14.0  76.3  56.3 148.8  -38.3   59.6   43.6               
   22   22 A A        -     0   0   84      0, 0.0     0, 0.0     0, 0.0     0, 0.0   0.831  18.1 -98.3-169.7 154.9  -40.8   61.5   42.3               
   23   23 A S        -     0   0  112      0, 0.0     0, 0.0     0, 0.0     0, 0.0   0.803  15.1-123.2  38.3 149.7  -43.8   63.0   40.3               
   24   24 A L        +     0   0  156      0, 0.0     0, 0.0     0, 0.0     0, 0.0   0.742  20.9 115.5 177.1 156.4  -45.6   64.7   38.0               
   25   25 A L        +     0   0  168      0, 0.0     0, 0.0     0, 0.0     0, 0.0   0.778  31.3  94.1  95.8 124.0  -48.0   66.9   35.8               
   26   26 A G        -     0   0   75      0, 0.0     0, 0.0     0, 0.0     0, 0.0   0.769  45.1-123.8 137.9  70.8  -48.5   69.6   33.2               
   27   27 A A        +     0   0  111      0, 0.0     0, 0.0     0, 0.0     0, 0.0   0.771  36.2 128.2  38.6 127.5  -49.0   69.6   29.5               
   28   28 A G        -     0   0   69      2,-0.0     0, 0.0     0, 0.0     0, 0.0   0.320  47.4 -87.2 147.0 100.9  -47.6   70.9   26.2               
   29   29 A L        +     0   0  170      1,-0.0     2,-0.2     0, 0.0     0, 0.0   0.549  45.2 140.0  25.3 105.9  -46.4   69.8   22.8               
   30   30 A L        -     0   0  166      2,-0.1     2,-0.4     0, 0.0    -2,-0.0  -0.665  39.2-135.8-158.9 129.5  -43.1   68.6   21.6               
   31   31 A L        +     0   0  178     -2,-0.2     0, 0.0     0, 0.0     0, 0.0  -0.563  31.2 173.5 -61.4 121.3  -42.4   65.7   19.1               
   32   32 A Q        -     0   0  180     -2,-0.4    -2,-0.1     1,-0.0     0, 0.0  -0.972  29.9 -92.8-143.4 153.0  -39.5   63.5   20.3               
   33   33 A P        -     0   0  105      0, 0.0     2,-0.5     0, 0.0    -1,-0.0  -0.004  33.8 -93.6 -85.8 162.6  -38.3   60.2   18.7               
   34   34 A P        -     0   0  132      0, 0.0     0, 0.0     0, 0.0     0, 0.0  -0.544  40.7-137.0 -72.2 119.8  -39.0   56.4   19.2               
   35   35 A T        -     0   0  126     -2,-0.5     0, 0.0     1,-0.1     0, 0.0  -0.388  31.7 -92.6 -64.4 147.5  -36.4   54.9   21.6               
   36   36 A P        -     0   0  117      0, 0.0    -1,-0.1     0, 0.0     3,-0.1  -0.421  46.0-103.4 -69.0 143.2  -34.9   51.4   20.6               
   37   37 A P        -     0   0  116      0, 0.0     2,-0.5     0, 0.0     0, 0.0  -0.290  45.3 -92.2 -68.1 151.5  -36.7   48.3   22.0               
   38   38 A P    >   -     0   0   78      0, 0.0     3,-2.2     0, 0.0     4,-0.4  -0.508  20.9-149.0 -77.5 118.2  -35.0   46.5   24.9               
   39   39 A L  T >> S+     0   0  144     -2,-0.5     3,-0.8     1,-0.3     4,-0.7   0.688  92.9  77.0 -50.9 -20.2  -32.6   43.7   23.9               
   40   40 A L  H 3> S+     0   0  122      1,-0.2     4,-1.1     2,-0.2     3,-0.5   0.793  82.2  63.2 -63.0 -30.4  -33.7   42.1   27.3               
   41   41 A L  H <4 S+     0   0  123     -3,-2.2    -1,-0.2     1,-0.2    -2,-0.2   0.753  99.9  53.0 -72.5 -21.5  -37.1   40.9   25.8               
   42   42 A L  H <> S+     0   0  123     -3,-0.8     4,-0.9    -4,-0.4    -1,-0.2   0.709 103.7  57.3 -82.7 -21.0  -35.4   38.6   23.3               
   43   43 A L  H  X S+     0   0   94     -4,-0.7     4,-2.5    -3,-0.5     5,-0.2   0.815  95.6  65.1 -79.3 -30.5  -33.3   36.9   26.0               
   44   44 A F  H  X S+     0   0  124     -4,-1.1     4,-2.4     2,-0.2    -2,-0.2   0.923 103.1  43.9 -60.2 -48.9  -36.5   35.8   28.0               
   45   45 A P  H  > S+     0   0   66      0, 0.0     4,-2.7     0, 0.0    -1,-0.2   0.873 114.6  51.8 -66.8 -32.0  -37.8   33.4   25.3               
   46   46 A L  H  X S+     0   0  126     -4,-0.9     4,-2.3     2,-0.2    -2,-0.2   0.892 112.3  44.9 -67.5 -40.4  -34.3   32.0   24.8               
   47   47 A L  H  X S+     0   0  102     -4,-2.5     4,-2.0     2,-0.2    -1,-0.2   0.857 114.3  49.4 -70.2 -36.1  -33.9   31.4   28.6               
   48   48 A L  H  X S+     0   0  109     -4,-2.4     4,-2.4    -5,-0.2    -2,-0.2   0.918 111.9  49.1 -66.3 -41.8  -37.5   29.9   28.6               
   49   49 A F  H  X S+     0   0  113     -4,-2.7     4,-2.2     2,-0.2    -2,-0.2   0.896 111.5  48.3 -64.6 -40.8  -36.5   27.7   25.6               
   50   50 A S  H  X S+     0   0   68     -4,-2.3     4,-1.5     2,-0.2    -2,-0.2   0.900 113.8  47.3 -68.4 -36.2  -33.2   26.5   27.3               
   51   51 A R  H  < S+     0   0  203     -4,-2.0     4,-0.5     2,-0.2    -2,-0.2   0.866 113.9  47.7 -69.9 -36.2  -35.3   25.7   30.5               
   52   52 A L  H >< S+     0   0  117     -4,-2.4     3,-0.6     1,-0.2    -2,-0.2   0.841 110.5  51.8 -72.0 -34.0  -37.9   23.9   28.5               
   53   53 A C  H >< S+     0   0   90     -4,-2.2     3,-1.2     1,-0.2    -2,-0.2   0.841 102.2  60.6 -72.0 -30.9  -35.2   21.9   26.6               
   54   54 A G  T 3< S+     0   0   65     -4,-1.5     3,-0.5     1,-0.2    -1,-0.2   0.689  98.2  59.2 -67.1 -18.3  -33.6   20.8   29.9               
   55   55 A A  T <  S+     0   0   84     -3,-0.6    -1,-0.2    -4,-0.5    -2,-0.1   0.234  87.9  76.4 -94.2   9.2  -36.8   19.0   31.0               
   56   56 A L    <   +     0   0   93     -3,-1.2     2,-0.5     2,-0.1    -1,-0.2   0.471  65.6  98.4-104.8  -4.8  -36.9   16.6   28.0               
   57   57 A A  S    S-     0   0   79     -3,-0.5     4,-0.1    -4,-0.2    -3,-0.0  -0.748  71.1-133.9 -81.4 123.5  -34.2   14.1   29.0               
   58   58 A G        -     0   0   47     -2,-0.5    23,-0.1     2,-0.3    -2,-0.1  -0.311  33.4 -95.1 -63.7 165.5  -35.7   10.9   30.6               
   59   59 A P  S    S+     0   0   59      0, 0.0    22,-2.8     0, 0.0     2,-0.5   0.604 112.1  68.4 -61.2 -15.1  -34.1    9.6   33.8               
   60   60 A I  E    S-A   80   0A  10     20,-0.2     2,-0.6    99,-0.2    -2,-0.3  -0.949  71.7-157.4-113.9 117.6  -32.0    7.2   31.8               
   61   61 A I  E     +A   79   0A  74     18,-2.9    18,-2.4    -2,-0.5     2,-0.3  -0.842  25.8 155.8-100.5 113.4  -29.2    8.7   29.5               
   62   62 A V  E     -A   78   0A  20     -2,-0.6    16,-0.2    16,-0.2    99,-0.1  -0.987  49.0-110.4-136.0 142.0  -28.2    6.4   26.6               
   63   63 A E        -     0   0  115     14,-0.6   100,-0.2    -2,-0.3     3,-0.1  -0.653  29.1-145.2 -70.3 120.8  -26.6    7.2   23.3               
   64   64 A P  S    S+     0   0   82      0, 0.0    99,-2.3     0, 0.0     2,-0.4   0.779  81.7  32.0 -66.9 -28.8  -29.5    6.4   20.8               
   65   65 A H  E     -c  163   0B 134     97,-0.2     2,-0.4    99,-0.0    99,-0.2  -0.990  68.0-179.6-134.7 122.2  -27.2    5.0   18.0               
   66   66 A V  E     -c  164   0B  15     97,-2.6    99,-2.5    -2,-0.4     2,-0.5  -0.979  17.5-145.2-125.4 131.5  -23.9    3.2   18.6               
   67   67 A T  E     -c  165   0B  94     -2,-0.4     2,-0.4    97,-0.2    99,-0.2  -0.854  16.1-166.8 -94.7 128.6  -21.5    1.8   15.9               
   68   68 A A  E     -c  166   0B   1     97,-2.7    99,-3.1    -2,-0.5     2,-0.4  -0.953  14.6-136.2-116.7 132.1  -19.7   -1.4   16.8               
   69   69 A V  E >   -c  167   0B  27     -2,-0.4     3,-1.7     4,-0.2    69,-0.4  -0.763  32.7-104.3 -90.4 130.6  -16.7   -2.8   14.8               
   70   70 A W  T 3  S+     0   0  127     97,-3.0    99,-0.2    -2,-0.4    69,-0.2  -0.182 103.6   9.3 -53.7 135.5  -16.7   -6.6   14.0               
   71   71 A G  T 3  S+     0   0   31     67,-2.7    66,-0.3     1,-0.3    -1,-0.3   0.214 113.8  96.5  72.0 -12.8  -14.3   -8.6   16.2               
   72   72 A K  S <  S-     0   0   89     -3,-1.7    66,-2.4    66,-0.2     2,-0.3  -0.329  79.8-102.4 -91.3 178.3  -13.7   -5.5   18.4               
   73   73 A N        -     0   0   98     63,-0.2     2,-0.3    64,-0.2    63,-0.2  -0.821  29.4-159.0-102.0 147.5  -15.3   -4.6   21.7               
   74   74 A V  E     -H  135   0C  15     61,-2.5    61,-2.6    -2,-0.3     2,-0.6  -0.945   9.4-142.4-124.2 146.4  -18.1   -1.9   22.2               
   75   75 A S  E     -H  134   0C  41     -2,-0.3     2,-0.8    59,-0.2    59,-0.2  -0.948   7.5-157.7-109.0 118.2  -19.2   -0.0   25.3               
   76   76 A L  E     -H  133   0C   2     57,-2.2    57,-1.9    -2,-0.6     2,-0.4  -0.844  18.1-149.1 -93.6 102.7  -22.9    0.6   25.7               
   77   77 A K        +     0   0  128     -2,-0.8   -14,-0.6    55,-0.2     2,-0.3  -0.628  23.3 169.7 -76.3 131.1  -23.2    3.6   28.0               
   78   78 A C  E     -A   62   0A   0     -2,-0.4    53,-1.7   -16,-0.2     2,-0.4  -0.929   7.8-175.1-142.5 115.2  -26.2    3.9   30.3               
   79   79 A L  E     -AB  61 130A  74    -18,-2.4   -18,-2.9    -2,-0.3     2,-0.6  -0.938  13.1-150.6-112.2 132.7  -26.3    6.5   33.1               
   80   80 A I  E     -A   60   0A   6     49,-2.4     2,-0.8    -2,-0.4   -20,-0.2  -0.919  11.4-175.9-109.6 110.4  -29.3    6.5   35.6               
   81   81 A E        +     0   0  137    -22,-2.8     2,-0.4    -2,-0.6   -21,-0.1  -0.684  35.1 133.5-106.0  71.3  -30.1   10.0   37.0               
   82   82 A V        -     0   0   26     -2,-0.8     4,-0.1     2,-0.1    -2,-0.1  -0.982  49.0-154.7-124.3 136.8  -32.8    9.1   39.5               
   83   83 A N  S    S+     0   0  171     -2,-0.4     2,-0.1     2,-0.1    -1,-0.1   0.552  73.7  88.1 -83.2 -12.3  -33.1   10.2   43.1               
   84   84 A E  S    S-     0   0   83      1,-0.1     2,-0.4    68,-0.0    -2,-0.1  -0.320  94.6 -80.3 -80.6 168.0  -35.2    7.1   44.0               
   85   85 A T  E     -D  153   0B  91     68,-1.0    68,-2.2    -2,-0.1     2,-0.6  -0.558  39.0-140.2 -74.6 123.5  -33.9    3.7   45.1               
   86   86 A I  E     +D  152   0B  16     -2,-0.4    66,-0.3    66,-0.2     3,-0.1  -0.773  23.5 176.1 -84.3 116.9  -32.7    1.5   42.2               
   87   87 A T  E     -     0   0B  52     64,-2.2     2,-0.3    -2,-0.6    65,-0.2   0.795  65.4  -1.7 -91.1 -33.5  -33.8   -2.1   42.9               
   88   88 A Q  E     -D  151   0B  52     63,-1.4    63,-3.1    18,-0.2     2,-0.4  -0.993  53.0-154.5-157.4 150.5  -32.6   -3.7   39.6               
   89   89 A I  E     -DE 150 105B   1     16,-2.2    16,-2.8    -2,-0.3     2,-0.4  -0.998  20.2-178.8-124.9 133.4  -30.8   -2.8   36.3               
   90   90 A S  E     -DE 149 104B   5     59,-2.8    59,-3.0    -2,-0.4     2,-0.5  -0.982  21.9-151.8-130.9 144.4  -31.2   -4.9   33.2               
   91   91 A W  E     -DE 148 103B   0     12,-2.9    11,-3.2    -2,-0.4    12,-1.2  -0.969  24.8-176.0-102.2 131.0  -29.9   -4.8   29.6               
   92   92 A E  E     -DE 147 101B  18     55,-2.6    55,-3.1    -2,-0.5     2,-0.5  -0.983  17.7-149.2-129.5 136.0  -32.4   -6.4   27.1               
   93   93 A K  E     -DE 146 100B  12      7,-3.0     7,-2.9    -2,-0.4     2,-0.5  -0.912  21.3-131.6-101.8 130.0  -32.0   -7.0   23.4               
   94   94 A I  E     - E   0  99B  46     51,-2.8     2,-0.5    -2,-0.5    51,-0.5  -0.718  21.2-175.1 -83.0 126.1  -35.2   -6.9   21.3               
   95   95 A H  E >   - E   0  98B 134      3,-2.7     3,-2.1    -2,-0.5     2,-0.6  -0.910  63.6 -64.6-118.2  96.0  -35.7   -9.8   18.9               
   96   96 A G  T 3  S-     0   0   72     -2,-0.5    -2,-0.0     1,-0.3     0, 0.0  -0.472 120.0 -13.4  62.5-109.8  -38.9   -9.0   16.9               
   97   97 A K  T 3  S+     0   0  222     -2,-0.6    -1,-0.3    -3,-0.1     2,-0.2   0.524 127.3  74.5 -97.6 -12.5  -41.7   -9.0   19.5               
   98   98 A S  E <   -E   95   0B  71     -3,-2.1    -3,-2.7     2,-0.0     2,-0.4  -0.647  69.1-138.8 -98.9 156.7  -39.7  -10.6   22.4               
   99   99 A S  E     -E   94   0B  69     -5,-0.2     2,-0.5    -2,-0.2    -5,-0.2  -0.962  10.2-155.8-109.0 134.5  -36.9   -9.3   24.6               
  100  100 A Q  E     -E   93   0B  71     -7,-2.9    -7,-3.0    -2,-0.4     2,-0.2  -0.954  22.1-125.4-103.5 124.7  -33.9  -11.4   25.5               
  101  101 A T  E     +E   92   0B  39     -2,-0.5    -9,-0.3    -9,-0.2     3,-0.1  -0.528  28.7 178.6 -70.5 133.4  -32.2  -10.4   28.8               
  102  102 A V  E     -     0   0B   1    -11,-3.2    12,-2.0     1,-0.4     2,-0.3   0.836  63.8  -8.4 -98.6 -55.3  -28.4   -9.7   28.2               
  103  103 A A  E     -EF  91 113B   0    -12,-1.2   -12,-2.9    10,-0.2    -1,-0.4  -0.994  56.8-161.6-151.0 147.7  -27.2   -8.7   31.7               
  104  104 A V  E     -EF  90 112B  27      8,-3.0     8,-2.7    -2,-0.3     2,-0.4  -0.983   2.2-162.7-131.9 140.4  -28.7   -7.9   35.1               
  105  105 A H  E     -EF  89 111B  13    -16,-2.8   -16,-2.2    -2,-0.3     6,-0.2  -0.994   9.7-178.2-124.4 123.5  -27.3   -6.1   38.2               
  106  106 A H  E  >  - F   0 110B  39      4,-2.8     4,-2.1    -2,-0.4   -18,-0.2  -0.985  28.8-135.0-119.3 132.5  -29.0   -6.5   41.6               
  107  107 A P  T  4 S+     0   0   68      0, 0.0    -1,-0.1     0, 0.0   -19,-0.1   0.803 106.1  29.4 -54.6 -36.2  -27.7   -4.6   44.7               
  108  108 A Q  T  4 S+     0   0  158      2,-0.1    -3,-0.0     1,-0.1     0, 0.0   0.741 127.5  39.1 -94.5 -31.5  -28.0   -7.8   46.9               
  109  109 A Y  T  4 S-     0   0  171      1,-0.3     2,-0.2     3,-0.0    -1,-0.1   0.437  95.0-141.8-108.8  -2.5  -27.3  -10.6   44.4               
  110  110 A G  E  <  -F  106   0B  30     -4,-2.1    -4,-2.8    16,-0.1     2,-0.3  -0.472  46.7 -17.8  78.8-148.4  -24.6   -9.1   42.2               
  111  111 A F  E     -F  105   0B  76     -6,-0.2     2,-0.4    -2,-0.2    -6,-0.2  -0.780  49.5-172.4-100.5 144.8  -24.4   -9.5   38.4               
  112  112 A S  E     -F  104   0B  73     -8,-2.7    -8,-3.0    -2,-0.3     2,-0.4  -0.996   3.5-167.0-132.1 136.9  -26.0  -12.0   36.1               
  113  113 A V  E     -F  103   0B  32     -2,-0.4     2,-0.3   -10,-0.2   -10,-0.2  -0.992  18.3-144.9-124.4 132.1  -25.3  -12.5   32.3               
  114  114 A Q    >   -     0   0  104    -12,-2.0     3,-1.6    -2,-0.4     4,-0.1  -0.719  38.7 -39.4-108.3 146.6  -27.6  -14.7   30.3               
  115  115 A G  G >  S+     0   0   42     -2,-0.3     3,-2.0     1,-0.2   -13,-0.0  -0.063 120.7   4.5  57.6-136.4  -27.4  -17.1   27.3               
  116  116 A E  G 3  S+     0   0  102      1,-0.3    -1,-0.2     3,-0.1   -14,-0.1   0.469 123.3  68.9 -64.4  -5.3  -25.0  -16.4   24.4               
  117  117 A Y  G X>  +     0   0    0     -3,-1.6     3,-2.0   -15,-0.1     4,-1.7   0.573  68.0 118.9 -90.8 -11.1  -23.7  -13.3   26.2               
  118  118 A Q  T <4 S+     0   0  137     -3,-2.0    -4,-0.1     1,-0.3   -15,-0.0  -0.349  88.6   8.7 -57.9 125.8  -21.9  -15.4   28.9               
  119  119 A G  T 34 S+     0   0   77      2,-0.3    -1,-0.3    -2,-0.1    -2,-0.1   0.229 123.7  71.1  80.4 -10.7  -18.2  -14.6   28.7               
  120  120 A R  T <4 S+     0   0   48     -3,-2.0    16,-3.2     1,-0.1     2,-0.4   0.648  87.6  64.1-104.5 -22.2  -18.9  -11.7   26.2               
  121  121 A V  E  <  +I  135   0C   9     -4,-1.7     2,-0.3    14,-0.2    -2,-0.3  -0.913  54.7 172.3-111.5 132.9  -20.5   -9.1   28.5               
  122  122 A L  E     -I  134   0C  94     12,-2.1    12,-2.9    -2,-0.4     2,-0.4  -0.995  32.2-123.4-130.3 141.7  -19.0   -7.3   31.4               
  123  123 A F  E     -I  133   0C  28     -2,-0.3    10,-0.2    10,-0.2     8,-0.1  -0.673  16.1-150.5 -75.0 133.2  -20.3   -4.4   33.6               
  124  124 A K  S    S+     0   0  136      8,-2.9     2,-0.3    -2,-0.4    -1,-0.1   0.795  77.7  24.2 -73.4 -32.3  -17.8   -1.5   33.5               
  125  125 A N        -     0   0   70      7,-0.6    -1,-0.1     5,-0.4     5,-0.0  -0.944  63.2-138.7-137.0 154.0  -18.7   -0.3   37.0               
  126  126 A Y  S    S+     0   0  181     -2,-0.3     2,-0.2    -3,-0.1     5,-0.1   0.339  70.3 112.7 -93.0   0.8  -20.2   -1.8   40.2               
  127  127 A S    >   -     0   0   50      3,-0.2     3,-1.0     1,-0.1    -2,-0.1  -0.569  67.6-139.2 -77.6 141.1  -22.4    1.4   40.8               
  128  128 A L  T 3  S+     0   0   47     -2,-0.2     3,-0.1     1,-0.2    -1,-0.1   0.676 105.2  56.7 -69.6 -16.4  -26.2    1.2   40.5               
  129  129 A N  T 3  S+     0   0   89      1,-0.2   -49,-2.4   -50,-0.1     2,-0.5   0.561 100.9  61.9 -90.8  -9.6  -26.1    4.6   38.8               
  130  130 A D  B <   +B   79   0A  29     -3,-1.0    -5,-0.4   -51,-0.2   -51,-0.2  -0.830  52.2 169.4-124.1  91.4  -23.7    3.4   36.0               
  131  131 A A        +     0   0    0    -53,-1.7     2,-0.3    -2,-0.5   -52,-0.2   0.070  28.4 146.9 -83.9  19.5  -25.3    0.6   33.9               
  132  132 A T        -     0   0    6    -54,-0.3    -8,-2.9   -55,-0.1    -7,-0.6  -0.478  26.5-170.6 -66.6 126.3  -22.5    0.8   31.3               
  133  133 A I  E     -HI  76 123C   2    -57,-1.9   -57,-2.2    -2,-0.3     2,-0.5  -0.810  18.4-143.0-113.1 153.0  -21.6   -2.6   29.8               
  134  134 A T  E     -HI  75 122C  33    -12,-2.9   -12,-2.1    -2,-0.3     2,-0.6  -0.984  12.1-158.1-112.1 119.0  -18.8   -3.8   27.5               
  135  135 A L  E     -HI  74 121C   4    -61,-2.6   -61,-2.5    -2,-0.5     2,-0.3  -0.891  16.2-149.8 -97.2 119.6  -19.7   -6.3   24.8               
  136  136 A H        +     0   0   54    -16,-3.2   -63,-0.2    -2,-0.6   -64,-0.1  -0.668  64.2  11.6 -94.1 147.8  -16.6   -8.3   23.6               
  137  137 A N  S    S-     0   0   99    -66,-0.3     2,-0.2    -2,-0.3    -1,-0.2   0.976  82.2-140.2  50.3  71.3  -16.0   -9.8   20.2               
  138  138 A I        -     0   0    1    -66,-2.4   -67,-2.7   -69,-0.4     2,-0.2  -0.441  22.3-172.1 -64.9 126.8  -18.8   -8.2   18.2               
  139  139 A G    >   -     0   0   18     -2,-0.2     3,-1.0   -69,-0.2     4,-0.2  -0.580  39.9-100.4-106.8 174.5  -20.6  -10.5   15.7               
  140  140 A F  G >  S+     0   0   75      1,-0.2     3,-1.6    -2,-0.2    26,-0.2   0.876 119.9  61.5 -63.2 -36.2  -23.2   -9.8   12.9               
  141  141 A S  G 3  S+     0   0   75      1,-0.3    -1,-0.2     3,-0.0    -3,-0.0   0.682  88.5  72.8 -64.3 -19.8  -26.0  -11.2   15.2               
  142  142 A D  G <  S+     0   0    0     -3,-1.0    -1,-0.3     2,-0.0     2,-0.2   0.598  71.9 107.1 -75.5 -10.0  -25.2   -8.4   17.8               
  143  143 A S    <   +     0   0   52     -3,-1.6     2,-0.3    -4,-0.2    22,-0.2  -0.473  55.7  70.8 -67.2 135.6  -26.8   -5.7   15.5               
  144  144 A G  E    S- G   0 164B  21     20,-1.9    20,-3.0    -2,-0.2     2,-0.6  -0.952  84.5 -40.8 151.5-170.4  -30.2   -4.5   16.8               
  145  145 A K  E     - G   0 163B  94    -51,-0.5   -51,-2.8    -2,-0.3     2,-0.3  -0.842  46.8-168.6 -97.1 122.0  -32.0   -2.5   19.5               
  146  146 A Y  E     -DG  93 162B   1     16,-3.0    16,-2.6    -2,-0.6     2,-0.4  -0.833   6.1-153.1-107.2 143.6  -30.8   -2.8   23.1               
  147  147 A I  E     -DG  92 161B  15    -55,-3.1   -55,-2.6    -2,-0.3     2,-0.6  -0.983   6.3-154.2-119.5 126.8  -32.8   -1.4   26.1               
  148  148 A C  E     -DG  91 160B   0     12,-2.8    12,-2.3    -2,-0.4     2,-0.4  -0.920  22.9-170.9 -92.6 118.6  -31.3   -0.3   29.4               
  149  149 A K  E     -DG  90 159B  39    -59,-3.0   -59,-2.8    -2,-0.6     2,-0.5  -0.963  10.7-166.2-116.7 128.4  -34.1   -0.7   32.0               
  150  150 A A  E     -DG  89 158B   1      8,-2.7     8,-2.8    -2,-0.4     2,-0.5  -0.976   9.3-152.0-113.3 124.2  -33.8    0.6   35.6               
  151  151 A V  E     -DG  88 157B  41    -63,-3.1   -64,-2.2    -2,-0.5   -63,-1.4  -0.862  22.2-179.1 -94.3 124.8  -36.4   -0.7   38.1               
  152  152 A T  E  >  -DG  86 156B   8      4,-2.6     4,-2.0    -2,-0.5   -66,-0.2  -0.950  25.5-101.7-126.5 145.9  -37.0    1.9   40.9               
  153  153 A F  E  4 S-D   85   0B 145    -68,-2.2   -68,-1.0    -2,-0.3    -2,-0.0  -0.959  98.7  -1.4-109.6 127.8  -39.1    1.9   44.0               
  154  154 A P  T  4 S+     0   0   90      0, 0.0    -1,-0.2     0, 0.0    -2,-0.0  -0.978 127.9  60.3 -97.1   2.8  -41.8    3.4   44.1               
  155  155 A L  T  4 S-     0   0  120      1,-0.2     2,-0.3    -4,-0.0    -2,-0.2   0.622  89.8-142.7 -70.1 -14.3  -41.8    4.8   40.5               
  156  156 A G  E  <  - G   0 152B  31     -4,-2.0    -4,-2.6     2,-0.0     2,-0.4  -0.639  50.0  -7.5  85.2-145.4  -41.6    1.4   38.7               
  157  157 A N  E     - G   0 151B 104     -2,-0.3     2,-0.4    -6,-0.2    -6,-0.2  -0.743  50.2-173.1 -95.9 133.3  -39.6    0.9   35.5               
  158  158 A A  E     - G   0 150B  20     -8,-2.8    -8,-2.7    -2,-0.4     2,-0.3  -0.924  14.7-176.1-111.0 147.6  -37.7    3.5   33.4               
  159  159 A Q  E     - G   0 149B 106     -2,-0.4     2,-0.3   -10,-0.2   -10,-0.2  -0.999  15.9-174.3-145.1 148.9  -36.1    2.5   30.1               
  160  160 A S  E     - G   0 148B  34    -12,-2.3   -12,-2.8    -2,-0.3     2,-0.4  -0.980  18.9-139.0-138.4 148.7  -34.0    4.0   27.3               
  161  161 A S  E     - G   0 147B  55     -2,-0.3     2,-0.3   -14,-0.2   -14,-0.2  -0.910  12.5-170.9-116.7 141.2  -32.9    2.4   23.9               
  162  162 A T  E     - G   0 146B   1    -16,-2.6   -16,-3.0    -2,-0.4     2,-0.6  -0.934  17.1-141.6-119.5 144.6  -29.8    2.2   21.8               
  163  163 A T  E     -cG  65 145B  51    -99,-2.3   -97,-2.6    -2,-0.3     2,-0.6  -0.949  14.5-152.3-106.2 119.0  -29.5    0.8   18.3               
  164  164 A V  E     -cG  66 144B   1    -20,-3.0   -20,-1.9    -2,-0.6     2,-0.5  -0.822   8.2-166.1 -94.6 117.4  -26.2   -1.1   17.6               
  165  165 A T  E     -c   67   0B  65    -99,-2.5   -97,-2.7    -2,-0.6     2,-0.5  -0.920  15.2-138.5-103.5 123.4  -25.0   -1.0   14.0               
  166  166 A V  E     -c   68   0B   1     -2,-0.5     2,-0.3   -99,-0.2   -97,-0.2  -0.740  19.7-169.1 -87.3 123.6  -22.3   -3.6   13.2               
  167  167 A L  E     -c   69   0B  13    -99,-3.1   -97,-3.0    -2,-0.5     2,-0.5  -0.832   9.0-150.0-106.7 148.0  -19.5   -2.3   10.9               
  168  168 A V  B     -J  199   0D  17     31,-2.1    31,-2.3    -2,-0.3    84,-0.2  -0.983  17.3-128.2-122.1 123.2  -16.8   -4.5    9.2               
  169  169 A E        -     0   0   62     -2,-0.5     2,-0.2   -99,-0.2    27,-0.0  -0.518  29.2-123.0 -65.6 130.8  -13.3   -3.1    8.4               
  170  170 A P        -     0   0    7      0, 0.0     2,-0.6     0, 0.0    27,-0.2  -0.490  13.9-124.7 -72.1 147.7  -12.3   -3.6    4.8               
  171  171 A T  E     -K  196   0E  91     25,-2.4    25,-2.9    -2,-0.2     2,-0.4  -0.830  33.1-152.5 -89.1 117.8   -9.1   -5.5    3.9               
  172  172 A V  E     +K  195   0E  19     -2,-0.6     2,-0.3    23,-0.2    23,-0.2  -0.814  20.8 167.6-101.8 134.7   -7.2   -3.2    1.6               
  173  173 A S  E     -K  194   0E  49     21,-2.4    21,-2.7    -2,-0.4     2,-0.4  -0.978  22.8-148.9-140.9 153.8   -4.6   -4.2   -1.0               
  174  174 A L  E     -K  193   0E  43     -2,-0.3     2,-0.4    19,-0.2    19,-0.2  -0.993  17.3-174.5-125.0 124.1   -2.8   -2.6   -4.0               
  175  175 A I  E     -K  192   0E  85     17,-2.9    17,-2.9    -2,-0.4     2,-0.1  -0.908  27.3-114.7-118.9 139.7   -1.9   -4.7   -7.1               
  176  176 A K  E     -K  191   0E 107     -2,-0.4    15,-0.3    15,-0.2    14,-0.1  -0.490  44.3 -96.8 -65.6 143.3    0.2   -3.6  -10.1               
  177  177 A G        -     0   0    6     13,-2.2    -1,-0.1    -2,-0.1    13,-0.1  -0.215  30.7-118.1 -56.0 152.8   -1.7   -3.4  -13.4               
  178  178 A P  S    S+     0   0  104      0, 0.0     2,-0.2     0, 0.0    -1,-0.1   0.865  92.7  61.2 -66.2 -36.1   -1.4   -6.6  -15.7               
  179  179 A D  S    S-     0   0  104     10,-0.3     2,-0.3     1,-0.1    -2,-0.1  -0.543  88.0-109.8 -95.6 152.5    0.2   -4.7  -18.6               
  180  180 A S        -     0   0   63     -2,-0.2     2,-0.8     1,-0.1    85,-0.1  -0.626  33.5-116.4 -77.9 139.8    3.5   -2.8  -18.8               
  181  181 A L  E     -n  265   0F   8     83,-0.5    85,-3.1    -2,-0.3     2,-0.4  -0.672  37.0-174.8 -81.9 107.6    3.2    1.0  -19.1               
  182  182 A I  E >   -n  266   0F  77     -2,-0.8     3,-1.9    83,-0.2    85,-0.2  -0.912  31.5-104.8-109.8 129.5    4.8    2.0  -22.5               
  183  183 A D  T 3  S+     0   0   54     83,-3.0    53,-0.2    -2,-0.4    85,-0.1  -0.238 103.9  11.8 -55.5 128.9    5.2    5.7  -23.5               
  184  184 A G  T 3  S+     0   0   71     51,-2.3    -1,-0.3     1,-0.2    52,-0.1   0.545  99.9 131.7  75.3   9.3    2.6    6.9  -26.1               
  185  185 A G    <   -     0   0   31     -3,-1.9    -1,-0.2    50,-0.4     3,-0.1  -0.108  62.7 -79.1 -73.6-179.3    0.5    3.7  -25.7               
  186  186 A N        -     0   0  138      1,-0.2    -1,-0.2    48,-0.1     2,-0.2  -0.201  69.4 -61.6 -70.5 170.5   -3.3    3.4  -25.2               
  187  187 A E        -     0   0   88     47,-0.2     2,-0.4    45,-0.1    47,-0.2  -0.402  68.5-173.4 -54.5 120.7   -5.1    3.9  -21.9               
  188  188 A T  E     - L   0 233E  24     45,-2.7    45,-2.0    -2,-0.2     2,-0.6  -0.956  31.4-110.1-128.6 141.7   -3.6    1.2  -19.6               
  189  189 A V  E     + L   0 232E  22     -2,-0.4   -10,-0.3    43,-0.2    43,-0.3  -0.613  33.3 179.1 -70.1 114.4   -4.4    0.1  -16.0               
  190  190 A A  E     -     0   0E   3     41,-2.7   -13,-2.2    -2,-0.6     2,-0.3   0.855  64.6  -2.4 -84.6 -39.9   -1.4    1.2  -13.9               
  191  191 A A  E     -KL 176 231E   0     40,-1.1    40,-2.9   -15,-0.3     2,-0.4  -0.989  56.5-143.7-152.7 155.1   -2.7   -0.1  -10.5               
  192  192 A I  E     -KL 175 230E  33    -17,-2.9   -17,-2.9    -2,-0.3     2,-0.5  -0.992  13.7-163.0-124.6 121.2   -5.7   -1.8   -9.0               
  193  193 A C  E     -KL 174 229E   0     36,-3.1    36,-3.1    -2,-0.4     2,-0.5  -0.926   8.1-167.8-107.0 129.4   -6.8   -0.9   -5.4               
  194  194 A I  E     -KL 173 228E  32    -21,-2.7   -21,-2.4    -2,-0.5     2,-0.6  -0.977  16.6-173.4-122.7 125.0   -9.1   -3.4   -3.6               
  195  195 A A  E     -KL 172 227E   0     32,-2.7    32,-2.3    -2,-0.5     3,-0.4  -0.929  28.8-160.3-112.8  98.0  -11.1   -2.7   -0.4               
  196  196 A A  E     -K  171   0E  21    -25,-2.9   -25,-2.4    -2,-0.6    30,-0.2  -0.610  52.5  -7.9 -91.0 141.8  -12.5   -6.2    0.3               
  197  197 A T  E    S+     0   0E  57     -2,-0.3    29,-0.2   -27,-0.2    -1,-0.2   0.698  79.8 162.3  53.4  34.5  -15.5   -7.3    2.5               
  198  198 A G  E     - L   0 225E   0     27,-2.0    27,-2.6    -3,-0.4   -29,-0.2  -0.498  35.8-125.7 -77.0 148.5  -16.2   -3.9    4.1               
  199  199 A K  B    S+J  168   0D  28    -31,-2.3   -31,-2.1    25,-0.2     2,-0.2  -0.906  99.2  22.2-133.7 112.8  -19.6   -3.0    5.8               
  200  200 A P  S    S-     0   0   62      0, 0.0    25,-0.2     0, 0.0    52,-0.1   0.524 120.3 -84.2 -70.5-173.1  -20.7   -0.5    4.6               
  201  201 A V        -     0   0   71     -2,-0.2     2,-0.1    23,-0.1    -2,-0.1  -0.387  50.2-123.3 -54.8 130.2  -19.1   -0.3    1.1               
  202  202 A A        -     0   0    6     23,-0.3     2,-0.5    -7,-0.3    48,-0.2  -0.423  16.9-124.7 -71.7 154.1  -15.7    1.4    1.4               
  203  203 A H  E     -O  249   0G 105     46,-3.0    46,-2.7    -2,-0.1     2,-0.5  -0.890  21.3-159.7-100.2 130.9  -14.9    4.6   -0.6               
  204  204 A I  E     +O  248   0G   8     -2,-0.5     2,-0.3    44,-0.2    44,-0.2  -0.963  12.4 176.2-112.3 127.0  -11.7    4.6   -2.8               
  205  205 A D  E     -O  247   0G  40     42,-2.7    42,-3.2    -2,-0.5     2,-0.4  -0.899  17.7-143.0-117.4 154.2  -10.0    7.8   -4.0               
  206  206 A W  E     -O  246   0G  25     -2,-0.3     2,-0.5    40,-0.2     3,-0.2  -0.972   4.4-157.6-117.8 134.2   -6.8    8.2   -6.0               
  207  207 A E  E     +O  245   0G  85     38,-2.8    38,-2.5    -2,-0.4    -2,-0.0  -0.931  65.1  73.7-103.2 129.1   -4.2   10.9   -5.5               
  208  208 A G  S    S-     0   0   30     -2,-0.5    -1,-0.1    36,-0.2    35,-0.1   0.062  70.3-141.6 162.3 -33.2   -2.0   11.7   -8.6               
  209  209 A D  S    S+     0   0  158     -3,-0.2     3,-0.1     2,-0.2    -2,-0.1   0.778  70.5 112.5  51.4  34.2   -4.1   13.6  -11.2               
  210  210 A L  S    S-     0   0   55      1,-0.1    24,-0.4    22,-0.0     2,-0.3   0.409  82.0 -15.3-106.3  -5.4   -2.4   11.7  -14.1               
  211  211 A G  S    S-     0   0   28     22,-0.2    22,-0.2   -24,-0.0     2,-0.2  -0.951  78.1 -65.7-178.9-173.1   -5.5    9.6  -15.2               
  212  212 A E  E     -M  232   0E 138     20,-1.6    20,-3.0    -2,-0.3     2,-0.4  -0.609  31.7-137.6-103.8 154.9   -9.0    8.3  -14.6               
  213  213 A M  E     -M  231   0E  97     18,-0.2     2,-0.4    -2,-0.2    18,-0.2  -0.951  11.5-168.6-114.1 136.7  -10.4    5.9  -12.0               
  214  214 A E  E     -M  230   0E 100     16,-2.4    16,-3.0    -2,-0.4     2,-0.4  -0.983  11.4-165.8-120.1 130.2  -13.0    3.2  -12.7               
  215  215 A S  E     -M  229   0E  72     -2,-0.4     2,-0.4    14,-0.2    14,-0.2  -0.938  10.2-170.3-122.4 142.0  -14.7    1.4   -9.8               
  216  216 A T  E     -M  228   0E  73     12,-2.6    12,-2.8    -2,-0.4     2,-0.4  -0.990   9.8-156.2-127.7 135.0  -16.8   -1.8   -9.5               
  217  217 A T  E     -M  227   0E  76     -2,-0.4     2,-0.4    10,-0.2    10,-0.2  -0.957   6.0-170.1-117.4 132.3  -18.7   -2.9   -6.4               
  218  218 A T  E     -M  226   0E  70      8,-2.9     8,-2.8    -2,-0.4     2,-0.3  -0.985  11.1-153.7-120.7 123.7  -19.7   -6.5   -5.5               
  219  219 A S  E     -M  225   0E 106     -2,-0.4     6,-0.2     6,-0.2    -2,-0.0  -0.753   6.3-152.2 -98.1 147.7  -22.1   -7.1   -2.5               
  220  220 A F    >   -     0   0   86      4,-3.0     3,-1.5    -2,-0.3     4,-0.2  -0.776  31.5-104.0-114.9 161.7  -22.3  -10.4   -0.5               
  221  221 A P  T 3  S+     0   0  128      0, 0.0    -1,-0.0     0, 0.0    -2,-0.0   0.766 116.9  64.5 -56.9 -27.2  -25.1  -12.1    1.5               
  222  222 A N  T 3  S-     0   0  102      1,-0.1     3,-0.1     2,-0.1    -3,-0.0   0.182 120.4-106.6 -80.4  14.7  -23.6  -10.9    4.9               
  223  223 A E  S <  S+     0   0  143     -3,-1.5     2,-0.2     1,-0.3    -1,-0.1   0.600  84.1 127.3  60.8  14.3  -24.3   -7.2    3.8               
  224  224 A T        -     0   0   11     -4,-0.2    -4,-3.0   -25,-0.1     2,-0.3  -0.608  42.5-160.1 -86.2 158.5  -20.5   -6.8    3.2               
  225  225 A A  E     -LM 198 219E   5    -27,-2.6   -27,-2.0    -6,-0.2     2,-0.5  -0.996  14.5-145.5-140.6 149.1  -19.1   -5.5   -0.1               
  226  226 A T  E     - M   0 218E  15     -8,-2.8    -8,-2.9    -2,-0.3     2,-0.4  -0.970  15.5-163.4-109.6 126.6  -15.9   -5.5   -2.0               
  227  227 A I  E     -LM 195 217E  14    -32,-2.3   -32,-2.7    -2,-0.5     2,-0.5  -0.928   1.3-165.9-108.5 132.7  -15.0   -2.4   -4.1               
  228  228 A I  E     -LM 194 216E  50    -12,-2.8   -12,-2.6    -2,-0.4     2,-0.5  -0.988   3.6-168.8-119.1 120.2  -12.3   -2.7   -6.8               
  229  229 A S  E     -LM 193 215E   0    -36,-3.1   -36,-3.1    -2,-0.5     2,-0.5  -0.958   4.6-159.6-113.4 124.4  -10.9    0.6   -8.3               
  230  230 A Q  E     -LM 192 214E  62    -16,-3.0   -16,-2.4    -2,-0.5     2,-0.6  -0.907   9.5-146.0-102.2 126.1   -8.7    0.5  -11.4               
  231  231 A Y  E     -LM 191 213E   6    -40,-2.9   -41,-2.7    -2,-0.5   -40,-1.1  -0.861  21.8-171.3 -94.6 115.4   -6.4    3.5  -12.1               
  232  232 A K  E     +LM 189 212E  47    -20,-3.0   -20,-1.6    -2,-0.6     2,-0.3  -0.855  10.8 161.4-111.8 138.2   -6.1    4.1  -15.9               
  233  233 A L  E     -L  188   0E   4    -45,-2.0   -45,-2.7    -2,-0.4   -22,-0.2  -0.989  45.7-111.1-148.8 158.5   -3.8    6.5  -17.6               
  234  234 A F        -     0   0  136    -24,-0.4   -47,-0.2    -2,-0.3     2,-0.2  -0.855  51.1-122.6 -85.0 108.8   -2.2    7.3  -21.0               
  235  235 A P        +     0   0    4      0, 0.0   -51,-2.3     0, 0.0     2,-0.4  -0.373  36.7 177.5 -65.7 129.1    1.5    6.4  -20.2               
  236  236 A T    >   -     0   0   51    -53,-0.2     3,-2.2    -2,-0.2     4,-0.3  -0.993  37.4-131.3-128.0 139.0    3.9    9.3  -20.8               
  237  237 A R  G >  S+     0   0   65     -2,-0.4     3,-1.6     1,-0.3    28,-0.1   0.823 108.5  65.0 -53.3 -30.6    7.7    9.3  -20.1               
  238  238 A F  G 3  S+     0   0  150      1,-0.3    -1,-0.3     3,-0.0   -55,-0.0   0.664  96.9  56.5 -68.8 -16.8    7.2   12.7  -18.3               
  239  239 A A  G X  S+     0   0    6     -3,-2.2     3,-1.9     2,-0.1    -1,-0.3   0.388  78.3 127.4 -93.5   0.8    5.1   10.8  -15.7               
  240  240 A R  T <  S+     0   0   94     -3,-1.6    24,-0.2     1,-0.3     3,-0.1  -0.333  78.2  13.0 -57.5 135.7    8.0    8.4  -14.9               
  241  241 A G  T 3  S+     0   0   49     22,-2.6    -1,-0.3     1,-0.3     2,-0.1   0.419  93.7 138.7  73.5  -0.4    8.8    8.2  -11.1               
  242  242 A R    <   -     0   0  142     -3,-1.9    21,-2.8    21,-0.2     2,-0.5  -0.448  50.9-126.2 -69.0 148.6    5.5   10.0  -10.3               
  243  243 A R  E     - P   0 262G 139     19,-0.2     2,-0.3    -2,-0.1    19,-0.2  -0.894  20.5-169.2-101.9 126.9    3.6    8.7   -7.3               
  244  244 A I  E     - P   0 261G   0     17,-2.7    17,-3.1    -2,-0.5     2,-0.4  -0.861  11.4-160.5-104.0 144.2   -0.1    7.6   -7.4               
  245  245 A T  E     -OP 207 260G   6    -38,-2.5   -38,-2.8    -2,-0.3     2,-0.5  -0.972  12.0-147.4-132.3 121.0   -1.8    6.9   -4.0               
  246  246 A C  E     -OP 206 259G   0     13,-2.7    13,-2.4    -2,-0.4     2,-0.5  -0.748  17.3-163.1 -78.7 127.8   -5.0    4.9   -3.4               
  247  247 A V  E     -OP 205 258G   6    -42,-3.2   -42,-2.7    -2,-0.5     2,-0.6  -0.972   0.7-162.8-116.0 116.9   -6.8    6.3   -0.3               
  248  248 A V  E     -OP 204 257G   0      9,-3.0     9,-2.0    -2,-0.5     2,-0.4  -0.907   5.1-170.6-106.1 119.1   -9.5    4.1    1.3               
  249  249 A K  E     +O  203   0G  86    -46,-2.7   -46,-3.0    -2,-0.6     7,-0.1  -0.904  13.7 160.8-108.0 132.4  -12.1    5.7    3.5               
  250  250 A H    >   -     0   0   12     -2,-0.4     3,-2.1   -48,-0.2   -48,-0.1  -0.972  44.9-124.2-152.9 139.4  -14.4    3.6    5.7               
  251  251 A P  T 3  S+     0   0   92      0, 0.0   -82,-0.1     0, 0.0   -84,-0.1   0.706 110.9  55.7 -59.6 -25.2  -16.6    4.4    8.8               
  252  252 A A  T 3  S+     0   0    8    -84,-0.2     2,-0.5   -52,-0.1   -83,-0.1   0.613  91.2  88.9 -79.8 -14.3  -15.0    1.5   10.8               
  253  253 A L    <   -     0   0   31     -3,-2.1    -3,-0.2     1,-0.1     3,-0.1  -0.749  64.1-155.3 -88.3 127.7  -11.4    2.9   10.2               
  254  254 A E  S    S+     0   0  189     -2,-0.5     2,-0.3     1,-0.2    -1,-0.1   0.772  88.2  19.0 -65.3 -28.1  -10.1    5.5   12.8               
  255  255 A K  S    S-     0   0  174     -5,-0.1    -1,-0.2    -3,-0.0    -3,-0.0  -0.991  94.3 -97.5-143.6 144.0   -7.8    6.7    9.9               
  256  256 A D        -     0   0   81     -2,-0.3     2,-0.4    -3,-0.1    -7,-0.2  -0.252  37.6-125.1 -58.1 137.4   -7.9    6.4    6.1               
  257  257 A I  E     -P  248   0G  49     -9,-2.0    -9,-3.0     2,-0.0     2,-0.4  -0.734  27.9-164.3 -89.0 135.2   -5.7    3.6    4.7               
  258  258 A R  E     -P  247   0G 131     -2,-0.4     2,-0.5   -11,-0.2   -11,-0.2  -0.982  13.2-176.3-129.8 125.5   -3.2    4.8    2.0               
  259  259 A Y  E     -P  246   0G 102    -13,-2.4   -13,-2.7    -2,-0.4     2,-0.4  -0.981  13.1-158.8-120.9 121.4   -1.2    2.7   -0.5               
  260  260 A S  E     -P  245   0G  57     -2,-0.5     2,-0.3   -15,-0.2   -15,-0.2  -0.823   7.2-171.8-103.4 142.4    1.4    4.5   -2.8               
  261  261 A F  E     -P  244   0G  45    -17,-3.1   -17,-2.7    -2,-0.4     2,-0.5  -0.971  16.9-139.5-131.5 138.0    2.8    3.2   -6.1               
  262  262 A I  E     -P  243   0G  87     -2,-0.3     2,-0.5   -19,-0.2   -19,-0.2  -0.892  27.9-119.6 -99.6 125.9    5.6    4.7   -8.2               
  263  263 A L        -     0   0    1    -21,-2.8   -22,-2.6    -2,-0.5     2,-0.9  -0.520  20.4-163.7 -70.6 117.6    4.9    4.7  -12.0               
  264  264 A D        -     0   0   64     -2,-0.5   -83,-0.5   -24,-0.2     2,-0.5  -0.799  17.8-179.8 -99.1  84.9    7.5    2.6  -14.0               
  265  265 A I  E     -n  181   0F   0     -2,-0.9     2,-0.3   -28,-0.1   -83,-0.2  -0.808  16.2-145.8 -91.5 127.3    6.9    3.9  -17.5               
  266  266 A Q  E     +n  182   0F  39    -85,-3.1   -83,-3.0    -2,-0.5     2,-0.3  -0.761  23.6 171.4 -93.2 137.7    9.1    2.4  -20.3               
  267  267 A Y  E     -Q  296   0H  11     29,-2.5    29,-1.2    -2,-0.3    77,-0.2  -0.985  37.1-100.8-143.2 151.9   10.1    4.6  -23.3               
  268  268 A A  E     -     0   0H  20     -2,-0.3    78,-0.1    76,-0.2    73,-0.1  -0.371  63.9 -74.8 -64.6 155.7   12.5    4.4  -26.3               
  269  269 A P  E     -     0   0H   3      0, 0.0     2,-0.7     0, 0.0    26,-0.2  -0.257  33.5-147.0 -64.0 135.8   15.8    6.2  -25.8               
  270  270 A E  E     -Q  294   0H  88     24,-3.1    24,-2.1    -3,-0.1     2,-0.4  -0.898  27.0-160.1 -96.1 110.8   16.0   10.1  -26.0               
  271  271 A V  E     +Q  293   0H  18     -2,-0.7     2,-0.3    22,-0.2    22,-0.2  -0.765  17.8 174.9-101.7 138.3   19.4   10.7  -27.5               
  272  272 A S  E     -Q  292   0H  54     20,-2.8    20,-2.9    -2,-0.4     2,-0.6  -0.985  20.1-144.7-141.3 131.9   21.4   14.0  -27.4               
  273  273 A V  E     +Q  291   0H   9     -2,-0.3     2,-0.2    18,-0.2    18,-0.2  -0.847  25.5 176.0 -98.3 122.6   25.0   14.6  -28.7               
  274  274 A T  E     +Q  290   0H  60     16,-2.9    16,-2.8    -2,-0.6     3,-0.1  -0.746  42.7  70.5-119.7 162.9   27.1   17.0  -26.6               
  275  275 A G        +     0   0   44      1,-0.3     2,-0.7    -2,-0.2    13,-0.2  -0.016  62.9 110.5 117.1 -23.6   30.8   18.3  -26.7               
  276  276 A Y        +     0   0   48      1,-0.1    -1,-0.3    -3,-0.1    76,-0.1  -0.751  36.2 176.2 -83.0 116.0   30.8   20.5  -29.9               
  277  277 A D        -     0   0   83     -2,-0.7    -1,-0.1    -3,-0.1    -3,-0.0   0.226  49.4-111.4-103.5   6.0   31.2   24.1  -28.7               
  278  278 A G  S    S+     0   0   50      1,-0.1    -2,-0.1    76,-0.1    75,-0.0   0.301 100.6  88.3  80.2  -6.8   31.4   25.7  -32.2               
  279  279 A N        +     0   0   86      2,-0.1     2,-0.7    76,-0.1    76,-0.1  -0.292  47.3 144.6-117.4  41.0   35.1   26.7  -31.8               
  280  280 A W        -     0   0    1     74,-0.5    76,-2.6    78,-0.0     2,-0.3  -0.779  27.2-179.0 -80.9 116.7   36.8   23.5  -33.1               
  281  281 A F  B >   -t  356   0I  66     -2,-0.7     3,-2.2    74,-0.2    47,-0.3  -0.827  36.6 -82.1-118.5 155.9   40.0   24.6  -35.0               
  282  282 A V  T 3  S+     0   0   43     74,-2.1    47,-0.2    -2,-0.3     3,-0.1  -0.291 117.3  20.6 -55.5 129.3   42.8   22.7  -36.9               
  283  283 A G  T 3  S+     0   0   39     45,-2.7    -1,-0.3     1,-0.3    46,-0.1   0.252  85.6 142.4  88.5  -8.1   45.4   21.4  -34.4               
  284  284 A R    <   -     0   0   55     -3,-2.2    44,-2.5    43,-0.1    -1,-0.3  -0.364  36.0-154.5 -59.6 139.0   43.0   21.5  -31.3               
  285  285 A K        +     0   0  160     42,-0.2    40,-0.1     1,-0.2    41,-0.1  -0.861  58.3  28.0-117.6 153.5   43.6   18.5  -29.0               
  286  286 A G  S    S+     0   0   66     38,-0.6     2,-0.3    -2,-0.3    -1,-0.2   0.788  72.4 147.4  73.4  31.6   41.5   16.6  -26.4               
  287  287 A V        -     0   0    8     37,-0.5    37,-1.9    -3,-0.2     2,-0.3  -0.785  20.4-179.7 -96.3 145.8   38.0   17.2  -27.9               
  288  288 A N  E     - R   0 323H  61     -2,-0.3     2,-0.4   -13,-0.2    35,-0.2  -0.981  24.9-137.5-139.6 151.4   35.3   14.5  -27.5               
  289  289 A L  E     - R   0 322H   0     33,-2.5    33,-3.2    -2,-0.3     2,-0.5  -0.947  22.4-156.7-104.5 133.1   31.6   14.0  -28.5               
  290  290 A K  E     -QR 274 321H  98    -16,-2.8   -16,-2.9    -2,-0.4     2,-0.8  -0.949   7.3-147.8-114.0 127.3   29.4   12.5  -25.8               
  291  291 A C  E     -Q  273   0H   1     29,-2.9     2,-0.5    -2,-0.5   -18,-0.2  -0.820  16.7-168.0 -92.8 101.7   26.1   10.6  -26.5               
  292  292 A N  E     -Q  272   0H  52    -20,-2.9   -20,-2.8    -2,-0.8     2,-0.4  -0.812   7.3-177.4 -89.8 131.2   23.7   11.2  -23.7               
  293  293 A A  E     -Q  271   0H  39     -2,-0.5     2,-0.5   -22,-0.2   -22,-0.2  -0.976  18.1-160.6-134.9 121.7   20.6    8.9  -23.7               
  294  294 A D  E     +Q  270   0H  90    -24,-2.1   -24,-3.1    -2,-0.4     2,-0.3  -0.887  34.6 151.2 -92.9 121.5   17.7    8.9  -21.3               
  295  295 A A  E     -     0   0H  16     -2,-0.5   -27,-0.1   -26,-0.2    -2,-0.1  -0.992  39.4-130.1-151.0 146.8   15.9    5.5  -21.6               
  296  296 A N  E    S+Q  267   0H  15    -29,-1.2   -29,-2.5    -2,-0.3    46,-0.1  -0.941  99.5  34.7-137.1 119.8   13.8    3.0  -19.7               
  297  297 A P  S    S-     0   0   33      0, 0.0    47,-0.2     0, 0.0    -1,-0.1   0.540 116.4 -98.1 -67.2 167.0   14.7    0.1  -19.7               
  298  298 A P        -     0   0  100      0, 0.0    45,-0.3     0, 0.0     2,-0.2  -0.196  43.6-102.5 -53.9 143.0   18.5    0.9  -19.9               
  299  299 A P        -     0   0   58      0, 0.0    43,-0.3     0, 0.0     3,-0.1  -0.466  25.8-166.6 -73.0 141.3   20.0    0.8  -23.4               
  300  300 A F  S    S+     0   0  148     41,-1.5     2,-0.3     1,-0.2    42,-0.2   0.450  72.8  42.5-102.2  -6.8   22.1   -2.3  -24.4               
  301  301 A K  E     +U  341   0J 113     40,-1.4    40,-2.7     2,-0.0     2,-0.4  -0.949  50.9 174.0-147.7 129.0   23.7   -0.8  -27.5               
  302  302 A S  E     -U  340   0J  52     -2,-0.3     2,-0.4    38,-0.2    38,-0.2  -0.996  15.1-178.9-130.5 121.6   25.2    2.6  -28.4               
  303  303 A V  E     -U  339   0J  60     36,-2.7    36,-3.0    -2,-0.4     2,-0.3  -0.987  16.9-148.0-127.7 129.4   26.9    3.0  -31.9               
  304  304 A W  E     +U  338   0J  20     -2,-0.4     2,-0.3    34,-0.2    34,-0.2  -0.729  25.7 166.4 -89.3 141.7   28.7    5.9  -33.4               
  305  305 A S  E     -U  337   0J  32     32,-2.3    32,-3.2    -2,-0.3     2,-0.4  -0.957  29.5-131.8-146.6 160.4   28.5    6.4  -37.2               
  306  306 A R  E >   -U  336   0J  26     -2,-0.3     3,-1.5    30,-0.2    30,-0.2  -0.974  13.9-139.3-118.0 135.9   29.3    9.2  -39.8               
  307  307 A L  T 3  S+     0   0  113     28,-2.5    -1,-0.1    -2,-0.4    29,-0.1   0.846 101.5  63.1 -62.9 -33.3   26.7   10.2  -42.5               
  308  308 A D  T 3  S-     0   0   89     27,-0.3     2,-0.9     2,-0.2    -1,-0.3   0.417 103.2-131.4 -71.9  -2.3   29.5   10.5  -45.2               
  309  309 A G  S <  S+     0   0   66     -3,-1.5     2,-0.8     1,-0.1    -1,-0.1  -0.015  75.5 109.6  74.3 -29.8   30.3    6.7  -44.7               
  310  310 A Q        -     0   0  129     -2,-0.9    -2,-0.2     1,-0.0    -1,-0.1  -0.665  56.2-158.1 -81.9 109.8   34.1    7.5  -44.4               
  311  311 A W        -     0   0  101     -2,-0.8     2,-0.1    -3,-0.1    21,-0.1  -0.792  20.0-138.0 -84.7 108.2   35.2    6.8  -40.8               
  312  312 A P    >   -     0   0    5      0, 0.0     3,-0.9     0, 0.0     2,-0.0  -0.434  20.1-103.3 -73.1 145.5   38.5    8.9  -40.4               
  313  313 A D  T 3  S+     0   0  151      1,-0.2     3,-0.1    -2,-0.1    13,-0.1  -0.346 103.2  47.7 -61.7 141.8   41.5    7.4  -38.6               
  314  314 A G  T 3  S+     0   0   15      1,-0.3    11,-2.2    11,-0.1    12,-0.7   0.491  78.8 117.5  95.7   8.2   42.0    8.8  -35.1               
  315  315 A L  E <   -S  324   0H  17     -3,-0.9     2,-0.5     9,-0.2    -1,-0.3  -0.938  39.8-175.7-101.7 124.2   38.4    8.4  -33.9               
  316  316 A L  E     -S  323   0H 106      7,-2.2     7,-3.1    -2,-0.5     2,-0.8  -0.973  15.2-151.8-119.8 118.1   37.9    6.0  -30.9               
  317  317 A A  E     +S  322   0H  55     -2,-0.5     2,-0.5     5,-0.2     5,-0.2  -0.814  19.1 178.2 -86.7 106.2   34.4    5.2  -29.7               
  318  318 A S  E >   -S  321   0H  51      3,-2.6     3,-2.7    -2,-0.8     2,-0.3  -0.968  62.1 -50.4-108.8 119.9   34.7    4.3  -25.9               
  319  319 A D  T 3  S-     0   0  138     -2,-0.5   -17,-0.1     1,-0.3    -2,-0.0  -0.350 123.2 -22.1  54.2-113.7   31.3    3.6  -24.3               
  320  320 A N  T 3  S+     0   0   55     -2,-0.3   -29,-2.9   -17,-0.0     2,-0.4   0.247 122.1  93.3-103.6   8.6   29.0    6.5  -25.3               
  321  321 A T  E <   -RS 290 318H  24     -3,-2.7    -3,-2.6   -31,-0.2     2,-0.7  -0.895  61.4-150.9-113.3 131.0   32.0    8.9  -26.0               
  322  322 A L  E     -RS 289 317H   0    -33,-3.2   -33,-2.5    -2,-0.4     2,-0.4  -0.902  20.1-155.0 -98.8 112.5   33.7    9.5  -29.4               
  323  323 A H  E     -RS 288 316H  55     -7,-3.1    -7,-2.2    -2,-0.7     2,-1.0  -0.780  14.3-151.3 -94.5 129.9   37.3   10.6  -28.8               
  324  324 A F  E     + S   0 315H   4    -37,-1.9   -38,-0.6    -2,-0.4   -37,-0.5  -0.819  22.7 177.0 -95.0  90.4   39.3   12.6  -31.3               
  325  325 A V        +     0   0   90    -11,-2.2    -1,-0.2    -2,-1.0   -10,-0.1   0.788  58.5  57.0 -76.2 -26.8   42.8   11.2  -30.3               
  326  326 A H  S    S-     0   0  109    -12,-0.7     3,-0.1    -3,-0.1   -40,-0.1  -0.641 105.1 -80.1 -96.4 158.8   44.8   13.1  -32.9               
  327  327 A P        -     0   0   56      0, 0.0   -42,-0.2     0, 0.0   -43,-0.1  -0.300  65.1 -89.9 -52.3 138.9   45.0   16.9  -33.4               
  328  328 A L        -     0   0    2    -44,-2.5   -45,-2.7   -47,-0.3     2,-0.3  -0.270  50.1-178.1 -59.4 136.1   41.9   18.1  -35.3               
  329  329 A T    >   -     0   0   65    -47,-0.2     3,-1.8    -3,-0.1     4,-0.3  -0.888  43.9-103.2-126.1 162.5   42.2   18.2  -39.1               
  330  330 A F  G >  S+     0   0  115     -2,-0.3     3,-1.6     1,-0.3    25,-0.2   0.761 114.8  72.7 -56.6 -23.9   39.7   19.4  -41.8               
  331  331 A N  G 3  S+     0   0   82      1,-0.3    -1,-0.3     3,-0.0    -3,-0.0   0.767  87.0  62.6 -64.3 -26.0   39.0   15.6  -42.5               
  332  332 A Y  G <  S+     0   0    8     -3,-1.8     2,-0.3   -21,-0.1    -1,-0.3   0.599  76.0 110.9 -76.3  -9.6   37.0   15.4  -39.2               
  333  333 A S    <   +     0   0   35     -3,-1.6     2,-0.3    -4,-0.3    21,-0.2  -0.526  53.3  88.4 -65.7 122.6   34.4   18.0  -40.5               
  334  334 A G  E    S- V   0 353J  11     19,-1.5    19,-2.8    -2,-0.3     2,-0.7  -0.984  81.1 -60.7 170.1-176.4   31.2   16.0  -41.1               
  335  335 A V  E     - V   0 352J  25     -2,-0.3   -28,-2.5    17,-0.2     2,-0.4  -0.872  43.5-162.8-102.2 111.4   27.9   14.8  -39.6               
  336  336 A Y  E     -UV 306 351J   0     15,-2.6    15,-2.9    -2,-0.7     2,-0.5  -0.819   4.8-163.9 -96.9 131.1   28.3   12.4  -36.6               
  337  337 A I  E     -UV 305 350J  19    -32,-3.2   -32,-2.3    -2,-0.4     2,-0.5  -0.963   8.1-159.4-119.7 124.7   25.4   10.2  -35.6               
  338  338 A C  E     -UV 304 349J   0     11,-2.4    11,-1.6    -2,-0.5     2,-0.5  -0.917   9.9-163.1 -99.4 125.3   24.9    8.4  -32.3               
  339  339 A K  E     -UV 303 348J  79    -36,-3.0   -36,-2.7    -2,-0.5     2,-0.4  -0.949   6.3-171.8-109.7 121.6   22.4    5.5  -32.4               
  340  340 A V  E     -UV 302 347J   3      7,-2.9     7,-2.6    -2,-0.5     2,-0.4  -0.918   2.7-165.1-117.8 135.9   21.1    4.1  -29.1               
  341  341 A T  E     +UV 301 346J  19    -40,-2.7   -41,-1.5    -2,-0.4   -40,-1.4  -0.985  13.7 164.7-127.8 130.5   18.9    1.0  -28.7               
  342  342 A N  E >   - V   0 345J   3      3,-2.6     3,-0.9    -2,-0.4   -74,-0.1  -0.663  58.4 -81.6-122.4-175.0   16.8   -0.4  -25.9               
  343  343 A S  T 3  S+     0   0   80    -45,-0.3     3,-0.1     1,-0.2   -75,-0.1   0.708 128.7  51.6 -62.7 -21.5   14.1   -3.2  -25.8               
  344  344 A L  T 3  S-     0   0   58      1,-0.3     2,-0.3   -77,-0.2    -1,-0.2   0.610 122.0 -75.0 -92.6 -17.1   11.4   -0.6  -27.0               
  345  345 A G  E <   -V  342   0J  22     -3,-0.9    -3,-2.6   -78,-0.1     2,-0.4  -0.934  47.3 -64.8 156.1-171.8   13.5    0.5  -30.1               
  346  346 A Q  E     +V  341   0J  96     -2,-0.3     2,-0.3    -5,-0.2    -5,-0.2  -0.914  38.4 173.9-112.4 137.8   16.3    2.5  -31.6               
  347  347 A R  E     -V  340   0J 138     -7,-2.6    -7,-2.9    -2,-0.4     2,-0.3  -0.913   7.8-165.7-135.1 162.0   16.7    6.3  -31.6               
  348  348 A S  E     -V  339   0J  71     -2,-0.3     2,-0.3    -9,-0.2    -9,-0.2  -0.996  11.7-158.8-148.9 151.5   19.5    8.6  -32.8               
  349  349 A D  E     -V  338   0J  51    -11,-1.6   -11,-2.4    -2,-0.3     2,-0.4  -0.913  15.5-148.8-126.4 154.7   20.8   12.2  -32.6               
  350  350 A Q  E     -V  337   0J 105     -2,-0.3     2,-0.5   -13,-0.2   -13,-0.2  -0.972   5.8-162.1-127.6 141.0   23.2   13.9  -35.0               
  351  351 A K  E     -V  336   0J  73    -15,-2.9   -15,-2.6    -2,-0.4     2,-0.5  -0.981  13.7-144.3-123.6 123.7   25.9   16.6  -34.6               
  352  352 A V  E     -V  335   0J  54     -2,-0.5     2,-0.5   -17,-0.2   -17,-0.2  -0.771  20.2-160.0 -82.6 122.7   27.3   18.6  -37.5               
  353  353 A I  E     -V  334   0J   0    -19,-2.8   -19,-1.5    -2,-0.5     2,-0.4  -0.948  10.7-175.7-111.4 121.7   31.0   19.3  -36.9               
  354  354 A Y        -     0   0  160     -2,-0.5     2,-0.6   -21,-0.2   -74,-0.5  -0.977  12.1-153.5-114.4 128.4   32.8   22.1  -38.7               
  355  355 A I        -     0   0   10     -2,-0.4   -74,-0.2   -25,-0.2     2,-0.1  -0.924  17.5-166.7-102.5 119.1   36.5   22.6  -38.1               
  356  356 A S  B     -t  281   0I  60    -76,-2.6   -74,-2.1    -2,-0.6   -77,-0.0  -0.440  29.7 -86.7 -91.6 170.4   37.7   26.2  -38.6               
  357  357 A D        -     0   0  112    -76,-0.2    -1,-0.2    -2,-0.1     3,-0.1  -0.372  60.1 -85.3 -63.5 155.5   41.1   27.7  -39.0               
  358  358 A P        -     0   0   64      0, 0.0     2,-0.2     0, 0.0    -1,-0.1  -0.412  55.5 -92.0 -57.0 142.4   42.9   28.7  -35.8               
  359  359 A P        -     0   0   99      0, 0.0     2,-0.5     0, 0.0   -78,-0.0  -0.420  46.4-115.6 -57.6 121.6   41.9   32.2  -34.5               
  360  360 A T        -     0   0  126     -2,-0.2     2,-1.6     1,-0.1    -3,-0.0  -0.521  22.1-130.9 -62.3 113.6   44.5   34.5  -36.0               
  361  361 A T        -     0   0  125     -2,-0.5     2,-1.3     1,-0.1    -1,-0.1  -0.594  19.1-151.5 -64.9  89.9   46.5   36.0  -33.1               
  362  362 A T        -     0   0  120     -2,-1.6     2,-0.6     1,-0.0    -1,-0.1  -0.631  14.7-137.4 -62.3  94.9   46.3   39.6  -34.1               
  363  363 A T        -     0   0  119     -2,-1.3     2,-0.3     1,-0.1    -1,-0.0  -0.572  25.8-115.5 -52.9 108.5   49.5   40.8  -32.5               
  364  364 A L        -     0   0  169     -2,-0.6    -1,-0.1     1,-0.0     3,-0.0  -0.404  21.4-144.3 -48.3 110.9   48.4   44.1  -30.9               
  365  365 A Q        -     0   0  183     -2,-0.3    -1,-0.0     1,-0.1    -3,-0.0  -0.703  44.2 -87.1 -72.9 141.7   50.3   46.9  -32.6               
  366  366 A P        -     0   0  117      0, 0.0    -1,-0.1     0, 0.0     0, 0.0  -0.252  44.2 -95.1 -70.5 141.5   50.8   49.4  -29.8               
  367  367 A T        -     0   0  128     -3,-0.0     2,-0.4     1,-0.0    -3,-0.0  -0.183  32.9-178.3 -38.0 119.3   48.4   52.2  -28.7               
  368  368 A I        -     0   0  147      2,-0.1     2,-0.4     0, 0.0    -1,-0.0  -0.940  21.9-150.3-122.9 112.2   48.9   55.6  -30.1               
  369  369 A Q        +     0   0  135     -2,-0.4     2,-0.3     0, 0.0    -2,-0.0  -0.630  20.4 174.8 -72.1 122.0   46.2   57.8  -28.5               
  370  370 A W        -     0   0  229     -2,-0.4    -2,-0.1     0, 0.0     0, 0.0  -0.988  32.8-105.6-138.5 143.0   44.7   60.8  -30.2               
  371  371 A H        -     0   0  141     -2,-0.3     2,-0.2     1,-0.1     0, 0.0   0.099  23.9-102.9 -80.3 164.8   41.9   62.7  -28.7               
  372  372 A P        -     0   0  115      0, 0.0     2,-0.3     0, 0.0    -1,-0.1  -0.453  16.6-164.3 -86.4 149.7   38.1   63.2  -29.2               
  373  373 A S        -     0   0  121     -2,-0.2     2,-0.0     2,-0.0     0, 0.0  -0.855  18.9-146.4-137.7 107.7   36.0   66.0  -30.7               
  374  374 A T        +     0   0  125     -2,-0.3     2,-0.0     0, 0.0     0, 0.0  -0.192  24.1 164.6 -39.8 135.7   32.2   66.0  -29.9               
  375  375 A A        -     0   0   88     -2,-0.0    -2,-0.0     2,-0.0     0, 0.0  -0.304  31.5-122.0-166.3  96.3   29.3   67.2  -32.0               
  376  376 A D        +     0   0  135     -2,-0.0     0, 0.0     0, 0.0     0, 0.0   0.651  42.4 150.1  44.4 119.6   25.8   66.3  -31.2               
  377  377 A I        -     0   0  174      0, 0.0     2,-0.1     0, 0.0    -2,-0.0   0.091  32.6-165.9-172.2 101.8   22.6   64.9  -31.9               
  378  378 A E        -     0   0  184      1,-0.1     0, 0.0     2,-0.0     0, 0.0  -0.262  17.0 -31.1 -52.0 165.1   20.4   63.5  -29.1               
  379  379 A D        +     0   0  130     -2,-0.1    -1,-0.1     2,-0.0     0, 0.0   0.639  24.3 152.6 179.0 131.5   17.8   61.6  -28.6               
  380  380 A L        +     0   0  161      2,-0.0     2,-0.5     0, 0.0    -2,-0.0  -0.140  22.1 160.3-164.2  78.7   14.4   59.7  -28.8               
  381  381 A A        -     0   0   92      2,-0.0     2,-0.5     0, 0.0    -2,-0.0  -0.811  19.3-168.5 -76.3 125.2   14.1   56.4  -27.0               
  382  382 A T        -     0   0  122     -2,-0.5    -2,-0.0     2,-0.0     0, 0.0  -0.941   2.8-161.5-121.5 109.2   10.3   55.7  -26.5               
  383  383 A E        -     0   0  167     -2,-0.5     2,-0.8     1,-0.0    -2,-0.0  -0.617  18.7-126.8 -71.3 137.3    9.4   52.8  -24.1               
  384  384 A P        -     0   0  123      0, 0.0    -2,-0.0     0, 0.0    -1,-0.0  -0.847  27.6-132.5 -95.4 112.9    5.9   51.2  -24.4               
  385  385 A K        -     0   0  185     -2,-0.8     2,-0.2     1,-0.1     0, 0.0  -0.194  15.8-111.4 -44.3 137.6    4.2   51.2  -20.9               
  386  386 A K        -     0   0  206      2,-0.0    -1,-0.1     0, 0.0     0, 0.0  -0.531  30.6-162.2 -61.0 136.5    2.4   48.2  -19.4               
  387  387 A L        -     0   0  155     -2,-0.2     2,-0.3     0, 0.0     0, 0.0  -1.000   7.9-143.6-124.0 128.6   -1.4   48.6  -19.2               
  388  388 A P        -     0   0  117      0, 0.0    -2,-0.0     0, 0.0     0, 0.0  -0.682  22.2-110.6 -88.9 146.6   -3.5   46.3  -16.9               
  389  389 A F        -     0   0  202     -2,-0.3     2,-0.2     1,-0.1     0, 0.0  -0.448  40.2-106.4 -73.7 146.5   -7.1   45.1  -17.8               
  390  390 A P        -     0   0  124      0, 0.0     2,-0.2     0, 0.0    -1,-0.1  -0.462  22.7-117.0 -88.8 148.8  -10.1   46.5  -15.8               
  391  391 A L        -     0   0  168     -2,-0.2     0, 0.0     1,-0.1     0, 0.0  -0.488  46.9 -74.6 -78.2 148.5  -12.3   44.9  -13.1               
  392  392 A S        -     0   0  113     -2,-0.2     2,-0.7     1,-0.1    -1,-0.1   0.048  34.7-124.1 -47.0 135.9  -16.1   44.4  -13.4               
  393  393 A T        -     0   0  141      2,-0.0     2,-0.6     0, 0.0    -1,-0.1  -0.754  23.4-172.8 -81.7 112.0  -18.9   47.0  -13.3               
  394  394 A L        +     0   0  178     -2,-0.7     2,-0.4     0, 0.0     0, 0.0  -0.968  19.4 174.6-100.1 112.7  -21.5   46.1  -10.6               
  395  395 A A        -     0   0   72     -2,-0.6    -2,-0.0     1,-0.2     0, 0.0  -0.989  19.2 -28.9-129.7 128.9  -24.4   48.6  -11.0               
  396  396 A T        +     0   0  125     -2,-0.4    -1,-0.2     2,-0.0     2,-0.0   0.946  44.9 122.5  65.8 110.1  -27.8   49.2   -9.5               
  397  397 A I        +     0   0  165      0, 0.0     2,-0.3     0, 0.0     3,-0.1  -0.230  33.1 139.0-160.9 112.4  -30.9   48.2   -8.0               
  398  398 A K        +     0   0  178      1,-0.1    -2,-0.0    -2,-0.0     0, 0.0  -0.800  38.5  92.6-136.6  91.3  -31.5   50.0   -4.6               
  399  399 A D        +     0   0  155     -2,-0.3     3,-0.2     0, 0.0    -1,-0.1   0.234  67.4  70.8-157.5  13.3  -35.2   51.1   -4.2               
  400  400 A D     >  +     0   0  122      1,-0.1     4,-1.3    -3,-0.1     3,-0.2   0.297  63.0 109.7-109.5   9.4  -37.1   48.2   -2.4               
  401  401 A T  T  4 S+     0   0   86      1,-0.2     4,-0.3     2,-0.2    -1,-0.1   0.578  72.4  48.2 -75.1  -9.5  -35.5   48.5    1.1               
  402  402 A I  T  > S+     0   0  139     -3,-0.2     4,-1.0     2,-0.1    -1,-0.2   0.843 111.0  44.4-104.1 -34.4  -38.5   49.9    3.3               
  403  403 A A  H  > S+     0   0   80      1,-0.2     4,-2.0     2,-0.2     5,-0.2   0.881 111.2  56.9 -72.7 -33.8  -41.4   47.6    2.4               
  404  404 A T  H  X S+     0   0   85     -4,-1.3     4,-1.8     1,-0.2    -1,-0.2   0.807 102.1  55.2 -69.2 -29.0  -39.1   44.5    2.7               
  405  405 A I  H  > S+     0   0  109     -4,-0.3     4,-1.9     2,-0.2    -1,-0.2   0.920 109.3  45.1 -73.8 -40.2  -38.2   45.4    6.3               
  406  406 A I  H  X S+     0   0  118     -4,-1.0     4,-2.0     2,-0.2     5,-0.2   0.917 114.4  49.4 -71.9 -38.2  -41.8   45.5    7.6               
  407  407 A A  H  X S+     0   0   66     -4,-2.0     4,-2.5     1,-0.2    -2,-0.2   0.881 109.6  53.3 -64.3 -36.2  -42.7   42.2    5.7               
  408  408 A S  H  X S+     0   0   83     -4,-1.8     4,-2.6     2,-0.2    -2,-0.2   0.902 109.2  47.2 -67.0 -40.0  -39.5   40.6    7.3               
  409  409 A V  H  X S+     0   0  102     -4,-1.9     4,-2.3     2,-0.2    -2,-0.2   0.931 115.8  43.9 -70.2 -42.8  -40.5   41.5   10.9               
  410  410 A V  H  X S+     0   0   87     -4,-2.0     4,-2.5     2,-0.2    -2,-0.2   0.920 116.0  48.8 -68.0 -40.4  -44.1   40.3   10.5               
  411  411 A G  H  X S+     0   0   39     -4,-2.5     4,-2.4    -5,-0.2    -2,-0.2   0.916 112.1  48.7 -63.1 -43.1  -42.9   37.1    8.6               
  412  412 A G  H  X S+     0   0   33     -4,-2.6     4,-2.3     2,-0.2    -2,-0.2   0.913 112.4  47.7 -63.9 -43.2  -40.3   36.4   11.4               
  413  413 A A  H  X S+     0   0   56     -4,-2.3     4,-2.3     2,-0.2    -2,-0.2   0.934 113.2  47.8 -65.3 -44.5  -42.9   36.9   14.2               
  414  414 A L  H  X S+     0   0  115     -4,-2.5     4,-2.6     2,-0.2    -2,-0.2   0.894 111.5  51.7 -61.8 -39.3  -45.4   34.6   12.4               
  415  415 A F  H  X S+     0   0  137     -4,-2.4     4,-2.8     2,-0.2    -2,-0.2   0.923 109.6  48.4 -64.7 -42.9  -42.6   32.0   11.8               
  416  416 A I  H  X S+     0   0  109     -4,-2.3     4,-2.4     2,-0.2    -2,-0.2   0.904 113.0  48.2 -64.7 -40.7  -41.6   32.0   15.6               
  417  417 A V  H  X S+     0   0   90     -4,-2.3     4,-2.6     2,-0.2    -2,-0.2   0.943 112.8  48.6 -63.6 -44.9  -45.4   31.6   16.5               
  418  418 A L  H  X S+     0   0   99     -4,-2.6     4,-2.8     2,-0.2    -2,-0.2   0.933 112.7  47.3 -60.5 -46.9  -45.7   28.7   14.0               
  419  419 A V  H  X S+     0   0   61     -4,-2.8     4,-2.7     2,-0.2    -1,-0.2   0.899 112.5  50.4 -61.5 -39.9  -42.5   27.0   15.3               
  420  420 A S  H  X S+     0   0   51     -4,-2.4     4,-2.3     2,-0.2    -2,-0.2   0.902 112.5  46.0 -66.8 -40.5  -43.8   27.5   18.9               
  421  421 A V  H  X S+     0   0   83     -4,-2.6     4,-2.7     2,-0.2    -2,-0.2   0.929 114.2  48.4 -66.5 -44.4  -47.2   25.9   18.1               
  422  422 A L  H  X S+     0   0  101     -4,-2.8     4,-2.7     2,-0.2    -2,-0.2   0.914 112.5  48.2 -63.4 -42.2  -45.5   23.0   16.2               
  423  423 A A  H  X S+     0   0   37     -4,-2.7     4,-3.0     2,-0.2    -2,-0.2   0.914 111.7  51.0 -62.7 -41.4  -43.1   22.5   19.2               
  424  424 A G  H  X S+     0   0   39     -4,-2.3     4,-2.5     2,-0.2    -2,-0.2   0.924 112.3  45.9 -60.0 -44.7  -46.2   22.5   21.5               
  425  425 A I  H  X S+     0   0   81     -4,-2.7     4,-3.0     2,-0.2    -2,-0.2   0.901 113.6  49.3 -64.9 -42.9  -48.0   19.9   19.2               
  426  426 A F  H  X S+     0   0  127     -4,-2.7     4,-2.9     2,-0.2    -2,-0.2   0.946 113.7  45.6 -63.4 -45.5  -44.8   17.8   19.1               
  427  427 A C  H  X S+     0   0   44     -4,-3.0     4,-2.3     2,-0.2    -2,-0.2   0.883 114.6  49.0 -62.5 -39.6  -44.4   18.0   22.9               
  428  428 A Y  H  X S+     0   0  132     -4,-2.5     4,-2.0     2,-0.2    -2,-0.2   0.929 113.7  45.5 -67.0 -44.4  -48.2   17.2   23.3               
  429  429 A R  H  X S+     0   0  178     -4,-3.0     4,-2.3     2,-0.2    -2,-0.2   0.934 114.2  49.0 -62.6 -44.9  -47.9   14.2   20.9               
  430  430 A R  H  X S+     0   0  141     -4,-2.9     4,-0.8     1,-0.2    -2,-0.2   0.855 110.0  51.2 -67.4 -35.2  -44.7   13.0   22.7               
  431  431 A R  H  < S+     0   0  202     -4,-2.3     3,-0.4    -5,-0.2     4,-0.3   0.872 110.2  50.4 -65.5 -37.4  -46.5   13.3   26.1               
  432  432 A R  H >< S+     0   0  163     -4,-2.0     3,-1.4     1,-0.2    -2,-0.2   0.905 106.2  54.8 -67.1 -38.6  -49.4   11.3   24.7               
  433  433 A T  H 3< S+     0   0  108     -4,-2.3     3,-0.2     1,-0.3    -1,-0.2   0.673 108.2  49.8 -69.1 -17.5  -47.0    8.5   23.4               
  434  434 A F  T 3< S+     0   0  189     -4,-0.8    -1,-0.3    -3,-0.4    -2,-0.2   0.455 109.7  52.6 -93.3  -4.0  -45.5    8.2   27.0               
  435  435 A R  S <  S+     0   0  233     -3,-1.4     2,-0.2    -4,-0.3    -2,-0.2   0.171 101.6  55.4-122.6  17.2  -49.0    7.9   28.7               
  436  436 A G        +     0   0   43     -3,-0.2    -1,-0.2    -4,-0.2    -4,-0.0  -0.714  67.4  68.1-164.0 104.9  -50.8    5.1   26.8               
  437  437 A D        +     0   0  144     -2,-0.2     2,-1.0    -3,-0.1    -1,-0.1   0.307  31.7 156.2 172.9  67.8  -50.2    1.5   25.9               
  438  438 A Y        -     0   0  223     -3,-0.1     2,-1.7     2,-0.0    -3,-0.0  -0.842  45.1-135.4 -73.9 105.4  -50.2   -0.9   28.8               
  439  439 A F        -     0   0  194     -2,-1.0     2,-0.9     2,-0.0    -1,-0.0  -0.577  26.1-176.2 -63.5  87.5  -51.0   -4.0   26.8               
  440  440 A A        -     0   0   83     -2,-1.7     2,-0.7     2,-0.0    -2,-0.0  -0.852  23.1-139.5 -77.8 105.6  -53.6   -5.7   29.0               
  441  441 A K        -     0   0  199     -2,-0.9     2,-1.0     1,-0.1    -2,-0.0  -0.672  15.0-131.5 -61.0 111.5  -54.3   -8.9   27.0               
  442  442 A N        -     0   0  152     -2,-0.7     2,-0.6     2,-0.0    -1,-0.1  -0.639  19.3-155.7 -63.1 101.3  -58.1   -9.3   27.2               
  443  443 A Y        -     0   0  193     -2,-1.0    -3,-0.0     2,-0.0    -1,-0.0  -0.802   5.1-152.0 -75.0 118.0  -58.4  -13.0   28.3               
  444  444 A I        -     0   0  146     -2,-0.6    -2,-0.0     2,-0.0     0, 0.0  -0.909  15.2-135.9 -90.8 114.1  -61.8  -14.0   27.0               
  445  445 A P        -     0   0   87      0, 0.0     2,-1.4     0, 0.0    -2,-0.0  -0.540  14.8-120.4 -70.2 137.9  -63.0  -16.8   29.4               
  446  446 A P        +     0   0  122      0, 0.0     2,-0.5     0, 0.0     3,-0.1  -0.653  47.6 159.1 -77.3  92.5  -64.6  -19.9   27.7               
  447  447 A S        +     0   0  102     -2,-1.4     3,-0.0     1,-0.1     0, 0.0  -0.831  41.1  77.4-114.3  87.1  -68.1  -19.9   29.3               
  448  448 A D        +     0   0  163     -2,-0.5    -1,-0.1     1,-0.0     0, 0.0   0.103  58.2  84.2 179.6  74.9  -70.5  -21.8   27.1               
  449  449 A M        +     0   0  198     -3,-0.1     2,-0.3     1,-0.0    -1,-0.0  -0.285  51.1 121.1-155.0  76.0  -70.5  -25.6   27.1               
  450  450 A Q        +     0   0  195      1,-0.1    -3,-0.0    -3,-0.0    -1,-0.0  -0.784  35.3  96.2-134.0  93.2  -72.6  -26.9   30.0               
  451  451 A K        -     0   0  203     -2,-0.3    -1,-0.1     2,-0.0     0, 0.0  -0.077  50.4-137.3-176.7 107.0  -75.6  -29.1   29.3               
  452  452 A E        -     0   0  154      1,-0.0     2,-0.2    -2,-0.0    -2,-0.0   0.465  17.0-175.5  28.9 124.2  -76.2  -32.8   29.3               
  453  453 A S        +     0   0  123      0, 0.0     2,-0.3     0, 0.0    -2,-0.0  -0.715  21.9 173.9-149.4 129.6  -77.7  -35.4   27.4               
  454  454 A Q        +     0   0  144     -2,-0.2     0, 0.0     1,-0.1     0, 0.0  -0.895  20.9  40.0-114.8 148.2  -77.7  -39.0   28.9               
  455  455 A I        +     0   0  126     -2,-0.3    -1,-0.1     1,-0.0     0, 0.0   0.747  32.6  96.3  76.7 129.7  -79.3  -42.4   28.0               
  456  456 A D        -     0   0  149      0, 0.0     2,-0.0     0, 0.0    -1,-0.0   0.425  25.2-154.0-162.3 170.1  -80.3  -45.0   26.2               
  457  457 A V        +     0   0  116      1,-0.0     0, 0.0     2,-0.0     0, 0.0  -0.198  35.0  60.4 -76.8 156.7  -79.4  -48.5   25.1               
  458  458 A L        -     0   0  140     -2,-0.0    -1,-0.0     0, 0.0     0, 0.0   0.979  45.4 -64.7  81.8 108.7  -80.1  -51.1   22.2               
  459  459 A Q        +     0   0  149      0, 0.0    -2,-0.0     0, 0.0     0, 0.0   0.953  31.9  27.8  73.5 121.5  -80.1  -52.1   18.7               
  460  460 A Q        +     0   0  135      0, 0.0     0, 0.0     0, 0.0     0, 0.0   0.926  28.5  52.5  86.4 131.9  -80.8  -52.5   15.1               
  461  461 A D        +     0   0  122      0, 0.0     0, 0.0     0, 0.0     0, 0.0   0.805  30.2  52.1  68.0 135.4  -81.6  -51.8   11.5               
  462  462 A E        -     0   0  154      0, 0.0     0, 0.0     0, 0.0     0, 0.0   0.845  27.0-101.6-171.7 145.4  -81.6  -50.5    8.5               
  463  463 A L        +     0   0  131      0, 0.0     0, 0.0     0, 0.0     0, 0.0   0.829  24.0 119.2  56.9 117.6  -80.5  -49.1    5.3               
  464  464 A D        -     0   0  136      0, 0.0     0, 0.0     0, 0.0     0, 0.0   0.711  34.8 -84.4-178.9 128.0  -79.6  -47.0    2.8               
  465  465 A S        -     0   0  105      0, 0.0     0, 0.0     0, 0.0     0, 0.0   0.843  14.1-147.5 111.9 108.9  -77.0  -46.0    0.6               
  466  466 A Y        -     0   0  188      0, 0.0     0, 0.0     0, 0.0     0, 0.0   0.508   4.5-178.2  -8.6 175.1  -73.9  -44.4   -1.0               
  467  467 A P        +     0   0  118      0, 0.0     0, 0.0     0, 0.0     0, 0.0   0.424   6.5 164.7-147.3 167.9  -72.0  -43.3   -3.3               
  468  468 A D        +     0   0  123      0, 0.0     0, 0.0     0, 0.0     0, 0.0   0.093  20.8 138.0 -54.2 174.0  -68.5  -41.8   -4.2               
  469  469 A S        +     0   0  110      1,-0.1     0, 0.0     0, 0.0     0, 0.0   0.382  11.6  78.9 111.8 130.7  -66.4  -41.0   -7.2               
  470  470 A V        -     0   0  133      0, 0.0    -1,-0.1     0, 0.0     2,-0.0   0.395  28.3-160.9-162.8 140.7  -64.3  -39.7   -9.5               
  471  471 A K        -     0   0  198      1,-0.0     2,-0.3     0, 0.0     0, 0.0  -0.237   0.7-165.9 -49.6 145.2  -60.5  -39.3   -9.8               
  472  472 A K        -     0   0  213      2,-0.0     2,-0.2    -2,-0.0    -1,-0.0  -0.802  10.6-168.8-140.9 109.5  -58.5  -36.9  -11.9               
  473  473 A E        -     0   0  132     -2,-0.3     2,-0.2     2,-0.0     0, 0.0  -0.538   8.4-177.9 -67.5 139.8  -54.8  -37.7  -12.2               
  474  474 A N        +     0   0  171     -2,-0.2     2,-0.4     2,-0.0    -2,-0.0  -0.689   9.7 170.7-143.6  98.2  -52.3  -35.2  -13.7               
  475  475 A K        +     0   0  161     -2,-0.2    -2,-0.0     2,-0.0     0, 0.0  -0.811   5.8 173.4 -79.9 140.8  -48.7  -36.5  -14.0               
  476  476 A N        -     0   0  165     -2,-0.4     2,-0.1     0, 0.0    -2,-0.0  -0.923  30.4-123.6-143.1 146.1  -46.1  -34.6  -15.8               
  477  477 A P        -     0   0  111      0, 0.0    -2,-0.0     0, 0.0     0, 0.0  -0.405   9.3 -80.7-109.7 160.3  -42.5  -36.0  -15.6               
  478  478 A V        -     0   0  121     -2,-0.1     2,-0.1     1,-0.0     0, 0.0   0.162  16.8-171.9 -10.5 133.2  -38.8  -35.9  -14.9               
  479  479 A N        +     0   0  153      2,-0.0     2,-0.6     0, 0.0    -1,-0.0  -0.656  18.1 159.7-140.2  94.3  -35.9  -34.5  -16.8               
  480  480 A N        -     0   0  148     -2,-0.1     2,-0.5     2,-0.0    -2,-0.0  -0.958  15.8-176.9 -88.6 119.6  -32.6  -35.5  -15.1               
  481  481 A L        -     0   0  157     -2,-0.6     2,-0.3     2,-0.0    -2,-0.0  -0.906   8.4-161.0-125.2 100.7  -29.9  -35.1  -17.8               
  482  482 A I        +     0   0  155     -2,-0.5     2,-0.2     2,-0.0    -2,-0.0  -0.590  11.2 178.3 -56.4 128.2  -26.5  -36.1  -16.7               
  483  483 A R        +     0   0  219     -2,-0.3     2,-0.2     0, 0.0    -2,-0.0  -0.761   8.8 161.9-139.5 100.3  -23.6  -34.8  -18.9               
  484  484 A K        +     0   0  177     -2,-0.2     2,-0.0     0, 0.0    -2,-0.0  -0.533  21.7 117.4 -83.2 170.3  -20.1  -35.7  -17.7               
  485  485 A D        +     0   0  131     -2,-0.2     0, 0.0     1,-0.0     0, 0.0   0.519  20.6  89.2  96.8 114.6  -17.1  -35.5  -20.2               
  486  486 A Y        +     0   0  204     -2,-0.0     2,-0.2     0, 0.0    -1,-0.0   0.593  32.9 171.4-146.7 136.7  -14.2  -33.9  -20.7               
  487  487 A L        +     0   0  157      2,-0.1     0, 0.0     0, 0.0     0, 0.0  -0.420  13.0 137.9  60.6  88.5  -11.1  -34.9  -19.5               
  488  488 A E        +     0   0  188     -2,-0.2     0, 0.0     0, 0.0     0, 0.0   0.009  13.0 140.8-179.3 110.6   -7.7  -33.6  -20.3               
  489  489 A E        +     0   0  183      0, 0.0     2,-0.1     0, 0.0    -2,-0.1  -0.844  14.8 157.7 -94.8 154.1   -4.7  -33.0  -18.1               
  490  490 A P        +     0   0  104      0, 0.0     0, 0.0     0, 0.0     0, 0.0  -0.413  17.0  24.2-159.6 176.3   -1.3  -33.4  -18.4               
  491  491 A E        -     0   0  174     -2,-0.1     0, 0.0     0, 0.0     0, 0.0   0.976  25.4-148.6  79.7 103.1    2.3  -32.6  -17.4               
  492  492 A K        +     0   0  195      0, 0.0     2,-0.1     0, 0.0     0, 0.0   0.278  17.6 158.7  59.3 119.9    4.8  -31.5  -15.3               
  493  493 A T        +     0   0  140      0, 0.0     0, 0.0     0, 0.0     0, 0.0   0.113  30.5  27.3 131.8 131.6    8.2  -29.7  -15.2               
  494  494 A Q        +     0   0  181      1,-0.1     2,-0.3    -2,-0.1     0, 0.0   0.722  26.4 175.4-165.0 137.9   10.5  -28.0  -13.6               
  495  495 A W        +     0   0  232      1,-0.0    -1,-0.1     0, 0.0     0, 0.0  -0.665  25.9 127.2 -76.4 142.3   12.0  -27.2  -10.2               
  496  496 A N        +     0   0  136     -2,-0.3    -1,-0.0     1,-0.0     0, 0.0   0.175  28.0  24.0 167.6 130.8   14.9  -25.2   -9.2               
  497  497 A N        -     0   0  142      0, 0.0    -1,-0.0     0, 0.0     0, 0.0   0.824  42.2  -2.1  78.0 139.2   16.4  -22.4   -7.1               
  498  498 A V        -     0   0  107      0, 0.0     0, 0.0     0, 0.0     0, 0.0   0.718  31.2 -65.3-170.7 138.1   16.8  -20.2   -4.7               
  499  499 A E        +     0   0  160      0, 0.0     0, 0.0     0, 0.0     0, 0.0   0.986  31.9  31.5  69.5 121.0   16.4  -18.1   -1.5               
  500  500 A N        +     0   0  131      0, 0.0     0, 0.0     0, 0.0     0, 0.0   0.973  36.5  79.8  81.4  99.6   14.9  -15.7    0.9               
  501  501 A L        -     0   0  162      0, 0.0     0, 0.0     0, 0.0     0, 0.0   0.203  49.3-125.3-173.5 106.5   12.7  -13.8    2.8               
  502  502 A N        +     0   0  141      1,-0.1     0, 0.0     2,-0.0     0, 0.0   0.472  29.4  24.2  29.1 114.5   10.6  -14.8    5.8               
  503  503 A R        +     0   0  201      2,-0.1    -1,-0.1     0, 0.0     0, 0.0   0.959  45.5  48.2  94.6  94.1    7.5  -15.2    7.5               
  504  504 A F        +     0   0  172      1,-0.1     2,-0.4     0, 0.0    -2,-0.0   0.552  39.0 124.3 163.2  89.4    4.0  -15.6    8.4               
  505  505 A E        -     0   0  198      2,-0.0    -1,-0.1     0, 0.0    -2,-0.1  -0.999  33.6-165.7-118.2 122.7    1.3  -17.9    7.1               
  506  506 A R        -     0   0  224     -2,-0.4     2,-0.0     1,-0.0     0, 0.0  -0.933  32.3-104.9-102.3 136.5   -0.3  -20.1    9.8               
  507  507 A P        -     0   0  110      0, 0.0     2,-0.8     0, 0.0    -1,-0.0  -0.284  14.6-132.9 -75.3 144.3   -2.3  -23.0    8.3               
  508  508 A M        -     0   0  174     -2,-0.0     2,-0.6     0, 0.0     0, 0.0  -0.860  27.6-140.4 -85.4 108.8   -6.2  -23.3    8.0               
  509  509 A D        -     0   0  148     -2,-0.8     2,-0.3     2,-0.0     0, 0.0  -0.669  10.6-140.0 -73.2 119.2   -7.0  -26.8    9.2               
  510  510 A Y        -     0   0  200     -2,-0.6     2,-0.4     2,-0.0    -1,-0.0  -0.621  14.4-168.4 -62.7 131.6   -9.7  -28.5    7.2               
  511  511 A Y        -     0   0  219     -2,-0.3     2,-0.2     3,-0.0     3,-0.1  -0.888  12.1-174.4-124.2 101.5  -12.3  -30.5    9.2               
  512  512 A E        -     0   0  157     -2,-0.4    -2,-0.0     1,-0.2     0, 0.0  -0.595  40.4 -21.1 -71.7 146.7  -14.3  -32.6    6.8               
  513  513 A D        +     0   0  142     -2,-0.2     2,-0.2     1,-0.1    -1,-0.2   0.643  37.4 169.9  35.3 101.1  -17.3  -34.8    7.8               
  514  514 A L        -     0   0  154     -3,-0.1     2,-0.7     2,-0.0    -1,-0.1  -0.715  12.8-176.0-126.9  94.4  -18.6  -36.3   11.0               
  515  515 A K        +     0   0  192     -2,-0.2     2,-0.2     2,-0.0     0, 0.0  -0.729  17.9 164.2 -57.3 111.3  -22.1  -37.6   10.3               
  516  516 A M        -     0   0  171     -2,-0.7    -2,-0.0     0, 0.0    -1,-0.0  -0.707  41.4 -73.2-145.8 100.4  -23.1  -38.8   13.8               
  517  517 A G        -     0   0   71     -2,-0.2     2,-0.9     1,-0.2    -2,-0.0   0.699  20.3-144.9  52.1  85.9  -26.7  -39.5   14.7               
  518  518 A M        -     0   0  191      2,-0.0     2,-0.6     3,-0.0    -1,-0.2  -0.686  26.1-171.8 -63.2 107.4  -29.6  -37.3   15.4               
  519  519 A K        -     0   0  195     -2,-0.9     2,-0.1     2,-0.0     0, 0.0  -0.979  26.5-120.1-103.5 113.4  -31.3  -39.3   18.2               
  520  520 A F        -     0   0  202     -2,-0.6     2,-0.6     1,-0.0    -2,-0.0  -0.330  19.7-159.1 -46.0 120.7  -34.7  -37.7   18.9               
  521  521 A V        -     0   0  141     -2,-0.1     3,-0.1     3,-0.0    -1,-0.0  -0.987  31.6-122.7-103.3 118.8  -35.1  -36.6   22.5               
  522  522 A S        -     0   0   98     -2,-0.6     2,-0.0     1,-0.2     0, 0.0  -0.236  25.9 -82.9 -60.0 147.5  -38.9  -36.3   22.9               
  523  523 A D        -     0   0  167      1,-0.1     2,-0.7    -2,-0.0    -1,-0.2  -0.247  30.2-151.4 -39.1 120.7  -41.1  -33.4   23.9               
  524  524 A E        -     0   0  144     -3,-0.1     2,-0.7     2,-0.0    -1,-0.1  -0.934  14.7-152.9 -96.7 103.1  -41.4  -32.8   27.6               
  525  525 A H        -     0   0  181     -2,-0.7     2,-0.9     1,-0.0    -2,-0.0  -0.716   5.6-150.5 -68.3 108.0  -44.9  -31.3   27.8               
  526  526 A Y        -     0   0  187     -2,-0.7     2,-0.3     2,-0.0    -2,-0.0  -0.845  11.1-141.7 -87.4 104.8  -44.8  -29.0   30.9               
  527  527 A D        -     0   0  138     -2,-0.9     2,-1.5     1,-0.1    -2,-0.0  -0.515  15.3-126.7 -58.4 119.2  -48.4  -29.0   32.3               
  528  528 A E        -     0   0  187     -2,-0.3     2,-0.6     2,-0.0    -1,-0.1  -0.643  23.6-148.8 -71.0  90.5  -49.2  -25.4   33.6               
  529  529 A N    >   -     0   0  123     -2,-1.5     3,-1.5     1,-0.2    -1,-0.0  -0.574   5.0-144.8 -60.4 115.9  -50.4  -26.3   37.1               
  530  530 A E  G >  S+     0   0  175     -2,-0.6     3,-0.7     1,-0.3    -1,-0.2   0.598  89.5  81.4 -58.1 -12.4  -53.0  -23.6   37.9               
  531  531 A D  G 3  S+     0   0  129      1,-0.2    -1,-0.3     3,-0.0    -2,-0.1   0.547  73.9  74.6 -73.7  -7.8  -51.7  -23.7   41.6               
  532  532 A D  G <  S+     0   0   43     -3,-1.5    12,-3.1    11,-0.0     2,-0.4   0.110  75.6  99.4 -97.2  21.8  -48.7  -21.4   40.8               
  533  533 A L  E <   -W  543   0K  97     -3,-0.7     2,-0.5    10,-0.3    10,-0.2  -0.918  51.2-162.9-117.4 132.5  -50.7  -18.1   40.6               
  534  534 A V  E     -W  542   0K  52      8,-2.9     8,-2.3    -2,-0.4     2,-0.4  -0.964  17.1-135.8-115.1 126.1  -51.2  -15.3   43.3               
  535  535 A S  E     -W  541   0K  97     -2,-0.5     6,-0.2     6,-0.2     2,-0.2  -0.666  18.2-149.7 -79.4 131.6  -54.0  -12.7   43.0               
  536  536 A H    >   -     0   0   83      4,-3.0     3,-2.1    -2,-0.4    -1,-0.0  -0.556  29.8-104.1 -97.4 162.5  -53.0   -9.0   43.7               
  537  537 A V  T 3  S+     0   0  150      1,-0.3    -1,-0.1    -2,-0.2    -2,-0.0   0.615 119.8  58.2 -64.0 -13.5  -55.3   -6.3   45.3               
  538  538 A D  T 3  S-     0   0  112      2,-0.1    -1,-0.3     0, 0.0     3,-0.1   0.298 122.3-102.0 -97.1   3.7  -55.6   -4.7   41.7               
  539  539 A G  S <  S+     0   0   66     -3,-2.1     2,-0.2     1,-0.3    -2,-0.1   0.465  79.7 133.5  82.2   4.5  -57.1   -7.9   40.1               
  540  540 A S        -     0   0   57     -5,-0.0    -4,-3.0     2,-0.0     2,-0.4  -0.544  46.6-145.7 -77.3 150.3  -53.8   -8.9   38.4               
  541  541 A V  E     -W  535   0K  90     -6,-0.2     2,-0.4    -2,-0.2    -6,-0.2  -0.989  17.7-172.6-119.4 126.2  -52.6  -12.6   38.7               
  542  542 A I  E     -W  534   0K  48     -8,-2.3    -8,-2.9    -2,-0.4     2,-0.2  -0.937  28.6-107.6-122.8 140.4  -48.8  -13.2   38.9               
  543  543 A S  E >>  -W  533   0K  34     -2,-0.4     3,-1.7   -10,-0.2     4,-0.8  -0.450  24.9-126.1 -64.5 139.4  -46.9  -16.4   38.8               
  544  544 A R  T 34 S+     0   0  120    -12,-3.1     4,-0.5     1,-0.3     3,-0.3   0.774 112.4  60.5 -57.3 -25.4  -45.4  -17.5   42.2               
  545  545 A R  T 34 S+     0   0  192    -13,-0.3    -1,-0.3     1,-0.2     3,-0.1   0.719 101.5  51.6 -75.0 -22.6  -42.0  -17.7   40.3               
  546  546 A E  T <4 S+     0   0  134     -3,-1.7     3,-0.3     1,-0.2    -1,-0.2   0.596 101.5  62.5 -87.8 -13.3  -42.2  -14.0   39.4               
  547  547 A W  S  < S+     0   0  145     -4,-0.8     2,-0.6    -3,-0.3    -2,-0.2   0.666  94.6  65.1 -80.3 -20.9  -42.8  -13.1   43.1               
  548  548 A Y              0   0  198     -4,-0.5    -1,-0.2    -3,-0.1    -4,-0.0  -0.605 360.0 360.0-107.3  67.6  -39.4  -14.5   44.2               
  549  549 A V              0   0  130     -2,-0.6    -3,-0.0    -3,-0.3    -4,-0.0  -0.954 360.0 360.0-134.0 360.0  -36.9  -12.1   42.4               
