==== Secondary Structure Definition by the program DSSP, CMBI version 2.0                          ==== DATE=2026-03-08        .
REFERENCE W. KABSCH AND C.SANDER, BIOPOLYMERS 22 (1983) 2577-2637                                                              .
HEADER                                            01-AUG-25                                                                    .
COMPND    MOL_ID: 1; MOLECULE: DELETED IN AZOOSPERMIA PROTEIN 3; CHAIN: A                                                      .
SOURCE    MOL_ID: 1; ORGANISM_SCIENTIFIC: HOMO SAPIENS; ORGANISM_TAXID: 9606                                                   .
AUTHOR                                                                                                                         .
  486  1  0  0  0 TOTAL NUMBER OF RESIDUES, NUMBER OF CHAINS, NUMBER OF SS-BRIDGES(TOTAL,INTRACHAIN,INTERCHAIN)                .
 34810.9   ACCESSIBLE SURFACE OF PROTEIN (ANGSTROM**2)                                                                         .
  320 65.8   TOTAL NUMBER OF HYDROGEN BONDS OF TYPE O(I)-->H-N(J)  , SAME NUMBER PER 100 RESIDUES                              .
  141 29.0   TOTAL NUMBER OF HYDROGEN BONDS IN     PARALLEL BRIDGES, SAME NUMBER PER 100 RESIDUES                              .
   29  6.0   TOTAL NUMBER OF HYDROGEN BONDS IN ANTIPARALLEL BRIDGES, SAME NUMBER PER 100 RESIDUES                              .
    0  0.0   TOTAL NUMBER OF HYDROGEN BONDS OF TYPE O(I)-->H-N(I-5), SAME NUMBER PER 100 RESIDUES                              .
    1  0.2   TOTAL NUMBER OF HYDROGEN BONDS OF TYPE O(I)-->H-N(I-4), SAME NUMBER PER 100 RESIDUES                              .
    1  0.2   TOTAL NUMBER OF HYDROGEN BONDS OF TYPE O(I)-->H-N(I-3), SAME NUMBER PER 100 RESIDUES                              .
    0  0.0   TOTAL NUMBER OF HYDROGEN BONDS OF TYPE O(I)-->H-N(I-2), SAME NUMBER PER 100 RESIDUES                              .
    0  0.0   TOTAL NUMBER OF HYDROGEN BONDS OF TYPE O(I)-->H-N(I-1), SAME NUMBER PER 100 RESIDUES                              .
    0  0.0   TOTAL NUMBER OF HYDROGEN BONDS OF TYPE O(I)-->H-N(I+0), SAME NUMBER PER 100 RESIDUES                              .
    0  0.0   TOTAL NUMBER OF HYDROGEN BONDS OF TYPE O(I)-->H-N(I+1), SAME NUMBER PER 100 RESIDUES                              .
   81 16.7   TOTAL NUMBER OF HYDROGEN BONDS OF TYPE O(I)-->H-N(I+2), SAME NUMBER PER 100 RESIDUES                              .
   22  4.5   TOTAL NUMBER OF HYDROGEN BONDS OF TYPE O(I)-->H-N(I+3), SAME NUMBER PER 100 RESIDUES                              .
   12  2.5   TOTAL NUMBER OF HYDROGEN BONDS OF TYPE O(I)-->H-N(I+4), SAME NUMBER PER 100 RESIDUES                              .
    0  0.0   TOTAL NUMBER OF HYDROGEN BONDS OF TYPE O(I)-->H-N(I+5), SAME NUMBER PER 100 RESIDUES                              .
  1  2  3  4  5  6  7  8  9 10 11 12 13 14 15 16 17 18 19 20 21 22 23 24 25 26 27 28 29 30     *** HISTOGRAMS OF ***           .
  0  0  0  0  1  0  0  1  0  0  0  0  0  0  0  0  0  0  0  0  0  0  0  0  0  0  0  0  0  0    RESIDUES PER ALPHA HELIX         .
 15  5  2  2 12  0  0  0  0  0  0  0  0  0  0  0  0  0  0  0  0  0  0  0  0  0  0  0  0  0    PARALLEL BRIDGES PER LADDER      .
  0  1  0  0  1  2  0  0  0  0  0  0  0  0  0  0  0  0  0  0  0  0  0  0  0  0  0  0  0  0    ANTIPARALLEL BRIDGES PER LADDER  .
  1  0  1  0  1  0  0  0  0  0  1  0  0  0  0  0  0  0  1  0  0  0  0  0  0  0  0  0  0  0    LADDERS PER SHEET                .
  #  RESIDUE AA STRUCTURE BP1 BP2  ACC     N-H-->O    O-->H-N    N-H-->O    O-->H-N    TCO  KAPPA ALPHA  PHI   PSI    X-CA   Y-CA   Z-CA            CHAIN
    1    1 A M              0   0  236      0, 0.0     0, 0.0     0, 0.0     0, 0.0   0.000 360.0 360.0 360.0  92.5   -1.2   65.3   63.1               
    2    2 A S        -     0   0  125      0, 0.0     0, 0.0     0, 0.0     0, 0.0   0.617 360.0 -57.0  60.7 133.8   -0.1   61.9   63.3               
    3    3 A A        +     0   0   97      0, 0.0     0, 0.0     0, 0.0     0, 0.0   0.780  19.1 147.8-179.0 149.8   -0.1   58.6   63.1               
    4    4 A A        -     0   0  101      0, 0.0     0, 0.0     0, 0.0     0, 0.0   0.489  30.0-153.5 145.9  98.4   -0.3   54.7   63.2               
    5    5 A N        +     0   0  156      0, 0.0     0, 0.0     0, 0.0     0, 0.0   0.477  12.2 135.3   5.0 173.5    0.2   51.7   61.0               
    6    6 A P        +     0   0  100      0, 0.0     0, 0.0     0, 0.0     0, 0.0   0.811  21.0  27.2-139.1 178.3   -0.0   48.8   59.7               
    7    7 A E        +     0   0  191      0, 0.0     0, 0.0     0, 0.0     0, 0.0   0.372  33.6 164.5 156.7 109.9   -0.3   45.5   57.7               
    8    8 A T        +     0   0  129      2,-0.0     2,-0.0     0, 0.0     0, 0.0  -0.626  11.5 165.4 -85.0 159.9    0.7   44.3   54.1               
    9    9 A P        -     0   0  110      0, 0.0     0, 0.0     0, 0.0     0, 0.0  -0.030  29.3 -75.5-152.5 155.0    1.2   41.9   52.0               
   10   10 A N        +     0   0  137     -2,-0.0    -2,-0.0     0, 0.0     0, 0.0   0.856  31.7  26.0  55.7 108.5    1.7   41.3   48.3               
   11   11 A S        +     0   0  104      2,-0.0     0, 0.0     0, 0.0     0, 0.0   0.947  33.1  15.8  89.5 127.1    0.9   41.0   45.0               
   12   12 A T        -     0   0  128      0, 0.0     2,-0.2     0, 0.0     0, 0.0   0.724  19.8-152.0-160.4 145.3   -0.0   40.7   41.8               
   13   13 A I        -     0   0  152      1,-0.1     2,-0.6     2,-0.0    -2,-0.0  -0.436  21.9-136.3 -64.8 126.5   -2.3   42.4   39.2               
   14   14 A S        +     0   0  121     -2,-0.2     2,-0.3     0, 0.0    -1,-0.1  -0.786  41.9 147.0 -80.1 115.9   -3.7   40.4   36.3               
   15   15 A R        +     0   0  227     -2,-0.6    -2,-0.0     1,-0.1     2,-0.0  -0.832  12.2 107.8-154.4 125.3   -3.5   42.5   33.1               
   16   16 A E        +     0   0  186     -2,-0.3     2,-0.3     0, 0.0    -1,-0.1   0.214  21.5 169.2 142.9 102.6   -2.9   41.3   29.4               
   17   17 A A        +     0   0   96      2,-0.0     2,-0.0    -2,-0.0     0, 0.0  -0.762  18.2 140.9  57.9  70.2   -5.2   41.3   27.1               
   18   18 A S        -     0   0  105     -2,-0.3     0, 0.0     0, 0.0     0, 0.0  -0.089  33.1-134.6-179.0  97.6   -4.0   40.7   23.6               
   19   19 A T        -     0   0  123      1,-0.1    -2,-0.0    -2,-0.0     0, 0.0   0.374  18.4 -60.3  70.8  99.2   -5.5   38.8   21.0               
   20   20 A Q        +     0   0  174      2,-0.0    -1,-0.1     0, 0.0     0, 0.0   0.453  42.2 131.1  28.3 122.4   -5.3   36.3   18.3               
   21   21 A S        +     0   0  116      0, 0.0     3,-0.0     0, 0.0     0, 0.0   0.304  32.7  57.9 157.6 122.1   -3.6   35.6   15.1               
   22   22 A S        +     0   0  124      0, 0.0     2,-0.1     0, 0.0     3,-0.0   0.509  46.2 115.0 159.0  61.8   -1.6   33.3   12.8               
   23   23 A S        +     0   0  130      1,-0.1     2,-0.1     0, 0.0     0, 0.0  -0.542  67.1  87.8-109.4  61.2   -2.9   29.9   11.7               
   24   24 A A        +     0   0   96     -2,-0.1    -1,-0.1     1,-0.1     2,-0.1  -0.577  37.5 124.8-159.6  98.6   -3.2   30.9    8.1               
   25   25 A A        -     0   0   88     -2,-0.1     2,-0.1    -3,-0.0    -1,-0.1  -0.428  27.2-176.4-167.7  89.6   -0.4   30.7    5.4               
   26   26 A A        +     0   0   94     -2,-0.1    -2,-0.1     1,-0.1     0, 0.0  -0.004  40.6  80.4  46.1 116.4   -1.0   29.1    2.5               
   27   27 A S        +     0   0  118     -2,-0.1    -1,-0.1     0, 0.0     0, 0.0   0.956  67.1  55.1  82.7  71.4    1.8   28.6   -0.1               
   28   28 A Q  S    S-     0   0  128      0, 0.0     2,-1.7     0, 0.0     0, 0.0   0.490  73.5-114.8 159.4  80.3    4.6   26.0   -0.1               
   29   29 A G        +     0   0   86      1,-0.1     2,-0.8     2,-0.0    -3,-0.0   0.092  58.3 134.2  52.1   0.9    4.2   22.2    0.3               
   30   30 A W        -     0   0  139     -2,-1.7     2,-0.5     2,-0.0    -1,-0.1  -0.780  32.0-167.8-101.6 101.4    5.8   21.2    3.6               
   31   31 A V        -     0   0  140     -2,-0.8    -2,-0.0     1,-0.0     0, 0.0  -0.745  30.2-123.1 -76.0 121.3    3.8   18.7    5.8               
   32   32 A L        -     0   0   93     -2,-0.5     3,-0.1     1,-0.1     2,-0.1  -0.547  21.4-127.8 -68.4 121.6    5.5   18.7    9.2               
   33   33 A P        -     0   0   68      0, 0.0     2,-0.3     0, 0.0    -1,-0.1  -0.417  41.0 -84.1 -63.3 149.1    6.6   15.1   10.3               
   34   34 A E  S    S+     0   0  167     -2,-0.1    83,-0.3    80,-0.0     2,-0.3  -0.346  87.9  96.2 -56.8 111.4    5.4   14.0   13.8               
   35   35 A G  S    S-     0   0   34     -2,-0.3     2,-0.5    81,-0.2    81,-0.2  -0.925  79.9 -71.1 175.1 165.9    7.9   15.4   16.3               
   36   36 A K  E     -A  115   0A 167     79,-1.6    79,-2.8    -2,-0.3     2,-0.2  -0.642  48.4-124.1 -75.3 121.4    8.6   18.3   18.7               
   37   37 A I  E     -A  114   0A  95     -2,-0.5    77,-0.2    77,-0.2    -1,-0.1  -0.470  23.7-132.6 -58.8 128.4    9.4   21.6   16.8               
   38   38 A V  E >   -     0   0A  42     75,-2.9     3,-1.1     3,-0.2    75,-0.4  -0.847  22.7-127.0 -87.6 115.0   12.8   22.7   18.0               
   39   39 A P  E 3  S+     0   0A  97      0, 0.0    48,-0.1     0, 0.0     3,-0.1  -0.269  88.3  11.0 -60.9 149.6   12.6   26.5   18.8               
   40   40 A N  E 3  S+     0   0A  31     51,-0.3    47,-2.8     1,-0.1     2,-0.4   0.736 105.0 115.3  54.2  28.1   15.2   28.8   17.2               
   41   41 A T  E <   - B   0  86A  14     -3,-1.1    72,-1.8    45,-0.2     2,-0.4  -0.994  47.8-161.4-133.3 130.7   16.3   25.9   14.9               
   42   42 A V  E     -AB 112  85A   0     43,-2.9    43,-2.5    -2,-0.4     2,-0.4  -0.897  16.0-134.1-112.2 132.8   16.0   25.7   11.0               
   43   43 A F  E     -AB 111  84A  57     68,-3.0    68,-1.8    -2,-0.4     2,-0.5  -0.756  20.8-164.3 -79.2 132.4   16.2   22.5    8.9               
   44   44 A V  E     +AB 110  83A   1     39,-2.8    39,-2.7    -2,-0.4     2,-0.3  -0.970  11.7 175.9-124.1 110.9   18.5   23.0    5.8               
   45   45 A G  E     +AB 109  82A   4     64,-2.8    64,-2.9    -2,-0.5    37,-0.2  -0.754  55.4  48.3-110.4 163.7   18.2   20.4    3.0               
   46   46 A G        +     0   0   36     35,-1.7     2,-0.3    -2,-0.3    36,-0.2   0.745  68.6 167.4  76.4  24.5   19.9   20.2   -0.4               
   47   47 A I        -     0   0   10     34,-1.7    -1,-0.2    -3,-0.2     2,-0.1  -0.574  31.5-131.1 -68.9 125.5   23.4   20.9    1.1               
   48   48 A D    >   -     0   0   41     -2,-0.3     3,-1.8     1,-0.1    33,-0.1  -0.437  18.1-114.8 -74.2 155.6   26.1   20.2   -1.5               
   49   49 A A  T 3  S+     0   0   91      1,-0.3    -1,-0.1    -2,-0.1    30,-0.1   0.652 117.9  56.3 -64.9 -16.0   29.1   18.0   -0.6               
   50   50 A R  T 3  S+     0   0  195      2,-0.1     2,-0.5     0, 0.0    -1,-0.3   0.301  86.2 100.4 -89.9  -2.4   31.3   21.2   -1.2               
   51   51 A M    <   -     0   0    7     -3,-1.8     2,-0.2    52,-0.1    -4,-0.0  -0.857  58.2-156.8-101.9 122.8   29.3   23.3    1.3               
   52   52 A D     >  -     0   0  100     -2,-0.5     4,-2.1     1,-0.1     3,-0.3  -0.484  30.4-111.3 -99.4 161.2   30.8   23.8    4.8               
   53   53 A E  H  > S+     0   0  100      1,-0.2     4,-2.7     2,-0.2     5,-0.1   0.847 117.3  57.1 -56.8 -34.2   29.3   24.7    8.2               
   54   54 A T  H  > S+     0   0  109      2,-0.2     4,-2.7     1,-0.2    -1,-0.2   0.908 106.4  46.9 -65.3 -44.6   31.1   28.1    8.0               
   55   55 A E  H  > S+     0   0   71     -3,-0.3     4,-1.8     2,-0.2    -2,-0.2   0.911 114.1  47.7 -67.5 -42.1   29.4   29.1    4.7               
   56   56 A I  H  X S+     0   0    2     -4,-2.1     4,-2.1     2,-0.2     5,-0.2   0.961 112.9  50.0 -59.4 -50.7   26.0   28.0    6.0               
   57   57 A G  H  X S+     0   0   14     -4,-2.7     4,-1.8     1,-0.2    -2,-0.2   0.920 109.9  49.3 -56.4 -48.2   26.6   30.0    9.2               
   58   58 A S  H  < S+     0   0   95     -4,-2.7     4,-0.4     1,-0.2    -1,-0.2   0.853 111.0  51.0 -60.8 -35.5   27.6   33.2    7.3               
   59   59 A C  H >< S+     0   0   13     -4,-1.8     3,-0.7     1,-0.2    -1,-0.2   0.909 113.9  42.4 -70.3 -40.3   24.5   32.9    5.2               
   60   60 A F  H >X S+     0   0    0     -4,-2.1     3,-2.4     1,-0.2     4,-0.6   0.688  91.3  86.2 -81.0 -16.9   22.1   32.6    8.2               
   61   61 A G  T 3< S+     0   0   40     -4,-1.8     3,-0.4     1,-0.3    -1,-0.2   0.738  76.9  70.2 -55.7 -23.1   24.0   35.3   10.2               
   62   62 A R  T <4 S+     0   0  173     -3,-0.7    -1,-0.3    -4,-0.4    -2,-0.1   0.653 100.7  45.8 -65.7 -20.1   21.7   37.9    8.4               
   63   63 A Y  T <4 S-     0   0   67     -3,-2.4     2,-0.2     1,-0.4    -1,-0.2   0.603 129.6 -52.0 -99.1 -18.0   18.7   36.6   10.4               
   64   64 A G  S  < S-     0   0   13     -4,-0.6     2,-0.4    -3,-0.4    -1,-0.4  -0.899  78.0 -43.7 162.6 173.5   20.4   36.4   13.9               
   65   65 A S        -     0   0   69     -2,-0.2    23,-3.0    -3,-0.1    24,-0.6  -0.518  58.6-132.4 -66.0 117.6   23.4   35.2   15.9               
   66   66 A V  E     -C   87   0A  46     -2,-0.4    21,-0.3    21,-0.2     3,-0.1  -0.601  23.7-176.5 -75.4 125.6   24.1   31.6   14.9               
   67   67 A K  E     -     0   0A 152     19,-2.7     2,-0.3    -2,-0.4    20,-0.2   0.853  67.3  -6.1 -85.2 -48.7   24.6   29.2   17.9               
   68   68 A E  E     -C   86   0A  92     18,-1.4    18,-3.1     2,-0.0     2,-0.4  -0.961  50.7-157.5-154.8 135.0   25.4   26.0   16.1               
   69   69 A V  E     -C   85   0A  27     -2,-0.3     2,-0.4    16,-0.2    16,-0.2  -0.977  19.5-174.5-110.6 129.3   25.5   24.7   12.5               
   70   70 A K  E     -C   84   0A 108     14,-2.7    14,-2.2    -2,-0.4     2,-0.4  -0.903  10.7-163.7-132.5 105.6   25.2   20.9   12.3               
   71   71 A I  E     -C   83   0A  27     -2,-0.4     2,-0.7    12,-0.3    12,-0.3  -0.690  24.3-128.9 -83.2 131.5   25.6   18.9    9.0               
   72   72 A I  E     -     0   0A  34     10,-2.7     8,-3.1    -2,-0.4    10,-0.5  -0.756  31.7-177.5 -87.6 117.9   24.2   15.4    9.2               
   73   73 A T  E     -C   79   0A  72     -2,-0.7     6,-0.3     6,-0.3     2,-0.1  -0.602  24.0-116.0-105.6 159.8   26.7   12.8    7.9               
   74   74 A N    >   -     0   0   81      4,-2.6     3,-2.3    -2,-0.2    -1,-0.1  -0.433  45.7 -88.1 -80.1 173.5   26.4    9.0    7.6               
   75   75 A R  T 3  S+     0   0  248      1,-0.3    -1,-0.0    -2,-0.1    -2,-0.0   0.703 130.3  57.0 -55.5 -23.0   28.6    6.5    9.6               
   76   76 A T  T 3  S-     0   0  111      2,-0.2    -1,-0.3     3,-0.0     3,-0.1   0.219 120.9-107.0 -91.1   5.3   31.2    6.8    6.7               
   77   77 A G  S <  S+     0   0   52     -3,-2.3     2,-0.3     1,-0.3    -2,-0.1   0.256  75.3 138.9  82.4  -8.2   31.5   10.7    7.1               
   78   78 A V        -     0   0   95     -5,-0.1    -4,-2.6     1,-0.1    -1,-0.3  -0.504  59.1-112.5 -71.5 128.3   29.5   11.3    3.8               
   79   79 A S  E     - C   0  73A  40     -2,-0.3    -6,-0.3    -6,-0.3    -1,-0.1  -0.325  10.7-146.6 -57.6 134.2   27.0   14.2    4.1               
   80   80 A K  E     -     0   0A 111     -8,-3.1   -34,-0.1     2,-0.3    -1,-0.1   0.347  47.8-108.6 -79.4   2.9   23.3   13.2    3.9               
   81   81 A G  E    S+     0   0A  20     -9,-0.2   -35,-1.7     1,-0.2   -34,-1.7   0.663  90.0  83.6  75.1  18.2   22.7   16.5    2.1               
   82   82 A Y  E     +B   45   0A  73    -10,-0.5   -10,-2.7   -37,-0.2    -2,-0.3  -0.990  46.2 161.0-147.7 159.0   20.9   18.1    5.1               
   83   83 A G  E     -BC  44  71A   2    -39,-2.7   -39,-2.8    -2,-0.3     2,-0.4  -0.866  30.4-107.4-158.6-176.7   21.6   19.9    8.4               
   84   84 A F  E     -BC  43  70A  53    -14,-2.2   -14,-2.7    -2,-0.2     2,-0.5  -0.994  14.3-158.0-132.2 137.0   20.3   22.1   11.2               
   85   85 A V  E     -BC  42  69A   1    -43,-2.5   -43,-2.9    -2,-0.4     2,-0.4  -0.981  13.1-164.9-117.5 118.3   21.1   25.8   12.1               
   86   86 A S  E     -BC  41  68A  21    -18,-3.1   -19,-2.7    -2,-0.5   -18,-1.4  -0.852   6.2-149.3-103.8 141.0   20.4   26.9   15.7               
   87   87 A F  E     - C   0  66A   8    -47,-2.8   -21,-0.2    -2,-0.4     4,-0.1  -0.770  17.2-149.2-110.3 149.9   20.2   30.6   16.7               
   88   88 A V  S    S+     0   0   95    -23,-3.0     2,-0.2    -2,-0.3   -22,-0.1   0.823  86.7  61.3 -76.2 -37.0   21.1   32.3   20.0               
   89   89 A N  S    S-     0   0   73    -24,-0.6     2,-0.5     1,-0.1    -2,-0.1  -0.541 102.3 -94.7 -90.4 153.7   18.3   34.9   19.5               
   90   90 A D        -     0   0  148     -2,-0.2     2,-0.4     2,-0.0    -1,-0.1  -0.582  54.6-170.9 -63.8 117.6   14.5   34.3   19.1               
   91   91 A V        -     0   0   17     -2,-0.5     2,-1.6    -4,-0.1   -51,-0.3  -0.947  32.7-116.4-120.5 140.4   14.1   34.1   15.4               
   92   92 A D     >  -     0   0  103     -2,-0.4     4,-1.9     1,-0.2     3,-0.3  -0.558  30.9-173.1 -74.5  89.1   11.0   34.0   13.2               
   93   93 A V  H  > S+     0   0   27     -2,-1.6     4,-2.8     1,-0.2    -1,-0.2   0.852  82.2  58.2 -55.7 -35.8   11.6   30.5   11.8               
   94   94 A Q  H  > S+     0   0  137      1,-0.2     4,-2.0     2,-0.2    -1,-0.2   0.930 106.5  47.9 -61.8 -43.5    8.6   31.0    9.4               
   95   95 A K  H  4 S+     0   0  148     -3,-0.3     4,-0.4     2,-0.2    -2,-0.2   0.872 113.8  47.0 -64.9 -38.8   10.3   34.1    7.9               
   96   96 A I  H >< S+     0   0    3     -4,-1.9     3,-1.4     2,-0.2    -2,-0.2   0.932 110.8  51.6 -68.6 -44.3   13.6   32.2    7.4               
   97   97 A V  H 3< S+     0   0   30     -4,-2.8    13,-0.3     1,-0.3    -2,-0.2   0.847 105.9  55.6 -63.8 -34.1   11.8   29.2    5.9               
   98   98 A G  T 3< S+     0   0   59     -4,-2.0     2,-0.3    -5,-0.2    -1,-0.3   0.606  90.0 100.2 -70.5 -12.6   10.0   31.5    3.4               
   99   99 A S  S <  S-     0   0   31     -3,-1.4     2,-0.9    -4,-0.4    11,-0.2  -0.550  71.2-137.1 -78.7 137.3   13.5   32.8    2.2               
  100  100 A Q        -     0   0  112     -2,-0.3     2,-0.5     9,-0.1     9,-0.1  -0.791  23.2-173.6 -95.5 100.4   15.0   31.5   -1.0               
  101  101 A I        -     0   0    9     -2,-0.9     7,-2.7     7,-0.3     2,-0.5  -0.839   4.5-163.1 -94.9 124.6   18.7   30.8   -0.3               
  102  102 A H  E     +D  107   0B 110     -2,-0.5     2,-0.4     5,-0.2     5,-0.2  -0.936  10.2 177.7-108.3 129.2   20.8   29.8   -3.4               
  103  103 A F  E >  S-D  106   0B  44      3,-2.8     3,-2.4    -2,-0.5   -52,-0.1  -0.999  72.3 -14.8-132.4 127.2   24.2   28.2   -3.0               
  104  104 A H  T 3  S-     0   0  115     -2,-0.4     3,-0.1     1,-0.3    -1,-0.1   0.836 127.1 -55.6  50.4  38.9   26.3   27.0   -6.1               
  105  105 A G  T 3  S+     0   0   79      1,-0.2     2,-0.4     0, 0.0    -1,-0.3   0.406 117.3 111.9  75.0  -0.6   23.2   27.3   -8.3               
  106  106 A K  E <   -D  103   0B 114     -3,-2.4    -3,-2.8   -60,-0.1     2,-0.5  -0.863  67.0-129.7-102.3 135.2   21.1   24.9   -6.0               
  107  107 A K  E     -D  102   0B  91     -2,-0.4    -5,-0.2    -5,-0.2     2,-0.2  -0.727  24.5-127.7 -79.1 124.5   18.2   26.2   -4.0               
  108  108 A L        -     0   0    6     -7,-2.7     2,-0.9    -2,-0.5    -7,-0.3  -0.465  15.4-128.4 -69.7 141.3   18.4   25.2   -0.3               
  109  109 A K  E     -A   45   0A 122    -64,-2.9   -64,-2.8    -2,-0.2     2,-0.3  -0.842  30.4-166.7 -93.9 101.4   15.3   23.4    1.1               
  110  110 A L  E     +A   44   0A   8     -2,-0.9   -66,-0.2   -13,-0.3   -13,-0.0  -0.673  17.5 149.6 -91.3 144.9   14.4   25.3    4.3               
  111  111 A G  E     -A   43   0A   6    -68,-1.8   -68,-3.0    -2,-0.3     2,-0.1  -0.976  51.5 -75.6-158.5 167.0   11.9   24.0    6.9               
  112  112 A P  E     -A   42   0A  30      0, 0.0     2,-0.5     0, 0.0   -70,-0.2  -0.462  55.3-110.7 -61.0 137.8   11.1   24.1   10.7               
  113  113 A A  E     -     0   0A   1    -72,-1.8   -75,-2.9   -75,-0.4     2,-0.5  -0.635  37.1-166.5 -74.3 125.4   13.5   21.8   12.6               
  114  114 A I  E     -A   37   0A  25     -2,-0.5     2,-0.9   -77,-0.2   -77,-0.2  -0.949  13.0-148.6-119.8 118.6   11.6   18.8   14.0               
  115  115 A R  E     -A   36   0A 191    -79,-2.8   -79,-1.6    -2,-0.5     2,-0.4  -0.762  17.4-141.6 -84.0 108.6   13.1   16.5   16.6               
  116  116 A K        -     0   0  158     -2,-0.9     2,-0.7   -81,-0.2   -81,-0.2  -0.586  18.4-127.5 -65.2 120.7   11.8   12.9   16.0               
  117  117 A Q        -     0   0  176     -2,-0.4     2,-0.9   -83,-0.3    -1,-0.1  -0.655  14.8-147.7 -69.9 112.1   11.1   11.3   19.4               
  118  118 A K        -     0   0  188     -2,-0.7     2,-0.5     3,-0.0    -1,-0.0  -0.812  16.1-134.0 -70.4 108.1   12.8    8.0   19.5               
  119  119 A L        -     0   0  170     -2,-0.9     2,-0.3     1,-0.1    -2,-0.0  -0.623  48.0-102.5 -54.6 111.6   10.5    5.9   21.7               
  120  120 A C        -     0   0  101     -2,-0.5     2,-1.6     1,-0.1    -1,-0.1  -0.379  18.1-142.2 -60.5 121.2   13.5    4.7   23.7               
  121  121 A A        -     0   0  104     -2,-0.3     2,-1.2     2,-0.0    -1,-0.1  -0.694  28.4-161.3 -58.4  87.3   15.0    1.3   23.2               
  122  122 A R        -     0   0  222     -2,-1.6     2,-0.4     2,-0.0    -1,-0.0  -0.824  10.5-142.3 -79.2  98.4   15.6    1.0   27.0               
  123  123 A H        +     0   0  183     -2,-1.2     2,-0.4     2,-0.0    -2,-0.0  -0.529  25.6 178.8 -46.8 112.6   18.2   -1.7   27.1               
  124  124 A V        -     0   0  127     -2,-0.4    -2,-0.0     0, 0.0     0, 0.0  -0.971  21.8-137.4-128.2 114.1   17.3   -3.7   30.2               
  125  125 A Q        -     0   0  164     -2,-0.4     2,-0.4     1,-0.1    -2,-0.0  -0.386  27.7-102.1 -62.8 148.7   19.5   -6.8   30.8               
  126  126 A P        +     0   0  130      0, 0.0    -1,-0.1     0, 0.0     0, 0.0  -0.609  42.4 174.6 -76.7 125.8   17.8  -10.1   32.0               
  127  127 A R        -     0   0  242     -2,-0.4     0, 0.0     0, 0.0     0, 0.0  -0.982  37.1 -94.1-126.0 145.5   18.1  -10.9   35.7               
  128  128 A P        -     0   0  125      0, 0.0     2,-0.1     0, 0.0     0, 0.0  -0.157  43.3 -89.3 -73.2 154.4   16.3  -13.9   37.2               
  129  129 A L        +     0   0  169      2,-0.0     2,-0.3     0, 0.0     0, 0.0  -0.254  40.8 159.3 -57.0 130.0   12.8  -14.1   38.9               
  130  130 A V        -     0   0  148     -2,-0.1     2,-0.2     2,-0.0     0, 0.0  -0.874  32.9-140.0-143.8 129.8   11.8  -13.6   42.5               
  131  131 A V        +     0   0  109     -2,-0.3    -2,-0.0     2,-0.0     0, 0.0  -0.514  41.2 123.5 -83.7 141.4    8.1  -12.8   43.2               
  132  132 A N        -     0   0  156     -2,-0.2    -2,-0.0     2,-0.0     0, 0.0  -0.122  26.4-166.2-178.9 121.1    6.0  -10.5   45.4               
  133  133 A P        -     0   0  118      0, 0.0    -2,-0.0     0, 0.0     0, 0.0  -0.752  16.1-135.5 -95.5 146.2    3.4   -7.8   44.4               
  134  134 A P        -     0   0  119      0, 0.0    -2,-0.0     0, 0.0     0, 0.0  -0.540  34.9 -91.4 -91.3 164.8    1.9   -5.1   46.8               
  135  135 A P        -     0   0  117      0, 0.0     0, 0.0     0, 0.0     0, 0.0  -0.329  33.9-111.9 -84.9 157.6   -1.9   -4.2   46.8               
  136  136 A P        -     0   0  121      0, 0.0     2,-0.2     0, 0.0     0, 0.0  -0.619  29.0-122.2 -87.1 144.9   -3.8   -1.6   44.7               
  137  137 A P        -     0   0  116      0, 0.0     2,-0.2     0, 0.0     0, 0.0  -0.570  22.6-126.4 -87.7 150.2   -5.5    1.6   46.4               
  138  138 A Q        -     0   0  190     -2,-0.2     2,-0.3     2,-0.0     0, 0.0  -0.630  16.5-162.6 -93.9 147.9   -9.2    2.5   46.2               
  139  139 A F        -     0   0  204     -2,-0.2     2,-0.3     2,-0.0     0, 0.0  -1.000   5.6-153.4-135.1 140.1  -10.9    5.7   45.0               
  140  140 A Q        -     0   0  197     -2,-0.3     2,-0.1     2,-0.0    -2,-0.0  -0.893  16.1-128.1-118.1 136.6  -14.6    6.9   45.7               
  141  141 A N        +     0   0  142     -2,-0.3     2,-0.2     0, 0.0    -1,-0.0  -0.430  21.2 177.9 -75.8 153.1  -16.7    9.3   43.5               
  142  142 A V        -     0   0  152     -2,-0.1     2,-0.1     2,-0.0    -2,-0.0  -0.858  17.6-162.2-152.9 139.6  -18.8   12.5   43.9               
  143  143 A W        +     0   0  231     -2,-0.2     0, 0.0     0, 0.0     0, 0.0  -0.339  14.9 147.3 -91.8 172.5  -20.7   14.5   41.1               
  144  144 A R        -     0   0  226     -2,-0.1    -2,-0.0     0, 0.0     0, 0.0   0.478  25.6 -16.3 110.7 140.5  -22.4   17.9   40.0               
  145  145 A N        -     0   0  130      0, 0.0     0, 0.0     0, 0.0     0, 0.0   0.888  26.6-145.2-165.8-169.7  -23.3   20.2   37.7               
  146  146 A P        +     0   0   87      0, 0.0     2,-0.0     0, 0.0     0, 0.0   0.061  12.4 160.1-117.9 176.2  -23.3   22.3   34.5               
  147  147 A N        +     0   0  145      0, 0.0     0, 0.0     0, 0.0     0, 0.0   0.071  40.3  11.4 162.8 136.9  -23.6   25.1   31.9               
  148  148 A T        -     0   0  121     -2,-0.0     0, 0.0     2,-0.0     0, 0.0   1.000  56.8 -82.3  77.6  96.0  -22.8   26.4   28.3               
  149  149 A E        +     0   0  189      1,-0.1     2,-0.3     3,-0.0     0, 0.0   0.554  32.3 161.9  44.9  98.6  -21.5   25.6   24.9               
  150  150 A T        -     0   0  107      2,-0.1     2,-1.6     0, 0.0    -1,-0.1  -0.916  34.6-137.8-145.3 126.6  -18.1   25.2   23.3               
  151  151 A Y        +     0   0  247     -2,-0.3     2,-0.4     0, 0.0    -2,-0.0  -0.650  49.2 167.1 -70.3  87.0  -17.3   23.4   20.0               
  152  152 A L        -     0   0  132     -2,-1.6     3,-0.1     3,-0.0    -2,-0.1  -0.954  43.3-109.1-112.8 131.8  -14.1   21.8   21.5               
  153  153 A Q        -     0   0  169     -2,-0.4     2,-1.3     1,-0.2    -1,-0.0  -0.170  58.1 -84.2 -30.3 136.6  -12.0   19.0   20.2               
  154  154 A P        -     0   0  113      0, 0.0     2,-1.4     0, 0.0    -1,-0.2  -0.464  43.0-162.3 -66.1  95.7  -12.5   15.9   22.4               
  155  155 A Q        -     0   0  171     -2,-1.3     2,-1.4    -3,-0.1    -3,-0.0  -0.738   9.9-157.7 -67.4  93.8  -10.1   16.5   25.3               
  156  156 A I        -     0   0  139     -2,-1.4    -1,-0.0     2,-0.0    -3,-0.0  -0.739   6.7-167.2 -76.9  90.0  -10.1   12.9   26.5               
  157  157 A T        -     0   0  110     -2,-1.4     2,-1.2     1,-0.0    -2,-0.0  -0.744  32.5-114.4 -65.4 127.1   -9.0   13.4   30.1               
  158  158 A P        -     0   0  122      0, 0.0    -1,-0.0     0, 0.0    -2,-0.0  -0.617  39.1-176.5 -75.0  98.8   -8.1    9.8   31.1               
  159  159 A N        -     0   0  150     -2,-1.2     2,-1.1     2,-0.1    -3,-0.0  -0.867  31.5-113.7 -94.0 135.3  -10.8    9.0   33.8               
  160  160 A P        +     0   0  109      0, 0.0     2,-0.1     0, 0.0    -1,-0.0  -0.578  57.2 141.0 -87.6  97.5  -10.1    5.5   35.3               
  161  161 A V        +     0   0  122     -2,-1.1     2,-1.7     2,-0.1    -2,-0.1  -0.591  14.4 163.6-123.1  70.5  -12.7    2.8   34.6               
  162  162 A T        -     0   0  118     -2,-0.1     2,-1.1     2,-0.0     0, 0.0  -0.706  16.6-173.7 -71.3  78.9  -10.4   -0.1   34.0               
  163  163 A Q        -     0   0  166     -2,-1.7     2,-0.6     2,-0.0    -2,-0.1  -0.820  24.7-133.0 -71.8 106.6  -13.2   -2.6   34.4               
  164  164 A H        -     0   0  146     -2,-1.1     2,-1.2     1,-0.1    -2,-0.0  -0.568  15.0-132.5 -48.3 107.3  -11.3   -5.8   34.3               
  165  165 A V        -     0   0   88     -2,-0.6     2,-0.9     1,-0.0    -1,-0.1  -0.717  23.7-138.8 -65.5  98.5  -13.4   -7.8   31.9               
  166  166 A Q        -     0   0  171     -2,-1.2     2,-0.4     1,-0.1    -1,-0.0  -0.642  16.9-130.9 -64.6 103.0  -13.4  -10.9   34.1               
  167  167 A A        -     0   0   67     -2,-0.9     2,-0.5     1,-0.0    -1,-0.1  -0.520  11.0-131.6 -56.4 114.5  -12.9  -13.6   31.6               
  168  168 A Y        -     0   0  225     -2,-0.4     2,-0.9     1,-0.1    -1,-0.0  -0.686  37.3-106.4 -58.7 120.8  -15.4  -16.3   32.2               
  169  169 A S        -     0   0  116     -2,-0.5     2,-0.3     1,-0.0    -1,-0.1  -0.475  37.5-145.5 -54.4  95.0  -13.1  -19.3   32.1               
  170  170 A A        -     0   0   44     -2,-0.9     6,-0.1     1,-0.1    -1,-0.0  -0.564  26.7-102.9 -63.7 129.1  -14.2  -20.7   28.7               
  171  171 A Y    >   -     0   0  195     -2,-0.3     3,-2.6     1,-0.1     2,-0.3  -0.218  44.3 -90.5 -49.3 152.8  -14.0  -24.5   28.8               
  172  172 A P  T 3  S+     0   0   79      0, 0.0    -1,-0.1     0, 0.0    -2,-0.0   0.347 127.1  39.0 -59.6   8.5  -10.9  -26.0   27.0               
  173  173 A H  T 3  S+     0   0  187     -2,-0.3    -2,-0.1     2,-0.1    -3,-0.0   0.178  88.3 110.1-138.2  12.2  -12.9  -26.2   23.7               
  174  174 A S  S <  S-     0   0   37     -3,-2.6    21,-0.1    24,-0.1    -4,-0.1  -0.806  71.4-110.8 -96.5 135.5  -15.1  -23.0   23.6               
  175  175 A P        -     0   0   63      0, 0.0     2,-1.2     0, 0.0    25,-0.2  -0.325  33.0-110.3 -59.5 137.8  -14.4  -20.1   21.1               
  176  176 A G  E     +e  200   0C  28     23,-1.2    25,-2.6    19,-0.1     2,-0.6  -0.616  45.9 179.4 -69.7  97.4  -13.0  -16.9   22.7               
  177  177 A Q  E     -e  201   0C 111     -2,-1.2     2,-0.7    23,-0.2    25,-0.2  -0.936  13.8-174.0-105.1 118.5  -16.0  -14.6   22.2               
  178  178 A V  E     +e  202   0C  24     23,-2.9    25,-3.0    -2,-0.6     2,-0.5  -0.923  11.1 172.2-108.1 102.8  -15.7  -11.0   23.5               
  179  179 A I  E     +e  203   0C 130     -2,-0.7     2,-0.4    23,-0.2    25,-0.2  -0.964   8.9 169.7-108.2 123.2  -19.1   -9.3   23.1               
  180  180 A T  E     -e  204   0C  35     23,-2.4    25,-1.1    -2,-0.5    26,-0.3  -0.998  38.7-158.0-139.1 141.6  -19.4   -5.9   24.8               
  181  181 A G  S    S+     0   0   56     -2,-0.4     2,-0.3    23,-0.2    23,-0.1   0.071  79.6  72.1 -91.2  17.4  -21.8   -2.9   24.8               
  182  182 A C  S    S-     0   0   84     24,-0.1     2,-0.5    25,-0.0    24,-0.4  -0.865  96.3 -80.6-130.3 165.2  -19.0   -0.5   25.9               
  183  183 A Q        -     0   0   83     -2,-0.3     2,-0.7    22,-0.1    25,-0.1  -0.546  41.5-152.9 -65.2 115.7  -15.9    1.1   24.5               
  184  184 A L        -     0   0   26     23,-0.8     2,-0.8    -2,-0.5    -1,-0.0  -0.856   5.8-164.5 -91.1 112.4  -13.0   -1.4   24.5               
  185  185 A L        -     0   0   83     -2,-0.7     2,-1.8    23,-0.2    25,-0.1  -0.883   9.3-153.6 -92.0 106.8   -9.6    0.4   24.8               
  186  186 A V  B     +p  210   0D  26     23,-1.4    25,-1.0    -2,-0.8     2,-0.7  -0.614  30.1 160.7 -81.8  78.7   -7.1   -2.3   23.8               
  187  187 A Y        -     0   0  133     -2,-1.8    25,-0.1     1,-0.3    -2,-0.1  -0.889  69.1 -24.4 -99.0  99.7   -4.1   -0.9   25.8               
  188  188 A N  S    S-     0   0  123     -2,-0.7     2,-0.6    23,-0.4    -1,-0.3   0.933  73.9-118.3  59.8 105.9   -1.7   -3.9   26.1               
  189  189 A Y        -     0   0   46     -3,-0.2     2,-0.4    25,-0.1    -1,-0.1  -0.598  15.5-151.6 -62.2 113.1   -3.2   -7.4   25.9               
  190  190 A Q        -     0   0  155     -2,-0.6     2,-0.0     1,-0.1    -2,-0.0  -0.783  58.7 -74.0 -65.6 133.0   -2.6   -9.3   29.1               
  191  191 A E        -     0   0  188     -2,-0.4    -1,-0.1     1,-0.1    -2,-0.0  -0.124  47.6-157.4 -38.8 104.1   -2.6  -12.8   27.6               
  192  192 A Y        -     0   0   73      1,-0.0     2,-1.7   -16,-0.0    -1,-0.1  -0.836  30.3-118.4 -74.7 125.3   -6.1  -13.8   26.6               
  193  193 A P        +     0   0   96      0, 0.0     2,-0.4     0, 0.0    -1,-0.0  -0.560  40.7 179.0 -69.0  87.8   -5.8  -17.7   26.6               
  194  194 A T        -     0   0   11     -2,-1.7     6,-0.1    23,-0.1    24,-0.0  -0.749  20.4-139.7 -75.6 139.4   -6.6  -18.3   23.0               
  195  195 A Y    >   -     0   0   95     -2,-0.4     3,-1.9   -21,-0.1    24,-0.3  -0.806  26.7 -90.6 -96.2 149.7   -6.3  -22.1   22.4               
  196  196 A P  T 3  S+     0   0   78      0, 0.0    25,-0.1     0, 0.0     3,-0.1  -0.285 115.7  15.0 -47.0 140.3   -4.8  -23.7   19.2               
  197  197 A D  T 3  S+     0   0  104     23,-1.0     2,-0.4     1,-0.2    24,-0.1   0.544  98.7 129.7  61.4  12.3   -7.6  -24.2   16.6               
  198  198 A S    <   -     0   0   16     -3,-1.9    21,-0.3    24,-0.1     2,-0.3  -0.776  59.2-122.7 -93.7 138.3  -10.1  -21.8   18.5               
  199  199 A A        -     0   0   32     -2,-0.4   -23,-1.2    23,-0.2     2,-0.5  -0.606  19.6-148.2 -73.8 138.8  -11.9  -19.0   16.8               
  200  200 A F  E     +ef 176 224C   7     23,-2.8    25,-2.7    -2,-0.3     2,-0.4  -0.949  20.3 177.2-109.6 120.8  -11.3  -15.5   18.2               
  201  201 A Q  E     -ef 177 225C  55    -25,-2.6   -23,-2.9    -2,-0.5     2,-0.5  -0.987  11.8-175.7-128.7 127.6  -14.3  -13.1   17.9               
  202  202 A V  E     +ef 178 226C   8     23,-2.6    25,-3.1    -2,-0.4     2,-0.4  -0.985   8.2 177.3-118.2 123.4  -14.5   -9.5   19.2               
  203  203 A T  E     +ef 179 227C  56    -25,-3.0   -23,-2.4    -2,-0.5     2,-0.3  -0.989   6.5 162.1-126.6 123.2  -17.8   -7.6   18.8               
  204  204 A T  E     -ef 180 228C   4     23,-2.7    25,-2.5    -2,-0.4   -23,-0.2  -0.994  36.6-147.7-133.7 145.5  -18.4   -4.1   20.1               
  205  205 A G  S    S+     0   0   49    -25,-1.1   -24,-0.1    -2,-0.3    23,-0.1   0.553  86.7  50.7 -77.3  -9.7  -21.1   -1.5   19.3               
  206  206 A Y  S    S-     0   0  125    -24,-0.4    24,-1.4   -26,-0.3     2,-0.3  -0.163 105.3 -51.5-113.1-165.2  -18.5    1.3   20.0               
  207  207 A Q        -     0   0   53     23,-0.2   -23,-0.8    22,-0.2    25,-0.2  -0.624  38.6-165.0 -73.1 142.2  -15.0    2.3   19.0               
  208  208 A L        -     0   0    4     23,-2.8     2,-0.3    -2,-0.3   -23,-0.2  -0.790  11.9-166.4-125.1  76.8  -12.2   -0.4   19.3               
  209  209 A P        -     0   0    0      0, 0.0   -23,-1.4     0, 0.0     2,-0.5  -0.566   4.5-155.5 -69.5 134.6   -8.9    1.6   19.1               
  210  210 A V  E     -pq 186 234D   4     23,-3.0    25,-2.7    -2,-0.3     2,-0.4  -0.955  16.2-178.8-112.7 119.9   -5.8   -0.7   18.6               
  211  211 A Y  E     - q   0 235D  76    -25,-1.0   -23,-0.4    -2,-0.5    25,-0.2  -0.966  29.4  -8.3-121.1 140.1   -2.4    0.8   19.8               
  212  212 A N  S    S-     0   0   86     23,-1.4     2,-2.2    -2,-0.4    26,-0.1   0.416  84.4 -33.5  69.2 166.3    1.2   -0.5   19.7               
  213  213 A Y  S    S+     0   0  127     24,-0.1    -1,-0.1    23,-0.1    24,-0.1  -0.178  83.6 102.3 -62.7  41.2    3.7   -3.4   19.1               
  214  214 A Q        -     0   0  110     -2,-2.2   -25,-0.1    -3,-0.1   -26,-0.1  -0.945  60.4-134.5-131.0 120.7    2.0   -6.8   20.0               
  215  215 A P        -     0   0   72      0, 0.0    25,-0.1     0, 0.0    -2,-0.0  -0.368  35.8-104.9 -56.3 136.6    0.4   -9.3   17.6               
  216  216 A F        -     0   0   16     23,-0.3     2,-1.9     1,-0.1     0, 0.0  -0.500  40.9-110.5 -53.1 129.5   -3.0  -10.6   18.6               
  217  217 A P        +     0   0   42      0, 0.0     2,-0.3     0, 0.0    -1,-0.1  -0.528  58.9 157.1 -69.7  85.5   -2.3  -14.2   20.0               
  218  218 A A        -     0   0    6     -2,-1.9   -19,-0.1    23,-0.2     6,-0.0  -0.757  31.8-140.3 -91.4 156.7   -4.0  -16.1   17.2               
  219  219 A Y    >   -     0   0   90    -21,-0.3     3,-1.9    -2,-0.3    24,-0.3  -0.783  35.5 -80.0-104.9 160.7   -2.9  -19.7   16.6               
  220  220 A P  T 3  S+     0   0   62      0, 0.0   -23,-1.0     0, 0.0    25,-0.2  -0.400 122.8  20.4 -48.0 140.7   -2.4  -21.5   13.2               
  221  221 A R  T 3  S+     0   0  163     23,-1.9    25,-0.1     1,-0.2    24,-0.1   0.553  93.8 128.5  63.0  15.9   -5.9  -22.5   12.0               
  222  222 A S    <   -     0   0    2     -3,-1.9    21,-0.2    22,-0.2    -1,-0.2  -0.880  54.7-139.4 -98.4 109.3   -7.7  -20.0   14.3               
  223  223 A P        -     0   0   48      0, 0.0   -23,-2.8     0, 0.0     2,-0.5  -0.422  16.2-152.0 -61.4 140.2  -10.2  -17.7   12.5               
  224  224 A F  E     +fg 200 248C   8     23,-3.0    25,-2.7   -25,-0.2     2,-0.4  -0.972  17.0 175.9-120.8 123.6  -10.1  -14.1   13.6               
  225  225 A Q  E     -fg 201 249C  60    -25,-2.7   -23,-2.6    -2,-0.5     2,-0.4  -0.992   8.1-176.5-131.3 131.9  -13.1  -11.7   13.5               
  226  226 A V  E     -fg 202 250C   4     23,-2.5    25,-3.0    -2,-0.4     2,-0.5  -0.987   1.8-178.0-126.3 123.8  -13.5   -8.2   14.7               
  227  227 A T  E     +fg 203 251C  58    -25,-3.1   -23,-2.7    -2,-0.4     2,-0.4  -0.984   2.8 179.4-120.6 119.9  -16.8   -6.3   14.5               
  228  228 A A  E     -fg 204 252C   1     23,-2.8    25,-2.3    -2,-0.5    26,-0.3  -0.982  22.3-152.3-121.3 124.5  -16.9   -2.6   15.7               
  229  229 A G  S    S+     0   0   41    -25,-2.5   -23,-0.2    -2,-0.4   -24,-0.2   0.764  90.7   9.9 -67.1 -22.6  -20.2   -0.6   15.4               
  230  230 A Y  S    S-     0   0  108    -24,-1.4    24,-2.1     1,-0.2    25,-0.8   0.576 121.6 -11.5-119.0 -91.6  -18.3    2.7   15.1               
  231  231 A Q  B     -r  255   0D  36     23,-0.2   -23,-2.8    22,-0.1    -1,-0.2  -0.931  32.0-168.7-125.4 145.8  -14.5    2.9   14.6               
  232  232 A L        -     0   0    3     23,-2.2     2,-0.4    -2,-0.3   -25,-0.1  -0.695  22.6-173.2-122.1  70.7  -11.5    0.5   14.7               
  233  233 A P        -     0   0    5      0, 0.0   -23,-3.0     0, 0.0     2,-0.6  -0.587   7.0-158.7 -72.5 127.9   -8.5    3.0   14.5               
  234  234 A V  E     -qs 210 258D   0     23,-2.9    25,-2.9    -2,-0.4     2,-0.5  -0.936  10.9-171.8-109.8 116.5   -5.2    1.1   14.1               
  235  235 A Y  E     -qs 211 259D  70    -25,-2.7   -23,-1.4    -2,-0.6    25,-0.2  -0.937  59.2 -22.2-115.3 128.6   -2.1    3.0   15.2               
  236  236 A N  S    S+     0   0   65     23,-1.4     2,-0.4    -2,-0.5    -1,-0.2   0.850  82.0 168.2  52.8  43.6    1.6    2.1   14.8               
  237  237 A Y        -     0   0    8     22,-0.6    25,-1.3    -3,-0.1    -1,-0.2  -0.763  31.6-159.3 -98.4 135.1    1.0   -1.7   14.5               
  238  238 A Q        -     0   0   74     -2,-0.4     2,-0.2     1,-0.3    -1,-0.1   0.716  69.3 -22.9 -85.2 -28.5    3.7   -4.2   13.3               
  239  239 A A        -     0   0   11     24,-0.1    -1,-0.3   -25,-0.1   -23,-0.3  -0.661  38.6-134.5-175.8 133.9    1.4   -7.0   12.2               
  240  240 A F        -     0   0   11     -2,-0.2     2,-1.6   -25,-0.1    24,-0.1  -0.861  46.1-131.1 -72.6 117.6   -2.0   -8.6   12.6               
  241  241 A P        -     0   0   15      0, 0.0     2,-1.1     0, 0.0   -23,-0.2  -0.624  28.2-176.0 -78.3  91.4   -0.6  -12.2   12.9               
  242  242 A A        -     0   0    4     -2,-1.6    25,-0.2    28,-0.1     3,-0.1  -0.819  19.0-154.3 -78.0 100.9   -2.7  -14.1   10.4               
  243  243 A Y    >   -     0   0   58     -2,-1.1     3,-1.5   -24,-0.3    24,-0.1  -0.286  38.7 -64.7 -67.4 165.4   -1.2  -17.5   11.2               
  244  244 A P  T 3  S+     0   0   35      0, 0.0   -23,-1.9     0, 0.0    25,-0.2  -0.333 124.6   6.9 -57.9 136.2   -1.3  -20.2    8.4               
  245  245 A N  T 3  S+     0   0   81     23,-1.4    25,-0.2   -25,-0.2    24,-0.1   0.752  96.8 130.3  61.2  29.0   -4.9  -21.2    7.5               
  246  246 A S    <   -     0   0    3     -3,-1.5    -1,-0.2   -25,-0.1    24,-0.1  -0.877  49.6-147.6-114.7  94.6   -6.3  -18.4    9.8               
  247  247 A P        -     0   0   48      0, 0.0   -23,-3.0     0, 0.0     2,-0.5  -0.379  11.5-152.2 -59.9 139.8   -9.0  -16.3    8.0               
  248  248 A F  E     +gh 224 272C   4     23,-3.0    25,-2.8   -25,-0.2     2,-0.4  -0.968  15.7 178.3-121.2 123.5   -9.0  -12.7    9.1               
  249  249 A Q  E     -gh 225 273C  69    -25,-2.7   -23,-2.5    -2,-0.5     2,-0.4  -0.989   7.7-176.1-129.2 133.3  -12.2  -10.5    9.0               
  250  250 A V  E     -gh 226 274C   3     23,-2.4    25,-2.9    -2,-0.4     2,-0.4  -0.995   3.8-179.3-125.1 128.0  -12.7   -6.9   10.1               
  251  251 A A  E     +gh 227 275C  34    -25,-3.0   -23,-2.8    -2,-0.4     2,-0.4  -0.994   2.6 178.7-124.3 128.4  -16.1   -5.2   10.0               
  252  252 A T  E     -gh 228 276C   9     23,-2.5    25,-2.5    -2,-0.4   -23,-0.2  -0.987  26.8-149.3-126.2 143.0  -16.7   -1.5   11.0               
  253  253 A G  S    S+     0   0   46    -25,-2.3   -23,-0.2    -2,-0.4   -24,-0.1   0.744  93.4   1.4 -76.8 -23.0  -20.0    0.5   11.0               
  254  254 A Y  S    S+     0   0   80    -24,-2.1    24,-2.3   -26,-0.3    25,-1.2   0.507 121.0   1.2-127.9 -87.5  -18.1    3.8   10.4               
  255  255 A Q  B     -rt 231 279D  34    -25,-0.8   -23,-2.2    23,-0.2    -1,-0.2  -0.916  31.3-173.3-122.5 143.1  -14.3    4.1   10.0               
  256  256 A F        -     0   0    4     23,-2.5     2,-0.3    -2,-0.4   -25,-0.1  -0.680  25.4-177.0-119.0  68.6  -11.3    1.7    9.9               
  257  257 A P        -     0   0    4      0, 0.0   -23,-2.9     0, 0.0     2,-0.5  -0.596   7.3-161.8 -75.4 132.7   -8.4    4.2    9.8               
  258  258 A V  E     -su 234 282D   5     23,-2.8    25,-2.9    -2,-0.3     2,-0.4  -0.961   7.3-171.7-120.2 121.9   -4.9    2.6    9.6               
  259  259 A Y  E     -su 235 283D  69    -25,-2.9   -23,-1.4    -2,-0.5   -22,-0.6  -0.941  57.0 -15.6-118.3 131.5   -1.8    4.6   10.5               
  260  260 A N  S    S-     0   0   45     23,-1.8     2,-0.3    -2,-0.4    25,-0.2   0.880  73.1-179.7  53.3  54.9    2.0    3.7   10.1               
  261  261 A Y        -     0   0    5     22,-0.4    25,-2.2   -25,-0.1    26,-0.3  -0.710  12.3-158.8 -89.7 139.2    1.9   -0.1    9.4               
  262  262 A Q        -     0   0   72    -25,-1.3     2,-0.2    -2,-0.3    23,-0.0  -0.872  21.2-114.4-111.5 144.2    5.0   -2.2    8.9               
  263  263 A P        -     0   0   62      0, 0.0   -24,-0.1     0, 0.0    25,-0.1  -0.525  27.4-173.1 -77.1 149.7    5.1   -5.7    7.1               
  264  264 A F        -     0   0  143     -2,-0.2   -24,-0.1     1,-0.1   -25,-0.0  -0.902  41.5 -55.9-140.5 161.2    6.1   -9.0    8.9               
  265  265 A P        -     0   0   67      0, 0.0     2,-0.3     0, 0.0    -1,-0.1   0.218  57.9 -94.3 -68.3 162.6    6.6  -12.5    7.3               
  266  266 A A        -     0   0   35     24,-0.1   -23,-0.0     1,-0.0    24,-0.0  -0.480  27.2-173.8 -84.8 129.3    4.2  -14.5    5.2               
  267  267 A Y        -     0   0   80     -2,-0.3     3,-0.4   -25,-0.2    24,-0.2  -0.962  28.0-132.5-116.9 112.5    1.8  -17.2    6.3               
  268  268 A P  S    S+     0   0   56      0, 0.0   -23,-1.4     0, 0.0    25,-0.2  -0.198  76.2  23.7 -67.2 158.5    0.1  -19.0    3.3               
  269  269 A S  S    S+     0   0   46     23,-2.5    25,-0.2   -25,-0.2    24,-0.1   0.770  78.7 129.2  66.0  35.3   -3.7  -19.7    2.9               
  270  270 A S        -     0   0    1     -3,-0.4    21,-0.3    22,-0.3    -1,-0.1  -0.813  46.9-149.8-123.5  86.4   -5.1  -17.0    5.2               
  271  271 A P        -     0   0   45      0, 0.0   -23,-3.0     0, 0.0     2,-0.4  -0.257   8.7-153.1 -57.0 143.5   -7.8  -14.9    3.5               
  272  272 A F  E     +hi 248 296C  10     23,-2.8    25,-2.8   -25,-0.2     2,-0.4  -0.979  14.9 178.7-127.2 121.8   -8.1  -11.3    4.7               
  273  273 A Q  E     -hi 249 297C  65    -25,-2.8   -23,-2.4    -2,-0.4     2,-0.4  -0.978   6.7-174.5-128.0 136.0  -11.4   -9.3    4.5               
  274  274 A V  E     -hi 250 298C   1     23,-2.3    25,-2.8    -2,-0.4     2,-0.4  -0.993   1.8-178.6-129.8 127.9  -12.2   -5.7    5.5               
  275  275 A T  E     +hi 251 299C  77    -25,-2.9   -23,-2.5    -2,-0.4     2,-0.4  -0.994   3.6 179.7-122.6 125.5  -15.7   -4.1    5.5               
  276  276 A A  E     -hi 252 300C   1     23,-2.5    25,-2.2    -2,-0.4    26,-0.3  -0.989  23.7-148.9-126.2 126.2  -16.1   -0.4    6.5               
  277  277 A G  S    S+     0   0   44    -25,-2.5   -23,-0.2    -2,-0.4   -22,-0.1   0.795  92.8   1.8 -63.6 -27.2  -19.5    1.3    6.5               
  278  278 A Y  S    S-     0   0   76    -24,-2.3    24,-2.0     1,-0.2    25,-0.9   0.618 122.7  -0.6-122.7 -78.7  -18.0    4.7    5.7               
  279  279 A Q  B     -tv 255 303D  26    -25,-1.2   -23,-2.5    23,-0.2    -1,-0.2  -0.951  29.6-168.8-132.8 145.9  -14.1    5.0    5.3               
  280  280 A L        -     0   0    0     23,-2.2     2,-0.5    -2,-0.4   -25,-0.1  -0.770  24.6-176.1-117.7  75.3  -10.9    3.0    5.3               
  281  281 A P        -     0   0    6      0, 0.0   -23,-2.8     0, 0.0     2,-0.5  -0.696   6.0-163.7 -78.3 128.1   -8.2    5.7    5.2               
  282  282 A V  E     -uw 258 306D   1     23,-2.9    25,-2.9    -2,-0.5     2,-0.4  -0.956   7.6-170.2-116.9 117.8   -4.7    4.1    5.0               
  283  283 A Y  E     -uw 259 307D  71    -25,-2.9   -23,-1.8    -2,-0.5   -22,-0.4  -0.919  59.4 -16.4-115.8 134.2   -1.7    6.4    5.9               
  284  284 A N  S    S+     0   0   76     23,-1.2     2,-0.5    -2,-0.4    -1,-0.2   0.880  81.4 171.2  49.6  47.7    2.1    5.9    5.5               
  285  285 A Y        -     0   0    6     22,-0.8    25,-1.4   -25,-0.2    26,-0.3  -0.802  26.8-165.0-103.0 122.3    1.6    2.2    5.0               
  286  286 A Q        -     0   0   70    -25,-2.2    25,-1.8    -2,-0.5     2,-0.3   0.913  67.8 -18.3 -76.7 -42.1    4.7    0.1    3.9               
  287  287 A A        -     0   0    6    -26,-0.3    -1,-0.3    23,-0.2    25,-0.2  -0.901  52.9-127.0-168.2 137.1    2.9   -3.1    2.8               
  288  288 A F        -     0   0    4     23,-0.3     2,-1.7    -2,-0.3    -3,-0.0  -0.702  35.0-120.7 -81.4 133.6   -0.4   -5.1    3.1               
  289  289 A P        +     0   0    8      0, 0.0     2,-0.9     0, 0.0    25,-0.1  -0.594  45.2 163.1 -77.8  85.5    0.2   -8.7    4.2               
  290  290 A A  B     -i  314   0E   2     -2,-1.7    25,-1.9    23,-1.0     3,-0.1  -0.805  26.6-159.0-100.5  86.2   -1.4  -10.5    1.2               
  291  291 A Y    >   -     0   0    8     -2,-0.9     3,-1.4   -21,-0.3   -22,-0.1  -0.125  30.8 -73.6 -65.6 161.0    0.1  -13.9    1.9               
  292  292 A P  T 3  S+     0   0   31      0, 0.0   -23,-2.5     0, 0.0   -22,-0.3  -0.266 121.1   8.3 -55.3 142.7    0.6  -16.7   -0.8               
  293  293 A N  T 3  S+     0   0   76     23,-2.0    25,-0.2   -25,-0.2    24,-0.1   0.792 102.7 126.6  55.2  29.2   -2.8  -18.4   -1.7               
  294  294 A S    <   -     0   0    2     -3,-1.4    -1,-0.1    22,-0.2    24,-0.1  -0.881  53.9-143.6-125.3  98.0   -4.6  -15.7    0.5               
  295  295 A P        -     0   0   43      0, 0.0   -23,-2.8     0, 0.0     2,-0.5  -0.328  12.2-152.2 -55.6 138.6   -7.4  -13.6   -1.1               
  296  296 A F  E     +ij 272 320C   1     23,-2.8    25,-2.7   -25,-0.2     2,-0.4  -0.973  16.9 178.9-118.6 120.2   -7.5  -10.0   -0.0               
  297  297 A Q  E     -ij 273 321C  66    -25,-2.8   -23,-2.3    -2,-0.5     2,-0.4  -0.977   9.2-178.0-127.0 136.2  -10.9   -8.2   -0.1               
  298  298 A V  E     -ij 274 322C   4     23,-2.5    25,-3.0    -2,-0.4     2,-0.4  -0.997   1.2-180.0-130.1 130.3  -11.9   -4.6    0.9               
  299  299 A A  E     +ij 275 323C  36    -25,-2.8   -23,-2.5    -2,-0.4     2,-0.4  -0.997   5.0 176.9-125.9 128.5  -15.4   -3.1    0.9               
  300  300 A T  E     -ij 276 324C  10     23,-2.4    25,-1.9    -2,-0.4   -23,-0.2  -0.993  28.8-146.8-129.4 143.1  -16.2    0.5    1.9               
  301  301 A G  S    S-     0   0   46    -25,-2.2   -23,-0.2    -2,-0.4   -22,-0.1   0.750  93.5  -0.9 -74.8 -22.7  -19.5    2.4    1.8               
  302  302 A Y  S    S+     0   0   74    -24,-2.0    24,-2.1   -26,-0.3    25,-1.2   0.481 118.9   0.1-130.1 -86.6  -17.8    5.8    1.0               
  303  303 A Q  B     -vx 279 327D  31    -25,-0.9   -23,-2.2    23,-0.2    -1,-0.2  -0.911  29.5-171.6-124.5 145.8  -14.0    6.2    0.6               
  304  304 A F        -     0   0    7     23,-2.5     2,-0.4    -2,-0.4   -25,-0.1  -0.747  24.5-174.3-121.6  77.8  -10.8    4.2    0.8               
  305  305 A P        -     0   0    5      0, 0.0   -23,-2.9     0, 0.0     2,-0.5  -0.652   6.3-161.3 -77.6 131.8   -8.1    6.9    0.5               
  306  306 A V  E     -wy 282 330D  10     23,-2.9    25,-2.9    -2,-0.4     2,-0.4  -0.957   9.4-171.3-117.4 116.8   -4.5    5.5    0.3               
  307  307 A Y  E     -wy 283 331D  69    -25,-2.9   -23,-1.2    -2,-0.5   -22,-0.8  -0.925  58.2 -13.0-115.5 134.9   -1.6    7.8    1.2               
  308  308 A N  S    S+     0   0   73     23,-1.3     2,-0.5    -2,-0.4    -1,-0.2   0.918  77.3 176.5  50.7  57.1    2.2    7.4    0.8               
  309  309 A Y        -     0   0    2     22,-0.7    25,-2.1    23,-0.4    26,-0.3  -0.826  20.1-169.3-102.6 127.6    2.2    3.7    0.1               
  310  310 A Q        -     0   0   93    -25,-1.4    25,-0.3    -2,-0.5     2,-0.3   0.949  61.0 -21.1 -87.2 -51.4    5.5    1.9   -0.8               
  311  311 A A        -     0   0   32    -25,-1.8   -23,-0.3   -26,-0.3    -1,-0.3  -0.940  39.6-141.3-159.8 139.4    4.5   -1.6   -2.0               
  312  312 A F        -     0   0    9     23,-1.3     2,-1.7    -2,-0.3   -25,-0.1  -0.851  20.9-158.5 -89.1  97.3    1.7   -4.2   -1.9               
  313  313 A P        +     0   0   27      0, 0.0   -23,-1.0     0, 0.0     2,-1.0  -0.627  18.8 174.6 -74.0  87.6    3.5   -7.6   -1.6               
  314  314 A A  B     -ij 290 338E   3     23,-2.3    25,-2.7    -2,-1.7     4,-0.2  -0.847  22.8-146.8 -93.9  94.6    0.6   -9.7   -3.0               
  315  315 A Y    >   -     0   0   80    -25,-1.9     3,-0.8    -2,-1.0   -21,-0.2   0.020  37.2 -59.5 -57.2 164.5    2.3  -13.2   -3.2               
  316  316 A P  T 3  S+     0   0   47      0, 0.0   -23,-2.0     0, 0.0   -22,-0.2  -0.154 120.5  15.0 -54.0 147.0    1.4  -15.7   -5.9               
  317  317 A N  T 3  S+     0   0   70     23,-1.7    25,-0.2    22,-0.2    24,-0.1   0.769  89.5 128.3  61.6  32.6   -2.2  -17.0   -6.2               
  318  318 A S    <   -     0   0    0     -3,-0.8    -1,-0.1   -25,-0.2    24,-0.1  -0.798  45.9-155.5-121.5  84.9   -3.6  -14.1   -4.0               
  319  319 A P        -     0   0   45      0, 0.0   -23,-2.8     0, 0.0     2,-0.4  -0.346   6.1-150.1 -63.2 142.3   -6.5  -12.3   -5.8               
  320  320 A V  E     -jk 296 344C   3     23,-2.9    25,-2.9   -25,-0.2     2,-0.4  -0.956  14.9-179.4-115.8 129.8   -7.2   -8.7   -4.6               
  321  321 A Q  E     -jk 297 345C  71    -25,-2.7   -23,-2.5    -2,-0.4     2,-0.4  -0.994   2.2-178.0-129.7 128.9  -10.7   -7.1   -4.7               
  322  322 A V  E     +jk 298 346C   7     23,-2.5    25,-2.8    -2,-0.4     2,-0.4  -0.983   2.7 179.9-126.7 121.2  -11.4   -3.5   -3.7               
  323  323 A T  E     +jk 299 347C  74    -25,-3.0   -23,-2.4    -2,-0.4     2,-0.4  -0.982   2.6 177.2-121.1 128.5  -15.0   -2.1   -3.7               
  324  324 A T  E     -jk 300 348C   4     23,-2.6    25,-1.9    -2,-0.4   -23,-0.2  -0.994  29.4-145.1-130.8 140.2  -15.9    1.4   -2.7               
  325  325 A G  S    S-     0   0   44    -25,-1.9   -23,-0.2    -2,-0.4   -22,-0.1   0.745  95.0  -0.4 -72.0 -21.8  -19.3    3.3   -2.7               
  326  326 A Y  S    S-     0   0   73    -24,-2.1    24,-2.0     1,-0.2    25,-1.0   0.531 118.8  -1.0-130.8 -80.1  -17.6    6.6   -3.6               
  327  327 A Q  B     -xz 303 351D  25    -25,-1.2   -23,-2.5    23,-0.2    25,-0.2  -0.951  26.6-167.8-133.6 147.6  -13.8    7.0   -4.1               
  328  328 A L        -     0   0    8     23,-1.9     2,-0.5    -2,-0.3   -25,-0.1  -0.758  26.5-175.0-117.8  74.0  -10.5    5.2   -4.0               
  329  329 A P        -     0   0    5      0, 0.0   -23,-2.9     0, 0.0     2,-0.5  -0.675   5.0-164.0 -77.0 127.1   -8.0    8.2   -4.1               
  330  330 A V  E     -ya 306 354D   3     23,-2.9    25,-3.0    -2,-0.5     2,-0.4  -0.954   6.3-170.8-116.6 120.1   -4.4    6.9   -4.3               
  331  331 A Y  E     -ya 307 355D  70    -25,-2.9   -23,-1.3    -2,-0.5   -22,-0.7  -0.938  59.7 -10.5-117.9 134.8   -1.5    9.3   -3.5               
  332  332 A N  E    S+     0   0D  72     23,-1.3     2,-0.5    -2,-0.4   -23,-0.4   0.939  79.3 175.5  51.8  58.2    2.3    9.0   -4.0               
  333  333 A Y  E     - a   0 357D   1     22,-0.7    25,-1.8    23,-0.7    26,-0.3  -0.860  23.7-170.9-107.8 121.3    2.2    5.2   -4.7               
  334  334 A Q  E     -     0   0D  85    -25,-2.1    25,-1.0    -2,-0.5     2,-0.2   0.901  62.2 -22.9 -85.6 -38.7    5.4    3.4   -5.7               
  335  335 A A  E     - a   0 359D  18    -25,-0.3   -23,-1.3   -26,-0.3    -1,-0.2  -0.901  32.3-143.5-169.0 145.6    4.0   -0.0   -6.8               
  336  336 A F        -     0   0   19     23,-0.7     2,-1.3    -2,-0.2   -25,-0.1  -0.890  28.4-163.3 -96.5  93.1    1.3   -2.7   -6.8               
  337  337 A P        +     0   0   16      0, 0.0   -23,-2.3     0, 0.0     2,-0.9  -0.676  12.6 176.6 -75.7  92.5    3.3   -6.0   -6.8               
  338  338 A A  B     -jk 314 362E   5     23,-1.4    25,-2.6    -2,-1.3     4,-0.2  -0.874  22.2-147.8 -89.8 102.3    0.7   -8.6   -7.9               
  339  339 A Y    >   -     0   0   80    -25,-2.7     3,-0.8    -2,-0.9   -22,-0.2  -0.095  44.3 -49.0 -63.6 167.9    2.9  -11.8   -8.1               
  340  340 A P  T 3  S+     0   0   43      0, 0.0   -23,-1.7     0, 0.0    25,-0.2  -0.061 124.7  11.9 -52.1 145.3    1.9  -14.5  -10.8               
  341  341 A N  T 3  S+     0   0   71     23,-1.5    25,-0.2   -25,-0.2    24,-0.1   0.756  89.8 129.1  61.6  31.2   -1.7  -15.7  -11.0               
  342  342 A S    <   -     0   0    1     -3,-0.8    -1,-0.1    22,-0.2    24,-0.1  -0.800  46.9-152.8-117.9  86.5   -3.0  -12.9   -8.7               
  343  343 A P        -     0   0   45      0, 0.0   -23,-2.9     0, 0.0     2,-0.5  -0.271   6.3-151.8 -53.0 142.8   -6.1  -11.1  -10.3               
  344  344 A F  E     +kl 320 368C   5     23,-2.6    25,-2.7   -25,-0.2     2,-0.4  -0.972  15.9 179.2-125.2 118.5   -6.6   -7.5   -9.2               
  345  345 A Q  E     -kl 321 369C  66    -25,-2.9   -23,-2.5    -2,-0.5     2,-0.4  -0.966   6.9-178.3-123.6 134.5  -10.1   -6.0   -9.2               
  346  346 A V  E     -kl 322 370C   4     23,-2.5    25,-3.0    -2,-0.4     2,-0.4  -0.998   0.9-179.7-128.4 130.9  -11.3   -2.5   -8.3               
  347  347 A A  E     +kl 323 371C  38    -25,-2.8   -23,-2.6    -2,-0.4     2,-0.4  -0.997   6.1 177.8-126.1 125.0  -14.9   -1.2   -8.3               
  348  348 A T  E     -kl 324 372C   8     23,-2.5    25,-1.9    -2,-0.4   -23,-0.2  -0.987  28.7-145.6-126.4 140.2  -15.7    2.4   -7.3               
  349  349 A G  S    S-     0   0   45    -25,-1.9   -23,-0.2    -2,-0.4   -22,-0.1   0.740  93.2  -1.6 -72.2 -21.6  -19.2    4.1   -7.3               
  350  350 A Y  S    S-     0   0   74    -24,-2.0    24,-2.2     1,-0.2    25,-1.1   0.475 118.5  -1.6-131.9 -84.7  -17.7    7.6   -8.3               
  351  351 A Q  B     -zb 327 375D  30    -25,-1.0   -23,-1.9    23,-0.2    -1,-0.2  -0.912  29.3-167.6-126.8 149.5  -13.9    8.2   -8.8               
  352  352 A F        -     0   0   12     23,-2.3     2,-0.4    -2,-0.3   -25,-0.1  -0.709  24.4-174.0-123.2  75.6  -10.5    6.4   -8.6               
  353  353 A P        -     0   0    4      0, 0.0   -23,-2.9     0, 0.0     2,-0.5  -0.619   5.2-162.9 -75.6 130.6   -8.0    9.3   -8.8               
  354  354 A V  E     -ac 330 378D  11     23,-2.9    25,-3.0    -2,-0.4     2,-0.4  -0.962   7.4-171.1-117.4 118.3   -4.4    8.1   -9.0               
  355  355 A Y  E     -ac 331 379D  70    -25,-3.0   -23,-1.3    -2,-0.5   -22,-0.7  -0.939  60.5  -8.2-116.5 132.8   -1.6   10.6   -8.2               
  356  356 A N  E    S+     0   0D  69     23,-1.4   -23,-0.7    -2,-0.4     2,-0.5   0.960  76.8 177.3  54.1  61.4    2.2   10.3   -8.7               
  357  357 A Y  E     -ac 333 381D   5     22,-0.7    25,-1.6    23,-0.7    26,-0.3  -0.872  17.2-171.6-105.1 122.0    2.2    6.6   -9.6               
  358  358 A Q  E     -     0   0D  83    -25,-1.8    25,-0.6    -2,-0.5     2,-0.3   0.964  59.0 -22.3 -83.9 -53.9    5.6    5.1  -10.5               
  359  359 A A  E     -ac 335 383D  36    -25,-1.0   -23,-0.7   -26,-0.3    -1,-0.3  -0.988  39.9-138.3-159.0 149.8    4.9    1.5  -11.8               
  360  360 A F        -     0   0   19     23,-0.9     2,-1.8    -2,-0.3   -25,-0.1  -0.827  20.9-164.7-104.8  86.9    2.3   -1.4  -11.8               
  361  361 A P        +     0   0   24      0, 0.0   -23,-1.4     0, 0.0     2,-0.8  -0.550  18.5 168.3 -75.1  85.3    4.4   -4.6  -11.5               
  362  362 A A  B     -kl 338 386E   5     -2,-1.8    25,-0.6    23,-0.5   -23,-0.2  -0.860  24.8-146.6 -95.0 103.5    1.7   -7.2  -12.5               
  363  363 A Y    >   -     0   0   85    -25,-2.6     3,-0.8    -2,-0.8   -22,-0.2  -0.092  40.1 -57.6 -67.2 167.9    3.5  -10.5  -13.0               
  364  364 A P  T 3  S+     0   0   48      0, 0.0   -23,-1.5     0, 0.0   -22,-0.2  -0.098 120.6  16.7 -52.7 148.0    2.3  -13.1  -15.7               
  365  365 A N  T 3  S+     0   0   70     23,-1.5    25,-0.2   -25,-0.2    24,-0.1   0.711  88.4 126.4  62.0  27.0   -1.3  -14.5  -15.6               
  366  366 A S    <   -     0   0    0     -3,-0.8    -1,-0.1    22,-0.2    21,-0.1  -0.796  46.5-158.5-114.6  84.2   -2.6  -11.6  -13.3               
  367  367 A P        -     0   0   41      0, 0.0   -23,-2.6     0, 0.0     2,-0.4  -0.365   4.2-151.7 -64.1 143.8   -5.6  -10.0  -15.0               
  368  368 A V  E     -lm 344 392C   6     23,-2.7    25,-2.8   -25,-0.2     2,-0.4  -0.969  13.9-178.8-120.7 130.5   -6.5   -6.5  -13.8               
  369  369 A Q  E     -lm 345 393C  71    -25,-2.7   -23,-2.5    -2,-0.4     2,-0.4  -0.995   3.1-177.9-129.1 132.3  -10.0   -4.9  -13.9               
  370  370 A V  E     -lm 346 394C   8     23,-2.6    25,-2.8    -2,-0.4     2,-0.4  -0.985   2.7-179.3-129.5 120.7  -11.0   -1.4  -12.8               
  371  371 A T  E     +lm 347 395C  76    -25,-3.0   -23,-2.5    -2,-0.4     2,-0.4  -0.983   3.3 178.0-120.2 127.9  -14.6   -0.2  -12.9               
  372  372 A T  E     -lm 348 396C   4     23,-2.7    25,-1.8    -2,-0.4   -23,-0.2  -0.993  29.7-143.6-130.0 139.2  -15.6    3.4  -11.9               
  373  373 A G  S    S-     0   0   45    -25,-1.9   -23,-0.2    -2,-0.4   -22,-0.1   0.738  95.2  -1.2 -69.8 -21.5  -19.1    5.0  -11.9               
  374  374 A Y  S    S-     0   0   73    -24,-2.2    24,-2.1     1,-0.2    25,-1.0   0.521 118.8  -2.4-132.1 -80.0  -17.6    8.4  -13.0               
  375  375 A Q  B     -bd 351 399D  26    -25,-1.1   -23,-2.3    23,-0.2    -1,-0.2  -0.954  27.3-164.0-134.5 148.9  -13.8    9.0  -13.5               
  376  376 A L        -     0   0    9     23,-1.7     2,-0.4    -2,-0.3   -25,-0.1  -0.722  27.3-174.5-116.3  70.9  -10.4    7.4  -13.3               
  377  377 A P        -     0   0    6      0, 0.0   -23,-2.9     0, 0.0     2,-0.5  -0.627   4.0-165.3 -75.3 127.5   -8.1   10.5  -13.5               
  378  378 A V  E     -ce 354 402D   9     23,-2.8    25,-3.0    -2,-0.4     2,-0.4  -0.957   4.7-170.4-118.6 120.7   -4.4    9.4  -13.6               
  379  379 A Y  E     -ce 355 403D  70    -25,-3.0   -23,-1.4    -2,-0.5   -22,-0.7  -0.937  61.4  -3.4-117.7 135.2   -1.7   12.0  -12.9               
  380  380 A N  E    S+     0   0D  71     23,-1.3   -23,-0.7    -2,-0.4     2,-0.5   0.970  78.3 176.1  55.4  61.3    2.2   11.7  -13.4               
  381  381 A Y  E     -ce 357 405D   7     23,-0.8    25,-1.9    22,-0.8    26,-0.3  -0.884  19.1-174.5-108.1 119.9    2.2    8.1  -14.6               
  382  382 A Q  E     -     0   0D  84    -25,-1.6     2,-0.3    -2,-0.5    -1,-0.1   0.918  61.8  -2.2 -86.6 -44.1    5.5    6.6  -15.6               
  383  383 A A  E     -c  359   0D  27    -25,-0.6   -23,-0.9   -26,-0.3    -1,-0.2  -0.953  39.4-159.8-156.1 135.8    4.6    3.0  -17.0               
  384  384 A F        -     0   0   23     23,-1.7     2,-0.7    -2,-0.3   -25,-0.0  -0.956  23.1-166.0-101.2 110.3    1.8    0.6  -17.5               
  385  385 A P        -     0   0   15      0, 0.0     2,-1.1     0, 0.0   -23,-0.5  -0.877   9.6-172.4-104.9 108.6    3.3   -2.9  -17.9               
  386  386 A A  B     -lm 362 410E   5     23,-1.8    25,-2.2    -2,-0.7    28,-0.1  -0.785  19.3-160.3 -92.8  86.3    0.9   -5.5  -19.2               
  387  387 A Y    >   -     0   0   66     -2,-1.1     3,-1.4   -25,-0.6   -22,-0.2  -0.212  39.9 -57.8 -64.8 161.2    3.1   -8.7  -18.8               
  388  388 A P  T 3  S+     0   0   47      0, 0.0   -23,-1.5     0, 0.0   -22,-0.2  -0.070 121.5   2.8 -52.4 138.5    2.2  -11.9  -20.8               
  389  389 A N  T 3  S+     0   0   74     23,-1.1    25,-0.2   -25,-0.2    24,-0.1   0.670  97.1 120.8  58.9  24.0   -1.3  -13.4  -20.4               
  390  390 A S    <   -     0   0    5     -3,-1.4    -1,-0.1   -25,-0.2    21,-0.1  -0.792  50.1-158.5-115.5  83.8   -2.4  -10.5  -18.1               
  391  391 A P        -     0   0   41      0, 0.0   -23,-2.7     0, 0.0     2,-0.5  -0.378   4.2-150.2 -63.4 143.1   -5.4   -8.7  -19.7               
  392  392 A F  E     -mn 368 416C  13     23,-2.3    25,-3.0   -25,-0.2     2,-0.4  -0.969  15.7-177.5-119.7 121.3   -6.0   -5.1  -18.5               
  393  393 A Q  E     -mn 369 417C  78    -25,-2.8   -23,-2.6    -2,-0.5     2,-0.4  -0.976   8.6-178.8-126.0 131.1   -9.6   -3.7  -18.4               
  394  394 A V  E     -mn 370 418C   3     23,-2.8    25,-3.1    -2,-0.4     2,-0.4  -0.997   1.2-178.8-123.2 129.5  -10.8   -0.2  -17.4               
  395  395 A A  E     +mn 371 419C  36    -25,-2.8   -23,-2.7    -2,-0.4     2,-0.4  -0.996   6.4 177.8-123.4 123.5  -14.5    0.7  -17.5               
  396  396 A T  E     -mn 372 420C   8     23,-2.7    25,-1.8    -2,-0.4   -23,-0.2  -0.983  29.7-144.3-124.6 140.1  -15.5    4.3  -16.5               
  397  397 A G  S    S-     0   0   46    -25,-1.8   -23,-0.2    -2,-0.4   -22,-0.1   0.726  94.2  -1.5 -71.0 -20.5  -19.1    5.9  -16.5               
  398  398 A Y  S    S-     0   0   74    -24,-2.1    24,-2.1     1,-0.3    25,-0.9   0.468 118.8  -4.5-132.7 -83.7  -17.7    9.3  -17.7               
  399  399 A Q  B     -df 375 423D  28    -25,-1.0   -23,-1.7    23,-0.2    -1,-0.3  -0.901  29.4-161.7-129.0 153.7  -14.0   10.0  -18.3               
  400  400 A F        -     0   0   17     23,-1.8     2,-0.3    -2,-0.3   -25,-0.1  -0.647  26.0-173.5-122.6  71.0  -10.5    8.5  -18.0               
  401  401 A P        -     0   0    4      0, 0.0   -23,-2.8     0, 0.0     2,-0.5  -0.543   3.8-164.3 -72.4 130.3   -8.2   11.6  -18.2               
  402  402 A V  E     -eg 378 426D  11     23,-2.7    25,-3.1    -2,-0.3     2,-0.4  -0.967   5.2-169.0-117.7 124.0   -4.5   10.6  -18.3               
  403  403 A Y  E     -eg 379 427D  66    -25,-3.0   -23,-1.3    -2,-0.5   -22,-0.8  -0.949  62.0  -0.6-120.1 135.8   -1.8   13.3  -17.6               
  404  404 A N  E    S-     0   0D  65     23,-1.7   -23,-0.8    -2,-0.4     2,-0.5   0.972  78.2-176.6  56.9  60.2    2.0   13.2  -18.1               
  405  405 A Y  E     -eg 381 429D  18     22,-0.8    25,-2.1    23,-0.5   -23,-0.2  -0.820  16.5-178.2 -99.5 123.3    2.1    9.7  -19.5               
  406  406 A Q        -     0   0   79    -25,-1.9     2,-0.2    -2,-0.5   -24,-0.2   0.728  55.2  -9.2-102.4 -24.1    5.5    8.2  -20.3               
  407  407 A A        -     0   0   21    -26,-0.3   -23,-1.7    24,-0.1    -1,-0.2  -0.889  33.1-159.1-171.3 149.7    5.0    4.6  -21.8               
  408  408 A F        -     0   0   45     24,-0.4     2,-1.0    -2,-0.2    24,-0.1  -0.816  15.3-177.1-125.3  88.4    2.7    1.6  -22.6               
  409  409 A P        -     0   0   25      0, 0.0   -23,-1.8     0, 0.0     2,-0.6  -0.772   9.2-169.8 -78.0 104.2    4.6   -1.7  -23.1               
  410  410 A A  B     -m  386   0E   9     -2,-1.0    25,-0.5    23,-0.3   -23,-0.1  -0.888   9.1-153.6 -90.8 120.8    1.9   -4.2  -24.1               
  411  411 A Y    >   -     0   0   72    -25,-2.2     3,-1.3    -2,-0.6   -22,-0.1  -0.560  35.3 -69.0 -92.0 160.5    3.3   -7.8  -24.0               
  412  412 A P  T 3  S+     0   0   51      0, 0.0   -23,-1.1     0, 0.0    26,-0.2  -0.122 116.9  10.6 -51.8 140.9    2.0  -10.8  -26.1               
  413  413 A N  T 3  S+     0   0  107     24,-1.5    25,-0.1   -25,-0.2    24,-0.1   0.637  95.6 114.9  63.7  22.1   -1.5  -12.2  -25.2               
  414  414 A S    <   -     0   0    1     -3,-1.3    -1,-0.1    23,-0.3     2,-0.1  -0.703  50.7-164.5-119.9  75.5   -2.3   -9.2  -22.8               
  415  415 A P        -     0   0   49      0, 0.0   -23,-2.3     0, 0.0     2,-0.5  -0.382   7.2-147.8 -65.4 140.1   -5.2   -7.4  -24.3               
  416  416 A V  E     -no 392 440C   2     23,-2.7    25,-3.1   -25,-0.2     2,-0.5  -0.930  14.9-172.9-108.8 123.6   -5.9   -3.9  -23.0               
  417  417 A Q  E     -no 393 441C  56    -25,-3.0   -23,-2.8    -2,-0.5     2,-0.5  -0.988   5.7-179.1-121.3 124.1   -9.6   -2.8  -23.0               
  418  418 A V  E     -no 394 442C  11     23,-2.5    25,-3.2    -2,-0.5     2,-0.5  -0.983   2.1-179.7-122.4 119.5  -10.6    0.8  -22.1               
  419  419 A T  E     +no 395 443C  60    -25,-3.1   -23,-2.7    -2,-0.5     2,-0.4  -0.984   4.1 177.3-116.9 123.1  -14.4    1.6  -22.0               
  420  420 A T  E     -no 396 444C   4     23,-2.6    25,-1.5    -2,-0.5   -23,-0.2  -0.983  30.7-143.0-125.1 139.6  -15.5    5.2  -21.2               
  421  421 A G  S    S-     0   0   45    -25,-1.8   -23,-0.2    -2,-0.4   -22,-0.2   0.696  94.8  -2.0 -69.3 -17.9  -19.0    6.6  -21.1               
  422  422 A Y  S    S-     0   0   76    -24,-2.1    24,-2.2     1,-0.2    25,-1.2   0.457 117.4  -4.2-135.8 -82.1  -17.8   10.0  -22.5               
  423  423 A Q  E     -fh 399 447D  28    -25,-0.9   -23,-1.8    23,-0.2    -1,-0.2  -0.938  29.8-157.4-134.2 151.4  -14.1   10.8  -23.2               
  424  424 A L  E     - h   0 448D  10     23,-1.8    25,-1.3    -2,-0.3     2,-0.5  -0.824  26.1-177.7-119.1  83.3  -10.5    9.5  -22.9               
  425  425 A P  E     - h   0 449D   7      0, 0.0   -23,-2.7     0, 0.0     2,-0.5  -0.782   5.9-166.1 -85.6 127.5   -8.3   12.7  -22.9               
  426  426 A V  E     -gh 402 450D  14     23,-3.0    25,-3.3    -2,-0.5     2,-0.4  -0.960   5.2-164.5-114.8 124.1   -4.5   12.0  -22.8               
  427  427 A Y  E     +gh 403 451D  68    -25,-3.1   -23,-1.7    -2,-0.5   -22,-0.8  -0.924  62.9   1.7-115.9 137.9   -2.1   14.9  -22.0               
  428  428 A N  E    S-     0   0D  68     23,-1.8   -23,-0.5    -2,-0.4     2,-0.4   0.956  80.5-173.0  56.7  55.4    1.7   15.1  -22.5               
  429  429 A Y  E     -g  405   0D  11     22,-0.8    25,-2.2    -3,-0.2     2,-0.5  -0.702  16.3-164.4 -84.3 129.9    2.1   11.7  -24.1               
  430  430 A Q  B     -n  454   0F  66    -25,-2.1     2,-0.4    -2,-0.4    25,-0.1  -0.967  18.8-139.3-111.9 121.0    5.5   10.2  -24.9               
  431  431 A A        +     0   0    8     23,-1.1   -24,-0.1    -2,-0.5   -25,-0.0  -0.690  24.6 173.2 -87.6 133.5    5.4    7.2  -27.3               
  432  432 A F        -     0   0  104     -2,-0.4   -24,-0.4     1,-0.1    -2,-0.0  -0.934  43.9 -45.2-148.2 159.3    7.7    4.0  -26.8               
  433  433 A P        -     0   0   86      0, 0.0     2,-0.3     0, 0.0   -23,-0.3   0.297  39.9-137.6 -66.6 145.7    7.7    0.8  -28.7               
  434  434 A A        -     0   0   78    -25,-0.1   -23,-0.1   -23,-0.0    42,-0.0  -0.645  19.9-148.2 -76.1 130.7    4.8   -1.5  -29.8               
  435  435 A Y    >   -     0   0   98    -25,-0.5     3,-0.8    -2,-0.3   -25,-0.0  -0.771  28.2 -96.2 -95.7 148.5    5.3   -5.3  -29.3               
  436  436 A P  T 3  S+     0   0  101      0, 0.0     3,-0.1     0, 0.0    -1,-0.1  -0.313 103.5  22.6 -58.4 146.7    3.8   -7.9  -31.7               
  437  437 A N  T 3  S+     0   0  134      1,-0.2   -24,-1.5   -25,-0.1     2,-0.6   0.682  84.7 129.4  67.4  27.9    0.5   -9.5  -30.6               
  438  438 A S    <   -     0   0   30     -3,-0.8     2,-0.5   -26,-0.2    -1,-0.2  -0.943  39.7-162.8-111.5 114.4   -0.7   -6.8  -28.2               
  439  439 A A        -     0   0   35     -2,-0.6   -23,-2.7    -3,-0.1     2,-0.6  -0.872   5.6-172.0 -98.5 123.5   -4.3   -5.6  -28.8               
  440  440 A V  E     -o  416   0C  48     -2,-0.5     2,-0.4   -25,-0.2   -23,-0.2  -0.962   7.7-171.9-111.4 111.4   -5.4   -2.2  -27.3               
  441  441 A Q  E     -o  417   0C  29    -25,-3.1   -23,-2.5    -2,-0.6     2,-0.5  -0.899   4.0-172.0-101.5 133.7   -9.1   -1.5  -27.6               
  442  442 A V  E     -o  418   0C   9     -2,-0.4     2,-0.5   -25,-0.2   -23,-0.2  -0.986   2.5-175.8-125.1 120.2  -10.6    1.8  -26.7               
  443  443 A T  E     +o  419   0C  29    -25,-3.2   -23,-2.6    -2,-0.5     2,-0.4  -0.970  10.6 175.5-110.5 122.8  -14.4    2.3  -26.6               
  444  444 A T  E     -o  420   0C   5     -2,-0.5    41,-0.3   -25,-0.2   -23,-0.2  -0.987  33.7-142.4-127.9 143.6  -15.6    5.9  -25.9               
  445  445 A G  S    S-     0   0   31    -25,-1.5   -23,-0.2    -2,-0.4   -22,-0.2   0.711  95.9  -2.0 -70.9 -21.2  -19.2    7.3  -25.8               
  446  446 A Y  S    S-     0   0  108    -24,-2.2     2,-0.3     1,-0.2   -23,-0.2   0.588 116.9  -8.9-133.2 -74.7  -17.9   10.6  -27.3               
  447  447 A Q  E     -h  423   0D  75    -25,-1.2   -23,-1.8     2,-0.0     2,-0.5  -0.997  33.3-148.5-145.7 146.9  -14.2   11.4  -28.1               
  448  448 A F  E     -h  424   0D  81     -2,-0.3     2,-0.4   -25,-0.2   -25,-0.0  -0.972  29.6-177.3-108.6 118.5  -10.6   10.2  -27.8               
  449  449 A H  E     -h  425   0D  56    -25,-1.3   -23,-3.0    -2,-0.5     2,-0.5  -0.980  16.1-165.2-122.2 131.8   -8.2   13.2  -27.6               
  450  450 A V  E     -h  426   0D  55     -2,-0.4     2,-0.4   -25,-0.2     3,-0.3  -0.969  14.0-167.7-114.5 118.6   -4.4   13.2  -27.4               
  451  451 A Y  E     +h  427   0D  90    -25,-3.3   -23,-1.8    -2,-0.5   -22,-0.8  -0.871  62.3   4.9-107.3 138.6   -2.8   16.6  -26.4               
  452  452 A N  S    S-     0   0  116     -2,-0.4     2,-0.4   -25,-0.2    -1,-0.2   0.931  74.8-171.2  56.4  54.9    0.9   17.5  -26.6               
  453  453 A Y        -     0   0   96     -3,-0.3     2,-0.5   -25,-0.2    -1,-0.2  -0.640   6.1-161.0 -73.5 125.8    2.3   14.4  -28.3               
  454  454 A Q  B     -n  430   0F 124    -25,-2.2   -23,-1.1    -2,-0.4    -1,-0.0  -0.950   9.9-143.2-108.5 118.9    6.1   14.2  -28.5               
  455  455 A M        -     0   0  115     -2,-0.5     3,-0.1   -25,-0.1   -23,-0.1  -0.588  27.7-110.6 -69.5 137.5    7.6   11.8  -31.1               
  456  456 A P        -     0   0   60      0, 0.0     3,-0.1     0, 0.0    -1,-0.1  -0.417  44.1 -91.7 -63.2 143.7   10.8   10.0  -29.9               
  457  457 A P        -     0   0  128      0, 0.0     0, 0.0     0, 0.0     0, 0.0  -0.387  64.4 -77.7 -61.7 137.8   14.0   11.2  -31.7               
  458  458 A Q        -     0   0  170      1,-0.1     3,-0.1    -3,-0.1    -3,-0.0   0.093  37.8-115.3 -48.8 139.0   14.7    9.0  -34.8               
  459  459 A C        -     0   0  115      1,-0.1    -1,-0.1    -3,-0.1     3,-0.1  -0.375  56.9 -76.3 -59.7 149.7   16.2    5.5  -34.8               
  460  460 A P        -     0   0  128      0, 0.0     2,-0.5     0, 0.0    -1,-0.1  -0.287  45.8-117.1 -61.5 129.0   19.6    5.4  -36.7               
  461  461 A V        +     0   0  146      1,-0.1     3,-0.1    -3,-0.1    -3,-0.0  -0.530  66.0 126.1 -62.6 111.5   19.3    5.5  -40.5               
  462  462 A G        +     0   0   66     -2,-0.5     2,-0.1     1,-0.2    -1,-0.1   0.183  40.8  64.9-177.6  43.0   20.8    2.1  -41.6               
  463  463 A E        -     0   0  195      2,-0.0     2,-1.5     0, 0.0    -1,-0.2  -0.573  58.7-145.5-162.9 119.8   18.9   -0.2  -43.8               
  464  464 A Q        +     0   0  180     -2,-0.1     2,-0.5    -3,-0.1    -3,-0.0  -0.557  38.5 145.8 -78.4  84.1   17.9    0.5  -47.4               
  465  465 A R        -     0   0  220     -2,-1.5     3,-0.4     0, 0.0     2,-0.1  -0.897  38.3-145.8-119.1 103.8   14.5   -1.1  -48.1               
  466  466 A R  S    S+     0   0  217     -2,-0.5    -2,-0.0     1,-0.2     0, 0.0  -0.408  73.2  44.3 -48.8 133.8   12.4    1.0  -50.5               
  467  467 A N  S    S+     0   0  157     -2,-0.1    -1,-0.2     0, 0.0     3,-0.1   0.668  77.4  89.8 101.1  33.4    8.6    0.8  -49.7               
  468  468 A L    >>  +     0   0  122     -3,-0.4     3,-0.7     2,-0.1     4,-0.6   0.260  46.9 104.4-135.3  19.1    7.7    1.1  -45.9               
  469  469 A W  T 34 S+     0   0  243      1,-0.2    -1,-0.1     2,-0.1     4,-0.1   0.442  84.7  50.1 -78.1   5.3    7.2    4.9  -45.2               
  470  470 A T  T 34 S+     0   0  113      2,-0.1    -1,-0.2    -3,-0.1    -2,-0.1   0.438  98.2  60.1-123.7  -1.7    3.3    4.4  -45.1               
  471  471 A E  T X> S+     0   0   80     -3,-0.7     3,-1.1     2,-0.1     4,-0.8   0.742  87.4  67.0-109.4 -20.6    2.6    1.5  -42.7               
  472  472 A A  T 3< S+     0   0   81     -4,-0.6     4,-0.2     1,-0.2    -1,-0.1   0.777  96.7  59.8 -71.4 -20.8    4.1    2.5  -39.3               
  473  473 A Y  T 34 S+     0   0  173      1,-0.2    -1,-0.2     2,-0.1     3,-0.2   0.613 101.4  55.4 -79.5 -11.4    1.4    5.3  -39.1               
  474  474 A K  T X4 S+     0   0  114     -3,-1.1     3,-1.2     1,-0.1     4,-0.5   0.772  90.6  71.6 -88.4 -25.9   -1.4    2.6  -39.2               
  475  475 A W  T 3< S+     0   0  160     -4,-0.8    -1,-0.1     1,-0.3    -2,-0.1   0.558  95.5  52.3 -75.8  -5.8   -0.1    0.5  -36.2               
  476  476 A W  T 3  S+     0   0  139     -4,-0.2    -1,-0.3    -3,-0.2    -2,-0.1   0.549 110.4  48.1 -98.8  -9.7   -1.3    3.1  -33.7               
  477  477 A Y  S X  S+     0   0  199     -3,-1.2     3,-0.6    -4,-0.1     2,-0.5   0.379  94.2 111.4 -96.1  -1.3   -4.8    3.1  -35.3               
  478  478 A L  T 3  S+     0   0   90     -4,-0.5   -38,-0.1     1,-0.3    -1,-0.1  -0.936  82.9   4.4-112.9 103.9   -4.6   -0.8  -35.1               
  479  479 A V  T 3  S+     0   0   63     -2,-0.5     2,-1.2   -40,-0.1    -1,-0.3  -0.132  83.5 117.1-138.3  65.6   -6.7   -2.1  -33.0               
  480  480 A C    <   -     0   0   43     -3,-0.6     2,-1.7   -39,-0.2   -39,-0.2  -0.778  39.8-169.5 -83.5  91.0   -8.9    0.6  -31.4               
  481  481 A L        -     0   0  110     -2,-1.2     2,-1.8     2,-0.1    -3,-0.1  -0.736  11.7-159.4 -64.8  89.8  -12.3   -0.6  -32.7               
  482  482 A I        -     0   0   83     -2,-1.7     2,-0.9   -39,-0.1   -39,-0.2  -0.685   8.4-167.8 -70.8  85.8  -13.8    2.7  -31.4               
  483  483 A Q        -     0   0  134     -2,-1.8     2,-0.5   -41,-0.1   -39,-0.2  -0.784   9.1-150.2 -71.8 107.8  -17.3    1.2  -31.3               
  484  484 A R        -     0   0  163     -2,-0.9     2,-0.8   -41,-0.1   -39,-0.1  -0.759   9.2-136.9 -72.4 123.0  -19.5    4.4  -30.9               
  485  485 A R              0   0  220     -2,-0.5    -2,-0.0   -41,-0.3   -42,-0.0  -0.868 360.0 360.0 -76.0 109.6  -22.6    3.4  -29.0               
  486  486 A D              0   0  214     -2,-0.8   -41,-0.0     0, 0.0    -3,-0.0  -0.515 360.0 360.0 -66.0 360.0  -25.3    5.3  -30.9               
