==== Secondary Structure Definition by the program DSSP, CMBI version 2.0                          ==== DATE=2026-03-08        .
REFERENCE W. KABSCH AND C.SANDER, BIOPOLYMERS 22 (1983) 2577-2637                                                              .
HEADER                                            01-AUG-25                                                                    .
COMPND    MOL_ID: 1; MOLECULE: RNA BINDING PROTEIN FOX-1 HOMOLOG 1; CHAIN: A                                                   .
SOURCE    MOL_ID: 1; ORGANISM_SCIENTIFIC: HOMO SAPIENS; ORGANISM_TAXID: 9606                                                   .
AUTHOR                                                                                                                         .
  397  1  0  0  0 TOTAL NUMBER OF RESIDUES, NUMBER OF CHAINS, NUMBER OF SS-BRIDGES(TOTAL,INTRACHAIN,INTERCHAIN)                .
 48319.0   ACCESSIBLE SURFACE OF PROTEIN (ANGSTROM**2)                                                                         .
  128 32.2   TOTAL NUMBER OF HYDROGEN BONDS OF TYPE O(I)-->H-N(J)  , SAME NUMBER PER 100 RESIDUES                              .
    0  0.0   TOTAL NUMBER OF HYDROGEN BONDS IN     PARALLEL BRIDGES, SAME NUMBER PER 100 RESIDUES                              .
   28  7.1   TOTAL NUMBER OF HYDROGEN BONDS IN ANTIPARALLEL BRIDGES, SAME NUMBER PER 100 RESIDUES                              .
    0  0.0   TOTAL NUMBER OF HYDROGEN BONDS OF TYPE O(I)-->H-N(I-5), SAME NUMBER PER 100 RESIDUES                              .
    1  0.3   TOTAL NUMBER OF HYDROGEN BONDS OF TYPE O(I)-->H-N(I-4), SAME NUMBER PER 100 RESIDUES                              .
    2  0.5   TOTAL NUMBER OF HYDROGEN BONDS OF TYPE O(I)-->H-N(I-3), SAME NUMBER PER 100 RESIDUES                              .
    0  0.0   TOTAL NUMBER OF HYDROGEN BONDS OF TYPE O(I)-->H-N(I-2), SAME NUMBER PER 100 RESIDUES                              .
    0  0.0   TOTAL NUMBER OF HYDROGEN BONDS OF TYPE O(I)-->H-N(I-1), SAME NUMBER PER 100 RESIDUES                              .
    0  0.0   TOTAL NUMBER OF HYDROGEN BONDS OF TYPE O(I)-->H-N(I+0), SAME NUMBER PER 100 RESIDUES                              .
    0  0.0   TOTAL NUMBER OF HYDROGEN BONDS OF TYPE O(I)-->H-N(I+1), SAME NUMBER PER 100 RESIDUES                              .
   67 16.9   TOTAL NUMBER OF HYDROGEN BONDS OF TYPE O(I)-->H-N(I+2), SAME NUMBER PER 100 RESIDUES                              .
   15  3.8   TOTAL NUMBER OF HYDROGEN BONDS OF TYPE O(I)-->H-N(I+3), SAME NUMBER PER 100 RESIDUES                              .
   16  4.0   TOTAL NUMBER OF HYDROGEN BONDS OF TYPE O(I)-->H-N(I+4), SAME NUMBER PER 100 RESIDUES                              .
    0  0.0   TOTAL NUMBER OF HYDROGEN BONDS OF TYPE O(I)-->H-N(I+5), SAME NUMBER PER 100 RESIDUES                              .
  1  2  3  4  5  6  7  8  9 10 11 12 13 14 15 16 17 18 19 20 21 22 23 24 25 26 27 28 29 30     *** HISTOGRAMS OF ***           .
  0  0  0  0  0  0  0  0  1  0  1  0  0  0  0  0  0  0  0  0  0  0  0  0  0  0  0  0  0  0    RESIDUES PER ALPHA HELIX         .
  0  0  0  0  0  0  0  0  0  0  0  0  0  0  0  0  0  0  0  0  0  0  0  0  0  0  0  0  0  0    PARALLEL BRIDGES PER LADDER      .
  0  2  0  1  0  1  1  0  0  0  0  0  0  0  0  0  0  0  0  0  0  0  0  0  0  0  0  0  0  0    ANTIPARALLEL BRIDGES PER LADDER  .
  2  0  1  0  0  0  0  0  0  0  0  0  0  0  0  0  0  0  0  0  0  0  0  0  0  0  0  0  0  0    LADDERS PER SHEET                .
  #  RESIDUE AA STRUCTURE BP1 BP2  ACC     N-H-->O    O-->H-N    N-H-->O    O-->H-N    TCO  KAPPA ALPHA  PHI   PSI    X-CA   Y-CA   Z-CA            CHAIN
    1    1 A M              0   0  218      0, 0.0     2,-0.2     0, 0.0     0, 0.0   0.000 360.0 360.0 360.0  95.6  -27.3  -31.0  -33.6               
    2    2 A N        +     0   0  152      2,-0.1     2,-0.0     0, 0.0     0, 0.0   0.232 360.0 123.0  60.9 124.6  -25.3  -29.1  -35.4               
    3    3 A C        +     0   0  129     -2,-0.2     2,-0.2     1,-0.0     0, 0.0   0.516  27.1 164.8-117.5 163.0  -23.3  -26.8  -35.7               
    4    4 A E        -     0   0  173      1,-0.2    -2,-0.1    -2,-0.0    -1,-0.0  -0.504  46.5 -29.3-113.5-178.5  -19.7  -27.2  -37.1               
    5    5 A R        -     0   0  229     -2,-0.2     2,-0.3     2,-0.0    -1,-0.2   0.069  47.6-159.4 -35.2 136.6  -16.9  -24.8  -38.4               
    6    6 A E        -     0   0  166      1,-0.1    -1,-0.0     0, 0.0     0, 0.0  -0.953  41.1 -15.8-155.0 136.9  -17.4  -21.4  -40.2               
    7    7 A Q        +     0   0  140     -2,-0.3     2,-0.8     0, 0.0    -1,-0.1   0.719  15.9 178.0-145.2 156.8  -15.2  -20.0  -42.2               
    8    8 A L        +     0   0  181      2,-0.0     2,-0.2     0, 0.0     0, 0.0  -0.824  49.9 145.8-103.8  91.4  -11.7  -19.2  -43.7               
    9    9 A R        +     0   0  229     -2,-0.8     2,-0.0     1,-0.1     0, 0.0  -0.845  21.0 179.7-163.7 139.0  -12.4  -16.5  -46.3               
   10   10 A G        -     0   0   62     -2,-0.2    -1,-0.1     2,-0.0     2,-0.0   0.629  35.4-112.6 162.9 145.0  -10.9  -14.0  -47.5               
   11   11 A N        +     0   0  172     -2,-0.0     2,-0.4     0, 0.0    -2,-0.0  -0.269  34.5 139.2-175.6  94.6   -9.4  -10.8  -49.2               
   12   12 A Q        +     0   0  191      2,-0.0     2,-0.3    -2,-0.0    -2,-0.0  -0.951  23.4 141.4-118.8 117.0   -6.4  -10.6  -51.5               
   13   13 A E        -     0   0  202     -2,-0.4     2,-0.4     2,-0.0     0, 0.0  -0.938  34.5-145.9-149.9 135.9   -7.0   -8.3  -54.4               
   14   14 A A        +     0   0  104     -2,-0.3     2,-0.4     2,-0.0    -2,-0.0  -0.853  18.6 174.7-108.3 136.0   -4.4   -6.0  -55.8               
   15   15 A A        -     0   0  108     -2,-0.4     2,-0.4     2,-0.1    -2,-0.0  -0.986  13.1-165.8-134.9 125.3   -4.6   -2.5  -57.4               
   16   16 A A        +     0   0  107     -2,-0.4    -2,-0.0     2,-0.0     0, 0.0  -0.945  21.3 148.2-112.9 131.5   -1.4   -0.6  -58.4               
   17   17 A A        -     0   0  100     -2,-0.4     2,-0.1     0, 0.0    -2,-0.1  -0.925  29.1-152.9-152.7 148.9   -1.0    3.1  -59.2               
   18   18 A P        +     0   0  109      0, 0.0    -2,-0.0     0, 0.0     0, 0.0  -0.335  30.9  43.0-115.8-176.4    2.1    5.2  -58.5               
   19   19 A D        +     0   0  147     -2,-0.1     2,-0.1     1,-0.1     0, 0.0   0.941  19.4 165.3  56.5 106.0    4.1    8.4  -57.8               
   20   20 A T        -     0   0  138      0, 0.0    -1,-0.1     0, 0.0     0, 0.0  -0.602  52.0 -89.1-144.4  93.7    3.7   11.5  -55.6               
   21   21 A M        -     0   0  178     -2,-0.1     2,-0.1     1,-0.1     0, 0.0   0.800  26.4-113.7  39.2 118.3    6.8   13.6  -55.2               
   22   22 A A        -     0   0  100      1,-0.1    -1,-0.1     0, 0.0     0, 0.0  -0.392  35.0-118.3 -61.5 145.5    9.8   13.6  -52.9               
   23   23 A Q        -     0   0  171      1,-0.1    -1,-0.1    -2,-0.1     2,-0.1  -0.652  40.0 -99.2 -85.3 148.7   10.2   16.7  -50.6               
   24   24 A P        -     0   0  110      0, 0.0     2,-0.3     0, 0.0    -1,-0.1  -0.294  27.1-106.7 -76.1 154.0   13.4   18.8  -51.1               
   25   25 A Y        -     0   0  219      1,-0.1     2,-0.8     2,-0.1     0, 0.0  -0.539  20.1-149.1 -62.0 133.1   16.7   18.9  -49.2               
   26   26 A A        +     0   0  108     -2,-0.3     2,-0.5     1,-0.0    -1,-0.1  -0.798  37.3 153.6-101.9  84.4   17.1   22.0  -47.0               
   27   27 A S        +     0   0   99     -2,-0.8     2,-0.3     0, 0.0    -2,-0.1  -0.732  18.6 141.6-120.6  80.9   21.0   22.3  -47.3               
   28   28 A A        +     0   0   83     -2,-0.5    -2,-0.0     1,-0.2     0, 0.0  -0.915  29.9  12.1-157.2 143.0   22.1   25.9  -46.8               
   29   29 A Q        -     0   0  189     -2,-0.3     2,-0.3     1,-0.1    -1,-0.2   0.765  23.4-162.9-152.9 158.4   24.4   27.6  -45.4               
   30   30 A F        +     0   0  218      0, 0.0    -1,-0.1     0, 0.0     0, 0.0  -0.596  22.4 164.7 -74.3 140.8   27.9   28.1  -43.7               
   31   31 A A        -     0   0   94     -2,-0.3     0, 0.0     0, 0.0     0, 0.0  -0.956  31.7-108.7-152.3 154.2   28.8   31.2  -41.7               
   32   32 A P        -     0   0  122      0, 0.0     2,-0.2     0, 0.0     0, 0.0  -0.262  21.8-102.0 -97.8 167.8   31.8   31.6  -39.2               
   33   33 A P        -     0   0  126      0, 0.0     2,-0.3     0, 0.0     0, 0.0  -0.481  30.4-145.6 -80.4 150.8   32.5   32.0  -35.4               
   34   34 A Q        -     0   0  193     -2,-0.2     2,-0.0     1,-0.1     0, 0.0  -0.965  25.7 -60.5-148.1 158.0   33.5   35.1  -33.5               
   35   35 A N        -     0   0  160     -2,-0.3    -1,-0.1     0, 0.0     0, 0.0   0.171  35.8 -15.1-166.6 131.4   35.3   35.8  -30.9               
   36   36 A G        +     0   0   68      1,-0.1    -2,-0.0    -2,-0.0     0, 0.0   0.960  31.2 119.4  72.7 111.2   37.2   36.3  -27.6               
   37   37 A I        -     0   0  171      0, 0.0    -1,-0.1     0, 0.0     2,-0.0  -0.495  50.8-126.7-148.5 154.5   37.7   36.1  -24.2               
   38   38 A P        -     0   0  128      0, 0.0     2,-0.2     0, 0.0     0, 0.0  -0.195  17.3-113.1 -83.8 169.0   40.7   34.1  -22.9               
   39   39 A A        +     0   0   99     -2,-0.0     2,-0.3     0, 0.0     0, 0.0  -0.598  25.7 171.4 -86.6 153.8   41.2   31.2  -20.4               
   40   40 A E        -     0   0  197     -2,-0.2     2,-0.2     2,-0.1     0, 0.0  -0.947  25.8-118.8-148.8 163.6   42.8   30.6  -17.1               
   41   41 A Y        +     0   0  221     -2,-0.3     2,-0.1     2,-0.0     0, 0.0  -0.548  36.4 133.1 -78.6 152.7   42.8   27.7  -14.6               
   42   42 A T        -     0   0  125     -2,-0.2    -2,-0.1     2,-0.0     0, 0.0  -0.449  38.3-117.5 175.4 157.4   41.8   26.8  -11.2               
   43   43 A A        -     0   0   72      1,-0.1     2,-0.1    -2,-0.1    -2,-0.0  -0.213  47.4 -80.9 -69.0 159.8   39.9   24.2   -9.0               
   44   44 A P        -     0   0  129      0, 0.0    -1,-0.1     0, 0.0    -2,-0.0  -0.347  43.9-135.8 -65.3 138.9   36.7   24.8   -6.8               
   45   45 A H        -     0   0  167     -2,-0.1     2,-0.1     1,-0.1     0, 0.0  -0.690  13.6-125.4 -94.4 147.2   37.2   26.4   -3.3               
   46   46 A P        -     0   0  117      0, 0.0    -1,-0.1     0, 0.0     0, 0.0  -0.307  38.4 -75.9 -83.3 172.1   35.6   25.2    0.0               
   47   47 A H        -     0   0  186     -2,-0.1     2,-0.3     1,-0.0     0, 0.0  -0.377  31.4-147.3 -67.5 142.8   33.5   27.3    2.5               
   48   48 A P        -     0   0  129      0, 0.0    -1,-0.0     0, 0.0     0, 0.0  -0.732  16.0-147.1 -91.8 158.1   34.7   29.9    5.1               
   49   49 A A        -     0   0   90     -2,-0.3     2,-0.1     1,-0.0     0, 0.0  -0.885  17.3-108.7-119.1 153.7   32.8   30.3    8.5               
   50   50 A P        -     0   0  130      0, 0.0    -1,-0.0     0, 0.0     0, 0.0  -0.408  43.1-103.5 -82.7 164.8   32.3   33.5   10.7               
   51   51 A E        -     0   0  199     -2,-0.1     2,-0.3     1,-0.1     0, 0.0   0.171  18.4-113.7-102.3-166.7   34.0   34.0   14.0               
   52   52 A Y        +     0   0  220      0, 0.0     2,-0.3     0, 0.0    -1,-0.1  -0.962  24.0 167.1-139.4 133.2   33.7   33.9   17.9               
   53   53 A T        +     0   0  141     -2,-0.3    -2,-0.0     1,-0.3     0, 0.0  -0.893  29.6  35.5-158.6 132.6   33.9   36.3   20.9               
   54   54 A G        -     0   0   58     -2,-0.3    -1,-0.3     0, 0.0     2,-0.1   0.699  31.5-178.9  77.6 125.6   33.1   36.5   24.8               
   55   55 A Q        +     0   0  199      0, 0.0    -2,-0.0     0, 0.0     0, 0.0   0.226   5.8 164.3  64.9 132.8   32.9   35.1   27.9               
   56   56 A T        -     0   0  116     -2,-0.1     0, 0.0     2,-0.0     0, 0.0   0.569  25.4 -85.0-157.5 154.5   32.2   35.3   31.0               
   57   57 A T        -     0   0  129      0, 0.0     0, 0.0     0, 0.0     0, 0.0   0.941  18.6-155.7  61.2 137.5   31.5   33.4   34.4               
   58   58 A V        -     0   0  136      0, 0.0     2,-0.0     0, 0.0    -2,-0.0  -0.318   7.0-178.0 -99.8-176.9   29.3   31.5   37.0               
   59   59 A P        -     0   0  114      0, 0.0     0, 0.0     0, 0.0     0, 0.0   0.301  13.6-157.8-133.3 156.5   28.4   30.4   40.1               
   60   60 A E        -     0   0  150     -2,-0.0     0, 0.0     0, 0.0     0, 0.0   0.862  11.9-168.1  90.6 144.9   26.0   28.5   41.9               
   61   61 A H        -     0   0  161      0, 0.0     2,-0.0     0, 0.0     0, 0.0   0.354  21.0-164.3 122.9 141.6   23.9   27.3   45.0               
   62   62 A T        +     0   0  104      0, 0.0     0, 0.0     0, 0.0     0, 0.0   0.286  17.8 110.5-179.2 145.5   21.7   24.8   46.0               
   63   63 A L        +     0   0  156     -2,-0.0     0, 0.0     0, 0.0     0, 0.0   0.674  13.5 145.6  70.3 151.4   19.1   22.5   47.8               
   64   64 A N        -     0   0  131      0, 0.0     0, 0.0     0, 0.0     0, 0.0   0.674  13.9-152.2-170.0 175.1   16.2   20.9   48.3               
   65   65 A L        -     0   0  129      2,-0.0     0, 0.0     0, 0.0     0, 0.0   0.959  26.7 -56.3  85.4 117.1   13.4   18.4   49.2               
   66   66 A Y        -     0   0  212      1,-0.1     0, 0.0     0, 0.0     0, 0.0   0.924  10.3-158.9  51.2 132.4   10.0   16.6   48.9               
   67   67 A P        -     0   0  111      0, 0.0     2,-0.3     0, 0.0    -1,-0.1  -0.761  14.7-154.4-111.4 173.9    6.1   16.5   48.7               
   68   68 A P        -     0   0  134      0, 0.0     2,-0.3     0, 0.0     0, 0.0  -0.945  10.4-146.5-133.5 175.6    3.6   13.7   49.4               
   69   69 A A        +     0   0   88     -2,-0.3     2,-0.2     2,-0.0     0, 0.0  -0.924  17.4 163.8-124.9 153.9    0.0   13.0   48.0               
   70   70 A Q        -     0   0  194     -2,-0.3     2,-0.1     2,-0.0     0, 0.0  -0.886  21.2-120.6-167.2 164.5   -3.4   11.6   48.9               
   71   71 A T        +     0   0  113     -2,-0.2     2,-0.2     0, 0.0    -2,-0.0  -0.336  23.1 158.4 -67.5 153.6   -7.1   11.4   48.0               
   72   72 A H        -     0   0  185     -2,-0.1     2,-0.1     2,-0.0    -2,-0.0  -0.812  13.7-159.4-166.6 176.3  -10.5   12.1   49.1               
   73   73 A S        +     0   0  103     -2,-0.2     2,-0.1     2,-0.0     0, 0.0  -0.448  23.5  93.4-111.7-176.7  -14.1   12.8   47.7               
   74   74 A E        -     0   0  181     -2,-0.1     2,-0.2     2,-0.0    -2,-0.0  -0.122  36.4 -88.8 103.6 174.2  -17.6   14.2   48.4               
   75   75 A Q        +     0   0  172     -2,-0.1    -2,-0.0     0, 0.0     0, 0.0  -0.594  19.4 161.8-112.9 158.6  -20.3   16.8   48.3               
   76   76 A S        -     0   0  121     -2,-0.2     2,-0.1     2,-0.0    -2,-0.0  -0.786  17.5-176.9-168.1 161.1  -22.4   19.8   49.5               
   77   77 A P        +     0   0  124      0, 0.0     0, 0.0     0, 0.0     0, 0.0  -0.152   4.9 163.6-121.7-151.6  -24.8   22.3   47.8               
   78   78 A A        +     0   0   87     -2,-0.1    -2,-0.0     0, 0.0     0, 0.0   0.461  12.7  97.4  85.4 141.3  -27.1   25.5   48.2               
   79   79 A D        -     0   0  151      0, 0.0     0, 0.0     0, 0.0     0, 0.0   0.793  30.8 -44.5-163.6-177.8  -28.7   28.0   47.0               
   80   80 A T        -     0   0  119      0, 0.0     0, 0.0     0, 0.0     0, 0.0   0.853  31.2-123.2 106.0  99.7  -31.1   30.7   45.6               
   81   81 A S        +     0   0  114      0, 0.0     0, 0.0     0, 0.0     0, 0.0   0.762  20.3 154.9  41.4 142.8  -34.0   31.6   43.3               
   82   82 A A        -     0   0   81      0, 0.0     0, 0.0     0, 0.0     0, 0.0   0.639  25.7 -39.3-165.6 166.7  -36.1   32.7   41.2               
   83   83 A Q        +     0   0  184      2,-0.0     0, 0.0     0, 0.0     0, 0.0   0.878  30.7 114.5  58.3 138.2  -39.1   32.8   38.8               
   84   84 A T        -     0   0  121      1,-0.0     2,-0.1     0, 0.0     0, 0.0   0.946  31.2 -99.9-163.1-172.3  -41.4   31.5   36.6               
   85   85 A V        -     0   0  132      1,-0.0     2,-0.2     0, 0.0    -2,-0.0   0.053  18.4-147.0-129.3-125.5  -44.3   30.4   35.1               
   86   86 A S        +     0   0  126     -2,-0.1     2,-0.1     1,-0.0    -1,-0.0  -0.933  14.3 163.4-167.0 157.5  -46.5   27.3   34.2               
   87   87 A G        -     0   0   69     -2,-0.2    -1,-0.0     0, 0.0     0, 0.0  -0.104  27.1 -20.4 132.7 143.4  -49.0   25.7   31.7               
   88   88 A T        -     0   0  141      1,-0.1     2,-0.2    -2,-0.1    -2,-0.0   0.699  16.1-167.8-153.7 147.8  -50.6   23.3   30.4               
   89   89 A A        +     0   0   92      2,-0.0     2,-0.3     0, 0.0    -1,-0.1  -0.536  15.3 170.7 -83.0 150.7  -51.0   19.5   29.6               
   90   90 A T        -     0   0  133     -2,-0.2     2,-0.3     2,-0.0     0, 0.0  -0.922  15.8-152.6-152.0 135.4  -53.4   17.8   27.2               
   91   91 A Q        +     0   0  182     -2,-0.3     2,-0.2     2,-0.0    -2,-0.0  -0.803  18.0 166.1 -94.3 146.8  -53.6   14.1   26.1               
   92   92 A T        -     0   0  136     -2,-0.3     2,-0.4     2,-0.0    -2,-0.0  -0.734  14.8-160.7-156.7 119.8  -54.9   12.8   22.7               
   93   93 A D        +     0   0  149     -2,-0.2     2,-0.2     0, 0.0    -2,-0.0  -0.758  27.1 133.5 -76.4 137.7  -54.5    9.3   21.2               
   94   94 A D        +     0   0  164     -2,-0.4    -2,-0.0     1,-0.1     0, 0.0  -0.695  29.0   5.5-169.1 163.8  -54.9    8.4   17.6               
   95   95 A A        -     0   0   83     -2,-0.2    -1,-0.1     2,-0.0     0, 0.0   0.962  55.0 -31.2  62.8 110.2  -53.8    6.7   14.4               
   96   96 A A        -     0   0   85      1,-0.1     2,-0.4     0, 0.0    -2,-0.0   0.968  15.5-143.2  73.6 109.7  -51.4    4.5   12.6               
   97   97 A P        +     0   0  130      0, 0.0     2,-0.3     0, 0.0    -1,-0.1  -0.804  39.3 178.0 -80.4 142.5  -48.0    2.9   12.0               
   98   98 A T        -     0   0  126     -2,-0.4     0, 0.0     2,-0.0     0, 0.0  -0.990  35.3 -75.6-150.4 147.5  -47.6    2.5    8.1               
   99   99 A D        +     0   0  162     -2,-0.3     0, 0.0     1,-0.1     0, 0.0  -0.072  44.4 161.5 -51.5 132.3  -44.7    1.3    5.9               
  100  100 A G        -     0   0   70      2,-0.0    -1,-0.1     0, 0.0    -2,-0.0  -0.402  20.9-169.8-145.2  54.1  -41.6    3.5    5.3               
  101  101 A Q        -     0   0  179      1,-0.1     2,-0.3     3,-0.0    -2,-0.0  -0.365  11.8-146.5 -59.8 109.6  -39.0    0.9    4.1               
  102  102 A P        -     0   0  113      0, 0.0     2,-0.1     0, 0.0    -1,-0.1  -0.600  30.7-105.0 -76.4 132.8  -35.4    2.5    3.9               
  103  103 A Q        -     0   0  183     -2,-0.3     2,-0.5     1,-0.1     0, 0.0  -0.342  39.9-108.0 -64.2 132.2  -33.4    1.0    1.0               
  104  104 A T        +     0   0  132     -2,-0.1    -1,-0.1    -3,-0.0    -3,-0.0  -0.463  40.9 171.5 -72.2 114.6  -30.8   -1.5    2.2               
  105  105 A Q        -     0   0  172     -2,-0.5     0, 0.0     1,-0.1     0, 0.0  -0.871  53.1 -63.2-120.5 154.2  -27.1   -0.4    2.0               
  106  106 A P        -     0   0  112      0, 0.0     2,-0.6     0, 0.0    -1,-0.1  -0.061  40.9-120.9 -75.6 138.4  -24.7   -2.7    3.7               
  107  107 A S        -     0   0  119      1,-0.1     2,-0.5     2,-0.0    -3,-0.0  -0.392  31.2-133.5 -59.8 104.7  -24.5   -3.6    7.4               
  108  108 A E        -     0   0  136     -2,-0.6     2,-0.9     1,-0.1    -1,-0.1  -0.518  20.0-120.6 -70.0 115.9  -21.0   -2.5    8.5               
  109  109 A N    >   -     0   0  101     -2,-0.5     3,-1.0     1,-0.2    -1,-0.1  -0.386  31.3-170.2 -62.5  94.0  -19.5   -5.4   10.5               
  110  110 A T  G >  S+     0   0   91     -2,-0.9     3,-0.7     1,-0.2    -1,-0.2   0.691  75.2  61.0 -72.9 -19.4  -18.9   -3.4   13.8               
  111  111 A E  G >  S+     0   0  175      1,-0.2     3,-0.5     2,-0.1    -1,-0.2   0.739  92.5  67.1 -79.0 -21.6  -16.8   -6.1   15.6               
  112  112 A N  G X   +     0   0   75     -3,-1.0     3,-2.2     1,-0.2    54,-0.3   0.370  64.2 112.9 -80.6   5.6  -14.0   -6.1   13.0               
  113  113 A K  G <  S+     0   0  107     -3,-0.7    53,-1.3     1,-0.3    54,-1.2   0.768  77.0  47.1 -57.4 -32.7  -12.8   -2.5   13.8               
  114  114 A S  G <  S+     0   0   86     -3,-0.5    -1,-0.3    51,-0.2    -2,-0.1   0.287  88.7 108.9 -90.0   3.8   -9.4   -3.6   15.2               
  115  115 A Q  S <  S-     0   0  109     -3,-2.2    51,-0.3     1,-0.1     2,-0.1  -0.663  81.1-101.8 -82.4 141.0   -8.5   -6.0   12.3               
  116  116 A P        -     0   0   77      0, 0.0     2,-0.4     0, 0.0    48,-0.2  -0.369  42.8-158.2 -57.9 129.8   -5.8   -5.1    9.8               
  117  117 A K  E     -A  163   0A  44     46,-1.3    46,-2.6    -2,-0.1     2,-0.5  -0.958   7.5-151.1-124.7 127.3   -7.4   -3.8    6.6               
  118  118 A R  E     -A  162   0A  35     -2,-0.4    73,-2.5    44,-0.3     2,-0.3  -0.834  10.2-160.9 -98.4 126.9   -5.9   -3.7    3.1               
  119  119 A L  E     -AB 161 190A   0     42,-3.1    42,-1.8    -2,-0.5     2,-0.5  -0.794  14.3-136.0 -98.5 146.9   -7.0   -1.1    0.5               
  120  120 A H  E     -AB 160 189A  47     69,-2.8    69,-2.7    -2,-0.3     2,-0.5  -0.925  19.7-160.6 -96.4 127.4   -6.6   -1.3   -3.2               
  121  121 A V  E     -AB 159 188A   0     38,-2.9    38,-2.6    -2,-0.5     2,-0.2  -0.971  14.2-172.6-117.8 116.9   -5.4    2.1   -4.6               
  122  122 A S  E     +AB 158 187A  29     65,-3.0    65,-2.1    -2,-0.5    36,-0.2  -0.708  53.4  22.6-117.2 159.1   -5.9    2.6   -8.4               
  123  123 A N  S    S+     0   0   61     34,-0.7    35,-0.2    -2,-0.2    -1,-0.2   0.607  76.5 159.2  60.2  20.7   -5.0    5.1  -11.1               
  124  124 A I        -     0   0    2     33,-1.4    -1,-0.2    -3,-0.2    61,-0.1  -0.298  52.0 -85.6 -66.8 152.3   -1.9    6.4   -9.1               
  125  125 A P    >   -     0   0    5      0, 0.0     3,-2.0     0, 0.0    -1,-0.1  -0.326  33.9-123.1 -60.1 140.5    0.9    8.3  -11.0               
  126  126 A F  T 3  S+     0   0  119      1,-0.3    29,-0.4    -3,-0.1    31,-0.1   0.711 110.3  60.5 -63.4 -17.4    3.5    5.9  -12.5               
  127  127 A R  T 3  S+     0   0  176     27,-0.1    -1,-0.3    30,-0.0    -3,-0.0   0.692  80.2 113.8 -79.6 -17.6    6.3    7.8  -10.5               
  128  128 A F    <   +     0   0   15     -3,-2.0     2,-0.2     4,-0.1    29,-0.1  -0.211  41.9 177.9 -60.6 141.5    4.7    7.0   -7.1               
  129  129 A R     >  -     0   0  100     26,-0.0     4,-1.8    18,-0.0     3,-0.4  -0.703  48.9 -75.6-129.2 178.5    6.6    4.7   -4.7               
  130  130 A D  H  > S+     0   0   58      1,-0.2     4,-2.4    -2,-0.2     5,-0.1   0.839 127.0  53.1 -50.8 -42.7    6.0    3.3   -1.2               
  131  131 A P  H  > S+     0   0   87      0, 0.0     4,-2.7     0, 0.0    -1,-0.2   0.912 106.8  52.5 -62.1 -40.1    7.0    6.7    0.6               
  132  132 A D  H  > S+     0   0   58     -3,-0.4     4,-2.5     1,-0.2    -2,-0.2   0.926 113.6  43.0 -64.5 -43.4    4.4    8.7   -1.5               
  133  133 A L  H  X S+     0   0    0     -4,-1.8     4,-2.6     2,-0.2     5,-0.4   0.912 113.6  52.2 -66.4 -41.2    1.6    6.3   -0.6               
  134  134 A R  H  X S+     0   0   98     -4,-2.4     4,-1.7    -5,-0.2    -2,-0.2   0.885 113.1  45.3 -63.5 -36.6    2.8    6.2    3.1               
  135  135 A Q  H  X S+     0   0  160     -4,-2.7     4,-0.7     2,-0.2    -2,-0.2   0.937 116.9  43.6 -69.2 -47.3    2.7   10.1    3.2               
  136  136 A M  H  < S+     0   0   30     -4,-2.5    -2,-0.2    -5,-0.2    -3,-0.2   0.866 127.4  29.1 -69.7 -38.0   -0.7   10.4    1.5               
  137  137 A F  H >< S+     0   0    0     -4,-2.6     3,-1.9    -5,-0.2     4,-0.5   0.725 102.8  77.6 -93.1 -25.6   -2.4    7.6    3.5               
  138  138 A G  H >< S+     0   0   35     -4,-1.7     3,-0.8    -5,-0.4    -3,-0.1   0.756  80.3  70.6 -66.5 -23.4   -0.5    7.8    6.8               
  139  139 A Q  T 3< S+     0   0  142     -4,-0.7    -1,-0.3     1,-0.2    -2,-0.1   0.686  98.2  52.1 -60.5 -20.8   -2.4   10.9    8.0               
  140  140 A F  T <  S-     0   0   35     -3,-1.9     2,-0.3     1,-0.3    -1,-0.2   0.697 125.3 -50.5 -90.6 -21.6   -5.5    8.6    8.5               
  141  141 A G  S <  S-     0   0   17     -3,-0.8     2,-0.4    -4,-0.5    -1,-0.3  -0.941  77.8 -40.0 162.7 175.5   -3.8    5.9   10.7               
  142  142 A K        -     0   0  123     -2,-0.3    22,-2.6    -3,-0.1     2,-0.6  -0.480  48.8-150.7 -73.8 121.6   -0.9    3.4   11.1               
  143  143 A I  E     +C  163   0A  21     -2,-0.4    20,-0.3    20,-0.2     3,-0.1  -0.822  17.4 178.3 -95.5 117.2    0.3    1.7    7.9               
  144  144 A L  E     +     0   0A  80     18,-2.1     2,-0.3    -2,-0.6    -1,-0.2   0.975  68.7  15.2 -72.7 -61.3    1.8   -1.8    8.3               
  145  145 A D  E     -C  162   0A  60     17,-1.1    17,-3.2     2,-0.0     2,-0.3  -0.873  55.7-176.2-128.2 143.8    2.4   -2.7    4.6               
  146  146 A V  E     +C  161   0A  10     -2,-0.3     2,-0.3    15,-0.2    15,-0.2  -0.988   9.8 173.5-138.9 139.7    2.6   -0.9    1.3               
  147  147 A E  E     -C  160   0A  50     13,-2.1    13,-2.8    -2,-0.3     2,-0.4  -0.942  16.2-159.0-152.2 125.7    3.1   -2.5   -2.1               
  148  148 A I  E     -C  159   0A   9     -2,-0.3     2,-0.6    11,-0.3    11,-0.3  -0.875  25.9-125.2-104.1 136.8    3.0   -1.1   -5.7               
  149  149 A I  E     -     0   0A  39      9,-2.2     7,-3.1    -2,-0.4     9,-0.4  -0.738  31.4-169.1 -89.2 120.3    2.4   -3.5   -8.6               
  150  150 A F  E     -C  155   0A  96     -2,-0.6     2,-0.3     5,-0.3     5,-0.2  -0.609  13.1-165.4-100.5 159.0    5.1   -3.4  -11.3               
  151  151 A N  E >   -C  154   0A  94      3,-2.7     3,-2.5    -2,-0.2     0, 0.0  -0.828  50.2 -86.8-123.9 174.2    5.5   -4.9  -14.7               
  152  152 A E  T 3  S+     0   0  193      1,-0.3     3,-0.1    -2,-0.3    -2,-0.0   0.776 130.7  52.9 -53.7 -28.3    8.7   -5.1  -16.9               
  153  153 A R  T 3  S-     0   0  243      1,-0.3    -1,-0.3     0, 0.0     2,-0.3   0.343 124.4 -93.0 -86.9   1.1    8.0   -1.6  -18.2               
  154  154 A G  E <  S+ C   0 151A  30     -3,-2.5    -3,-2.7     2,-0.0    -1,-0.3  -0.784  78.8   1.4 112.5-162.6    7.6   -0.0  -14.6               
  155  155 A S  E     - C   0 150A  16    -29,-0.4    -5,-0.3    -2,-0.3     4,-0.1  -0.312  51.9-140.5 -67.1 143.5    4.6    0.5  -12.3               
  156  156 A K  E     -     0   0A 115     -7,-3.1   -33,-0.2     2,-0.3    -1,-0.1   0.326  48.4-106.2 -81.2   6.2    1.0   -0.6  -13.4               
  157  157 A G  E    S+     0   0A   3     -8,-0.2   -33,-1.4     1,-0.2   -34,-0.7   0.691  92.6  84.0  70.7  20.6   -0.5    2.6  -11.8               
  158  158 A F  E     +A  122   0A  45     -9,-0.4    -9,-2.2   -36,-0.2    -2,-0.3  -0.984  45.3 154.3-146.2 159.6   -2.0    0.7   -8.9               
  159  159 A G  E     -AC 121 148A   0    -38,-2.6   -38,-2.9    -2,-0.3     2,-0.3  -0.869  31.8-103.6-160.4-169.0   -0.9   -0.6   -5.4               
  160  160 A F  E     -AC 120 147A  29    -13,-2.8   -13,-2.1    -2,-0.2     2,-0.4  -0.981  13.5-161.6-136.2 147.1   -2.1   -1.6   -2.0               
  161  161 A V  E     -AC 119 146A   0    -42,-1.8   -42,-3.1    -2,-0.3     2,-0.6  -0.998   9.2-158.1-130.3 123.9   -2.0   -0.0    1.5               
  162  162 A T  E     -AC 118 145A  19    -17,-3.2   -18,-2.1    -2,-0.4   -17,-1.1  -0.909   9.7-162.5-107.4 108.4   -2.5   -2.2    4.7               
  163  163 A F  E     -AC 117 143A   0    -46,-2.6   -46,-1.3    -2,-0.6   -20,-0.2  -0.545  22.2-134.3 -80.3 153.4   -3.6   -0.3    7.8               
  164  164 A E  S    S+     0   0   80    -22,-2.6     2,-0.4   -48,-0.2   -21,-0.1   0.819  94.8  45.9 -69.4 -34.5   -3.4   -1.7   11.3               
  165  165 A N  S >> S-     0   0   51    -23,-0.3     4,-1.4   -49,-0.1     3,-0.9  -0.936  73.5-145.0-122.3 130.4   -7.0   -0.7   12.2               
  166  166 A S  H 3> S+     0   0   15    -53,-1.3     4,-1.7    -2,-0.4   -52,-0.2   0.898  99.7  57.4 -68.9 -37.4  -10.0   -1.3    9.9               
  167  167 A A  H 3> S+     0   0   30    -54,-1.2     4,-1.6     1,-0.2    -1,-0.3   0.709 104.2  54.8 -63.7 -22.2  -11.8    2.0   10.8               
  168  168 A D  H <> S+     0   0   22     -3,-0.9     4,-2.5   -55,-0.3    -1,-0.2   0.909 106.0  50.5 -77.8 -41.5   -8.6    3.9    9.7               
  169  169 A A  H  X S+     0   0    0     -4,-1.4     4,-2.5     2,-0.2    -2,-0.2   0.840 109.2  53.0 -61.4 -35.0   -8.7    2.3    6.2               
  170  170 A D  H  X S+     0   0   29     -4,-1.7     4,-2.7     2,-0.2    -2,-0.2   0.944 109.5  46.6 -69.8 -42.8  -12.4    3.3    6.0               
  171  171 A R  H  X S+     0   0  110     -4,-1.6     4,-2.2     2,-0.2    -2,-0.2   0.922 114.8  48.2 -59.9 -43.9  -11.7    7.0    6.8               
  172  172 A A  H  X S+     0   0    0     -4,-2.5     4,-2.1     2,-0.2     5,-0.3   0.907 112.1  49.4 -63.8 -42.0   -8.8    6.9    4.2               
  173  173 A R  H  X S+     0   0   74     -4,-2.5     4,-2.1     2,-0.2    -2,-0.2   0.949 112.9  46.9 -57.8 -52.6  -11.1    5.2    1.6               
  174  174 A E  H  < S+     0   0  127     -4,-2.7    -2,-0.2     1,-0.2    -1,-0.2   0.865 119.2  38.7 -61.4 -41.5  -13.9    7.8    2.1               
  175  175 A K  H  < S+     0   0  119     -4,-2.2    -1,-0.2    -5,-0.2    -2,-0.2   0.743 123.2  37.2 -86.9 -25.6  -11.5   10.9    2.0               
  176  176 A L  H >< S+     0   0   14     -4,-2.1     3,-2.0    -5,-0.2     2,-0.3   0.679  85.1 107.5-100.5 -22.1   -9.1    9.7   -0.8               
  177  177 A H  T 3< S+     0   0   92     -4,-2.1    10,-0.2    -5,-0.3   -56,-0.0  -0.399  96.3   6.0 -60.0 121.9  -11.5    7.9   -3.2               
  178  178 A G  T 3  S+     0   0   23      8,-2.3    -1,-0.3     1,-0.3     9,-0.1   0.485  94.5 140.1  80.7   6.0  -12.0   10.1   -6.3               
  179  179 A T    <   -     0   0   47     -3,-2.0     7,-2.5     7,-0.2     2,-0.6  -0.353  54.7-116.4 -70.7 157.0   -9.3   12.8   -5.3               
  180  180 A V  E     +D  185   0B 102      5,-0.3     2,-0.5    -2,-0.1     5,-0.3  -0.899  32.5 179.5-104.8 120.5   -7.1   14.2   -8.0               
  181  181 A V  E >  S-D  184   0B  23      3,-3.0     3,-2.2    -2,-0.6    -2,-0.0  -0.981  74.6 -17.4-123.7 117.0   -3.3   13.5   -7.7               
  182  182 A E  T 3  S-     0   0   94     -2,-0.5    -1,-0.1     1,-0.3     3,-0.1   0.852 129.1 -53.1  53.1  37.7   -0.9   14.8  -10.4               
  183  183 A G  T 3  S+     0   0   71      1,-0.2     2,-0.5   -58,-0.0    -1,-0.3   0.388 118.4 113.8  78.1  -1.2   -4.0   15.3  -12.7               
  184  184 A R  E <   -D  181   0B  73     -3,-2.2    -3,-3.0   -61,-0.0     2,-0.8  -0.875  67.8-132.5-101.5 127.7   -5.1   11.6  -12.2               
  185  185 A K  E     -D  180   0B 125     -2,-0.5    -5,-0.3    -5,-0.3     2,-0.2  -0.710  30.0-148.5 -75.2 108.2   -8.3   10.8  -10.4               
  186  186 A I        -     0   0    0     -7,-2.5    -8,-2.3    -2,-0.8     2,-0.4  -0.493   4.2-146.8 -79.5 150.8   -7.3    8.1   -7.9               
  187  187 A E  E     -B  122   0A  90    -65,-2.1   -65,-3.0   -10,-0.2     2,-0.5  -0.965   7.2-163.8-119.1 133.6   -9.6    5.3   -6.8               
  188  188 A V  E     +B  121   0A   0     -2,-0.4     2,-0.3   -67,-0.2   -67,-0.2  -0.976  21.3 159.3-120.3 121.5   -9.6    3.7   -3.3               
  189  189 A N  E     -B  120   0A  68    -69,-2.7   -69,-2.8    -2,-0.5     2,-0.3  -0.861  48.8 -85.0-131.3 163.1  -11.4    0.4   -2.8               
  190  190 A N  E     -B  119   0A  83     -2,-0.3     2,-0.3   -71,-0.2   -71,-0.2  -0.569  52.9-121.2 -63.8 132.3  -11.4   -2.6   -0.4               
  191  191 A A        -     0   0   19    -73,-2.5     2,-0.2    -2,-0.3   -73,-0.2  -0.574  21.6-108.6 -72.8 142.2   -8.6   -5.0   -1.5               
  192  192 A T        -     0   0  120     -2,-0.3    -1,-0.1     1,-0.1     3,-0.1  -0.531  51.8 -98.1 -56.2 128.8   -9.5   -8.6   -2.4               
  193  193 A A        -     0   0   92     -2,-0.2     2,-0.3     1,-0.1    -1,-0.1  -0.263  37.7-112.7 -54.0 134.6   -8.0  -10.6    0.6               
  194  194 A R        -     0   0  121      1,-0.1     2,-2.4    -3,-0.1    -1,-0.1  -0.582  23.1-123.5 -64.8 131.9   -4.6  -12.1   -0.2               
  195  195 A V        +     0   0  135     -2,-0.3     2,-1.1     2,-0.1    -1,-0.1  -0.496  37.5 179.0 -73.9  69.1   -4.8  -15.9   -0.4               
  196  196 A M        -     0   0  126     -2,-2.4     2,-1.8     1,-0.1    -2,-0.0  -0.742  28.4-138.8 -62.8 101.7   -2.1  -16.2    2.3               
  197  197 A T        -     0   0  105     -2,-1.1     2,-2.6     1,-0.1    -2,-0.1  -0.603  16.3-154.6 -64.0  86.6   -2.2  -20.0    2.3               
  198  198 A N        -     0   0  129     -2,-1.8     2,-1.8     1,-0.1    -1,-0.1  -0.460  17.3-179.8 -72.8  68.3   -1.9  -20.1    6.1               
  199  199 A K        -     0   0  165     -2,-2.6     2,-1.0     2,-0.0    -2,-0.1  -0.694  22.3-147.3 -62.0  87.2   -0.3  -23.5    6.3               
  200  200 A K        -     0   0  167     -2,-1.8     2,-1.4     1,-0.1    -2,-0.1  -0.632  18.4-132.7 -50.9  98.3   -0.1  -23.5   10.0               
  201  201 A T        -     0   0   96     -2,-1.0     2,-1.4     1,-0.1    -1,-0.1  -0.638  16.0-150.3 -63.8  93.8    3.1  -25.6    9.9               
  202  202 A V        -     0   0  117     -2,-1.4    -1,-0.1     2,-0.1    -2,-0.0  -0.704  10.4-141.9 -64.4  94.6    2.1  -28.1   12.5               
  203  203 A N    >   -     0   0  102     -2,-1.4     3,-1.4     1,-0.1     2,-0.6  -0.623  16.0-131.6 -53.1 118.4    5.6  -28.9   13.8               
  204  204 A P  T 3  S+     0   0  106      0, 0.0    -1,-0.1     0, 0.0    -2,-0.1   0.180  99.2  61.9 -72.6  23.1    4.9  -32.7   14.3               
  205  205 A Y  T 3  S+     0   0  223     -2,-0.6     2,-0.6     1,-0.1     3,-0.1   0.092  74.3  95.7-135.9  14.6    6.5  -32.4   17.8               
  206  206 A T  S <  S+     0   0   87     -3,-1.4    -1,-0.1     1,-0.3    -3,-0.0  -0.844  83.5  13.5-117.8  98.4    4.1  -29.9   19.6               
  207  207 A N        -     0   0  153     -2,-0.6    -1,-0.3    -3,-0.0     2,-0.1   0.809  57.7-168.1  67.1 117.6    1.5  -31.9   21.7               
  208  208 A G        +     0   0   59     -3,-0.1    -3,-0.0     3,-0.0    -2,-0.0   0.057  36.8  77.9  97.5 115.0    1.2  -34.8   22.6               
  209  209 A W        +     0   0  254     -2,-0.1     0, 0.0     2,-0.0     0, 0.0   0.568  66.4  53.1  76.2 138.6   -1.6  -37.0   24.1               
  210  210 A K        +     0   0  190      1,-0.3     2,-0.5     0, 0.0     0, 0.0   0.871  46.6 138.8  70.9  56.2   -4.7  -38.7   22.6               
  211  211 A L        -     0   0  172      2,-0.0    -1,-0.3     3,-0.0    -2,-0.0  -0.963  55.4-125.5 -93.8 134.9   -4.1  -40.9   19.6               
  212  212 A N    >   -     0   0  126     -2,-0.5     2,-1.8     1,-0.1     3,-0.9  -0.713  15.0-134.2 -76.2 128.4   -6.2  -44.0   20.1               
  213  213 A P  T 3  S+     0   0  138      0, 0.0     3,-0.1     0, 0.0    -1,-0.1  -0.156  86.5  79.8 -80.9  43.0   -3.9  -47.1   19.8               
  214  214 A V  T 3  S+     0   0  128     -2,-1.8     2,-0.4     1,-0.2     3,-0.1   0.550  83.3  47.6-132.4 -12.1   -6.2  -49.0   17.4               
  215  215 A V  S <  S+     0   0  140     -3,-0.9    -1,-0.2     1,-0.1    -3,-0.1  -0.842  81.2  83.4-135.7  96.5   -5.8  -47.7   13.8               
  216  216 A G        +     0   0   82     -2,-0.4    -1,-0.1    -3,-0.1    -2,-0.0   0.338  55.5  93.2-172.9  11.5   -2.2  -47.4   12.7               
  217  217 A A  S    S+     0   0  104     -3,-0.1     2,-0.4     2,-0.0     3,-0.1   0.076  71.9  79.3-106.2  18.0   -0.8  -50.8   11.4               
  218  218 A V  S    S+     0   0  127      1,-0.2    -3,-0.0     0, 0.0     0, 0.0  -0.998  83.2  14.3-135.1 131.8   -1.5  -50.4    7.6               
  219  219 A Y        +     0   0  215     -2,-0.4    -1,-0.2     1,-0.2    -2,-0.0   0.944  60.5 127.7  66.4  70.6    0.3  -48.4    4.9               
  220  220 A S        -     0   0  115     -3,-0.1     2,-0.7     2,-0.0    -1,-0.2  -0.901  42.7-154.9-125.0 110.3    3.8  -47.2    5.5               
  221  221 A P        -     0   0  109      0, 0.0     2,-0.5     0, 0.0     0, 0.0  -0.745  13.3-138.8 -79.2 114.8    6.1  -48.4    2.6               
  222  222 A E        -     0   0  159     -2,-0.7     2,-1.2     1,-0.1    -2,-0.0  -0.607   4.3-139.5 -68.3 121.1    9.7  -48.7    3.8               
  223  223 A F        -     0   0  207     -2,-0.5     2,-0.9     1,-0.1    -1,-0.1  -0.755  33.8-128.2 -73.1  99.4   12.2  -47.4    1.3               
  224  224 A Y        -     0   0  196     -2,-1.2     2,-0.8     1,-0.1    -1,-0.1  -0.382  18.3-158.4 -59.1  96.7   14.7  -50.3    2.1               
  225  225 A A        -     0   0   86     -2,-0.9     2,-1.3     1,-0.1    -1,-0.1  -0.745  34.4-117.6 -69.9 108.1   18.1  -48.7    2.8               
  226  226 A G        -     0   0   68     -2,-0.8     2,-1.1     1,-0.1    -1,-0.1  -0.378  29.0-165.1 -64.0  90.2   20.1  -51.9    2.1               
  227  227 A T        -     0   0  126     -2,-1.3     2,-0.5     1,-0.0    -1,-0.1  -0.658  21.5-135.8 -68.6  99.7   21.8  -52.9    5.4               
  228  228 A V        -     0   0  144     -2,-1.1     2,-0.1     1,-0.1     3,-0.1  -0.517  27.7-124.6 -58.4 112.2   24.4  -55.3    4.0               
  229  229 A L        -     0   0  154     -2,-0.5     2,-0.3     1,-0.1    -1,-0.1  -0.370  22.4-102.5 -65.9 141.1   24.1  -58.1    6.7               
  230  230 A L        +     0   0  164     -2,-0.1     2,-0.2     1,-0.1    -1,-0.1  -0.479  37.0 178.8 -58.3 123.4   27.2  -59.3    8.6               
  231  231 A C        +     0   0  120     -2,-0.3     2,-1.8    -3,-0.1    -1,-0.1  -0.683   2.4 176.1-125.1  75.2   28.5  -62.6    7.2               
  232  232 A Q        -     0   0  180     -2,-0.2     2,-0.7     2,-0.1    -2,-0.1  -0.606  15.7-164.5 -76.3  80.2   31.6  -63.2    9.4               
  233  233 A A        +     0   0   93     -2,-1.8     2,-0.2     1,-0.0    -2,-0.1  -0.624  22.6 154.1 -70.2 110.0   32.4  -66.6    8.0               
  234  234 A N        -     0   0  120     -2,-0.7    -2,-0.1     1,-0.2    -1,-0.0  -0.674  39.8 -69.4-147.1  99.7   34.9  -68.4   10.3               
  235  235 A Q        +     0   0  162     -2,-0.2    -1,-0.2     0, 0.0     0, 0.0   0.777  56.4  61.0  66.8 149.8   35.2  -72.2   10.5               
  236  236 A E        +     0   0  189      1,-0.0    -2,-0.1     0, 0.0     0, 0.0   0.994  48.2   5.4  70.4 113.8   33.8  -75.6   11.5               
  237  237 A G        -     0   0   72      0, 0.0    -1,-0.0     0, 0.0     0, 0.0   0.591  39.0-119.1 104.4  46.5   31.6  -78.3   11.5               
  238  238 A S        +     0   0  122      0, 0.0     0, 0.0     0, 0.0     0, 0.0   0.883  35.3 104.6  58.1 146.1   28.5  -80.0    9.9               
  239  239 A S        -     0   0  117      0, 0.0     2,-0.0     0, 0.0     0, 0.0   0.753  29.3-144.7  68.3 138.2   24.9  -81.3   10.5               
  240  240 A M        +     0   0  149      0, 0.0     0, 0.0     0, 0.0     0, 0.0   0.284  21.6  69.7 157.6 132.8   21.6  -80.8   10.1               
  241  241 A Y        +     0   0  216     -2,-0.0     0, 0.0     0, 0.0     0, 0.0   0.863  25.7  93.0  57.3 129.0   17.8  -80.8   10.9               
  242  242 A S        -     0   0  105      2,-0.0     0, 0.0     0, 0.0     0, 0.0   0.663  38.1-104.7-177.4 152.9   15.0  -80.0   12.4               
  243  243 A A        -     0   0   88      1,-0.1     2,-0.2     0, 0.0     0, 0.0   0.802  25.8-131.1  33.3 131.5   11.7  -77.9   12.9               
  244  244 A P        -     0   0  123      0, 0.0     2,-0.3     0, 0.0    -1,-0.1  -0.543  18.4-166.0 -97.2 167.4   10.5  -75.1   15.3               
  245  245 A S        -     0   0  117     -2,-0.2     0, 0.0     1,-0.0     0, 0.0  -0.905  29.1 -28.7-157.8 139.8    7.4  -74.6   17.5               
  246  246 A S        -     0   0  102     -2,-0.3    -1,-0.0     1,-0.1     0, 0.0   0.651  43.0-115.5  34.9  94.0    5.4  -72.0   19.6               
  247  247 A L        -     0   0  161      1,-0.0     2,-0.3     2,-0.0    -1,-0.1   0.288  18.0-171.7  34.8 108.7    5.8  -69.0   21.5               
  248  248 A V        -     0   0  139      2,-0.1     2,-0.5     0, 0.0    -1,-0.0  -0.970  19.4-138.7-139.3 144.3    5.2  -68.3   25.2               
  249  249 A Y        +     0   0  195     -2,-0.3     2,-0.3     2,-0.0    -2,-0.0  -0.876  32.5 149.4-102.6 125.1    5.3  -64.7   26.7               
  250  250 A T        -     0   0  135     -2,-0.5     2,-0.4     2,-0.0    -2,-0.1  -0.900  31.1-141.3-148.7 130.5    6.9  -63.7   30.0               
  251  251 A S        +     0   0  103     -2,-0.3     2,-0.3     2,-0.0    -2,-0.0  -0.735  27.3 158.7 -88.1 130.1    8.5  -60.2   30.7               
  252  252 A A        -     0   0   99     -2,-0.4    -2,-0.0     2,-0.0     0, 0.0  -0.863  13.6-173.5-149.0 118.7   11.7  -59.7   32.8               
  253  253 A M        +     0   0  185     -2,-0.3     2,-0.1     0, 0.0    -2,-0.0  -0.899  22.4 119.7 -96.1 140.4   14.1  -56.7   32.9               
  254  254 A P        +     0   0  135      0, 0.0    -2,-0.0     0, 0.0     0, 0.0  -0.242  23.1 106.5-151.9 166.8   17.1  -55.8   34.2               
  255  255 A G        +     0   0   77     -2,-0.1     0, 0.0     0, 0.0     0, 0.0  -0.048  28.2 175.2 166.5  96.7   20.5  -54.7   32.9               
  256  256 A F        +     0   0  181      2,-0.0     2,-0.1     0, 0.0     0, 0.0  -0.685  15.2 133.9 -84.9 154.4   22.5  -51.4   32.7               
  257  257 A P        -     0   0  121      0, 0.0     0, 0.0     0, 0.0     0, 0.0  -0.129  13.3-179.7-147.5 167.9   25.4  -49.9   32.0               
  258  258 A Y        -     0   0  202     -2,-0.1     2,-0.3     2,-0.0    -2,-0.0  -0.839  22.6-138.4 -94.2 146.2   26.6  -46.8   30.0               
  259  259 A P        -     0   0  122      0, 0.0     2,-0.4     0, 0.0     0, 0.0  -0.728  25.5-147.2 -87.0 155.6   30.2  -45.7   29.5               
  260  260 A A        -     0   0  106     -2,-0.3     2,-0.2     0, 0.0    -2,-0.0  -0.981  15.3-174.5-132.7 139.8   30.8  -41.9   29.9               
  261  261 A A        -     0   0   95     -2,-0.4     0, 0.0     1,-0.1     0, 0.0  -0.864  31.7 -16.4-170.0 143.9   33.2  -39.3   28.3               
  262  262 A T        -     0   0  138     -2,-0.2    -1,-0.1     1,-0.1     2,-0.1   0.795  28.3-146.2-150.8 155.3   34.0  -36.1   28.5               
  263  263 A A        -     0   0   99      0, 0.0     2,-0.3     0, 0.0    -1,-0.1  -0.372   7.0-169.2 -77.6 155.0   33.4  -32.5   29.7               
  264  264 A A        -     0   0  103     -2,-0.1     0, 0.0     0, 0.0     0, 0.0  -0.978  40.8 -88.1-136.5 146.7   34.2  -29.1   28.2               
  265  265 A A        -     0   0   99     -2,-0.3     2,-0.4     1,-0.1     0, 0.0  -0.083  27.6-150.8 -68.6 150.4   33.8  -25.9   30.3               
  266  266 A A        -     0   0   97      2,-0.0     2,-0.4     0, 0.0    -1,-0.1  -0.882   7.1-151.5-104.2 145.2   30.9  -23.5   30.9               
  267  267 A Y        -     0   0  232     -2,-0.4     2,-0.5     2,-0.0     0, 0.0  -0.962  17.1-131.9-111.1 132.0   31.2  -19.7   31.7               
  268  268 A R        -     0   0  258     -2,-0.4     2,-0.4     2,-0.0    -2,-0.0  -0.741  21.6-178.4 -79.9 125.6   28.5  -18.0   33.8               
  269  269 A G        -     0   0   80     -2,-0.5     2,-0.2     0, 0.0    -2,-0.0  -0.946  30.9-123.2-111.4 140.9   27.0  -14.7   32.6               
  270  270 A A        -     0   0   92     -2,-0.4    -2,-0.0     1,-0.2     0, 0.0  -0.618  35.4 -37.8-100.7 148.6   24.4  -13.4   35.1               
  271  271 A H        +     0   0  178     -2,-0.2     2,-0.2     1,-0.1    -1,-0.2   0.705  40.7 142.0  28.3 116.5   20.7  -12.3   35.3               
  272  272 A L        -     0   0  182      2,-0.1     2,-0.6     0, 0.0    -1,-0.1  -0.877  36.3-128.4-158.0 172.2   18.1  -10.6   33.5               
  273  273 A R        +     0   0  248     -2,-0.2     2,-0.3     2,-0.1    -2,-0.0  -0.848  46.4 118.8-117.0 101.0   14.3  -11.4   33.3               
  274  274 A G        -     0   0   72     -2,-0.6     2,-1.1     2,-0.1    -2,-0.1  -0.993  60.6-104.6-158.6 150.3   12.4  -11.7   30.0               
  275  275 A R        +     0   0  268     -2,-0.3     2,-0.3     2,-0.1    -2,-0.1  -0.670  65.4 124.5 -78.9  97.9   10.3  -14.2   27.9               
  276  276 A G        -     0   0   66     -2,-1.1     2,-0.9     2,-0.0    -2,-0.1  -0.878  45.3-153.8-153.8 121.6   12.5  -15.4   25.0               
  277  277 A R        -     0   0  244     -2,-0.3     2,-0.8     2,-0.0    -2,-0.1  -0.828  15.0-153.8 -91.3  99.3   13.5  -19.0   24.0               
  278  278 A T        -     0   0  110     -2,-0.9     2,-1.0     1,-0.1    -2,-0.0  -0.640   9.2-154.4 -67.1 106.8   16.9  -18.7   22.2               
  279  279 A V        -     0   0  110     -2,-0.8     2,-1.3     2,-0.0    -1,-0.1  -0.794   2.6-159.0 -86.7  99.7   16.8  -21.8   19.9               
  280  280 A Y        -     0   0  204     -2,-1.0     2,-1.0     2,-0.0    -2,-0.0  -0.705   6.6-159.5 -73.4  94.5   20.5  -22.6   19.3               
  281  281 A N        -     0   0  113     -2,-1.3     2,-1.7     1,-0.1    -2,-0.0  -0.724   8.3-147.8 -72.6 104.5   20.2  -24.7   16.1               
  282  282 A T        -     0   0  134     -2,-1.0     2,-1.5     1,-0.1    -1,-0.1  -0.622  10.8-152.4 -69.0  86.8   23.5  -26.6   16.1               
  283  283 A F        -     0   0  181     -2,-1.7     2,-1.3     1,-0.1    -1,-0.1  -0.544   5.4-151.9 -62.2  90.6   23.9  -26.8   12.3               
  284  284 A R        -     0   0  241     -2,-1.5     2,-0.4     1,-0.1    -1,-0.1  -0.635  23.3-128.6 -65.7  92.9   25.9  -30.0   12.1               
  285  285 A A        -     0   0  100     -2,-1.3     2,-0.3     1,-0.1    -1,-0.1  -0.347  18.0-147.9 -54.9 106.2   27.7  -29.1    8.9               
  286  286 A A        -     0   0   92     -2,-0.4    -1,-0.1     1,-0.1    -3,-0.0  -0.644  26.2-110.3 -68.3 133.3   27.2  -32.0    6.5               
  287  287 A A        -     0   0   90     -2,-0.3    -1,-0.1     1,-0.1     0, 0.0  -0.438  39.1-102.8 -59.7 140.4   30.3  -32.3    4.3               
  288  288 A P        -     0   0  112      0, 0.0    -1,-0.1     0, 0.0    -3,-0.0  -0.362  45.3 -95.2 -60.5 147.5   29.5  -31.4    0.6               
  289  289 A P        -     0   0  115      0, 0.0     3,-0.1     0, 0.0    -3,-0.0  -0.355  48.0 -97.9 -61.2 145.6   29.1  -34.4   -1.7               
  290  290 A P        -     0   0  110      0, 0.0     2,-0.2     0, 0.0    -3,-0.0  -0.376  45.2 -98.2 -63.5 143.7   32.3  -35.3   -3.6               
  291  291 A P        -     0   0  125      0, 0.0     0, 0.0     0, 0.0     0, 0.0  -0.458  35.5-126.2 -64.9 128.3   32.4  -34.0   -7.2               
  292  292 A I        -     0   0  157     -2,-0.2     2,-0.9     1,-0.1     0, 0.0  -0.651  21.6-126.1 -73.9 122.1   31.3  -36.7   -9.8               
  293  293 A P        -     0   0  114      0, 0.0     2,-0.6     0, 0.0    -1,-0.1  -0.611  19.8-140.6 -72.3 107.5   34.1  -37.0  -12.4               
  294  294 A A        -     0   0  102     -2,-0.9     2,-0.2     1,-0.1    -2,-0.0  -0.595  20.5-130.1 -66.4 114.6   32.3  -36.6  -15.8               
  295  295 A Y        -     0   0  230     -2,-0.6     2,-0.4     1,-0.1    -1,-0.1  -0.462  27.2-102.9 -69.4 139.5   33.9  -39.2  -18.1               
  296  296 A G        -     0   0   69     -2,-0.2     2,-0.4     1,-0.0    -1,-0.1  -0.515  28.0-159.9 -71.7 121.0   35.1  -37.8  -21.5               
  297  297 A G        -     0   0   80     -2,-0.4     2,-0.4     0, 0.0    -1,-0.0  -0.861  19.1-156.6 -91.5 132.5   33.0  -38.6  -24.6               
  298  298 A V        +     0   0  131     -2,-0.4    -2,-0.0     1,-0.1     0, 0.0  -0.931  26.2  13.1-118.8 140.7   35.0  -38.1  -27.8               
  299  299 A V        +     0   0  117     -2,-0.4     2,-0.1     1,-0.2    -1,-0.1   0.715  29.2 127.8  69.2 128.3   34.2  -37.4  -31.5               
  300  300 A Y        -     0   0  226      2,-0.0     2,-0.4     0, 0.0    -1,-0.2  -0.108  32.2-169.4-125.7 166.9   32.5  -36.6  -34.2               
  301  301 A Q        +     0   0  172     -2,-0.1     2,-0.2     0, 0.0     0, 0.0  -0.987  17.9 142.3-127.9 114.5   33.9  -33.9  -36.5               
  302  302 A D        -     0   0  172     -2,-0.4    -2,-0.0     2,-0.1     0, 0.0  -0.616  23.0 -55.5 178.5 147.6   32.2  -32.0  -39.4               
  303  303 A G        +     0   0   53     -2,-0.2    -1,-0.0     0, 0.0     0, 0.0   0.718  36.1  56.1 172.2 156.3   32.0  -29.2  -40.9               
  304  304 A F        -     0   0  199      0, 0.0    -2,-0.1     0, 0.0     0, 0.0   0.565  38.1 -34.2  68.1 148.1   31.7  -25.6  -42.6               
  305  305 A Y        +     0   0  216      2,-0.0     0, 0.0     0, 0.0     0, 0.0   0.521  40.4  62.7-165.8 152.4   32.7  -22.5  -42.6               
  306  306 A G        -     0   0   61      0, 0.0     2,-0.2     0, 0.0     0, 0.0   0.450  23.4-163.8  94.0 118.0   34.0  -18.9  -41.9               
  307  307 A A        +     0   0   87      0, 0.0    -2,-0.0     0, 0.0     2,-0.0   0.098  10.9 158.4  59.6 123.5   36.5  -17.0  -40.8               
  308  308 A D        +     0   0  155     -2,-0.2     0, 0.0     0, 0.0     0, 0.0   0.732  27.1   1.0-145.5-179.3   37.4  -14.2  -39.7               
  309  309 A I        -     0   0  140     -2,-0.0     0, 0.0     0, 0.0     0, 0.0   0.626  38.6-104.0-155.0 176.0   39.5  -12.3  -38.0               
  310  310 A Y        +     0   0  217      1,-0.0     0, 0.0     0, 0.0     0, 0.0   0.394  34.7 142.0   0.3 135.4   42.6  -11.5  -35.8               
  311  311 A G        -     0   0   78      2,-0.0    -1,-0.0     0, 0.0     0, 0.0   0.437  45.5 -79.2 162.2  74.7   43.1  -10.6  -32.1               
  312  312 A G        -     0   0   79      1,-0.2     2,-0.7     0, 0.0     0, 0.0   0.973  18.1-138.8  72.2  97.9   45.7  -11.5  -29.3               
  313  313 A Y        +     0   0  247      1,-0.0     2,-0.2     2,-0.0    -1,-0.2  -0.746  34.8 157.7 -79.7 117.9   46.4  -14.4  -27.0               
  314  314 A A        +     0   0   99     -2,-0.7     2,-0.3     2,-0.0    -1,-0.0  -0.728  10.9 172.7-141.6  91.5   47.3  -13.2  -23.5               
  315  315 A A        +     0   0   91     -2,-0.2    -2,-0.0     2,-0.0     2,-0.0  -0.693   8.7 146.7 -74.2 148.8   46.8  -15.6  -20.6               
  316  316 A Y        -     0   0  186     -2,-0.3    -2,-0.0     0, 0.0    -1,-0.0  -0.107  48.4 -54.8-173.5 122.7   47.8  -15.2  -17.1               
  317  317 A R        -     0   0  188      1,-0.2     2,-0.6    -2,-0.0    -2,-0.0   0.901  23.7-143.9  54.9  95.9   46.4  -16.4  -13.7               
  318  318 A Y        -     0   0  234      2,-0.0     2,-0.6     1,-0.0    -1,-0.2  -0.710  25.6-149.9 -62.6 117.5   43.0  -16.0  -12.1               
  319  319 A A        -     0   0   90     -2,-0.6    -1,-0.0     0, 0.0     0, 0.0  -0.898  15.4-142.0 -88.8 116.9   44.0  -15.6   -8.4               
  320  320 A Q        -     0   0  179     -2,-0.6     2,-0.2     3,-0.0    -2,-0.0  -0.726   2.6-143.1 -80.9 128.1   41.1  -17.1   -6.4               
  321  321 A P        -     0   0  117      0, 0.0     3,-0.1     0, 0.0     0, 0.0  -0.562  40.9 -95.4 -66.5 149.5   40.0  -15.6   -3.1               
  322  322 A T        -     0   0  127     -2,-0.2     2,-1.2     1,-0.1     0, 0.0  -0.199  51.4 -77.4 -64.4 159.2   39.0  -18.4   -0.6               
  323  323 A P        -     0   0  126      0, 0.0     2,-0.3     0, 0.0    -1,-0.1  -0.448  47.3-158.4 -67.8  95.0   35.3  -19.5   -0.2               
  324  324 A A        -     0   0   92     -2,-1.2     2,-1.6     1,-0.1     0, 0.0  -0.588  31.5-106.8 -67.9 131.6   33.6  -16.8    1.9               
  325  325 A T        -     0   0  143     -2,-0.3     2,-0.7     1,-0.1    -1,-0.1  -0.442  32.1-152.3 -71.6  86.7   30.5  -18.3    3.5               
  326  326 A A        -     0   0   85     -2,-1.6     2,-1.5     1,-0.1    -1,-0.1  -0.462  12.4-139.2 -62.0 104.7   27.7  -16.6    1.5               
  327  327 A A        -     0   0   87     -2,-0.7     2,-0.8     1,-0.1    -1,-0.1  -0.542  12.4-151.5 -73.9  89.6   24.8  -16.6    4.0               
  328  328 A A        -     0   0   68     -2,-1.5     2,-0.4    10,-0.1    10,-0.1  -0.507  11.7-150.2 -61.0 103.8   21.8  -17.5    1.8               
  329  329 A Y  E     -E  337   0C 193     -2,-0.8     8,-1.6     8,-0.6     2,-0.5  -0.701   9.8-160.7 -81.9 127.4   18.8  -15.8    3.6               
  330  330 A S  E     -E  336   0C  76     -2,-0.4     6,-0.2     6,-0.2     2,-0.1  -0.946   6.2-144.3-110.2 125.3   15.5  -17.6    3.2               
  331  331 A D    >   -     0   0   82      4,-1.6     3,-2.5    -2,-0.5     4,-0.1  -0.418  37.2 -95.9 -73.0 162.9   12.2  -15.9    3.8               
  332  332 A S  T 3  S+     0   0  114      1,-0.3    -1,-0.1     2,-0.1    -2,-0.0   0.766 126.1  60.2 -45.9 -31.7    9.1  -17.7    5.3               
  333  333 A Y  T 3  S-     0   0  148      2,-0.1    -1,-0.3     1,-0.0    -2,-0.0   0.244 119.0-109.7 -86.8  11.9    7.9  -18.3    1.7               
  334  334 A G    <   +     0   0   58     -3,-2.5     2,-0.6     1,-0.2    -2,-0.1   0.621  64.6 152.5  71.7  13.9   11.1  -20.3    0.8               
  335  335 A R        -     0   0  170     -4,-0.1    -4,-1.6     2,-0.0     2,-0.6  -0.707  32.0-154.8 -73.2 116.0   12.6  -17.6   -1.5               
  336  336 A V  E     -E  330   0C 104     -2,-0.6     2,-0.5    -6,-0.2    -6,-0.2  -0.870   7.0-161.5 -89.2 120.8   16.4  -18.0   -1.5               
  337  337 A Y  E     -E  329   0C 156     -8,-1.6    -8,-0.6    -2,-0.6     2,-0.3  -0.920  10.9-141.1-100.1 124.4   18.2  -14.7   -2.4               
  338  338 A A        -     0   0   95     -2,-0.5     2,-0.3   -10,-0.1   -10,-0.1  -0.683  28.8-113.8 -71.0 135.2   21.8  -14.9   -3.5               
  339  339 A A        -     0   0   81     -2,-0.3   -11,-0.0     1,-0.1    -1,-0.0  -0.611  33.4-114.3 -69.1 129.8   23.8  -12.0   -2.1               
  340  340 A D    >   -     0   0  103     -2,-0.3     3,-1.2     1,-0.1    -1,-0.1  -0.491  16.8-132.9 -65.8 132.1   24.9   -9.7   -4.9               
  341  341 A P  T 3  S+     0   0  120      0, 0.0    -1,-0.1     0, 0.0    -2,-0.0   0.619  97.8  61.2 -59.7 -16.2   28.8   -9.7   -5.3               
  342  342 A Y  T 3  S+     0   0  195      1,-0.1     2,-1.4     2,-0.1    -2,-0.0   0.495  70.6 102.2-100.1  -3.8   28.9   -5.8   -5.5               
  343  343 A H    <   -     0   0  171     -3,-1.2     2,-0.3     2,-0.0    -1,-0.1  -0.607  61.0-152.9 -85.1  90.3   27.4   -4.7   -2.1               
  344  344 A H        -     0   0  181     -2,-1.4     2,-0.8     1,-0.1    -2,-0.1  -0.432  24.0-121.3 -56.5 119.9   30.5   -3.7    0.0               
  345  345 A A        -     0   0   89     -2,-0.3     2,-1.9     1,-0.1    -1,-0.1  -0.585  18.4-161.1 -78.9 110.8   29.4   -4.3    3.7               
  346  346 A L        +     0   0  185     -2,-0.8    -1,-0.1     2,-0.0    -2,-0.0  -0.580  35.0 166.5 -75.4  70.3   29.5   -1.3    6.0               
  347  347 A A        -     0   0   78     -2,-1.9     2,-0.4     1,-0.0    -2,-0.0  -0.794  39.6-114.0 -88.2 135.7   29.4   -3.8    9.0               
  348  348 A P        -     0   0  126      0, 0.0    -2,-0.0     0, 0.0    -1,-0.0  -0.572  25.6-143.8 -75.0 123.4   30.2   -2.3   12.5               
  349  349 A A        -     0   0   99     -2,-0.4     2,-0.1     1,-0.0     0, 0.0  -0.669  18.1-147.9 -81.6 137.0   33.5   -3.7   13.9               
  350  350 A P        +     0   0  109      0, 0.0    -1,-0.0     0, 0.0     0, 0.0  -0.458  39.1  72.2 -93.5 178.3   33.6   -4.3   17.8               
  351  351 A T        +     0   0  116     -2,-0.1    -2,-0.0     0, 0.0     0, 0.0   0.569  46.6  68.0  89.8 136.9   36.2   -4.2   20.6               
  352  352 A Y        +     0   0  233      0, 0.0     0, 0.0     0, 0.0     0, 0.0   0.851  42.5 129.6  58.2 132.7   38.3   -1.8   22.8               
  353  353 A G        -     0   0   67      0, 0.0     0, 0.0     0, 0.0     0, 0.0   0.606  33.8-164.9 167.4 154.8   38.2    0.4   25.1               
  354  354 A V        +     0   0  154      0, 0.0     0, 0.0     0, 0.0     0, 0.0   0.962  47.5  51.0  74.0 106.7   38.3    2.8   28.1               
  355  355 A G        +     0   0   77      0, 0.0     0, 0.0     0, 0.0     0, 0.0   0.812  44.0  30.5  76.9 136.9   36.1    5.6   29.5               
  356  356 A A        -     0   0   81      0, 0.0     0, 0.0     0, 0.0     0, 0.0   0.795  25.0-116.1-158.5 170.2   33.5    7.0   30.6               
  357  357 A M        +     0   0  164      1,-0.0     0, 0.0     2,-0.0     0, 0.0   0.329  39.7  69.7  -8.9 147.7   30.1    8.1   32.0               
  358  358 A N        +     0   0  151      0, 0.0    -1,-0.0     0, 0.0     0, 0.0   0.808  22.6 162.5-158.1 134.0   27.0    9.3   31.5               
  359  359 A A        +     0   0   80      2,-0.0    -2,-0.0     0, 0.0     0, 0.0   0.701  19.4 100.3  80.1 136.1   23.9    8.9   30.2               
  360  360 A F        +     0   0  209      0, 0.0     0, 0.0     0, 0.0     0, 0.0   0.905  20.9 170.9  78.0 114.5   20.2   10.2   30.1               
  361  361 A A        +     0   0   81      0, 0.0    -2,-0.0     0, 0.0     0, 0.0  -0.304  10.5 147.6 -89.7-162.8   17.6   12.3   28.3               
  362  362 A P        -     0   0  110      0, 0.0     0, 0.0     0, 0.0     0, 0.0   0.618  16.7 -65.5-142.9-171.1   14.5   13.1   28.0               
  363  363 A L        +     0   0  148      0, 0.0     0, 0.0     0, 0.0     0, 0.0   0.895  26.2  57.5  87.2 139.1   11.2   14.9   27.5               
  364  364 A T        -     0   0  117      0, 0.0     0, 0.0     0, 0.0     0, 0.0   0.986  29.7 -81.8  70.8 111.8    8.1   17.2   27.7               
  365  365 A D        +     0   0  154      0, 0.0     0, 0.0     0, 0.0     0, 0.0   0.738  15.7 162.8  78.2 167.2    6.1   20.2   27.8               
  366  366 A A        -     0   0   86      2,-0.0     2,-0.2     0, 0.0     0, 0.0   0.626  20.9-141.0  76.5 128.6    4.3   23.4   29.3               
  367  367 A K        -     0   0  195      0, 0.0     2,-0.3     0, 0.0     0, 0.0  -0.638   7.2-163.4 106.1  79.8    2.9   26.2   28.3               
  368  368 A T        -     0   0  139     -2,-0.2     2,-0.2     2,-0.1    -2,-0.0  -0.944   9.3-156.2-142.9 137.8    2.5   30.0   29.1               
  369  369 A R        +     0   0  249     -2,-0.3     2,-0.3     0, 0.0     0, 0.0  -0.836  14.2 169.1  90.1  66.3    0.3   32.3   28.1               
  370  370 A S        -     0   0  111     -2,-0.2     2,-0.1     2,-0.0    -2,-0.1  -0.855  22.9-133.5-147.6 123.7    0.4   36.1   27.9               
  371  371 A H        +     0   0  167     -2,-0.3     2,-0.2     0, 0.0     0, 0.0  -0.133  27.6 162.3  74.6  88.7   -1.7   38.3   26.4               
  372  372 A A        -     0   0   97     -2,-0.1     2,-0.2     2,-0.0    -2,-0.0  -0.733  24.4-161.1-157.2 121.2   -1.4   41.3   24.2               
  373  373 A D        +     0   0  124     -2,-0.2     2,-0.1     0, 0.0     0, 0.0  -0.570  17.2 144.7 -81.6 152.2   -4.5   42.6   22.3               
  374  374 A D        -     0   0  153     -2,-0.2    -2,-0.0     0, 0.0     0, 0.0  -0.159  41.8 -57.2 174.1 153.6   -5.2   44.8   19.4               
  375  375 A V        -     0   0  129      1,-0.1     2,-0.1    -2,-0.1     0, 0.0   0.699  41.3-134.9  28.1 108.4   -7.2   45.8   16.3               
  376  376 A G        -     0   0   74      1,-0.0     2,-0.5     2,-0.0    -1,-0.1  -0.446   6.5-146.8 -78.7 154.9   -7.8   43.6   13.2               
  377  377 A L        -     0   0  156     -2,-0.1     2,-0.8     2,-0.0    -1,-0.0  -0.935   6.6-160.2-124.7 106.9   -7.4   44.7    9.5               
  378  378 A V        +     0   0  143     -2,-0.5     2,-0.6     1,-0.0    -2,-0.0  -0.785  14.7 176.2 -83.1 108.5   -9.8   43.1    7.0               
  379  379 A L        +     0   0  155     -2,-0.8     2,-0.1     0, 0.0    -2,-0.0  -0.883   3.7 174.2-116.8  97.4   -8.3   43.5    3.5               
  380  380 A S        +     0   0   99     -2,-0.6    -2,-0.0     1,-0.0     0, 0.0  -0.365  28.4  84.7 -74.5 175.9  -10.4   41.7    0.9               
  381  381 A S        +     0   0   94      1,-0.1     2,-0.1    -2,-0.1    -1,-0.0   0.930  20.7 121.6  83.9  97.8   -9.7   42.0   -2.9               
  382  382 A L        -     0   0  177      0, 0.0     2,-0.4     0, 0.0    -1,-0.1  -0.567  33.9-166.6-150.5 121.4   -7.6   40.4   -5.5               
  383  383 A Q        +     0   0  181     -2,-0.1     0, 0.0     1,-0.1     0, 0.0  -0.757  20.7 157.5 -89.5 136.1   -9.5   38.8   -8.4               
  384  384 A A        +     0   0   88     -2,-0.4     2,-1.9     2,-0.0    -1,-0.1  -0.256   6.1 165.7-150.6  53.1   -7.8   36.5  -10.9               
  385  385 A S        -     0   0  114      1,-0.1     2,-1.8     2,-0.1    -2,-0.0  -0.475  11.8-176.2 -73.9  78.3  -10.5   34.3  -12.6               
  386  386 A I        +     0   0  154     -2,-1.9     2,-1.0     2,-0.1    -1,-0.1  -0.553   4.7 176.5 -79.0  82.1   -8.5   32.8  -15.5               
  387  387 A Y        +     0   0  231     -2,-1.8     2,-0.7     2,-0.0    -2,-0.1  -0.785   3.8 177.9 -80.6  99.3  -11.3   30.9  -17.3               
  388  388 A R        -     0   0  235     -2,-1.0    -2,-0.1     2,-0.0     2,-0.0  -0.894  17.4-148.0-108.2 102.6   -9.5   29.6  -20.4               
  389  389 A G        +     0   0   74     -2,-0.7     2,-0.1     1,-0.0    -2,-0.0  -0.323  19.1 177.2 -66.1 149.6  -11.8   27.4  -22.5               
  390  390 A G        -     0   0   68     -2,-0.0    -2,-0.0     2,-0.0    -1,-0.0  -0.520  36.2 -88.3-165.9  84.9  -10.4   24.4  -24.5               
  391  391 A Y        +     0   0  202      1,-0.1     2,-0.5    -2,-0.1    -2,-0.0   0.602  30.3 179.3  27.3 100.0  -12.5   22.0  -26.6               
  392  392 A N        +     0   0  150      2,-0.1     2,-0.6     0, 0.0    -1,-0.1  -0.962  15.6 176.8-106.7 109.8  -14.2   18.8  -25.6               
  393  393 A R        -     0   0  204     -2,-0.5     2,-0.4     2,-0.0    -2,-0.0  -0.826   5.6-173.6-109.6  89.5  -15.9   17.6  -28.8               
  394  394 A F        +     0   0  191     -2,-0.6    -2,-0.1     2,-0.0     0, 0.0  -0.714  20.8 146.4 -70.0 127.9  -17.5   14.3  -28.1               
  395  395 A A        -     0   0   84     -2,-0.4     2,-0.3     2,-0.1    -2,-0.0  -0.653  26.6-161.7-158.3 107.8  -18.9   12.6  -31.2               
  396  396 A P              0   0  116      0, 0.0    -2,-0.0     0, 0.0     0, 0.0  -0.718 360.0 360.0 -83.0 144.6  -18.9    8.8  -31.6               
  397  397 A Y              0   0  310     -2,-0.3    -2,-0.1     0, 0.0     0, 0.0  -0.878 360.0 360.0-152.3 360.0  -19.3    7.0  -35.0               
