==== Secondary Structure Definition by the program DSSP, CMBI version 2.0                          ==== DATE=2026-03-08        .
REFERENCE W. KABSCH AND C.SANDER, BIOPOLYMERS 22 (1983) 2577-2637                                                              .
HEADER                                            01-AUG-25                                                                    .
COMPND    MOL_ID: 1; MOLECULE: THUMP DOMAIN-CONTAINING PROTEIN 1; CHAIN: A                                                     .
SOURCE    MOL_ID: 1; ORGANISM_SCIENTIFIC: HOMO SAPIENS; ORGANISM_TAXID: 9606                                                   .
AUTHOR                                                                                                                         .
  353  1  0  0  0 TOTAL NUMBER OF RESIDUES, NUMBER OF CHAINS, NUMBER OF SS-BRIDGES(TOTAL,INTRACHAIN,INTERCHAIN)                .
 30771.1   ACCESSIBLE SURFACE OF PROTEIN (ANGSTROM**2)                                                                         .
  199 56.4   TOTAL NUMBER OF HYDROGEN BONDS OF TYPE O(I)-->H-N(J)  , SAME NUMBER PER 100 RESIDUES                              .
   14  4.0   TOTAL NUMBER OF HYDROGEN BONDS IN     PARALLEL BRIDGES, SAME NUMBER PER 100 RESIDUES                              .
   34  9.6   TOTAL NUMBER OF HYDROGEN BONDS IN ANTIPARALLEL BRIDGES, SAME NUMBER PER 100 RESIDUES                              .
    1  0.3   TOTAL NUMBER OF HYDROGEN BONDS OF TYPE O(I)-->H-N(I-5), SAME NUMBER PER 100 RESIDUES                              .
    0  0.0   TOTAL NUMBER OF HYDROGEN BONDS OF TYPE O(I)-->H-N(I-4), SAME NUMBER PER 100 RESIDUES                              .
    1  0.3   TOTAL NUMBER OF HYDROGEN BONDS OF TYPE O(I)-->H-N(I-3), SAME NUMBER PER 100 RESIDUES                              .
    0  0.0   TOTAL NUMBER OF HYDROGEN BONDS OF TYPE O(I)-->H-N(I-2), SAME NUMBER PER 100 RESIDUES                              .
    0  0.0   TOTAL NUMBER OF HYDROGEN BONDS OF TYPE O(I)-->H-N(I-1), SAME NUMBER PER 100 RESIDUES                              .
    0  0.0   TOTAL NUMBER OF HYDROGEN BONDS OF TYPE O(I)-->H-N(I+0), SAME NUMBER PER 100 RESIDUES                              .
    0  0.0   TOTAL NUMBER OF HYDROGEN BONDS OF TYPE O(I)-->H-N(I+1), SAME NUMBER PER 100 RESIDUES                              .
   39 11.0   TOTAL NUMBER OF HYDROGEN BONDS OF TYPE O(I)-->H-N(I+2), SAME NUMBER PER 100 RESIDUES                              .
   18  5.1   TOTAL NUMBER OF HYDROGEN BONDS OF TYPE O(I)-->H-N(I+3), SAME NUMBER PER 100 RESIDUES                              .
   86 24.4   TOTAL NUMBER OF HYDROGEN BONDS OF TYPE O(I)-->H-N(I+4), SAME NUMBER PER 100 RESIDUES                              .
    1  0.3   TOTAL NUMBER OF HYDROGEN BONDS OF TYPE O(I)-->H-N(I+5), SAME NUMBER PER 100 RESIDUES                              .
  1  2  3  4  5  6  7  8  9 10 11 12 13 14 15 16 17 18 19 20 21 22 23 24 25 26 27 28 29 30     *** HISTOGRAMS OF ***           .
  0  0  0  2  0  0  0  0  0  0  1  1  0  0  2  0  0  0  1  1  0  0  0  0  0  0  0  0  0  0    RESIDUES PER ALPHA HELIX         .
  1  1  0  0  0  0  0  1  0  0  0  0  0  0  0  0  0  0  0  0  0  0  0  0  0  0  0  0  0  0    PARALLEL BRIDGES PER LADDER      .
  1  0  0  1  2  1  1  0  0  0  0  0  0  0  0  0  0  0  0  0  0  0  0  0  0  0  0  0  0  0    ANTIPARALLEL BRIDGES PER LADDER  .
  0  0  0  1  1  0  0  0  0  0  0  0  0  0  0  0  0  0  0  0  0  0  0  0  0  0  0  0  0  0    LADDERS PER SHEET                .
  #  RESIDUE AA STRUCTURE BP1 BP2  ACC     N-H-->O    O-->H-N    N-H-->O    O-->H-N    TCO  KAPPA ALPHA  PHI   PSI    X-CA   Y-CA   Z-CA            CHAIN
    1    1 A M              0   0  244      0, 0.0     0, 0.0     0, 0.0     0, 0.0   0.000 360.0 360.0 360.0 126.3   52.1    1.9  -88.5               
    2    2 A A        -     0   0  111      1,-0.0     0, 0.0     2,-0.0     0, 0.0   0.955 360.0-142.2  52.9 121.9   50.1    0.5  -85.5               
    3    3 A A        -     0   0   98      1,-0.0     2,-0.3     2,-0.0    -1,-0.0  -0.405  15.1-116.9 -93.2 166.7   47.2   -2.0  -85.3               
    4    4 A P        +     0   0  126      0, 0.0     2,-0.2     0, 0.0    -1,-0.0  -0.788  32.5 163.4 -99.4 151.2   44.0   -2.3  -83.1               
    5    5 A A        -     0   0  106     -2,-0.3     2,-0.2     2,-0.0    -2,-0.0  -0.707  21.9-145.4-167.7 131.2   43.0   -5.1  -80.6               
    6    6 A Q        -     0   0  190     -2,-0.2     2,-0.3     2,-0.0     0, 0.0  -0.499  11.6-175.1 -70.3 148.2   40.5   -5.5  -77.7               
    7    7 A Q        -     0   0  198     -2,-0.2     2,-0.3     2,-0.0    -2,-0.0  -0.881  14.2-147.7-148.5 129.4   41.0   -7.5  -74.5               
    8    8 A T        +     0   0  132     -2,-0.3     2,-0.2     2,-0.0    -2,-0.0  -0.623  20.1 170.9 -79.0 139.7   38.2   -8.0  -71.9               
    9    9 A T        -     0   0  145     -2,-0.3    -2,-0.0     0, 0.0     0, 0.0  -0.843  20.6-173.4-145.6 119.8   38.2   -8.3  -68.1               
   10   10 A Q        +     0   0  181     -2,-0.2    -2,-0.0     1,-0.1     0, 0.0  -0.729  13.8  32.8-109.6-179.5   35.0   -8.3  -66.1               
   11   11 A P        +     0   0  113      0, 0.0    -1,-0.1     0, 0.0     0, 0.0   0.837  32.5  87.1-133.9 178.6   33.6   -8.3  -63.1               
   12   12 A G        +     0   0   85      1,-0.1     0, 0.0     0, 0.0     0, 0.0   0.230  35.9 106.3 150.8 107.8   32.8   -7.7  -59.4               
   13   13 A G        +     0   0   72      2,-0.0     2,-1.0     0, 0.0    -1,-0.1   0.087  25.4 166.7-175.1  46.5   31.2   -5.2  -57.0               
   14   14 A G        -     0   0   80      1,-0.1     2,-1.5     2,-0.0     0, 0.0  -0.599  23.9-154.0 -69.2 101.4   27.8   -6.3  -55.6               
   15   15 A K        -     0   0  205     -2,-1.0     2,-1.0     1,-0.0    -1,-0.1  -0.629   6.4-160.2 -76.7  89.5   27.1   -3.8  -52.7               
   16   16 A R        -     0   0  239     -2,-1.5     2,-0.4     1,-0.0     3,-0.0  -0.641  16.2-137.8 -61.0 100.8   24.7   -6.0  -50.5               
   17   17 A K        -     0   0  211     -2,-1.0     2,-0.0     1,-0.1    -2,-0.0  -0.607  41.9-106.4 -63.2 117.4   23.0   -3.2  -48.4               
   18   18 A G    >   -     0   0   51     -2,-0.4     3,-1.4     1,-0.1     4,-0.3  -0.209   3.0-123.3 -72.4 147.5   23.2   -5.1  -45.1               
   19   19 A K  T >> S+     0   0  187      1,-0.3     4,-1.1     2,-0.1     3,-0.6   0.504  93.3  94.2 -50.9 -10.3   20.6   -6.9  -43.0               
   20   20 A A  H 3> S+     0   0   73      1,-0.2     4,-1.5     2,-0.2    -1,-0.3   0.836  75.1  59.0 -61.3 -33.8   21.6   -4.5  -40.1               
   21   21 A Q  H <> S+     0   0  164     -3,-1.4     4,-1.2     1,-0.2    -1,-0.2   0.853 106.8  47.5 -69.1 -29.9   18.8   -1.9  -40.8               
   22   22 A Y  H <> S+     0   0  195     -3,-0.6     4,-1.8    -4,-0.3    -1,-0.2   0.778 104.8  59.9 -79.6 -26.2   16.1   -4.6  -40.3               
   23   23 A V  H  X S+     0   0   89     -4,-1.1     4,-1.5     2,-0.2    -2,-0.2   0.906 104.0  50.2 -70.7 -38.0   17.6   -5.9  -37.0               
   24   24 A L  H  X S+     0   0  132     -4,-1.5     4,-2.7     2,-0.2     3,-0.3   0.937 111.0  48.9 -64.0 -43.6   17.3   -2.4  -35.3               
   25   25 A A  H  X S+     0   0   50     -4,-1.2     4,-2.0     1,-0.2    -2,-0.2   0.868 110.4  51.4 -64.1 -35.6   13.6   -2.2  -36.4               
   26   26 A K  H  < S+     0   0  150     -4,-1.8     4,-0.3     2,-0.2    -1,-0.2   0.783 112.3  46.4 -73.2 -28.0   13.0   -5.8  -35.0               
   27   27 A R  H >X S+     0   0  188     -4,-1.5     3,-1.1    -3,-0.3     4,-0.7   0.911 110.0  53.1 -75.4 -43.3   14.6   -4.7  -31.6               
   28   28 A A  H >X S+     0   0   56     -4,-2.7     3,-1.3     1,-0.3     4,-0.9   0.917 106.6  53.0 -58.6 -42.5   12.6   -1.5  -31.5               
   29   29 A R  H 3< S+     0   0  213     -4,-2.0     4,-0.4     1,-0.3    -1,-0.3   0.666 104.3  56.6 -69.0 -17.4    9.3   -3.4  -32.0               
   30   30 A R  H <4 S+     0   0  195     -3,-1.1     4,-0.3    -4,-0.3    -1,-0.3   0.643 102.0  58.1 -82.4 -16.1   10.2   -5.7  -29.0               
   31   31 A C  H <X S+     0   0   88     -3,-1.3     4,-0.7    -4,-0.7     3,-0.4   0.820 100.2  53.2 -84.1 -29.6   10.5   -2.7  -26.7               
   32   32 A D  T  < S+     0   0  159     -4,-0.9    -1,-0.1     1,-0.2    -2,-0.1   0.658 111.4  41.1 -86.0 -15.6    6.9   -1.2  -27.1               
   33   33 A A  T  4 S+     0   0  103     -4,-0.4    -1,-0.2     1,-0.1    -2,-0.1   0.434 122.5  33.9-108.5  -2.1    4.8   -4.3  -26.3               
   34   34 A G  T  4 S+     0   0   64     -3,-0.4    -2,-0.2    -4,-0.3    -3,-0.1   0.272  76.9 123.0-145.2   9.2    6.7   -5.8  -23.3               
   35   35 A G  S  < S-     0   0   41     -4,-0.7     2,-0.1     1,-0.1     3,-0.0  -0.364  81.8 -79.5 -61.6 154.6    8.3   -3.0  -21.2               
   36   36 A P        -     0   0   75      0, 0.0     2,-0.3     0, 0.0    -1,-0.1  -0.430  54.5-110.0 -55.8 125.7    7.3   -2.9  -17.5               
   37   37 A R        -     0   0  134     82,-0.3    84,-2.5    -2,-0.1     2,-0.2  -0.516  38.5-143.7 -60.3 120.3    3.8   -1.4  -17.4               
   38   38 A Q  B     -a  121   0A 108     -2,-0.3     2,-0.5    82,-0.2    84,-0.2  -0.508  27.6 -87.3 -84.0 156.9    4.4    2.0  -15.8               
   39   39 A L        +     0   0   15     82,-2.0    -1,-0.1    -2,-0.2   205,-0.0  -0.575  59.0 174.8 -64.4 117.9    1.9    3.7  -13.4               
   40   40 A E    >   -     0   0  121     -2,-0.5     3,-0.8     1,-0.1   128,-0.1  -0.795  36.9 -87.0-121.2 159.3   -0.5    5.6  -15.6               
   41   41 A P  T 3  S+     0   0   59      0, 0.0   128,-0.2     0, 0.0     3,-0.1  -0.401 108.1  41.7 -58.7 147.4   -3.8    7.7  -15.0               
   42   42 A G  T 3  S+     0   0   69    126,-2.6     2,-0.3     1,-0.3   127,-0.1   0.577  85.1 124.8  86.3  13.0   -7.0    5.6  -15.1               
   43   43 A L    <   -     0   0   26     -3,-0.8   125,-0.7   126,-0.0    -1,-0.3  -0.796  41.6-162.0 -98.9 147.5   -5.7    2.6  -13.1               
   44   44 A Q        +     0   0   76     88,-0.3    88,-1.8    -2,-0.3     2,-0.3  -0.910  37.8  95.3-120.3 152.1   -7.1    1.1   -9.9               
   45   45 A G  E     -BC 131 165A   0    120,-2.8   120,-3.2    -2,-0.3     2,-0.4  -0.967  67.2 -50.4 167.6-152.9   -5.2   -1.2   -7.6               
   46   46 A I  E     -BC 130 164A   0     84,-2.4    84,-2.6    -2,-0.3     2,-0.6  -0.991  33.5-146.8-129.4 125.4   -3.1   -1.5   -4.4               
   47   47 A L  E     -BC 129 163A   1    116,-3.0   116,-2.9    -2,-0.4     2,-0.4  -0.837  22.8-167.9 -93.8 118.2   -0.0    0.6   -3.6               
   48   48 A I  E     -BC 128 162A   0     80,-3.2    80,-2.7    -2,-0.6     2,-0.4  -0.893   9.8-158.0-114.7 133.1    2.5   -1.5   -1.6               
   49   49 A T  E     +BC 127 161A  11    112,-2.6   111,-3.0    -2,-0.4   112,-1.1  -0.916  19.5 168.7-109.0 139.6    5.6   -0.2    0.2               
   50   50 A C  E     - C   0 159A   6     76,-2.1     2,-0.6    -2,-0.4   109,-0.2  -0.728  39.0 -99.2-134.1 180.0    8.6   -2.5    1.1               
   51   51 A N  S    S-     0   0  113    107,-0.7     2,-1.1    -2,-0.2    75,-0.1  -0.937  80.0 -56.8-111.8 105.8   12.2   -2.4    2.3               
   52   52 A M  S    S+     0   0  163     -2,-0.6     2,-0.5     1,-0.1    74,-0.1   0.170 118.2  89.6  55.0 -12.0   14.8   -2.6   -0.5               
   53   53 A N     >  +     0   0   68     -2,-1.1     4,-1.9     1,-0.2    -2,-0.1  -0.589  40.4 158.9-120.2  66.3   13.4   -6.0   -1.9               
   54   54 A E  H  > S+     0   0   79     -2,-0.5     4,-2.4     2,-0.2    -1,-0.2   0.881  73.5  56.5 -60.4 -39.3   10.7   -5.1   -4.5               
   55   55 A R  H  > S+     0   0  197      1,-0.2     4,-1.8     2,-0.2    -1,-0.2   0.940 111.3  42.5 -59.9 -48.4   10.9   -8.5   -6.3               
   56   56 A K  H  > S+     0   0  111      1,-0.2     4,-2.7     2,-0.2    -1,-0.2   0.827 110.5  58.5 -67.0 -32.5   10.2  -10.4   -3.1               
   57   57 A C  H  X S+     0   0    0     -4,-1.9     4,-2.6     2,-0.2    -2,-0.2   0.928 105.9  48.4 -60.1 -45.7    7.5   -7.8   -2.2               
   58   58 A V  H  X S+     0   0   28     -4,-2.4     4,-2.5     2,-0.2    -2,-0.2   0.914 112.7  48.6 -60.7 -44.8    5.7   -8.6   -5.5               
   59   59 A E  H  X S+     0   0  109     -4,-1.8     4,-2.2     2,-0.2    -2,-0.2   0.947 114.9  43.7 -62.2 -49.5    5.9  -12.4   -4.8               
   60   60 A E  H  X S+     0   0   52     -4,-2.7     4,-2.5     2,-0.2    -2,-0.2   0.884 113.0  54.0 -61.5 -39.6    4.6  -12.0   -1.2               
   61   61 A A  H  X S+     0   0    0     -4,-2.6     4,-3.0    -5,-0.2     5,-0.2   0.920 108.7  47.2 -65.6 -43.4    1.9   -9.6   -2.4               
   62   62 A Y  H  X S+     0   0   69     -4,-2.5     4,-2.5     2,-0.2     5,-0.3   0.920 112.1  50.6 -63.4 -42.6    0.5  -12.1   -5.0               
   63   63 A S  H  X S+     0   0   83     -4,-2.2     4,-1.8     2,-0.2    -2,-0.2   0.935 116.9  40.8 -58.6 -46.4    0.5  -14.9   -2.4               
   64   64 A L  H  X S+     0   0    5     -4,-2.5     4,-2.0     2,-0.2     5,-0.3   0.925 116.5  47.6 -67.0 -48.9   -1.4  -12.7    0.0               
   65   65 A L  H  X S+     0   0    0     -4,-3.0     4,-1.5     1,-0.2    -2,-0.2   0.847 112.6  49.1 -67.8 -34.4   -3.8  -11.1   -2.6               
   66   66 A N  H  X S+     0   0   55     -4,-2.5     4,-2.9    -5,-0.2     5,-0.3   0.927 108.7  53.6 -70.1 -43.0   -4.7  -14.5   -4.2               
   67   67 A E  H  X S+     0   0   85     -4,-1.8     4,-1.9    -5,-0.3    -2,-0.2   0.967 119.9  32.4 -53.8 -56.9   -5.4  -16.1   -0.7               
   68   68 A Y  H  X S+     0   0    3     -4,-2.0     4,-1.5     1,-0.2    -1,-0.2   0.744 117.1  57.7 -74.7 -25.5   -7.9  -13.3    0.3               
   69   69 A G  H  X S+     0   0    0     -4,-1.5     4,-2.7    -5,-0.3     5,-0.4   0.908 109.1  45.1 -67.7 -42.2   -9.0  -12.8   -3.4               
   70   70 A D  H  X S+     0   0   63     -4,-2.9     4,-1.3     3,-0.2    -2,-0.2   0.887 111.7  53.4 -69.1 -38.5  -10.1  -16.5   -3.7               
   71   71 A D  H  < S+     0   0  119     -4,-1.9    -1,-0.2    -5,-0.3    -2,-0.2   0.864 122.2  28.1 -62.7 -39.5  -11.8  -16.4   -0.2               
   72   72 A M  H  < S+     0   0   71     -4,-1.5    -2,-0.2     2,-0.1    -1,-0.2   0.838 136.5  22.8 -93.6 -39.8  -14.0  -13.3   -1.2               
   73   73 A Y  H  < S-     0   0   93     -4,-2.7    -3,-0.2     1,-0.2    -2,-0.2   0.441 108.0-114.0-109.6  -4.2  -14.4  -13.5   -5.0               
   74   74 A G     <  -     0   0   25     -4,-1.3    -1,-0.2    -5,-0.4    -2,-0.1  -0.060  53.7 -36.2  84.0 168.2  -13.8  -17.3   -5.6               
   75   75 A P        -     0   0   97      0, 0.0     2,-0.5     0, 0.0    -9,-0.0  -0.308  68.0-103.8 -62.7 138.6  -10.9  -19.0   -7.4               
   76   76 A E        -     0   0   45      1,-0.1     2,-1.5   -10,-0.1    -2,-0.1  -0.480  33.1-140.3 -62.8 110.6   -9.6  -17.3  -10.6               
   77   77 A K        -     0   0  194     -2,-0.5     2,-0.7    -3,-0.1    -1,-0.1  -0.646  21.7-174.2 -77.9  92.5  -11.0  -19.3  -13.5               
   78   78 A F        -     0   0  103     -2,-1.5     2,-1.1     2,-0.0    34,-0.0  -0.802  15.2-152.9 -77.0 114.8   -8.2  -19.6  -16.0               
   79   79 A T        -     0   0   92     -2,-0.7     2,-2.3     2,-0.1    -2,-0.0  -0.864  10.0-150.5 -77.8 100.7   -9.5  -21.2  -19.1               
   80   80 A D        +     0   0  147     -2,-1.1     2,-0.9     1,-0.1     3,-0.2  -0.577  25.2 175.1 -64.9  75.9   -6.2  -22.7  -20.2               
   81   81 A K        +     0   0  142     -2,-2.3    -1,-0.1     1,-0.2    -2,-0.1  -0.523  26.6 144.3 -89.6  66.9   -7.4  -22.4  -23.9               
   82   82 A D        +     0   0  163     -2,-0.9     2,-1.4     1,-0.1    -1,-0.2   0.329  48.6 109.4 -69.8   4.0   -4.2  -23.5  -25.4               
   83   83 A Q  S    S-     0   0  164     -3,-0.2    -1,-0.1     3,-0.0     3,-0.1  -0.720  72.3-144.8 -81.8  85.1   -7.0  -24.9  -27.6               
   84   84 A Q        -     0   0  162     -2,-1.4     2,-1.3     1,-0.1    -2,-0.1  -0.202  28.5-101.5 -21.5 123.4   -6.5  -22.7  -30.6               
   85   85 A P        -     0   0  107      0, 0.0     3,-0.2     0, 0.0    -1,-0.1  -0.632  44.2-130.2 -63.3  97.9  -10.0  -21.9  -32.2               
   86   86 A S        -     0   0  103     -2,-1.3    -3,-0.0     1,-0.2     0, 0.0  -0.434  47.6 -70.1 -50.5 129.2   -9.6  -24.4  -35.0               
   87   87 A G        -     0   0   71      1,-0.1     2,-1.1    -2,-0.1    -1,-0.2   0.015  36.4-164.7 -45.0 116.8  -10.5  -22.5  -38.1               
   88   88 A S        -     0   0   90     -3,-0.2     2,-1.6     2,-0.1    -1,-0.1  -0.864  15.4-171.2 -84.9  86.5  -13.9  -21.4  -38.9               
   89   89 A E        +     0   0  199     -2,-1.1     2,-0.5     2,-0.1    -2,-0.0  -0.776  23.6 154.7 -70.2  78.8  -13.1  -20.7  -42.5               
   90   90 A G        -     0   0   39     -2,-1.6     2,-1.3     2,-0.0    -2,-0.1  -0.982  57.8-105.4 -98.9 130.5  -16.4  -19.0  -43.1               
   91   91 A E        -     0   0  177     -2,-0.5     2,-1.7     1,-0.1     3,-0.1  -0.457  34.7-172.1 -53.7  88.4  -16.1  -16.6  -46.0               
   92   92 A D        +     0   0   74     -2,-1.3     6,-0.2     1,-0.2    -1,-0.1  -0.646  14.0 170.0 -77.7  71.6  -16.1  -13.2  -44.1               
   93   93 A D        +     0   0  151     -2,-1.7     2,-0.6     4,-0.1    -1,-0.2   0.499  56.3  85.1 -64.3  -4.0  -16.2  -11.5  -47.6               
   94   94 A D  S >> S-     0   0  100      1,-0.1     4,-1.8    -3,-0.1     3,-0.9  -0.900  72.6-153.4-103.2 111.7  -16.9   -8.4  -45.5               
   95   95 A A  H 3> S+     0   0   71     -2,-0.6     4,-2.1     1,-0.3     5,-0.2   0.785  95.8  60.1 -54.6 -28.9  -13.6   -6.7  -44.4               
   96   96 A E  H 3> S+     0   0  146      2,-0.2     4,-2.2     1,-0.2    -1,-0.3   0.902 104.7  47.7 -66.9 -39.3  -15.5   -5.2  -41.4               
   97   97 A A  H <> S+     0   0   37     -3,-0.9     4,-2.3     2,-0.2    -2,-0.2   0.939 112.0  48.8 -68.8 -44.7  -16.5   -8.7  -40.1               
   98   98 A A  H  X S+     0   0   32     -4,-1.8     4,-2.8    -6,-0.2     5,-0.2   0.936 113.2  47.7 -60.1 -45.8  -12.9  -10.1  -40.4               
   99   99 A L  H  X S+     0   0  105     -4,-2.1     4,-2.7     1,-0.2    -1,-0.2   0.895 111.0  51.1 -63.0 -40.2  -11.5   -7.0  -38.6               
  100  100 A K  H  X S+     0   0  163     -4,-2.2     4,-1.9     2,-0.2    -1,-0.2   0.884 111.6  48.1 -65.5 -37.3  -14.2   -7.4  -35.8               
  101  101 A K  H  X S+     0   0   91     -4,-2.3     4,-2.8     2,-0.2    -2,-0.2   0.956 112.8  47.3 -65.5 -49.3  -13.2  -11.1  -35.4               
  102  102 A E  H  X S+     0   0  114     -4,-2.8     4,-2.5     1,-0.2    -2,-0.2   0.906 113.2  48.6 -59.3 -43.5   -9.5  -10.2  -35.3               
  103  103 A V  H  X S+     0   0   69     -4,-2.7     4,-2.2     2,-0.2    -1,-0.2   0.880 111.6  51.2 -63.5 -38.3  -10.2   -7.4  -32.7               
  104  104 A G  H  X S+     0   0   33     -4,-1.9     4,-2.9     2,-0.2    -2,-0.2   0.948 111.1  46.4 -61.0 -48.6  -12.3   -9.9  -30.7               
  105  105 A D  H  X S+     0   0   89     -4,-2.8     4,-2.9     1,-0.2     5,-0.2   0.884 113.0  49.5 -65.0 -39.6   -9.5  -12.5  -30.7               
  106  106 A I  H  X S+     0   0  108     -4,-2.5     4,-2.4    -5,-0.2    -1,-0.2   0.916 113.3  47.2 -64.7 -43.5   -6.9   -9.8  -29.7               
  107  107 A K  H  X S+     0   0  138     -4,-2.2     4,-3.1     2,-0.2    -2,-0.2   0.952 114.9  45.7 -62.8 -47.1   -9.3   -8.6  -26.9               
  108  108 A A  H  X S+     0   0   40     -4,-2.9     4,-2.9     2,-0.2    -2,-0.2   0.908 114.3  48.0 -63.2 -44.1   -9.9  -12.3  -25.7               
  109  109 A S  H  X S+     0   0   52     -4,-2.9     4,-1.1     2,-0.2    -1,-0.2   0.891 114.6  46.8 -62.7 -39.4   -6.1  -13.1  -25.9               
  110  110 A T  H >X S+     0   0   61     -4,-2.4     4,-1.0    -5,-0.2     3,-0.6   0.960 112.9  48.6 -65.7 -49.1   -5.3   -9.9  -24.0               
  111  111 A E  H >< S+     0   0  137     -4,-3.1     3,-0.8     1,-0.3    -2,-0.2   0.904 106.8  56.0 -61.0 -40.7   -8.1  -10.6  -21.4               
  112  112 A M  H 3< S+     0   0   96     -4,-2.9    -1,-0.3     1,-0.3    -2,-0.2   0.811 111.7  44.5 -60.5 -30.4   -6.8  -14.2  -20.9               
  113  113 A R  H << S+     0   0  202     -4,-1.1     2,-1.7    -3,-0.6    -1,-0.3   0.653  91.9  94.4 -83.2 -19.3   -3.3  -12.6  -20.1               
  114  114 A L    <<  -     0   0   47     -4,-1.0    -1,-0.1    -3,-0.8     4,-0.1  -0.559  64.5-166.2 -80.6  83.0   -5.0  -10.0  -17.8               
  115  115 A R        -     0   0  162     -2,-1.7    -2,-0.1     2,-0.2    -3,-0.0  -0.290  35.9-106.1 -57.4 153.4   -4.7  -11.7  -14.4               
  116  116 A R  S    S+     0   0   30      1,-0.1    17,-1.7    16,-0.1     2,-0.4   0.814 112.5  40.9 -49.8 -37.8   -6.8  -10.3  -11.4               
  117  117 A F  E    S+ D   0 132A   4     15,-0.2     2,-0.4   -72,-0.0    15,-0.2  -0.972  70.7 177.9-119.2 126.3   -3.5   -8.8  -10.1               
  118  118 A Q  E     - D   0 131A  23     13,-2.3    13,-2.8    -2,-0.4     2,-0.2  -0.976  25.4-131.5-131.2 120.1   -0.9   -7.2  -12.3               
  119  119 A S  E     - D   0 130A  46     -2,-0.4     2,-0.3    11,-0.3   -82,-0.3  -0.480  27.3-175.3 -68.2 134.8    2.4   -5.7  -11.0               
  120  120 A V  E     - D   0 129A   4      9,-2.9     9,-1.8    -2,-0.2     2,-0.6  -0.983  32.4-108.7-132.6 137.2    3.1   -2.2  -12.5               
  121  121 A E  E     -aD  38 128A 104    -84,-2.5   -82,-2.0    -2,-0.3     7,-0.1  -0.590  23.8-162.9 -70.0 117.0    6.2   -0.1  -11.9               
  122  122 A S        -     0   0    5      5,-0.7    -1,-0.2    -2,-0.6     6,-0.1   0.789  32.1-126.4 -68.0 -28.2    5.2    2.9   -9.7               
  123  123 A G  S    S+     0   0   22      4,-0.3     2,-0.4     1,-0.3   122,-0.1   0.568  78.4 100.7  81.0  12.2    8.3    4.8  -10.7               
  124  124 A A  S >  S-     0   0    7      3,-0.5     3,-1.4   120,-0.1    -1,-0.3  -0.991  81.3-102.1-124.9 142.5    9.3    5.3   -7.0               
  125  125 A N  T 3  S+     0   0  135     -2,-0.4     3,-0.1     1,-0.2   -73,-0.0  -0.341 103.2   6.8 -64.4 135.9   11.9    3.3   -5.0               
  126  126 A N  T 3  S+     0   0   55      1,-0.2   -76,-2.1    -2,-0.1     2,-0.4   0.721 105.9 112.1  63.5  26.9   10.5    0.6   -2.7               
  127  127 A V  E <   -B   49   0A   5     -3,-1.4    -5,-0.7   -78,-0.2    -3,-0.5  -0.973  44.2-173.6-133.7 119.2    7.0    1.2   -4.0               
  128  128 A V  E     -BD  48 121A   7    -80,-2.7   -80,-3.2    -2,-0.4     2,-0.5  -0.903  11.1-152.4-111.4 135.7    5.1   -1.4   -6.0               
  129  129 A F  E     -BD  47 120A   0     -9,-1.8    -9,-2.9    -2,-0.4     2,-0.6  -0.934   6.2-164.2-103.5 131.1    1.7   -0.8   -7.7               
  130  130 A I  E     -BD  46 119A   0    -84,-2.6   -84,-2.4    -2,-0.5   -11,-0.3  -0.947  14.5-143.8-113.9 108.0   -0.5   -3.9   -8.2               
  131  131 A R  E     -BD  45 118A  60    -13,-2.8   -13,-2.3    -2,-0.6     2,-0.4  -0.525  13.4-148.8 -66.3 134.4   -3.4   -3.2  -10.7               
  132  132 A T  E     - D   0 117A   0    -88,-1.8     2,-0.4    -2,-0.2   -88,-0.3  -0.847   7.8-162.1-105.7 141.6   -6.7   -4.9   -9.8               
  133  133 A L  S    S-     0   0   45    -17,-1.7     3,-0.1    -2,-0.4   -88,-0.0  -0.995  76.6  -8.0-123.4 127.8   -9.2   -6.1  -12.4               
  134  134 A G  S    S+     0   0   80     -2,-0.4     2,-0.4     1,-0.2    -1,-0.1   0.536 112.6 104.1  66.2   8.4  -12.9   -6.8  -11.5               
  135  135 A I  S    S-     0   0    5    -19,-0.2    -1,-0.2     4,-0.0    -3,-0.1  -0.982  72.1-131.1-123.7 133.1  -11.9   -6.4   -7.8               
  136  136 A E     >  -     0   0   92     -2,-0.4     4,-1.8     1,-0.2     5,-0.1  -0.715  17.4-158.4 -78.1 112.7  -12.6   -3.5   -5.4               
  137  137 A P  H  > S+     0   0    4      0, 0.0     4,-2.6     0, 0.0     5,-0.3   0.845  86.7  59.3 -67.2 -32.6   -9.2   -2.7   -3.8               
  138  138 A E  H  > S+     0   0   34      2,-0.2     4,-2.4     1,-0.2     5,-0.2   0.956 108.4  43.3 -59.2 -52.3  -10.8   -0.9   -0.8               
  139  139 A K  H  > S+     0   0  116      2,-0.2     4,-2.4     1,-0.2    -1,-0.2   0.903 115.9  49.3 -61.7 -43.6  -12.8   -4.0    0.3               
  140  140 A L  H  X S+     0   0    0     -4,-1.8     4,-2.4     2,-0.2    -2,-0.2   0.951 114.6  41.5 -63.3 -52.5   -9.9   -6.4   -0.3               
  141  141 A V  H  X S+     0   0    0     -4,-2.6     4,-2.5     1,-0.2     5,-0.2   0.895 114.9  52.8 -66.6 -37.5   -7.2   -4.4    1.7               
  142  142 A H  H  X S+     0   0   42     -4,-2.4     4,-2.6    -5,-0.3    -1,-0.2   0.933 110.1  47.9 -60.4 -45.4   -9.7   -3.6    4.4               
  143  143 A H  H  X S+     0   0   63     -4,-2.4     4,-2.6     2,-0.2     5,-0.2   0.934 111.7  49.9 -62.7 -44.7  -10.6   -7.4    4.8               
  144  144 A I  H  X S+     0   0    1     -4,-2.4     4,-2.7     1,-0.2     5,-0.2   0.936 114.8  43.8 -56.3 -51.4   -6.8   -8.3    4.9               
  145  145 A L  H  X S+     0   0    0     -4,-2.5     4,-2.4     2,-0.2    -1,-0.2   0.878 112.4  52.6 -66.8 -37.3   -6.1   -5.7    7.6               
  146  146 A Q  H  X S+     0   0   67     -4,-2.6     4,-1.9     2,-0.2    -2,-0.2   0.909 111.8  46.0 -64.0 -43.2   -9.2   -6.6    9.6               
  147  147 A D  H  X S+     0   0   42     -4,-2.6     4,-3.2     2,-0.2     5,-0.3   0.951 114.5  47.0 -65.1 -46.6   -8.1  -10.3    9.6               
  148  148 A M  H  X S+     0   0    1     -4,-2.7     4,-1.6     1,-0.2    -2,-0.2   0.879 112.0  51.9 -62.0 -36.7   -4.5   -9.4   10.6               
  149  149 A Y  H  < S+     0   0   91     -4,-2.4    -1,-0.2    -5,-0.2    -2,-0.2   0.880 116.8  39.2 -65.8 -38.9   -5.9   -7.1   13.3               
  150  150 A K  H  < S+     0   0  144     -4,-1.9    -2,-0.2     1,-0.1    -3,-0.2   0.931 123.0  38.2 -76.2 -49.0   -8.1   -9.9   14.7               
  151  151 A T  H  < S-     0   0   55     -4,-3.2    -3,-0.2    -5,-0.1    -2,-0.2   0.679  88.1-146.0 -76.9 -22.6   -5.7  -12.9   14.4               
  152  152 A K     <  +     0   0   79     -4,-1.6     2,-0.4    -5,-0.3    -4,-0.1   0.649  52.2 140.3  54.8  21.4   -2.5  -10.9   15.3               
  153  153 A K        -     0   0  147     -6,-0.3     2,-0.6    -5,-0.2    -1,-0.2  -0.765  55.4-130.1 -93.5 132.3   -0.6  -13.1   12.8               
  154  154 A K        +     0   0  153     -2,-0.4   111,-0.1     1,-0.2     3,-0.1  -0.751  27.6 175.0 -76.3 117.0    2.1  -11.7   10.5               
  155  155 A K        +     0   0   72     -2,-0.6     2,-0.3   109,-0.2    -1,-0.2   0.668  64.8  42.9 -92.3 -21.4    1.2  -12.9    7.0               
  156  156 A T        -     0   0   13    108,-0.1    -1,-0.1     3,-0.1   -99,-0.0  -0.908  47.1-177.3-129.6 151.0    4.1  -10.9    5.3               
  157  157 A R  S    S+     0   0  216     -2,-0.3    -1,-0.1    -3,-0.1  -100,-0.1   0.717  90.1  36.5-110.9 -37.9    7.8  -10.1    6.0               
  158  158 A V  S    S+     0   0   22   -102,-0.1  -107,-0.7  -108,-0.1     2,-0.3   0.809  96.3  89.6 -90.6 -34.7    8.7   -7.7    3.1               
  159  159 A I  E     +C   50   0A   0   -109,-0.2  -109,-0.2     1,-0.2    -3,-0.1  -0.491  43.7 171.7 -70.1 126.3    5.4   -5.8    2.9               
  160  160 A L  E     +     0   0A  46   -111,-3.0   104,-1.2     1,-0.4   105,-0.9   0.852  66.2   5.6 -94.9 -58.0    5.3   -2.7    5.1               
  161  161 A R  E     -CE  49 263A  89   -112,-1.1  -112,-2.6   102,-0.3     2,-0.4  -0.989  53.5-162.5-133.3 144.5    2.1   -0.9    4.0               
  162  162 A M  E     -C   48   0A   0    100,-1.6  -114,-0.2    -2,-0.3   -17,-0.1  -0.993  12.6-174.8-124.6 116.8   -0.7   -1.7    1.6               
  163  163 A L  E     -C   47   0A  13   -116,-2.9  -116,-3.0    -2,-0.4     2,-0.2  -0.963  22.5-132.1-110.5 123.4   -2.9    1.2    0.5               
  164  164 A P  E     -C   46   0A   0      0, 0.0     2,-0.5     0, 0.0  -118,-0.2  -0.580  17.7-159.2 -69.1 137.3   -6.0    0.6   -1.7               
  165  165 A I  E     -C   45   0A   0   -120,-3.2  -120,-2.8    -2,-0.2    86,-0.2  -0.962  10.0-171.3-120.2 107.0   -6.1    3.0   -4.7               
  166  166 A S  S    S-     0   0   23     84,-0.9     2,-0.3    -2,-0.5    85,-0.2   0.791  71.0 -17.2 -74.4 -26.5   -9.6    3.3   -6.1               
  167  167 A G  E     -F  250   0B   5     83,-1.6    83,-2.6  -123,-0.1     2,-0.4  -0.968  56.9-131.1-169.6 165.7   -8.3    5.2   -9.0               
  168  168 A T  E     +F  249   0B   4   -125,-0.7  -126,-2.6    -2,-0.3     2,-0.2  -0.925  22.4 173.2-117.2 143.7   -5.4    7.3  -10.5               
  169  169 A C  E     -F  248   0B  12     79,-2.5    79,-3.0    -2,-0.4     2,-0.2  -0.791  44.2 -71.3-133.5 176.0   -5.4   10.7  -12.3               
  170  170 A K  E     -F  247   0B 118     -2,-0.2     2,-1.8    77,-0.2    77,-0.3  -0.521  45.3-116.9 -68.1 143.1   -2.8   13.1  -13.7               
  171  171 A A  S    S+     0   0   10     75,-2.7     2,-0.4    -2,-0.2    76,-0.1  -0.305  77.8 117.8 -78.9  51.2   -0.8   15.0  -11.0               
  172  172 A F  S  > S-     0   0  137     -2,-1.8     4,-2.4     1,-0.1     5,-0.2  -0.942  70.7-128.2-114.9 141.3   -2.2   18.4  -12.1               
  173  173 A L  H  > S+     0   0   26     -2,-0.4     4,-2.4     1,-0.2     5,-0.1   0.909 108.2  47.4 -61.5 -42.1   -4.4   20.4   -9.7               
  174  174 A E  H  > S+     0   0  122      2,-0.2     4,-2.5     1,-0.2    -1,-0.2   0.904 112.7  48.9 -64.6 -44.1   -7.3   20.9  -12.1               
  175  175 A D  H  > S+     0   0   65      1,-0.2     4,-2.1     2,-0.2    -1,-0.2   0.883 111.8  50.3 -64.4 -39.1   -7.3   17.2  -13.1               
  176  176 A M  H  X S+     0   0    8     -4,-2.4     4,-2.7     2,-0.2    -2,-0.2   0.918 111.2  48.3 -65.5 -43.7   -7.3   16.2   -9.4               
  177  177 A K  H  X S+     0   0   57     -4,-2.4     4,-2.5     2,-0.2    -2,-0.2   0.969 113.3  46.7 -59.2 -54.0  -10.2   18.6   -8.6               
  178  178 A K  H  X S+     0   0  152     -4,-2.5     4,-1.1     1,-0.2    -1,-0.2   0.866 116.6  44.4 -57.5 -43.5  -12.3   17.3  -11.5               
  179  179 A Y  H  X S+     0   0   72     -4,-2.1     4,-2.6    -5,-0.2    -1,-0.2   0.923 113.0  51.3 -67.3 -43.5  -11.6   13.7  -10.6               
  180  180 A A  H  X S+     0   0    0     -4,-2.7     4,-2.9     2,-0.2     5,-0.2   0.850 101.6  60.9 -65.7 -36.9  -12.2   14.3   -6.8               
  181  181 A E  H  < S+     0   0  101     -4,-2.5     4,-0.5     1,-0.2    -1,-0.2   0.923 116.6  31.8 -55.4 -46.8  -15.6   15.9   -7.4               
  182  182 A T  H  < S+     0   0  102     -4,-1.1     3,-0.5    -5,-0.2    -2,-0.2   0.875 120.5  52.0 -78.3 -40.5  -17.0   12.7   -9.0               
  183  183 A F  H  < S+     0   0   25     -4,-2.6     4,-0.2     1,-0.2    -2,-0.2   0.897 108.4  49.0 -66.4 -40.6  -14.9   10.3   -6.9               
  184  184 A L  S >X S+     0   0    0     -4,-2.9     4,-2.1     1,-0.2     3,-1.2   0.638  86.5  89.5 -80.1 -12.0  -15.8   11.7   -3.5               
  185  185 A E  H 3> S+     0   0   72     -4,-0.5     4,-2.3    -3,-0.5    -1,-0.2   0.878  79.8  57.1 -53.5 -47.9  -19.6   11.7   -4.0               
  186  186 A P  H 34 S+     0   0   78      0, 0.0    -1,-0.2     0, 0.0    -2,-0.1   0.745 119.5  31.8 -59.9 -24.0  -20.4    8.1   -2.8               
  187  187 A W  H <4 S+     0   0   43     -3,-1.2    -2,-0.2    -4,-0.2    -3,-0.1   0.779 133.1  23.1 -99.2 -34.3  -18.8    9.0    0.6               
  188  188 A F  H  < S+     0   0    0     -4,-2.1     2,-0.3     2,-0.1    -3,-0.2   0.500  90.4 100.8-123.5 -10.8  -19.5   12.7    1.2               
  189  189 A K  S >< S-     0   0   90     -4,-2.3     3,-2.0    -5,-0.3    36,-0.2  -0.642  83.2 -60.4 -80.3 137.8  -22.6   13.8   -0.9               
  190  190 A A  T 3  S+     0   0   64     34,-1.2    -1,-0.1     1,-0.4     3,-0.1  -0.239 125.6  34.1 -51.4 135.6  -25.9   14.1    1.0               
  191  191 A P  T 3  S+     0   0  122      0, 0.0    -1,-0.4     0, 0.0     2,-0.2  -0.991 113.9  74.1 -85.0  -2.7  -27.5   11.9    2.5               
  192  192 A N    <   +     0   0   79     -3,-2.0     2,-0.3    -7,-0.2    36,-0.1  -0.464  60.1 164.7 -72.5 141.0  -24.0   10.6    3.4               
  193  193 A K        +     0   0  105     -2,-0.2     2,-0.3    -3,-0.1    35,-0.1  -0.983   1.0 142.0-148.9 154.5  -21.9   12.6    5.9               
  194  194 A G        -     0   0    8     -2,-0.3    35,-1.4    -6,-0.1     2,-0.3  -0.987  47.8 -82.3-175.5 172.9  -18.9   12.0    8.1               
  195  195 A T  E     -g  229   0B  38     -2,-0.3    42,-2.4    33,-0.2    41,-0.6  -0.727  51.8-177.4 -84.2 140.1  -15.7   13.2    9.7               
  196  196 A F  E     -gh 230 237B   1     33,-2.5    35,-2.4    -2,-0.3     2,-0.3  -0.951  23.6-163.8-138.5 157.5  -12.6   13.1    7.5               
  197  197 A Q  E     - h   0 238B  17     40,-1.8    42,-3.0    -2,-0.3     2,-0.5  -0.969  18.8-136.4-129.3 157.6   -8.9   13.7    7.2               
  198  198 A I  E     - h   0 239B  24     -2,-0.3     2,-0.7    40,-0.2    42,-0.2  -0.956  13.3-162.7-112.7 122.4   -6.7   14.2    4.1               
  199  199 A V  E     - h   0 240B  38     40,-2.9    42,-3.0    -2,-0.5     2,-0.4  -0.916  11.8-167.3-105.9 109.6   -3.3   12.3    4.1               
  200  200 A Y  E     + h   0 241B  30     -2,-0.7     2,-0.3    40,-0.2    42,-0.2  -0.820  12.4 168.4 -98.6 135.7   -1.0   13.7    1.5               
  201  201 A K  E     - h   0 242B  89     40,-2.3    42,-2.9    -2,-0.4     2,-0.4  -0.994  12.8-162.5-141.0 140.7    2.3   12.1    0.3               
  202  202 A S  E     - h   0 243B  42     -2,-0.3     2,-0.3    40,-0.2    42,-0.2  -0.948   6.0-177.4-121.4 142.8    4.6   12.9   -2.6               
  203  203 A R  E    S- h   0 244B  36     40,-2.1    42,-2.3    -2,-0.4     3,-0.1  -0.985  75.4  -9.6-137.0 129.6    7.3   10.7   -4.3               
  204  204 A N  S    S+     0   0  107     -2,-0.3     2,-0.3    40,-0.2    40,-0.1   0.794 110.8 105.0  52.3  31.0    9.5   11.9   -7.2               
  205  205 A N        +     0   0   28     38,-0.2    -1,-0.1     1,-0.1    38,-0.1  -0.969  31.0 161.2-141.2 125.7    7.3   15.0   -7.5               
  206  206 A S        +     0   0  110     -2,-0.3    -1,-0.1    -3,-0.1    -2,-0.0   0.197  68.4  75.2-119.6   6.4    8.3   18.6   -6.4               
  207  207 A H  S    S+     0   0  167      1,-0.1     2,-0.6   -36,-0.1    -2,-0.0   0.756  76.9  78.3 -93.1 -30.0    5.7   20.4   -8.6               
  208  208 A V  S    S-     0   0   27    -36,-0.0     2,-0.4     4,-0.0    -1,-0.1  -0.748  76.8-136.3 -91.7 116.6    2.5   19.7   -6.6               
  209  209 A N     >  -     0   0   76     -2,-0.6     4,-2.2     1,-0.1     5,-0.2  -0.544   5.9-149.8 -73.5 126.2    2.0   21.9   -3.5               
  210  210 A R  H  > S+     0   0  126     -2,-0.4     4,-2.2     1,-0.2     5,-0.1   0.907  94.8  47.2 -61.4 -50.6    0.8   19.8   -0.4               
  211  211 A E  H  > S+     0   0   87      2,-0.2     4,-2.3     1,-0.2    -1,-0.2   0.862 111.8  52.0 -66.4 -36.5   -1.2   22.6    1.3               
  212  212 A E  H  > S+     0   0   75      2,-0.2     4,-2.4     1,-0.2     5,-0.2   0.964 110.3  46.9 -63.8 -50.5   -2.9   23.6   -2.0               
  213  213 A V  H  X S+     0   0    3     -4,-2.2     4,-2.4     1,-0.2     5,-0.2   0.902 113.5  49.6 -58.1 -43.8   -4.1   20.0   -2.7               
  214  214 A I  H  X S+     0   0   41     -4,-2.2     4,-2.3     1,-0.2    -1,-0.2   0.920 111.6  48.1 -63.0 -45.4   -5.3   19.6    0.9               
  215  215 A R  H  X S+     0   0  154     -4,-2.3     4,-2.3     2,-0.2    -2,-0.2   0.919 114.1  46.2 -60.5 -46.0   -7.3   23.0    0.8               
  216  216 A E  H  X S+     0   0   66     -4,-2.4     4,-2.4     2,-0.2    -2,-0.2   0.935 114.4  45.6 -67.1 -46.6   -8.9   22.2   -2.6               
  217  217 A L  H  X S+     0   0    9     -4,-2.4     4,-2.1    -5,-0.2    -1,-0.2   0.893 113.8  49.9 -64.8 -39.4   -9.9   18.6   -1.7               
  218  218 A A  H  X S+     0   0   21     -4,-2.3     4,-2.1    -5,-0.2    -2,-0.2   0.908 109.4  52.9 -64.0 -40.4  -11.3   19.8    1.7               
  219  219 A G  H  X S+     0   0   34     -4,-2.3     4,-2.1     2,-0.2    -2,-0.2   0.949 108.7  49.2 -56.4 -50.3  -13.2   22.5   -0.1               
  220  220 A I  H  X S+     0   0   16     -4,-2.4     4,-2.1     1,-0.2    -2,-0.2   0.913 110.5  50.2 -57.3 -47.5  -14.8   19.9   -2.5               
  221  221 A V  H  X S+     0   0    1     -4,-2.1     4,-1.1     1,-0.2    -1,-0.2   0.891 112.0  47.8 -60.8 -40.5  -15.8   17.6    0.5               
  222  222 A C  H  < S+     0   0   58     -4,-2.1    -1,-0.2     1,-0.2    -2,-0.2   0.822 110.6  52.1 -69.7 -32.4  -17.4   20.6    2.3               
  223  223 A T  H  < S+     0   0  125     -4,-2.1     3,-0.2     1,-0.2    -2,-0.2   0.856 104.4  56.6 -70.5 -35.5  -19.3   21.7   -0.9               
  224  224 A L  H  < S-     0   0   37     -4,-2.1   -34,-1.2     1,-0.3     2,-0.2   0.829 132.3  -2.8 -65.9 -35.4  -20.7   18.1   -1.3               
  225  225 A N    ><  -     0   0   16     -4,-1.1     3,-1.8   -36,-0.2    -1,-0.3  -0.804  58.0-150.0-158.9 122.5  -22.3   18.3    2.2               
  226  226 A S  T 3  S+     0   0  113      1,-0.3    -4,-0.1    -3,-0.2    -3,-0.1   0.629  96.5  68.0 -67.2 -14.6  -22.0   21.2    4.7               
  227  227 A E  T 3  S+     0   0  107      2,-0.1    -1,-0.3    -5,-0.0     2,-0.2   0.595  75.3 107.7 -79.0 -12.8  -22.3   18.6    7.6               
  228  228 A N    <   -     0   0    7     -3,-1.8     2,-0.4    -7,-0.2   -33,-0.2  -0.466  54.5-165.1 -67.0 135.8  -18.9   17.1    6.7               
  229  229 A K  E     -g  195   0B 146    -35,-1.4   -33,-2.5    -2,-0.2     2,-0.5  -0.970  21.6-121.5-128.5 140.1  -16.2   18.0    9.3               
  230  230 A V  E     +g  196   0B  87     -2,-0.4     2,-0.4   -35,-0.2   -33,-0.2  -0.656  33.1 174.8 -75.0 124.5  -12.4   17.8    9.3               
  231  231 A D        +     0   0   47    -35,-2.4    -2,-0.0    -2,-0.5   -36,-0.0  -0.956  14.6 179.9-132.4 114.4  -11.1   15.6   12.2               
  232  232 A L  S    S+     0   0  122     -2,-0.4   -35,-0.1     2,-0.1    -1,-0.1   0.456  80.6  50.9 -89.0  -4.9   -7.4   14.9   12.3               
  233  233 A T  S    S-     0   0  113      1,-0.0    -1,-0.1    24,-0.0   -36,-0.0   0.876 129.4  -0.6-100.7 -54.6   -7.6   12.7   15.5               
  234  234 A N  S    S+     0   0  116    -38,-0.1    -2,-0.1    23,-0.0   -39,-0.1  -0.449  76.7 177.3-140.3  64.3  -10.3   10.1   14.9               
  235  235 A P        -     0   0   12      0, 0.0    22,-0.3     0, 0.0    21,-0.2  -0.393  30.4-144.1 -68.1 145.2  -11.9   10.5   11.4               
  236  236 A Q  S    S+     0   0  107    -41,-0.6    19,-0.5     1,-0.2     2,-0.4   0.888  91.7  32.6 -67.7 -40.0  -14.5    8.2   10.0               
  237  237 A Y  E     -h  196   0B  42    -42,-2.4   -40,-1.8    17,-0.1     2,-0.6  -0.956  67.3-159.6-124.1 133.7  -13.0    8.5    6.5               
  238  238 A T  E     -hI 197 253B   1     15,-2.9    15,-2.3    -2,-0.4     2,-0.7  -0.955  10.3-151.8-111.1 116.7   -9.3    9.1    5.5               
  239  239 A V  E     -hI 198 252B   1    -42,-3.0   -40,-2.9    -2,-0.6     2,-0.6  -0.792  16.4-154.9 -82.4 112.0   -8.8   10.5    2.0               
  240  240 A V  E     -hI 199 251B   4     11,-2.7    11,-1.8    -2,-0.7     2,-0.5  -0.851  12.7-175.3 -94.5 123.5   -5.4    9.2    0.9               
  241  241 A V  E     +hI 200 250B   1    -42,-3.0   -40,-2.3    -2,-0.6     2,-0.5  -0.971   5.1 175.6-121.0 111.3   -3.6   11.3   -1.7               
  242  242 A E  E     -hI 201 249B   3      7,-2.7     7,-2.6    -2,-0.5     2,-0.5  -0.942  12.6-161.3-123.0 111.3   -0.3    9.8   -3.0               
  243  243 A I  E     +hI 202 248B   0    -42,-2.9   -40,-2.1    -2,-0.5     2,-0.4  -0.793  10.6 178.9 -89.3 125.4    1.5   11.6   -5.8               
  244  244 A I  E >   -hI 203 247B   1      3,-3.0     3,-2.4    -2,-0.5     2,-0.2  -0.978  62.5 -52.3-128.9 117.2    4.1    9.5   -7.7               
  245  245 A K  T 3  S-     0   0   93    -42,-2.3   -42,-0.1    -2,-0.4  -122,-0.1  -0.399 124.2 -19.0  51.2-115.6    6.0   11.2  -10.6               
  246  246 A A  T 3  S+     0   0   70     -2,-0.2   -75,-2.7    -3,-0.1     2,-0.4   0.164 121.4  91.8-102.3  14.0    3.1   12.7  -12.8               
  247  247 A V  E <   -FI 170 244B  11     -3,-2.4    -3,-3.0   -77,-0.3     2,-0.5  -0.942  59.9-151.0-118.0 132.3    0.3   10.4  -11.4               
  248  248 A C  E     -FI 169 243B   3    -79,-3.0   -79,-2.5    -2,-0.4     2,-0.5  -0.888   9.0-156.2 -96.2 126.3   -2.1   11.1   -8.4               
  249  249 A C  E     -FI 168 242B   0     -7,-2.6    -7,-2.7    -2,-0.5     2,-0.4  -0.942  17.0-172.0-102.4 120.5   -3.3    8.0   -6.5               
  250  250 A L  E     +FI 167 241B   5    -83,-2.6   -83,-1.6    -2,-0.5   -84,-0.9  -0.925  13.3 150.7-119.3 136.6   -6.6    8.7   -4.8               
  251  251 A S  E     - I   0 240B   0    -11,-1.8   -11,-2.7    -2,-0.4     2,-0.4  -0.989  34.6-136.9-152.7 160.2   -8.6    6.6   -2.3               
  252  252 A V  E     - I   0 239B   0     -2,-0.3     2,-0.3   -13,-0.2   -13,-0.2  -0.976  31.1-177.5-112.4 131.3  -11.1    6.8    0.7               
  253  253 A V  E     - I   0 238B   0    -15,-2.3   -15,-2.9    -2,-0.4     3,-0.3  -0.985  16.5-145.5-132.4 145.6  -10.3    4.4    3.5               
  254  254 A K  S    S+     0   0   89     -2,-0.3   -17,-0.1   -17,-0.2     5,-0.1  -0.561  79.4  24.1 -95.0 164.9  -12.0    3.5    6.9               
  255  255 A D     >  +     0   0   70    -19,-0.5     4,-3.0    -2,-0.2     7,-0.2   0.730  69.8 153.5  56.4  29.0  -10.3    2.5   10.2               
  256  256 A Y  T  4>S+     0   0   22     -3,-0.3     5,-2.9   -21,-0.2     6,-0.5   0.883  74.6  40.8 -59.5 -40.5   -7.0    4.3    9.2               
  257  257 A M  T >45S+     0   0   81    -22,-0.3     3,-1.5     3,-0.2    -1,-0.2   0.913 114.3  52.8 -73.9 -41.2   -6.0    4.9   12.8               
  258  258 A L  T 345S+     0   0   73      1,-0.3    -2,-0.2     2,-0.1    -1,-0.1   0.922 109.6  49.0 -59.3 -45.6   -7.1    1.4   14.0               
  259  259 A F  T 3X5S-     0   0    2     -4,-3.0     4,-1.3    -5,-0.1    -1,-0.3   0.132 117.8-114.0 -83.8  20.4   -5.0   -0.3   11.2               
  260  260 A R  T <45S-     0   0   96     -3,-1.5     3,-0.3     1,-0.2    -3,-0.2   0.864  78.3 -44.9  50.9  47.7   -2.0    1.8   12.2               
  261  261 A K  T  4<S-     0   0  106     -5,-2.9    -1,-0.2     1,-0.2    -4,-0.1   0.900 105.7 -63.0  61.0  41.9   -1.9    3.8    8.9               
  262  262 A Y  T  4 S+     0   0    0     -6,-0.5  -100,-1.6    -7,-0.2     2,-0.7   0.797  91.6 154.5  55.4  35.6   -2.5    0.6    6.9               
  263  263 A N  B >X  -E  161   0A  12     -4,-1.3     4,-2.6    -3,-0.3     3,-0.6  -0.854  33.7-160.7 -96.3 110.7    0.9   -0.8    8.1               
  264  264 A L  H 3> S+     0   0    2   -104,-1.2     4,-0.5    -2,-0.7  -109,-0.2   0.752  92.0  49.9 -63.5 -27.5    0.8   -4.7    8.0               
  265  265 A Q  H 34 S+     0   0   59   -105,-0.9    -1,-0.2     2,-0.1  -104,-0.1   0.777 116.3  40.6 -82.7 -27.7    3.8   -4.9   10.4               
  266  266 A E  H X4 S+     0   0   68     -3,-0.6     3,-1.6  -106,-0.3    -2,-0.2   0.792 101.9  68.4 -89.1 -31.3    2.2   -2.5   13.0               
  267  267 A V  H 3< S+     0   0    2     -4,-2.6    -3,-0.1    -8,-0.3    -2,-0.1   0.809  98.1  53.6 -61.5 -30.3   -1.4   -3.7   12.8               
  268  268 A V  T 3< S+     0   0   13     -4,-0.5     2,-0.3    -9,-0.1    -1,-0.3   0.558  88.5 101.0 -79.9 -11.9   -0.4   -7.0   14.5               
  269  269 A K  S <  S-     0   0   87     -3,-1.6     3,-0.1     1,-0.1  -117,-0.1  -0.610  78.8-117.5 -77.9 135.3    1.2   -5.2   17.5               
  270  270 A S        -     0   0   86     -2,-0.3     2,-0.9     1,-0.1    -1,-0.1  -0.321  48.0 -82.3 -57.6 148.6   -0.7   -5.0   20.7               
  271  271 A P        -     0   0  108      0, 0.0     2,-0.3     0, 0.0    -1,-0.1  -0.480  47.1-161.5 -58.5 100.6   -1.5   -1.4   21.8               
  272  272 A K        -     0   0  160     -2,-0.9     4,-0.1     1,-0.1    -3,-0.0  -0.742  46.0 -79.5 -71.5 138.8    1.6   -0.3   23.5               
  273  273 A D    >   -     0   0  132     -2,-0.3     3,-1.0     1,-0.2    -1,-0.1  -0.075  43.8-112.3 -43.1 138.5    0.7    2.7   25.6               
  274  274 A P  G >  S+     0   0  122      0, 0.0     3,-0.7     0, 0.0    -1,-0.2   0.458  99.2  89.6 -57.5  -1.4    0.4    6.0   23.5               
  275  275 A S  G 3  S+     0   0   96      1,-0.2     3,-0.2     2,-0.1    -2,-0.1   0.519  78.4  55.4 -81.1  -6.3    3.5    7.5   25.2               
  276  276 A Q  G <  S+     0   0  160     -3,-1.0     3,-0.3     1,-0.1    -1,-0.2   0.392  84.3  77.2-111.3   4.4    6.3    6.2   22.9               
  277  277 A L  S <  S+     0   0  141     -3,-0.7    -1,-0.1     1,-0.2    -2,-0.1   0.504  90.5  52.1 -96.5  -0.3    5.3    7.3   19.3               
  278  278 A N  S    S+     0   0  171     -3,-0.2     2,-0.3    -4,-0.1     3,-0.2   0.215  83.1  86.5-122.1  13.8    6.4   11.1   19.5               
  279  279 A S        +     0   0   91     -3,-0.3    -1,-0.1     1,-0.2     3,-0.1  -0.571  63.3  74.6-126.1  69.3   10.1   11.2   20.7               
  280  280 A K        +     0   0  212     -2,-0.3     2,-0.2     1,-0.2    -1,-0.2  -0.008  59.4 104.1-167.4  59.2   12.7   10.8   17.9               
  281  281 A Q        -     0   0  198     -3,-0.2    -1,-0.2     2,-0.0     0, 0.0  -0.727  69.6-112.3-147.3  92.2   13.0   14.0   15.8               
  282  282 A G        +     0   0   83     -2,-0.2     2,-0.4    -3,-0.1    -2,-0.0   0.138  32.9 177.2  86.4  68.8   15.7   15.9   16.4               
  283  283 A N        -     0   0  147      2,-0.0     2,-0.6     0, 0.0    -2,-0.0  -0.855  10.7-177.9-127.5  94.7   16.3   19.4   17.9               
  284  284 A G        +     0   0   75     -2,-0.4     2,-0.3     2,-0.0     0, 0.0  -0.836  13.4 159.6 -75.4 123.7   19.9   20.4   18.2               
  285  285 A K        -     0   0  191     -2,-0.6     2,-0.1     2,-0.0    -2,-0.0  -0.814  29.2-139.7-147.5 118.8   20.3   23.8   19.8               
  286  286 A E        +     0   0  199     -2,-0.3     2,-0.1     1,-0.0    -2,-0.0  -0.411  23.8 170.1 -61.0 137.0   23.5   24.8   21.4               
  287  287 A A        -     0   0  102     -2,-0.1    -2,-0.0     0, 0.0    -1,-0.0  -0.519  24.0-150.7-157.1  92.8   23.9   26.8   24.7               
  288  288 A K        +     0   0  186     -2,-0.1     0, 0.0     0, 0.0     0, 0.0   0.275  29.1 108.3  -7.9 152.3   27.4   27.1   26.1               
  289  289 A L        +     0   0  114      0, 0.0     0, 0.0     0, 0.0     0, 0.0   0.818  32.6   1.7  98.4 101.2   29.3   27.4   29.4               
  290  290 A E        -     0   0  171      0, 0.0     0, 0.0     0, 0.0     0, 0.0   0.969  26.8 -31.6  94.9 137.5   31.4   26.0   31.9               
  291  291 A S        +     0   0  106      0, 0.0     0, 0.0     0, 0.0     0, 0.0   0.877  19.0  16.6-173.9 163.9   33.4   24.3   34.0               
  292  292 A A        +     0   0   99      0, 0.0     0, 0.0     0, 0.0     0, 0.0   0.712  31.4  65.6  70.9 138.9   35.4   21.9   36.4               
  293  293 A D        -     0   0  143      0, 0.0     0, 0.0     0, 0.0     0, 0.0   0.698  29.7-146.1-160.1 167.5   36.8   19.2   37.6               
  294  294 A K        +     0   0  184      0, 0.0     0, 0.0     0, 0.0     0, 0.0   0.189  14.3 142.1 -49.4 162.3   39.2   16.2   37.3               
  295  295 A S        -     0   0   96      0, 0.0     0, 0.0     0, 0.0     0, 0.0   0.639  20.2 -40.1-179.1 154.8   40.4   13.1   37.7               
  296  296 A D        +     0   0  132      0, 0.0     0, 0.0     0, 0.0     0, 0.0   0.909  26.1  60.1  61.7 140.7   42.2    9.8   36.9               
  297  297 A Q        -     0   0  147      0, 0.0     0, 0.0     0, 0.0     0, 0.0   0.803  21.2 -44.9-173.6 154.6   43.3    7.0   35.4               
  298  298 A N        -     0   0  116      0, 0.0     0, 0.0     0, 0.0     0, 0.0   0.998  14.8-149.2  85.0 107.4   44.8    4.2   33.4               
  299  299 A N        +     0   0  142      0, 0.0     0, 0.0     0, 0.0     0, 0.0   0.842   7.5 141.7  62.6 137.6   45.8    2.1   30.8               
  300  300 A T        +     0   0  118      0, 0.0     0, 0.0     0, 0.0     0, 0.0   0.860  13.7   9.2-169.3 165.3   46.8   -0.3   28.6               
  301  301 A A        -     0   0   81      0, 0.0     0, 0.0     0, 0.0     0, 0.0   0.808  22.0 -97.9  81.8 143.0   47.6   -2.7   25.7               
  302  302 A E        +     0   0  188      0, 0.0     0, 0.0     0, 0.0     0, 0.0   0.732  23.2 152.8-179.5 148.4   47.8   -4.0   22.7               
  303  303 A G        -     0   0   80      0, 0.0     2,-0.1     0, 0.0     0, 0.0   0.147  28.6-172.5 164.8  80.8   47.4   -6.0   19.4               
  304  304 A K        +     0   0  198      1,-0.0     0, 0.0     0, 0.0     0, 0.0  -0.325  13.2 142.4 -56.4 147.7   48.6   -5.0   15.8               
  305  305 A N        -     0   0  140     -2,-0.1    -1,-0.0     0, 0.0     0, 0.0   0.367  18.2-146.6 171.0 131.9   48.4   -6.0   12.4               
  306  306 A N        +     0   0  122      0, 0.0     0, 0.0     0, 0.0     0, 0.0   0.576  13.4 137.1  14.2 151.8   48.2   -5.0    8.7               
  307  307 A Q        -     0   0  151      2,-0.0     0, 0.0     0, 0.0     0, 0.0   0.768  24.8 -28.5-172.1 165.7   47.5   -4.9    5.5               
  308  308 A Q        +     0   0  175      1,-0.1     0, 0.0     0, 0.0     0, 0.0   0.903  22.5 146.1  97.8 110.4   46.5   -3.9    2.0               
  309  309 A V        -     0   0  123      0, 0.0     2,-0.3     0, 0.0    -1,-0.1  -0.749  22.6-157.0-105.0 160.1   44.6   -1.5   -0.4               
  310  310 A P        -     0   0  124      0, 0.0     0, 0.0     0, 0.0     0, 0.0  -0.881  16.3-136.7-135.7 157.9   45.6   -0.4   -3.7               
  311  311 A E        -     0   0  154     -2,-0.3     2,-0.2     0, 0.0     0, 0.0  -0.063  17.9-168.0 -63.9 160.1   44.2    2.8   -5.3               
  312  312 A N        -     0   0  177      0, 0.0     2,-0.2     0, 0.0     0, 0.0  -0.685  25.5-178.3-151.6 136.9   43.0    4.1   -8.5               
  313  313 A T        +     0   0  103     -2,-0.2     0, 0.0     0, 0.0     0, 0.0  -0.448   9.1 113.0-108.2 169.4   42.6    7.9   -8.9               
  314  314 A E        +     0   0  175     -2,-0.2     0, 0.0     0, 0.0     0, 0.0   0.668  26.5  43.3  87.8 131.8   41.5   10.7  -11.3               
  315  315 A E        +     0   0  185      1,-0.0     2,-0.4     0, 0.0     0, 0.0   0.652  16.4 169.8-159.9 145.5   39.8   13.2  -12.5               
  316  316 A L        -     0   0  156      2,-0.0     2,-0.4     0, 0.0    -1,-0.0  -0.791  14.4-169.8 -88.4 137.0   38.1   16.5  -11.5               
  317  317 A G        +     0   0   80     -2,-0.4     2,-0.4     2,-0.0     0, 0.0  -0.812   9.5 172.6-133.8  94.9   36.8   18.9  -14.2               
  318  318 A Q        +     0   0  176     -2,-0.4     2,-0.2     2,-0.0    -2,-0.0  -0.846   3.4 164.5 -84.6 133.7   35.6   22.4  -13.1               
  319  319 A T        +     0   0  144     -2,-0.4    -2,-0.0     2,-0.0     0, 0.0  -0.800   1.3 161.4-146.3 116.2   34.7   25.1  -15.6               
  320  320 A K        -     0   0  194     -2,-0.2     2,-0.3     2,-0.0    -2,-0.0  -0.777  17.9-160.3 -84.7 159.0   32.8   28.3  -14.9               
  321  321 A P        -     0   0  130      0, 0.0     2,-0.2     0, 0.0    -2,-0.0  -0.928  12.1-146.6-133.4 149.0   32.6   31.2  -16.9               
  322  322 A T        +     0   0  128     -2,-0.3     2,-0.0     2,-0.0    -2,-0.0  -0.621  31.0 134.4 -76.7 140.4   31.6   34.6  -15.5               
  323  323 A S        +     0   0  114     -2,-0.2     0, 0.0     0, 0.0     0, 0.0  -0.074  16.5 171.1 175.5 123.1   29.8   37.6  -16.9               
  324  324 A N        -     0   0  148     -2,-0.0     2,-0.1     0, 0.0    -2,-0.0  -0.257  14.2-159.5 -68.9 166.1   26.9   39.9  -15.7               
  325  325 A P        -     0   0  116      0, 0.0     0, 0.0     0, 0.0     0, 0.0  -0.426  19.9-126.9-145.6 145.7   25.3   42.8  -16.5               
  326  326 A Q        -     0   0  155     -2,-0.1     2,-0.2     0, 0.0     0, 0.0   0.319  22.2-179.9   9.0 130.6   23.2   45.1  -14.4               
  327  327 A V        -     0   0  150      0, 0.0     2,-0.2     0, 0.0     0, 0.0  -0.792  30.5-153.3-142.5 136.0   20.0   46.8  -14.2               
  328  328 A V        -     0   0  117     -2,-0.2     0, 0.0     1,-0.2     0, 0.0  -0.529   9.5-107.4 -99.2 155.2   19.6   49.0  -11.1               
  329  329 A N        +     0   0  153     -2,-0.2    -1,-0.2     0, 0.0     2,-0.0   0.080  36.9 147.9 -61.2 179.2   16.7   50.3   -8.9               
  330  330 A E        -     0   0  192      0, 0.0    -2,-0.0     0, 0.0     0, 0.0   0.411  16.1-158.0 104.3 125.8   14.9   53.6   -8.3               
  331  331 A G        +     0   0   80     -2,-0.0     0, 0.0     0, 0.0     0, 0.0   0.660  15.4 131.9 138.7 135.7   12.1   55.1   -7.6               
  332  332 A G        +     0   0   80      0, 0.0     0, 0.0     0, 0.0     0, 0.0   0.714  26.0  17.2 111.0 121.6    9.3   57.7   -7.2               
  333  333 A A        -     0   0  105      0, 0.0     0, 0.0     0, 0.0     0, 0.0   0.989  19.8-153.1  86.7 113.8    5.9   59.2   -7.3               
  334  334 A K        -     0   0  160      2,-0.0     2,-0.2     0, 0.0     0, 0.0  -0.073   6.8-162.3 -43.7 160.8    2.1   59.3   -7.5               
  335  335 A P        -     0   0  128      0, 0.0     2,-0.3     0, 0.0     0, 0.0  -0.620   7.2-178.9-146.2 165.6   -0.4   61.3   -8.5               
  336  336 A E        +     0   0  135     -2,-0.2     2,-0.1     2,-0.0    -2,-0.0  -0.853  15.1 144.0-109.2 140.9   -4.1   61.4   -7.8               
  337  337 A L        -     0   0  156     -2,-0.3     0, 0.0     0, 0.0     0, 0.0  -0.079  20.3-138.6 169.3 117.2   -7.0   63.7   -9.0               
  338  338 A A        +     0   0   84     -2,-0.1    -2,-0.0     0, 0.0     0, 0.0   0.705  14.7 162.6  68.8 126.5  -10.4   63.9   -9.9               
  339  339 A S        +     0   0  102      0, 0.0     0, 0.0     0, 0.0     0, 0.0   0.666  20.1  14.7 173.1 172.4  -13.3   64.5  -11.3               
  340  340 A Q        -     0   0  181      0, 0.0     2,-0.0     0, 0.0     0, 0.0   0.829  26.9-167.5  92.0 102.3  -17.0   64.7  -12.6               
  341  341 A A        +     0   0   86      0, 0.0     2,-0.1     0, 0.0     0, 0.0   0.365  14.5 178.6  81.9 113.8  -20.2   63.6  -12.1               
  342  342 A T        -     0   0  149     -2,-0.0     2,-0.0     0, 0.0     0, 0.0  -0.204  18.2-141.1 177.2 146.3  -23.6   63.0  -13.1               
  343  343 A E        +     0   0  198     -2,-0.1     0, 0.0     2,-0.0     0, 0.0  -0.206  14.9 175.6 -77.5 161.7  -26.8   61.4  -11.7               
  344  344 A G        -     0   0   79     -2,-0.0     2,-0.2     0, 0.0    -1,-0.0  -0.274  15.6-178.2-172.5  79.6  -29.7   59.3  -13.1               
  345  345 A S        +     0   0  115      1,-0.0    -2,-0.0     2,-0.0     0, 0.0  -0.514  13.9 136.2 -64.8 142.8  -32.3   57.8  -10.8               
  346  346 A K        -     0   0  198     -2,-0.2    -1,-0.0     2,-0.0     0, 0.0   0.143  25.1-147.5 171.6 119.3  -35.3   55.7  -11.3               
  347  347 A S        +     0   0   91      0, 0.0     2,-0.0     0, 0.0    -2,-0.0   0.440  15.7 171.9  18.1 134.5  -37.1   52.7   -9.9               
  348  348 A N        +     0   0  158      2,-0.0     2,-0.2     0, 0.0    -2,-0.0  -0.129   4.5 177.9-168.3 123.3  -39.1   49.9  -10.6               
  349  349 A E        +     0   0  186     -2,-0.0     2,-0.2     2,-0.0     0, 0.0  -0.535   5.1 179.0 -64.3 148.4  -40.2   47.0   -8.3               
  350  350 A N        -     0   0  174     -2,-0.2     2,-0.2     0, 0.0    -2,-0.0  -0.689   4.5-179.9-154.7 130.3  -42.5   44.3   -9.5               
  351  351 A D        +     0   0  131     -2,-0.2    -2,-0.0     1,-0.1     0, 0.0  -0.429  23.9  88.7 -99.7 171.2  -43.5   41.4   -7.3               
  352  352 A F              0   0  175     -2,-0.2    -1,-0.1     1,-0.0     0, 0.0   0.987 360.0 360.0  79.4  98.0  -45.8   38.3   -7.8               
  353  353 A S              0   0  195      0, 0.0    -1,-0.0     0, 0.0     0, 0.0  -0.040 360.0 360.0-178.2 360.0  -46.0   34.9   -8.9               
