==== Secondary Structure Definition by the program DSSP, CMBI version 2.0                          ==== DATE=2026-03-08        .
REFERENCE W. KABSCH AND C.SANDER, BIOPOLYMERS 22 (1983) 2577-2637                                                              .
HEADER                                            01-AUG-25                                                                    .
COMPND    MOL_ID: 1; MOLECULE: RNA-BINDING PROTEIN NOVA-2; CHAIN: A                                                            .
SOURCE    MOL_ID: 1; ORGANISM_SCIENTIFIC: HOMO SAPIENS; ORGANISM_TAXID: 9606                                                   .
AUTHOR                                                                                                                         .
  492  1  0  0  0 TOTAL NUMBER OF RESIDUES, NUMBER OF CHAINS, NUMBER OF SS-BRIDGES(TOTAL,INTRACHAIN,INTERCHAIN)                .
 39337.2   ACCESSIBLE SURFACE OF PROTEIN (ANGSTROM**2)                                                                         .
  276 56.1   TOTAL NUMBER OF HYDROGEN BONDS OF TYPE O(I)-->H-N(J)  , SAME NUMBER PER 100 RESIDUES                              .
    0  0.0   TOTAL NUMBER OF HYDROGEN BONDS IN     PARALLEL BRIDGES, SAME NUMBER PER 100 RESIDUES                              .
   48  9.8   TOTAL NUMBER OF HYDROGEN BONDS IN ANTIPARALLEL BRIDGES, SAME NUMBER PER 100 RESIDUES                              .
    2  0.4   TOTAL NUMBER OF HYDROGEN BONDS OF TYPE O(I)-->H-N(I-5), SAME NUMBER PER 100 RESIDUES                              .
    0  0.0   TOTAL NUMBER OF HYDROGEN BONDS OF TYPE O(I)-->H-N(I-4), SAME NUMBER PER 100 RESIDUES                              .
    0  0.0   TOTAL NUMBER OF HYDROGEN BONDS OF TYPE O(I)-->H-N(I-3), SAME NUMBER PER 100 RESIDUES                              .
    0  0.0   TOTAL NUMBER OF HYDROGEN BONDS OF TYPE O(I)-->H-N(I-2), SAME NUMBER PER 100 RESIDUES                              .
    0  0.0   TOTAL NUMBER OF HYDROGEN BONDS OF TYPE O(I)-->H-N(I-1), SAME NUMBER PER 100 RESIDUES                              .
    0  0.0   TOTAL NUMBER OF HYDROGEN BONDS OF TYPE O(I)-->H-N(I+0), SAME NUMBER PER 100 RESIDUES                              .
    0  0.0   TOTAL NUMBER OF HYDROGEN BONDS OF TYPE O(I)-->H-N(I+1), SAME NUMBER PER 100 RESIDUES                              .
   48  9.8   TOTAL NUMBER OF HYDROGEN BONDS OF TYPE O(I)-->H-N(I+2), SAME NUMBER PER 100 RESIDUES                              .
   50 10.2   TOTAL NUMBER OF HYDROGEN BONDS OF TYPE O(I)-->H-N(I+3), SAME NUMBER PER 100 RESIDUES                              .
  122 24.8   TOTAL NUMBER OF HYDROGEN BONDS OF TYPE O(I)-->H-N(I+4), SAME NUMBER PER 100 RESIDUES                              .
    1  0.2   TOTAL NUMBER OF HYDROGEN BONDS OF TYPE O(I)-->H-N(I+5), SAME NUMBER PER 100 RESIDUES                              .
  1  2  3  4  5  6  7  8  9 10 11 12 13 14 15 16 17 18 19 20 21 22 23 24 25 26 27 28 29 30     *** HISTOGRAMS OF ***           .
  0  0  0  0  1  1  0  3  0  2  0  0  1  0  0  2  0  0  0  1  0  0  0  1  0  0  0  0  0  0    RESIDUES PER ALPHA HELIX         .
  0  0  0  0  0  0  0  0  0  0  0  0  0  0  0  0  0  0  0  0  0  0  0  0  0  0  0  0  0  0    PARALLEL BRIDGES PER LADDER      .
  2  1  0  3  0  0  1  2  0  0  0  0  0  0  0  0  0  0  0  0  0  0  0  0  0  0  0  0  0  0    ANTIPARALLEL BRIDGES PER LADDER  .
  0  0  1  0  0  1  0  0  0  0  0  0  0  0  0  0  0  0  0  0  0  0  0  0  0  0  0  0  0  0    LADDERS PER SHEET                .
  #  RESIDUE AA STRUCTURE BP1 BP2  ACC     N-H-->O    O-->H-N    N-H-->O    O-->H-N    TCO  KAPPA ALPHA  PHI   PSI    X-CA   Y-CA   Z-CA            CHAIN
    1    1 A M              0   0  244      0, 0.0     0, 0.0     0, 0.0     0, 0.0   0.000 360.0 360.0 360.0 104.0   -1.5   19.4   79.6               
    2    2 A E        +     0   0  182      1,-0.0     2,-0.0     0, 0.0     0, 0.0  -0.261 360.0 108.4 -84.5-178.9   -3.3   20.8   76.5               
    3    3 A P        -     0   0  110      0, 0.0    -1,-0.0     0, 0.0     0, 0.0   0.586  22.7-147.6-133.5 170.6   -4.9   20.9   73.7               
    4    4 A E        +     0   0  190      2,-0.0     0, 0.0    -2,-0.0     0, 0.0   0.905  26.6 112.4  38.7 162.5   -8.1   21.4   71.7               
    5    5 A A        +     0   0   92      1,-0.1     2,-0.2     0, 0.0     0, 0.0   0.973  15.3 166.9  90.5 107.6  -10.3   20.7   68.8               
    6    6 A P        -     0   0  128      0, 0.0     2,-0.3     0, 0.0    -1,-0.1  -0.777   8.4-169.4-109.8 168.7  -13.8   19.1   67.8               
    7    7 A D        -     0   0  162     -2,-0.2     2,-0.3     0, 0.0     0, 0.0  -0.950  21.0-132.1-154.0 178.1  -16.1   18.9   64.9               
    8    8 A S        +     0   0   84     -2,-0.3     0, 0.0     1,-0.2     0, 0.0  -0.844  30.2   5.1-134.3 149.6  -19.7   17.6   64.5               
    9    9 A R        -     0   0  238     -2,-0.3    -1,-0.2     1,-0.1     2,-0.0   0.931  33.6-146.6  64.9  89.0  -22.8   15.8   63.3               
   10   10 A K        +     0   0  207      0, 0.0    -1,-0.1     0, 0.0     0, 0.0  -0.325  14.4 177.1 -47.5 144.8  -23.5   13.3   60.5               
   11   11 A R        -     0   0  240     -2,-0.0     2,-0.2     0, 0.0     0, 0.0  -0.869  19.5-157.4-141.6 136.4  -26.6   13.1   58.5               
   12   12 A P        +     0   0  118      0, 0.0     0, 0.0     0, 0.0     0, 0.0  -0.520  36.3  75.0 -97.8 174.8  -26.8   10.4   55.7               
   13   13 A L        +     0   0  157      1,-0.3     2,-0.3    -2,-0.2     0, 0.0   0.957  35.6 112.9  87.5  81.2  -28.7    9.7   52.4               
   14   14 A E        -     0   0  191      2,-0.1    -1,-0.3     0, 0.0     0, 0.0  -0.924  40.0-158.8-136.6 152.9  -28.5   11.0   48.9               
   15   15 A T        +     0   0  130     -2,-0.3     0, 0.0     2,-0.0     0, 0.0  -0.882  17.3 167.7-134.5 106.8  -27.2    8.7   46.1               
   16   16 A P        -     0   0  118      0, 0.0     2,-0.2     0, 0.0    -2,-0.1  -0.611  42.5 -95.1 -95.3 167.8  -25.7    9.7   42.6               
   17   17 A P        -     0   0  122      0, 0.0     2,-0.3     0, 0.0    -2,-0.0  -0.596  32.0-169.0 -90.4 149.1  -23.9    7.1   40.4               
   18   18 A E        -     0   0  190     -2,-0.2     2,-0.5     2,-0.1     0, 0.0  -0.946  12.1-142.9-130.8 155.8  -20.2    6.2   40.0               
   19   19 A V        +     0   0  141     -2,-0.3     2,-0.3     2,-0.0     0, 0.0  -0.943  29.1 152.3-123.3 110.2  -18.4    4.0   37.4               
   20   20 A V        -     0   0  136     -2,-0.5     2,-0.3     2,-0.0    -2,-0.1  -0.992  24.7-154.1-138.0 133.2  -15.4    1.7   38.2               
   21   21 A C        +     0   0  112     -2,-0.3     2,-0.2     0, 0.0    -2,-0.0  -0.740  16.8 160.7-100.8 146.0  -14.5   -1.5   36.3               
   22   22 A T        +     0   0  137     -2,-0.3    -2,-0.0     1,-0.1     0, 0.0  -0.744  26.8  26.0-161.4 150.5  -12.7   -4.8   36.8               
   23   23 A K        -     0   0  192     -2,-0.2    -1,-0.1     2,-0.0     0, 0.0   0.952  53.3 -99.2  89.7  81.1  -12.1   -8.4   35.7               
   24   24 A R        -     0   0  240      1,-0.1     2,-0.3     0, 0.0     0, 0.0   0.654  19.7-178.7  45.5  98.5  -12.1  -10.7   32.9               
   25   25 A S        -     0   0  104      2,-0.1     2,-0.5     0, 0.0    -1,-0.1  -0.807  29.4-130.0-109.6 164.2  -14.5  -13.3   31.4               
   26   26 A N        +     0   0  163     -2,-0.3     2,-0.4     2,-0.0     0, 0.0  -0.919  36.1 161.0-117.8  99.9  -13.4  -15.2   28.3               
   27   27 A T        -     0   0  122     -2,-0.5     2,-0.3     3,-0.0    -2,-0.1  -0.982  46.3 -93.6-121.4 130.1  -16.2  -15.3   25.6               
   28   28 A G        -     0   0   54     -2,-0.4     2,-1.7     1,-0.2    -2,-0.0  -0.386  51.7 -64.7 -75.7 124.2  -14.9  -16.1   22.1               
   29   29 A E    >   +     0   0  186     -2,-0.3     2,-2.3     1,-0.2     3,-1.2   0.089  69.2 138.7  61.0  -5.6  -13.8  -14.0   19.2               
   30   30 A E  T 3  S+     0   0  196     -2,-1.7    -1,-0.2     1,-0.2     3,-0.1  -0.424  75.9  40.1 -71.4  69.8  -16.9  -12.0   18.1               
   31   31 A G  T 3  S+     0   0   24     -2,-2.3     2,-0.8     1,-0.2    58,-0.2   0.409  74.3 111.4 168.9  -9.0  -15.0   -8.7   17.6               
   32   32 A E    <   +     0   0  102     -3,-1.2     2,-0.3    56,-0.1    -1,-0.2  -0.775  41.6 176.9 -87.3 113.0  -11.6   -9.2   15.9               
   33   33 A Y  E     -A   87   0A  63     54,-2.8    54,-1.9    -2,-0.8     2,-0.5  -0.817  22.2-133.0-112.8 152.8  -11.7   -7.7   12.4               
   34   34 A F  E     -A   86   0A  34     -2,-0.3     2,-0.4    52,-0.2    52,-0.2  -0.917  20.6-178.8-111.6 126.8   -8.8   -7.4    9.9               
   35   35 A L  E     -A   85   0A   2     50,-2.6    50,-2.9    -2,-0.5     2,-0.5  -0.987  10.8-159.0-122.6 127.6   -8.0   -4.2    7.9               
   36   36 A K  E     -AB  84 136A   5    100,-0.9   100,-2.3    -2,-0.4     2,-0.4  -0.922  12.5-172.2-100.1 130.6   -5.2   -3.9    5.3               
   37   37 A V  E     -AB  83 135A   3     46,-2.7    46,-2.9    -2,-0.5     2,-0.5  -0.967  21.9-132.5-119.9 132.0   -4.0   -0.3    4.5               
   38   38 A L  E     -A   82   0A   6     96,-3.0    96,-0.5    -2,-0.4    44,-0.2  -0.755  25.1-164.4 -77.6 125.1   -1.6    0.7    1.7               
   39   39 A I  E     -A   81   0A   0     42,-3.0    42,-2.7    -2,-0.5     5,-0.1  -0.961  19.4-123.5-115.7 118.3    1.0    3.0    3.3               
   40   40 A P  E >>  -A   80   0A  16      0, 0.0     4,-1.5     0, 0.0     3,-0.9  -0.295  29.7-109.8 -62.2 145.7    3.2    5.1    0.9               
   41   41 A S  T 34 S+     0   0   58     38,-1.1     4,-0.3     1,-0.3    39,-0.1   0.722 116.6  53.5 -54.3 -27.4    6.9    4.5    1.4               
   42   42 A Y  T >4 S+     0   0   71      1,-0.2     3,-0.9     2,-0.1     4,-0.5   0.899 108.6  47.8 -71.3 -41.4    7.4    8.1    2.9               
   43   43 A A  T <> S+     0   0    0     -3,-0.9     4,-1.7     1,-0.2     3,-0.3   0.756  92.2  77.5 -77.4 -23.2    4.7    7.7    5.6               
   44   44 A A  H 3X S+     0   0    0     -4,-1.5     4,-1.3     1,-0.2    -1,-0.2   0.751  90.4  58.0 -58.5 -24.3    5.9    4.3    6.8               
   45   45 A G  H <> S+     0   0   48     -3,-0.9     4,-2.2    -4,-0.3    -1,-0.2   0.926 107.3  43.0 -72.4 -45.9    8.7    6.1    8.7               
   46   46 A S  H  4 S+     0   0   35     -4,-0.5    -2,-0.2    -3,-0.3    -1,-0.1   0.807 112.2  55.2 -71.3 -28.4    6.5    8.3   10.9               
   47   47 A I  H  < S+     0   0    2     -4,-1.7    -1,-0.2     1,-0.2    -2,-0.2   0.871 113.3  40.1 -75.6 -37.6    4.0    5.5   11.6               
   48   48 A I  H  < S-     0   0   51     -4,-1.3     7,-1.9    -5,-0.2     6,-0.6   0.922 101.6-166.0 -68.7 -45.7    6.8    3.2   13.0               
   49   49 A G    ><  -     0   0   17     -4,-2.2     3,-1.8     5,-0.2     2,-0.2  -0.014  39.0 -31.3  76.3 173.3    8.5    6.1   14.8               
   50   50 A K  G >  S-     0   0  183      1,-0.3     3,-2.0     2,-0.2     4,-0.2  -0.442 134.9  -9.6 -62.5 122.9   12.0    6.3   16.3               
   51   51 A G  G 3  S-     0   0   91      1,-0.3    -1,-0.3    -2,-0.2    -2,-0.1   0.655 123.1 -69.4  61.0  17.2   12.9    2.8   17.6               
   52   52 A G  G <> S+     0   0   15     -3,-1.8     4,-2.3     3,-0.0    -1,-0.3   0.506 100.0 132.4  78.7   5.6    9.3    1.6   17.0               
   53   53 A Q  H <>  +     0   0  144     -3,-2.0     4,-2.4     1,-0.2    -4,-0.2   0.875  68.6  49.8 -58.5 -40.4    8.0    3.8   19.9               
   54   54 A T  H  > S+     0   0   49     -6,-0.6     4,-2.6     2,-0.2    -5,-0.2   0.934 112.8  44.2 -69.5 -45.8    5.1    5.2   17.8               
   55   55 A I  H  > S+     0   0   21     -7,-1.9     4,-2.2     2,-0.2    -1,-0.2   0.891 115.2  49.7 -67.4 -36.5    3.7    1.9   16.5               
   56   56 A V  H  X S+     0   0   91     -4,-2.3     4,-1.9    -8,-0.4    -2,-0.2   0.909 112.6  47.2 -67.1 -41.1    4.1    0.3   20.0               
   57   57 A Q  H  X S+     0   0   82     -4,-2.4     4,-2.3    -5,-0.2    -2,-0.2   0.945 111.7  50.7 -64.4 -43.8    2.3    3.2   21.6               
   58   58 A L  H  X S+     0   0    8     -4,-2.6     4,-2.3     1,-0.2     6,-0.4   0.881 110.2  49.4 -62.8 -40.0   -0.5    3.1   18.9               
   59   59 A Q  H  X S+     0   0   65     -4,-2.2     4,-1.5     1,-0.2    -1,-0.2   0.897 114.0  47.1 -62.1 -39.9   -0.9   -0.7   19.6               
   60   60 A K  H  < S+     0   0  165     -4,-1.9    -2,-0.2     2,-0.2    -1,-0.2   0.826 115.1  45.0 -70.8 -35.9   -1.2    0.0   23.4               
   61   61 A E  H  < S+     0   0  125     -4,-2.3    -2,-0.2     1,-0.1    -1,-0.2   0.858 125.0  30.7 -76.1 -39.9   -3.7    2.9   22.9               
   62   62 A T  H  < S-     0   0   30     -4,-2.3    26,-0.3    -5,-0.2    -2,-0.2   0.596  94.9-131.0 -94.3 -17.3   -6.0    1.1   20.4               
   63   63 A G     <  +     0   0   62     -4,-1.5     2,-0.2     1,-0.3    -4,-0.1   0.368  64.0 135.3  72.1  -2.8   -5.6   -2.5   21.6               
   64   64 A A        -     0   0    2     -6,-0.4     2,-0.6    27,-0.1    -1,-0.3  -0.507  59.5-128.5 -75.8 143.5   -5.0   -3.4   17.9               
   65   65 A T  E     -C   86   0A  56     21,-2.5    21,-2.1    -2,-0.2     2,-0.5  -0.800  29.8-163.4 -82.9 121.5   -2.2   -5.7   16.6               
   66   66 A I  E     +C   85   0A   7     -2,-0.6     2,-0.5    19,-0.2    19,-0.2  -0.937  11.8 179.8-117.4 120.4   -0.4   -3.7   13.9               
   67   67 A K  E     -C   84   0A  96     17,-3.0    17,-3.0    -2,-0.5     2,-0.4  -0.960   7.7-165.0-126.0 113.8    2.0   -5.5   11.4               
   68   68 A L  E     -C   83   0A  33     -2,-0.5    15,-0.2    15,-0.2   144,-0.1  -0.816  24.9-111.7-102.1 136.3    3.7   -3.5    8.6               
   69   69 A S        -     0   0    2     13,-2.6   144,-0.1    -2,-0.4     3,-0.1  -0.116  46.6 -87.1 -58.3 156.6    5.4   -5.1    5.5               
   70   70 A K    >   -     0   0  160      1,-0.1     3,-2.3     2,-0.1     2,-0.3  -0.131  52.7 -81.0 -63.2 160.6    9.3   -4.9    5.2               
   71   71 A S  T 3  S+     0   0   90      1,-0.3    -1,-0.1    10,-0.1     3,-0.1  -0.561 126.1  16.6 -59.7 126.2   11.1   -2.0    3.7               
   72   72 A K  T 3  S+     0   0  184     -2,-0.3     2,-0.9     1,-0.2    -1,-0.3   0.396  94.5 119.1  75.5   7.0   10.9   -2.7   -0.1               
   73   73 A D    <   +     0   0    8     -3,-2.3     9,-0.6     6,-0.1     2,-0.3  -0.835  46.7 175.0 -98.6  88.2    8.0   -5.2    0.4               
   74   74 A F  B     -D   81   0A  73     -2,-0.9     7,-0.2     7,-0.2     3,-0.1  -0.731  39.7-103.5 -98.4 149.1    5.4   -3.5   -1.6               
   75   75 A Y    >   -     0   0    9      5,-2.7     3,-1.6    -2,-0.3     5,-0.4  -0.517  61.0 -88.1 -61.7 135.6    1.8   -4.4   -2.6               
   76   76 A P  T 3  S+     0   0   15      0, 0.0    -1,-0.1     0, 0.0     3,-0.1  -0.118 113.4  17.6 -53.0 140.2    2.0   -5.6   -6.3               
   77   77 A G  T 3  S+     0   0   54      1,-0.2   147,-0.6   142,-0.1     2,-0.3   0.617 117.8  80.3  71.7  13.1    1.6   -2.7   -8.9               
   78   78 A T  S <  S-     0   0   24     -3,-1.6    -1,-0.2     2,-0.1    -4,-0.1  -0.880  74.8-134.4-136.5 171.2    2.3   -0.1   -6.2               
   79   79 A T  S    S+     0   0  102     -2,-0.3   -38,-1.1    -3,-0.1     2,-0.4  -0.120  76.0 113.0-107.0  27.7    5.2    1.6   -4.3               
   80   80 A E  E     -A   40   0A   4     -5,-0.4    -5,-2.7   -40,-0.2     2,-0.2  -0.858  63.5-132.4-117.6 134.8    3.2    1.2   -1.0               
   81   81 A R  E     -AD  39  74A  24    -42,-2.7   -42,-3.0    -2,-0.4     2,-0.6  -0.573  27.3-118.4 -80.7 148.4    3.9   -1.0    2.1               
   82   82 A V  E     -A   38   0A   0     -9,-0.6   -13,-2.6   130,-0.4     2,-0.6  -0.806  22.8-164.9 -95.2 121.7    1.0   -3.2    3.5               
   83   83 A C  E     -AC  37  68A   1    -46,-2.9   -46,-2.7    -2,-0.6     2,-0.5  -0.941   4.5-160.7-101.3 114.1   -0.2   -2.5    7.0               
   84   84 A L  E     -AC  36  67A   6    -17,-3.0   -17,-3.0    -2,-0.6     2,-0.4  -0.881   7.4-168.7 -89.7 127.1   -2.3   -5.3    8.5               
   85   85 A V  E     -AC  35  66A   1    -50,-2.9   -50,-2.6    -2,-0.5     2,-0.4  -0.958   3.2-172.6-113.4 132.1   -4.4   -4.1   11.5               
   86   86 A Q  E     +AC  34  65A  37    -21,-2.1   -21,-2.5    -2,-0.4     2,-0.3  -0.999  39.4  71.1-124.7 126.7   -6.2   -6.7   13.7               
   87   87 A G  E    S-A   33   0A   4    -54,-1.9   -54,-2.8    -2,-0.4   -23,-0.1  -0.981  77.8 -23.0 162.9-164.9   -8.6   -5.6   16.5               
   88   88 A T     >  -     0   0   71     -2,-0.3     4,-2.8   -26,-0.3     5,-0.2  -0.228  61.9-104.9 -67.5 160.7  -12.1   -4.1   17.3               
   89   89 A A  H  > S+     0   0   25    -58,-0.2     4,-1.9     1,-0.2     5,-0.1   0.872 125.0  48.9 -51.2 -40.6  -14.1   -1.9   14.8               
   90   90 A E  H  > S+     0   0  161      2,-0.2     4,-2.6     1,-0.2    -1,-0.2   0.929 110.2  50.0 -66.7 -45.1  -13.1    1.1   16.9               
   91   91 A A  H  > S+     0   0    4      2,-0.2     4,-2.8     1,-0.2     5,-0.2   0.897 109.7  51.4 -63.9 -40.0   -9.4    0.1   17.0               
   92   92 A L  H  X S+     0   0    0     -4,-2.8     4,-2.4     2,-0.2    -1,-0.2   0.933 112.9  45.3 -59.5 -47.1   -9.5   -0.3   13.1               
   93   93 A N  H  X S+     0   0   23     -4,-1.9     4,-2.4    -5,-0.2    -2,-0.2   0.883 114.1  49.1 -66.5 -38.6  -11.0    3.2   12.7               
   94   94 A A  H  X S+     0   0   44     -4,-2.6     4,-2.5     2,-0.2    -2,-0.2   0.956 113.6  44.9 -65.2 -49.9   -8.5    4.7   15.2               
   95   95 A V  H  X S+     0   0    0     -4,-2.8     4,-2.5     1,-0.2    -2,-0.2   0.900 113.9  50.8 -62.7 -40.1   -5.4    3.1   13.6               
   96   96 A H  H  X S+     0   0    3     -4,-2.4     4,-2.8    -5,-0.2    -1,-0.2   0.928 109.1  50.7 -62.7 -43.4   -6.8    4.2   10.1               
   97   97 A S  H  X S+     0   0   54     -4,-2.4     4,-1.9     2,-0.2    -2,-0.2   0.945 111.7  48.1 -58.4 -46.2   -7.3    7.8   11.3               
   98   98 A F  H  X S+     0   0   41     -4,-2.5     4,-2.6     2,-0.2    -2,-0.2   0.912 112.3  48.4 -60.9 -44.9   -3.7    7.8   12.6               
   99   99 A I  H  X S+     0   0    4     -4,-2.5     4,-2.0     1,-0.2    -2,-0.2   0.943 111.0  50.8 -60.4 -46.2   -2.3    6.4    9.3               
  100  100 A A  H  X S+     0   0   24     -4,-2.8     4,-0.7     2,-0.2    -2,-0.2   0.796 111.8  48.3 -65.1 -30.5   -4.4    9.0    7.3               
  101  101 A E  H >X S+     0   0   85     -4,-1.9     4,-2.3    -5,-0.2     3,-1.0   0.963 111.8  47.6 -67.9 -53.5   -2.9   11.8    9.6               
  102  102 A K  H 3X S+     0   0   26     -4,-2.6     4,-0.8     1,-0.3    -2,-0.2   0.759 110.4  53.4 -64.6 -25.3    0.7   10.6    9.2               
  103  103 A V  H 3< S+     0   0   12     -4,-2.0    -1,-0.3    -5,-0.2    -2,-0.2   0.777 114.4  42.4 -72.6 -28.1    0.2   10.3    5.3               
  104  104 A R  H <X S+     0   0   78     -3,-1.0     4,-0.7    -4,-0.7    -2,-0.2   0.780 105.8  61.2 -90.8 -32.1   -1.0   14.0    5.3               
  105  105 A E  H >X S+     0   0   99     -4,-2.3     4,-0.9     1,-0.2     3,-0.5   0.898 100.5  54.5 -61.7 -44.3    1.6   15.5    7.7               
  106  106 A I  H >< S+     0   0   48     -4,-0.8     3,-0.7     1,-0.2     4,-0.3   0.881  99.0  56.2 -68.7 -44.0    4.7   14.6    5.4               
  107  107 A P  H >4 S+     0   0   43      0, 0.0     3,-0.6     0, 0.0    -1,-0.2   0.775 106.5  54.7 -62.2 -21.7    3.7   16.2    2.0               
  108  108 A Q  H X< S+     0   0  134     -4,-0.7     3,-1.5    -3,-0.5    -2,-0.2   0.795  92.2  70.3 -79.2 -25.2    3.3   19.6    3.9               
  109  109 A A  T << S+     0   0   92     -4,-0.9    -1,-0.2    -3,-0.7    -3,-0.1   0.571 100.7  48.9 -67.6  -7.4    6.9   19.3    5.3               
  110  110 A M  T <  S+     0   0  171     -3,-0.6     2,-2.0    -4,-0.3    -1,-0.3   0.363  76.1 119.0-109.6   1.4    8.2   19.9    1.7               
  111  111 A T    <   +     0   0  113     -3,-1.5    -1,-0.1    -4,-0.1    -3,-0.1  -0.418  27.2 120.4 -81.3  74.8    6.0   23.0    0.7               
  112  112 A K        -     0   0  188     -2,-2.0     2,-0.4     2,-0.1    -3,-0.0  -0.969  56.2-143.1-120.0 115.2    8.6   25.8    0.0               
  113  113 A P        +     0   0  116      0, 0.0     2,-0.3     0, 0.0    -2,-0.1  -0.680  36.9 138.5 -91.4 130.9    8.0   26.9   -3.6               
  114  114 A E        -     0   0  176     -2,-0.4    -2,-0.1     0, 0.0     0, 0.0  -0.880  56.9 -63.3-158.8 145.7   10.4   27.9   -6.4               
  115  115 A V        -     0   0  138     -2,-0.3     2,-0.4     1,-0.1     0, 0.0   0.327  36.2-175.3 -20.4 125.6   10.5   27.1  -10.2               
  116  116 A V        -     0   0   87      4,-0.0     2,-0.7     2,-0.0    -1,-0.1  -0.955  22.8-139.2-123.5 112.6   11.0   23.6  -11.7               
  117  117 A N        -     0   0  136     -2,-0.4     2,-2.9     1,-0.1     3,-0.1  -0.699  32.6 -92.7 -82.5 111.2   11.3   23.6  -15.6               
  118  118 A I  S    S+     0   0  155     -2,-0.7    -1,-0.1     1,-0.2    -2,-0.0   0.030 104.1  78.1  37.3  -6.1    9.6   20.9  -17.7               
  119  119 A L        +     0   0  105     -2,-2.9    -1,-0.2     2,-0.0    -2,-0.1   0.308  66.0  99.2-124.8   6.1   12.5   18.2  -18.0               
  120  120 A Q  S    S-     0   0  135     -3,-0.1     2,-2.2    -4,-0.0    -4,-0.0  -0.837  71.2-134.9 -87.8 131.4   12.5   16.5  -14.7               
  121  121 A P        -     0   0  115      0, 0.0     2,-0.2     0, 0.0    -2,-0.0  -0.644  40.4-160.0 -67.8  77.7   10.7   13.1  -14.2               
  122  122 A Q        -     0   0  107     -2,-2.2     2,-2.0     1,-0.1    -2,-0.0  -0.488  26.9-116.9 -52.7 133.1    9.3   14.6  -11.0               
  123  123 A T        -     0   0  121     -2,-0.2     2,-1.6     1,-0.1    -1,-0.1  -0.696  39.5-145.1 -64.6  85.4    8.1   12.0   -8.7               
  124  124 A T        -     0   0  100     -2,-2.0     2,-1.2     1,-0.1    -1,-0.1  -0.549   7.1-154.0 -64.1  88.5    4.7   13.6   -9.1               
  125  125 A M        -     0   0  113     -2,-1.6    -1,-0.1   -18,-0.0     5,-0.1  -0.678  24.7-128.3 -53.0  95.5    3.3   13.1   -5.7               
  126  126 A N    >   -     0   0   81     -2,-1.2     3,-2.2     1,-0.2     4,-0.5  -0.506  10.1-137.6 -50.7 120.2   -0.3   13.1   -7.0               
  127  127 A P  G >  S+     0   0  102      0, 0.0     3,-1.1     0, 0.0     4,-0.3   0.842 104.5  68.9 -59.2 -25.4   -1.7   15.7   -4.6               
  128  128 A D  G >  S+     0   0   69      1,-0.2     3,-1.4     2,-0.2    56,-0.2   0.783  84.5  68.9 -54.3 -33.4   -4.7   13.3   -4.4               
  129  129 A R  G X  S+     0   0   57     -3,-2.2     3,-0.7     1,-0.3    -1,-0.2   0.816  94.9  54.0 -64.4 -28.7   -2.3   10.8   -2.5               
  130  130 A A  G <  S+     0   0   26     -3,-1.1    -1,-0.3    -4,-0.5    -2,-0.2   0.610 117.1  39.0 -73.9 -13.9   -2.4   13.2    0.5               
  131  131 A K  G <  S+     0   0  140     -3,-1.4    53,-2.3    -4,-0.3     2,-0.5   0.150 103.2  91.0-116.0   8.9   -6.3   12.9    0.2               
  132  132 A Q  E <   - E   0 183A  35     -3,-0.7     2,-0.4    51,-0.2    51,-0.2  -0.937  51.1-167.8-119.5 114.6   -6.4    9.2   -0.6               
  133  133 A A  E     - E   0 182A  11     49,-2.1    49,-2.9    -2,-0.5     2,-0.4  -0.737  13.1-159.8 -79.5 141.7   -6.8    6.2    1.7               
  134  134 A K  E     - E   0 181A   4    -96,-0.5   -96,-3.0    -2,-0.4     2,-0.3  -0.980  10.8-177.3-125.3 121.1   -6.1    2.9   -0.0               
  135  135 A L  E     -BE  37 180A   0     45,-2.7    45,-2.5    -2,-0.4     2,-0.5  -0.774  20.6-139.7-105.8 154.4   -7.4   -0.3    1.6               
  136  136 A I  E     +BE  36 179A   5   -100,-2.3  -100,-0.9    -2,-0.3    43,-0.2  -0.986  29.4 174.2-111.9 127.7   -7.1   -3.9    0.6               
  137  137 A V  E     - E   0 178A   3     41,-2.5    41,-2.9    -2,-0.5  -102,-0.1  -0.958  34.2 -96.9-129.7 148.1  -10.3   -6.0    1.0               
  138  138 A P  E  >  - E   0 177A  10      0, 0.0     4,-2.9     0, 0.0    39,-0.3  -0.114  37.0-108.9 -55.6 159.2  -11.2   -9.6    0.1               
  139  139 A N  H  > S+     0   0   54     37,-2.7     4,-1.1     2,-0.2    38,-0.1   0.827 121.1  52.7 -61.7 -32.4  -13.1  -10.3   -3.2               
  140  140 A S  H >> S+     0   0   29     36,-0.3     4,-1.8     2,-0.2     3,-0.6   0.971 111.7  44.0 -62.3 -54.0  -16.2  -11.2   -1.0               
  141  141 A T  H 3> S+     0   0    0      1,-0.3     4,-3.0     2,-0.2     5,-0.2   0.879 109.4  56.6 -64.9 -38.9  -16.1   -7.9    0.9               
  142  142 A A  H 3X S+     0   0    0     -4,-2.9     4,-1.8     1,-0.2    -1,-0.3   0.843 106.7  51.4 -59.1 -34.9  -15.4   -6.0   -2.3               
  143  143 A G  H <X S+     0   0   41     -4,-1.1     4,-2.7    -3,-0.6    -2,-0.2   0.910 112.4  44.7 -66.5 -42.4  -18.8   -7.6   -3.6               
  144  144 A L  H  < S+     0   0   69     -4,-1.8    -2,-0.2     2,-0.2    -3,-0.2   0.888 111.6  52.4 -70.3 -39.4  -20.6   -6.4   -0.4               
  145  145 A I  H  < S+     0   0    0     -4,-3.0    11,-0.2     1,-0.2    -2,-0.2   0.894 115.9  41.2 -62.9 -42.4  -19.0   -2.9   -0.6               
  146  146 A I  H  < S-     0   0   44     -4,-1.8     7,-1.9    -5,-0.2     6,-0.8   0.956  98.3-174.8 -66.6 -50.1  -20.2   -2.5   -4.2               
  147  147 A G    ><  -     0   0   20     -4,-2.7     3,-1.9     5,-0.2     2,-0.2  -0.011  43.0 -26.5  72.7 176.1  -23.6   -4.1   -3.5               
  148  148 A K  G >  S-     0   0  201      1,-0.3     3,-2.0     2,-0.2     4,-0.1  -0.419 136.7  -9.8 -60.9 121.6  -26.4   -5.0   -6.0               
  149  149 A G  G 3  S-     0   0   65      1,-0.3    -1,-0.3    -2,-0.2    -2,-0.1   0.689 124.3 -67.1  62.0  19.4  -26.0   -2.7   -9.0               
  150  150 A G  G <> S+     0   0   10     -3,-1.9     4,-2.4     3,-0.0    -1,-0.3   0.583 100.0 135.0  76.3   9.3  -23.4   -0.6   -7.1               
  151  151 A A  H <>  +     0   0   60     -3,-2.0     4,-2.5     1,-0.2    -4,-0.2   0.881  68.7  48.6 -60.7 -39.2  -26.2    0.6   -4.7               
  152  152 A T  H  > S+     0   0   38     -6,-0.8     4,-2.4     2,-0.2    -5,-0.2   0.947 113.1  45.5 -68.9 -45.8  -24.0    0.0   -1.5               
  153  153 A V  H  > S+     0   0   15     -7,-1.9     4,-2.5     2,-0.2    -2,-0.2   0.882 113.0  52.1 -69.3 -32.7  -20.9    1.9   -2.9               
  154  154 A K  H  X S+     0   0  132     -4,-2.4     4,-2.9    -8,-0.4    -2,-0.2   0.962 110.8  47.2 -60.4 -49.8  -23.2    4.7   -4.1               
  155  155 A A  H  X S+     0   0   33     -4,-2.5     4,-2.8     1,-0.2    -2,-0.2   0.864 111.8  51.0 -61.5 -36.9  -24.8    5.0   -0.6               
  156  156 A V  H  X S+     0   0    6     -4,-2.4     4,-1.9   -11,-0.2     6,-0.4   0.928 112.9  45.4 -65.6 -43.7  -21.2    5.0    0.9               
  157  157 A M  H  X S+     0   0   45     -4,-2.5     4,-2.6     2,-0.2     5,-0.2   0.939 116.2  46.6 -62.7 -45.1  -20.1    7.8   -1.4               
  158  158 A E  H  < S+     0   0  165     -4,-2.9    -2,-0.2     1,-0.2    -3,-0.2   0.927 116.4  43.2 -63.0 -47.6  -23.4    9.8   -0.7               
  159  159 A Q  H  < S+     0   0  121     -4,-2.8    -1,-0.2    -5,-0.2    -2,-0.2   0.818 124.6  35.4 -69.0 -34.0  -23.2    9.3    3.1               
  160  160 A S  H  < S-     0   0    9     -4,-1.9    -2,-0.2    -5,-0.2    31,-0.2   0.759  90.8-135.5 -89.9 -29.6  -19.5   10.1    3.3               
  161  161 A G     <  +     0   0   48     -4,-2.6     2,-0.3     1,-0.3    -3,-0.1   0.361  67.5 124.1  74.8  -0.8  -19.0   12.7    0.6               
  162  162 A A        -     0   0    3     -6,-0.4     2,-0.6    26,-0.3    -1,-0.3  -0.668  69.2-118.0 -91.7 147.3  -15.8   10.7   -0.5               
  163  163 A W  E     -F  183   0A 142     20,-2.7    20,-2.8    -2,-0.3     2,-0.5  -0.714  33.6-165.9 -79.3 115.9  -15.1    9.2   -3.9               
  164  164 A V  E     +F  182   0A   5     -2,-0.6     2,-0.4    18,-0.2    18,-0.2  -0.921  12.4 170.6-112.8 122.0  -14.9    5.4   -3.5               
  165  165 A Q  E     -F  181   0A  33     16,-2.9    16,-3.2    -2,-0.5     2,-0.4  -0.985  18.3-152.5-137.5 123.7  -13.3    3.3   -6.3               
  166  166 A L  E     -F  180   0A  25     -2,-0.4    14,-0.2    14,-0.2    -2,-0.0  -0.803  25.7-114.1 -96.5 135.3  -12.4   -0.4   -6.2               
  167  167 A S        -     0   0   16     12,-2.8    57,-0.1    -2,-0.4    -1,-0.1  -0.197  36.3-102.9 -56.0 150.0   -9.6   -1.9   -8.4               
  168  168 A Q        -     0   0  102     55,-0.3    11,-0.2     1,-0.1    54,-0.1  -0.305  46.9 -90.0 -64.8 158.9  -10.6   -4.3  -11.2               
  169  169 A K        -     0   0  132      9,-0.1     2,-0.5     1,-0.1    -1,-0.1  -0.655  46.2-112.7 -70.3 128.4  -10.0   -8.1  -10.5               
  170  170 A P        -     0   0   11      0, 0.0     2,-0.5     0, 0.0     3,-0.2  -0.522  25.1-152.7 -63.8 117.0   -6.4   -9.0  -11.7               
  171  171 A E  S    S+     0   0  189     -2,-0.5     3,-0.1     1,-0.2    -3,-0.0  -0.805  84.3  27.3 -83.6 127.8   -6.7  -11.5  -14.6               
  172  172 A G  S    S+     0   0   79     -2,-0.5     2,-0.4    49,-0.0    -1,-0.2  -0.008 114.2  66.3 102.5 -22.6   -3.5  -13.6  -14.5               
  173  173 A I  S    S-     0   0   30     -3,-0.2     2,-2.3     2,-0.1    49,-0.2  -0.970  76.4-138.3-130.7 121.7   -2.7  -13.4  -10.7               
  174  174 A N        +     0   0  150     -2,-0.4     2,-0.6     2,-0.1    -3,-0.1  -0.271  36.0 163.9 -76.1  54.7   -5.1  -15.0   -8.2               
  175  175 A L        -     0   0   17     -2,-2.3    -2,-0.1    -5,-0.2     0, 0.0  -0.659  29.9-154.1 -64.8 118.7   -5.1  -12.2   -5.6               
  176  176 A Q  S    S+     0   0  134     -2,-0.6   -37,-2.7    32,-0.1   -36,-0.3   0.203  73.5  64.2 -78.1  17.4   -8.2  -13.1   -3.5               
  177  177 A E  E     -E  138   0A   5    -39,-0.3     2,-0.3   -38,-0.1    -2,-0.1  -0.894  65.5-150.0-148.2 157.9   -8.4   -9.3   -2.7               
  178  178 A R  E     -E  137   0A  40    -41,-2.9   -41,-2.5    -2,-0.3     2,-0.6  -0.962  25.0-111.1-138.0 150.9   -8.9   -5.8   -4.3               
  179  179 A V  E     -E  136   0A   2     -2,-0.3   -12,-2.8   -11,-0.2     2,-0.7  -0.760  23.6-157.7 -88.9 118.6   -7.7   -2.3   -3.6               
  180  180 A V  E     -EF 135 166A   0    -45,-2.5   -45,-2.7    -2,-0.6     2,-0.5  -0.876   8.0-160.0 -91.9 113.8  -10.4    0.2   -2.4               
  181  181 A T  E     -EF 134 165A  17    -16,-3.2   -16,-2.9    -2,-0.7     2,-0.5  -0.883   6.7-171.1 -93.7 123.9   -9.3    3.8   -3.2               
  182  182 A V  E     -EF 133 164A   0    -49,-2.9   -49,-2.1    -2,-0.5     2,-0.4  -0.983   5.6-173.6-117.5 116.5  -11.1    6.4   -1.0               
  183  183 A S  E     +EF 132 163A  23    -20,-2.8   -20,-2.7    -2,-0.5     2,-0.3  -0.951  31.9  73.7-116.4 131.9  -10.5   10.0   -2.0               
  184  184 A G  S    S-     0   0   15    -53,-2.3   -22,-0.1    -2,-0.4   -23,-0.1  -0.993  79.1 -29.1 169.5-165.7  -11.8   13.1   -0.1               
  185  185 A E     >  -     0   0  103     -2,-0.3     4,-3.0   -24,-0.1     5,-0.3  -0.489  66.8-104.1 -66.5 150.0  -11.4   15.4    2.9               
  186  186 A P  H  > S+     0   0   61      0, 0.0     4,-2.4     0, 0.0     5,-0.1   0.856 124.0  48.1 -44.4 -42.0  -10.1   13.7    6.1               
  187  187 A E  H  > S+     0   0  148      2,-0.2     4,-2.6     1,-0.2     5,-0.2   0.937 113.7  45.5 -68.5 -45.8  -13.7   13.7    7.6               
  188  188 A Q  H  > S+     0   0   58      2,-0.2     4,-2.7     1,-0.2   -26,-0.3   0.925 114.7  48.6 -61.2 -46.6  -15.2   12.3    4.4               
  189  189 A V  H  X S+     0   0    8     -4,-3.0     4,-2.4     2,-0.2    -2,-0.2   0.905 112.2  48.8 -64.3 -41.8  -12.4    9.6    4.1               
  190  190 A H  H  X S+     0   0   71     -4,-2.4     4,-2.7    -5,-0.3    -2,-0.2   0.945 113.3  47.1 -62.1 -45.9  -12.9    8.7    7.8               
  191  191 A K  H  X S+     0   0  125     -4,-2.6     4,-2.0     2,-0.2    -2,-0.2   0.901 113.5  48.4 -64.2 -41.0  -16.7    8.4    7.3               
  192  192 A A  H  X S+     0   0    0     -4,-2.7     4,-2.0     2,-0.2    -1,-0.2   0.899 112.7  47.5 -64.3 -43.3  -16.2    6.3    4.1               
  193  193 A V  H  X S+     0   0    0     -4,-2.4     4,-2.9     2,-0.2    -2,-0.2   0.904 109.0  54.2 -70.5 -35.0  -13.7    4.0    5.8               
  194  194 A S  H  X S+     0   0   47     -4,-2.7     4,-2.2     2,-0.2    -2,-0.2   0.942 110.7  46.6 -60.6 -43.1  -16.0    3.5    8.9               
  195  195 A A  H  X S+     0   0   14     -4,-2.0     4,-1.8     2,-0.2    -2,-0.2   0.871 112.5  49.8 -66.2 -35.2  -18.8    2.4    6.5               
  196  196 A I  H  X S+     0   0    1     -4,-2.0     4,-1.5     2,-0.2    -2,-0.2   0.919 108.7  52.7 -66.6 -41.1  -16.2    0.1    4.7               
  197  197 A V  H  X S+     0   0    0     -4,-2.9     4,-1.7     2,-0.2    -2,-0.2   0.875 106.6  53.3 -63.6 -34.9  -15.3   -1.3    8.2               
  198  198 A Q  H  X S+     0   0  105     -4,-2.2     4,-1.8     2,-0.2    -1,-0.2   0.924 108.7  49.1 -63.0 -40.5  -19.0   -2.0    8.8               
  199  199 A K  H  < S+     0   0   39     -4,-1.8     4,-0.2     1,-0.2    -2,-0.2   0.743 107.1  55.8 -72.0 -20.7  -19.0   -3.9    5.4               
  200  200 A V  H >< S+     0   0    3     -4,-1.5     3,-0.7     2,-0.2     6,-0.3   0.848 107.7  49.1 -71.1 -37.1  -15.9   -5.8    6.7               
  201  201 A Q  H 3< S+     0   0   74     -4,-1.7    -2,-0.2     1,-0.2    -3,-0.1   0.859 106.1  56.0 -70.1 -36.1  -18.0   -6.8    9.8               
  202  202 A E  T 3< S+     0   0   92     -4,-1.8    -1,-0.2     1,-0.1    -2,-0.2   0.596  98.3  75.2 -68.6 -13.3  -21.0   -8.0    7.5               
  203  203 A D    X   -     0   0   10     -3,-0.7     3,-2.0    -4,-0.2     4,-0.3  -0.867  58.2-170.0-107.5 105.9  -18.6  -10.4    5.7               
  204  204 A P  T 3  S+     0   0  124      0, 0.0     3,-0.3     0, 0.0    -1,-0.1   0.644  91.2  62.3 -65.8 -11.8  -17.5  -13.6    7.6               
  205  205 A Q  T >  S+     0   0  123      1,-0.2     3,-2.2     2,-0.1     4,-0.2   0.542  73.8  96.7 -88.2  -4.3  -14.9  -14.1    4.8               
  206  206 A S  G X  S+     0   0    6     -3,-2.0     3,-1.0    -6,-0.3    -1,-0.2   0.840  77.7  59.1 -49.2 -39.2  -13.1  -10.8    5.7               
  207  207 A S  G 3  S+     0   0   55     -3,-0.3    -1,-0.3    -4,-0.3     3,-0.1   0.506  80.7  87.7 -73.4  -4.8  -10.6  -12.8    7.8               
  208  208 A S  G <  S+     0   0   71     -3,-2.2     2,-0.8     1,-0.2    -1,-0.2   0.695  76.9  68.8 -68.7 -19.9   -9.4  -14.9    4.8               
  209  209 A C    <   +     0   0   11     -3,-1.0    -1,-0.2    -4,-0.2   -73,-0.1  -0.657  46.9 142.9-109.6  81.6   -6.7  -12.3    3.7               
  210  210 A L        +     0   0   84     -2,-0.8     2,-0.3    -3,-0.1    -1,-0.2   0.428  29.3 132.0 -94.7   0.7   -3.9  -12.2    6.3               
  211  211 A N        +     0   0  105      1,-0.2     3,-0.1  -175,-0.0    -2,-0.0  -0.375  18.6 162.1 -63.4 120.0   -1.0  -11.7    3.8               
  212  212 A I        +     0   0   40     -2,-0.3     2,-0.4     1,-0.1  -130,-0.4   0.679  61.4  63.9-101.8 -31.6    1.4   -8.8    4.8               
  213  213 A S        +     0   0   64   -144,-0.1    -1,-0.1     1,-0.1     3,-0.1  -0.868  45.5 170.9-108.0 132.0    4.3   -9.8    2.5               
  214  214 A Y    >   +     0   0    8     -2,-0.4     3,-2.3     1,-0.1    -1,-0.1   0.237  44.9 115.5-123.1   9.3    4.2   -9.8   -1.3               
  215  215 A A  T 3  S+     0   0   74      1,-0.3    -1,-0.1     3,-0.0     3,-0.1   0.698  83.1  48.5 -51.9 -23.1    7.9  -10.3   -2.1               
  216  216 A N  T 3  S+     0   0  162      1,-0.1     2,-1.3    -3,-0.1    -1,-0.3   0.486  88.9  87.9 -94.7  -8.5    6.8  -13.7   -3.7               
  217  217 A V    <   +     0   0   47     -3,-2.3     2,-0.7     2,-0.0    -1,-0.1  -0.563  57.0 162.0 -94.4  68.3    3.9  -12.2   -5.8               
  218  218 A A        +     0   0   97     -2,-1.3    -3,-0.0  -142,-0.1    -2,-0.0  -0.830  31.9  57.0 -93.1 114.7    6.0  -11.3   -8.9               
  219  219 A G  S    S-     0   0   44     -2,-0.7     2,-0.5   -46,-0.0  -142,-0.1  -0.955  89.9 -25.0 159.3-169.9    4.0  -10.7  -12.1               
  220  220 A P        +     0   0  112      0, 0.0     2,-0.3     0, 0.0    -2,-0.0  -0.532  61.2 174.1 -70.9 113.8    1.2   -8.7  -14.0               
  221  221 A V        -     0   0   32     -2,-0.5     3,-0.1   -49,-0.1   -52,-0.1  -0.823  40.9 -78.6-115.8 160.6   -1.3   -7.3  -11.4               
  222  222 A A        -     0   0   25     -2,-0.3     2,-0.2   -49,-0.2   -55,-0.1  -0.301  55.1-103.7 -57.5 130.8   -4.3   -5.0  -11.8               
  223  223 A N        -     0   0   96      1,-0.2   -55,-0.3    -2,-0.0     4,-0.3  -0.386  21.0-148.2 -59.7 121.0   -3.3   -1.3  -12.0               
  224  224 A S  S    S+     0   0   10   -147,-0.6    -1,-0.2    -2,-0.2   -57,-0.1   0.090  71.4  99.4 -79.4  23.2   -4.0    0.3   -8.6               
  225  225 A N  S    S-     0   0   93    -44,-0.0     2,-1.6     0, 0.0    -2,-0.0  -0.809  93.2 -84.8-109.7 150.3   -4.7    3.6  -10.5               
  226  226 A P        +     0   0   78      0, 0.0     2,-0.3     0, 0.0    -2,-0.1  -0.390  50.0 172.2 -70.7  88.4   -8.3    4.8  -11.4               
  227  227 A T        -     0   0   69     -2,-1.6   -59,-0.0    -4,-0.3     0, 0.0  -0.721  51.1 -83.1 -78.0 142.4   -9.3    3.1  -14.6               
  228  228 A G        -     0   0   63     -2,-0.3    -1,-0.1     1,-0.1   -63,-0.0  -0.078  42.9-109.7 -56.3 147.0  -13.0    3.9  -15.3               
  229  229 A S    >   -     0   0   63      1,-0.1     3,-1.7    -3,-0.1     2,-0.5  -0.657  17.7-135.5 -79.9 130.1  -15.8    1.9  -13.5               
  230  230 A P  T 3  S+     0   0  108      0, 0.0    -1,-0.1     0, 0.0    -2,-0.0   0.139  99.7  60.0 -75.9  23.3  -17.8   -0.4  -15.9               
  231  231 A Y  T 3   +     0   0  181     -2,-0.5     2,-1.3     2,-0.0    -2,-0.0   0.211  67.4 112.1-133.1   6.9  -21.2    0.7  -14.3               
  232  232 A A    <   -     0   0   73     -3,-1.7    -4,-0.0     2,-0.0    -1,-0.0  -0.724  56.4-157.0 -81.5  89.2  -21.0    4.5  -15.0               
  233  233 A S    >   -     0   0   82     -2,-1.3     3,-0.8     1,-0.1    -2,-0.0  -0.591  11.2-142.9 -61.4 124.7  -23.9    4.8  -17.5               
  234  234 A P  T 3  S+     0   0  144      0, 0.0    -1,-0.1     0, 0.0     3,-0.1   0.154  88.9  67.5 -75.8  20.6  -23.2    8.1  -19.6               
  235  235 A A  T 3  S+     0   0   69      1,-0.1     3,-0.1     3,-0.0    -3,-0.0   0.677  84.5  57.9-113.6 -24.8  -27.0    8.8  -19.6               
  236  236 A D  S <  S+     0   0  130     -3,-0.8    -1,-0.1     1,-0.2     2,-0.1  -0.106  74.9  83.2-124.4  31.6  -28.3    9.6  -16.1               
  237  237 A V        +     0   0  141     -3,-0.1    -1,-0.2     2,-0.0     0, 0.0  -0.510  52.0 154.4-131.7  68.7  -26.6   12.6  -14.4               
  238  238 A L        -     0   0  145     -3,-0.1     2,-1.6    -2,-0.1    -3,-0.0  -0.798  49.4-133.3 -83.1 134.3  -28.3   15.8  -15.8               
  239  239 A P    >   -     0   0  116      0, 0.0     2,-2.4     0, 0.0     3,-0.7  -0.703  31.0-158.8 -72.5  86.1  -28.4   19.1  -13.9               
  240  240 A A  T 3   +     0   0   98     -2,-1.6    -2,-0.0     1,-0.2     0, 0.0  -0.417  63.4  94.2 -71.6  68.4  -32.2   19.1  -14.8               
  241  241 A A  T 3   +     0   0   96     -2,-2.4    -1,-0.2     3,-0.0    -3,-0.0   0.456  64.4  65.7-139.0 -11.8  -32.5   22.9  -14.3               
  242  242 A A    <   +     0   0   94     -3,-0.7     2,-1.8     1,-0.1    -2,-0.1  -0.048  54.8 130.1-111.9  28.7  -32.0   24.6  -17.7               
  243  243 A A        +     0   0  109      3,-0.0     2,-0.3     0, 0.0     3,-0.1  -0.379  51.5  91.2 -79.7  57.9  -35.2   23.3  -19.5               
  244  244 A A        +     0   0   79     -2,-1.8    -3,-0.0     1,-0.3     0, 0.0  -0.966  57.7  49.8-152.9 145.0  -36.2   26.9  -20.7               
  245  245 A S        +     0   0  115     -2,-0.3    -1,-0.3     0, 0.0     2,-0.2   0.961  38.4 160.7  50.3 100.8  -35.4   28.9  -23.9               
  246  246 A A        +     0   0   93     -3,-0.1    -3,-0.0     0, 0.0     0, 0.0   0.139  43.8  66.9  56.5 136.5  -35.9   27.5  -26.8               
  247  247 A A        +     0   0  101     -2,-0.2     0, 0.0     0, 0.0     0, 0.0   0.394  63.1  43.6  66.1 151.4  -36.2   30.2  -29.6               
  248  248 A A        +     0   0  100     -3,-0.0     0, 0.0     0, 0.0     0, 0.0   0.630  46.8  83.0  31.5 125.7  -34.0   32.7  -31.3               
  249  249 A A        +     0   0   91      2,-0.0     2,-0.0     0, 0.0     0, 0.0   0.769  58.0   7.4-163.2 169.1  -31.3   33.5  -32.6               
  250  250 A S        +     0   0  110      0, 0.0     2,-0.1     0, 0.0     0, 0.0   0.746  40.6 133.9-131.5 173.3  -29.7   33.2  -35.4               
  251  251 A G        +     0   0   70     -2,-0.0    -2,-0.0     0, 0.0     0, 0.0   0.580  17.4 105.7  66.1 148.9  -29.7   32.4  -38.5               
  252  252 A L        +     0   0  150     -2,-0.1     0, 0.0     0, 0.0     0, 0.0   0.695  31.5  13.4-172.0 142.0  -28.9   33.2  -41.5               
  253  253 A L        +     0   0  163      0, 0.0     0, 0.0     0, 0.0     0, 0.0   0.521  28.5 136.0  70.8 138.7  -27.0   33.1  -44.9               
  254  254 A G        -     0   0   68      0, 0.0     2,-0.0     0, 0.0     0, 0.0   0.605  25.5-138.1 108.0 166.0  -24.9   31.7  -46.9               
  255  255 A P        +     0   0  126      0, 0.0     0, 0.0     0, 0.0     0, 0.0   0.606  30.5  29.2-133.8-178.4  -24.5   30.8  -49.8               
  256  256 A A        +     0   0  107     -2,-0.0     2,-0.0     0, 0.0     0, 0.0   0.706  32.9 106.0  69.3 145.0  -23.2   28.2  -52.4               
  257  257 A G        -     0   0   64      0, 0.0     0, 0.0     0, 0.0     0, 0.0   0.087  15.0-164.9 162.2 133.0  -22.6   25.3  -53.5               
  258  258 A L        +     0   0  179     -2,-0.0     0, 0.0     0, 0.0     0, 0.0   0.731  14.1  64.2  65.1 151.2  -22.6   22.0  -55.5               
  259  259 A A        +     0   0   92      0, 0.0     0, 0.0     0, 0.0     0, 0.0   0.663  27.6   5.8-160.3 155.8  -22.3   19.0  -56.6               
  260  260 A G        +     0   0   71      0, 0.0     0, 0.0     0, 0.0     0, 0.0   0.600  37.8   6.4  91.4 144.7  -22.3   15.2  -56.9               
  261  261 A V        -     0   0  148      0, 0.0     0, 0.0     0, 0.0     0, 0.0   0.483  37.8 -30.3-156.6 133.0  -22.8   12.0  -56.5               
  262  262 A G        +     0   0   81      0, 0.0     0, 0.0     0, 0.0     0, 0.0   0.787  28.6  13.9  66.2 154.2  -24.4    9.0  -54.7               
  263  263 A A        -     0   0   87      0, 0.0     0, 0.0     0, 0.0     0, 0.0   0.345  24.3 -68.7-169.0 130.7  -25.7    6.7  -52.9               
  264  264 A F        +     0   0  196      0, 0.0     0, 0.0     0, 0.0     0, 0.0   0.643  37.5  77.6  56.9 165.5  -27.4    4.9  -49.8               
  265  265 A P        -     0   0  114      0, 0.0     2,-0.1     0, 0.0     0, 0.0   0.720  28.3-171.8-114.5 141.1  -28.3    3.5  -47.1               
  266  266 A A        +     0   0   89      0, 0.0     2,-0.2     0, 0.0     0, 0.0  -0.295  21.9 119.4  72.4  72.5  -29.4    4.9  -44.2               
  267  267 A A        +     0   0   92      1,-0.2     0, 0.0    -2,-0.1     0, 0.0  -0.743  37.0  42.2-173.9 163.4  -30.2    3.5  -40.7               
  268  268 A L  S    S-     0   0  167     -2,-0.2    -1,-0.2     2,-0.0     0, 0.0   0.293  74.3 -49.5  78.0 154.7  -29.3    3.6  -36.8               
  269  269 A P        -     0   0  113      0, 0.0     2,-0.4     0, 0.0    -2,-0.0  -0.050  48.0-100.7 -88.3 160.4  -28.6    6.3  -34.3               
  270  270 A A        -     0   0  103     42,-0.0     2,-0.4     1,-0.0    -2,-0.0  -0.451  17.2-164.2 -72.0 118.6  -26.3    9.3  -33.9               
  271  271 A F        -     0   0  136     -2,-0.4     2,-0.1     1,-0.0    -1,-0.0  -0.766  36.8-117.1 -73.5 138.8  -23.1    9.4  -32.0               
  272  272 A S     >  -     0   0   46     -2,-0.4     4,-2.2     1,-0.1     3,-0.2  -0.397  18.8-111.5 -71.9 159.2  -22.3   13.1  -31.5               
  273  273 A G  H  > S+     0   0   60      1,-0.2     4,-1.9     2,-0.2     5,-0.1   0.866 122.9  56.5 -58.0 -32.1  -19.1   14.6  -33.1               
  274  274 A T  H  > S+     0   0  107      2,-0.2     4,-2.5     1,-0.2    -1,-0.2   0.880 105.2  49.6 -64.2 -40.0  -17.9   15.0  -29.4               
  275  275 A D  H  > S+     0   0   73     -3,-0.2     4,-2.8     2,-0.2     5,-0.2   0.938 111.8  47.6 -67.3 -45.1  -18.4   11.2  -28.8               
  276  276 A L  H  X S+     0   0   52     -4,-2.2     4,-2.1     2,-0.2    -2,-0.2   0.877 113.9  47.8 -63.0 -36.5  -16.4   10.3  -32.0               
  277  277 A L  H  X S+     0   0  117     -4,-1.9     4,-2.5    -5,-0.2    -2,-0.2   0.910 112.8  48.3 -71.1 -39.3  -13.7   12.7  -30.9               
  278  278 A A  H  X S+     0   0   52     -4,-2.5     4,-2.4     2,-0.2    -2,-0.2   0.878 112.4  48.8 -66.1 -38.3  -13.7   11.3  -27.3               
  279  279 A I  H  X S+     0   0   75     -4,-2.8     4,-2.6     2,-0.2    -2,-0.2   0.909 111.4  51.3 -66.3 -40.3  -13.5    7.7  -28.8               
  280  280 A S  H  X S+     0   0   60     -4,-2.1     4,-2.4     2,-0.2    -2,-0.2   0.936 112.9  43.6 -63.2 -45.8  -10.6    8.9  -31.1               
  281  281 A T  H  X S+     0   0   75     -4,-2.5     4,-2.0     2,-0.2    -2,-0.2   0.895 114.1  51.6 -69.0 -34.8   -8.7   10.3  -28.1               
  282  282 A A  H  X S+     0   0   50     -4,-2.4     4,-2.5     2,-0.2    -2,-0.2   0.915 110.9  47.5 -65.0 -41.6   -9.5    7.2  -26.0               
  283  283 A L  H  X S+     0   0   57     -4,-2.6     4,-2.5     2,-0.2    -2,-0.2   0.911 112.4  49.1 -66.7 -40.0   -8.2    4.9  -28.9               
  284  284 A N  H  X S+     0   0  105     -4,-2.4     4,-2.2     2,-0.2    -2,-0.2   0.850 110.6  52.0 -65.2 -32.4   -5.0    7.1  -29.1               
  285  285 A T  H  X S+     0   0   69     -4,-2.0     4,-1.2     2,-0.2    -2,-0.2   0.929 110.2  47.4 -69.5 -42.7   -4.7    6.8  -25.3               
  286  286 A L  H  <>S+     0   0   67     -4,-2.5     5,-2.4     2,-0.2     3,-0.4   0.930 112.3  50.3 -60.8 -43.9   -4.9    2.9  -25.6               
  287  287 A A  H ><5S+     0   0   51     -4,-2.5     3,-1.6     1,-0.2    -2,-0.2   0.898 107.8  52.4 -62.9 -40.2   -2.3    3.0  -28.4               
  288  288 A S  H 3<5S+     0   0   97     -4,-2.2    -1,-0.2     1,-0.3    -2,-0.2   0.709 106.1  54.6 -74.1 -15.4    0.1    5.1  -26.3               
  289  289 A Y  T 3<5S-     0   0  183     -4,-1.2    -1,-0.3    -3,-0.4    -2,-0.2   0.305 125.0-107.8 -88.8   7.1   -0.3    2.5  -23.5               
  290  290 A G  T < 5 +     0   0   68     -3,-1.6     2,-0.4     1,-0.2    -3,-0.2   0.583  67.9 149.4  80.7  12.6    0.8   -0.1  -26.1               
  291  291 A Y      < -     0   0  161     -5,-2.4     2,-1.1    -6,-0.2    -1,-0.2  -0.659  50.5-125.2 -80.3 129.7   -2.6   -1.8  -26.5               
  292  292 A N    >   -     0   0  110     -2,-0.4     3,-1.7     1,-0.2     4,-0.1  -0.596  22.9-169.2 -78.8  98.6   -3.2   -3.3  -30.0               
  293  293 A T  G >  S+     0   0   49     -2,-1.1     3,-1.7     1,-0.3    -1,-0.2   0.730  76.7  75.6 -65.5 -21.1   -6.5   -1.6  -31.2               
  294  294 A N  G 3  S+     0   0  122      1,-0.3     3,-0.4     2,-0.1    -1,-0.3   0.639  89.2  62.1 -65.2 -14.0   -6.9   -4.0  -34.2               
  295  295 A S  G <  S+     0   0   93     -3,-1.7    -1,-0.3     1,-0.2    -2,-0.2   0.579  74.7  94.7 -83.2 -10.7   -8.0   -6.7  -31.7               
  296  296 A L  S <  S-     0   0   85     -3,-1.7    -1,-0.2    -4,-0.1    -2,-0.1   0.350  82.0-137.0 -76.5   5.5  -11.1   -4.8  -30.5               
  297  297 A G        +     0   0   76     -3,-0.4    -1,-0.1     1,-0.2    -3,-0.1   0.296  63.7 127.9  67.9  -7.5  -13.6   -6.5  -33.0               
  298  298 A L  S    S-     0   0  123      1,-0.2    -1,-0.2     2,-0.1     3,-0.1   0.322  78.4-117.6 -64.5   2.4  -15.4   -3.2  -33.8               
  299  299 A G  S    S+     0   0   65      1,-0.2     2,-1.9    -5,-0.1    -1,-0.2   0.276  76.0 133.2  70.1  -9.6  -15.0   -3.8  -37.7               
  300  300 A L        +     0   0   77      4,-0.1    -1,-0.2     3,-0.1    -2,-0.1  -0.474  29.9 175.2 -79.6  73.2  -13.0   -0.5  -37.5               
  301  301 A N    >>  -     0   0  100     -2,-1.9     4,-2.9     1,-0.1     3,-0.6  -0.483  53.2-102.0 -51.7 150.2   -9.8   -1.2  -39.5               
  302  302 A S  H 3> S+     0   0   78      1,-0.3     4,-2.0     2,-0.2    -1,-0.1   0.900 127.7  45.2 -55.6 -38.7   -8.0    2.3  -39.5               
  303  303 A A  H 3> S+     0   0   62      2,-0.2     4,-1.7     1,-0.2    -1,-0.3   0.807 112.0  51.7 -70.1 -30.9   -9.3    2.8  -43.2               
  304  304 A A  H <> S+     0   0   38     -3,-0.6     4,-2.6     2,-0.2     5,-0.2   0.862 107.0  53.1 -77.0 -33.1  -12.8    1.5  -42.2               
  305  305 A A  H  X S+     0   0   37     -4,-2.9     4,-3.0     2,-0.2     5,-0.2   0.952 109.9  48.8 -59.1 -47.5  -12.9    4.0  -39.3               
  306  306 A S  H  X S+     0   0   21     -4,-2.0     4,-2.4    -5,-0.2    -2,-0.2   0.872 111.0  51.5 -59.5 -36.8  -12.0    6.7  -41.9               
  307  307 A G  H  X S+     0   0   43     -4,-1.7     4,-2.1     2,-0.2    -2,-0.2   0.938 115.0  39.2 -65.9 -47.8  -14.9    5.3  -44.1               
  308  308 A V  H  X S+     0   0   85     -4,-2.6     4,-2.7     2,-0.2     5,-0.2   0.908 117.2  51.0 -70.7 -38.4  -17.6    5.5  -41.4               
  309  309 A L  H  X S+     0   0   87     -4,-3.0     4,-2.8    -5,-0.2    -2,-0.2   0.896 110.7  49.6 -63.7 -38.4  -16.1    8.8  -40.1               
  310  310 A A  H  X S+     0   0   21     -4,-2.4     4,-2.5    -5,-0.2    -2,-0.2   0.887 112.0  48.0 -66.3 -38.7  -16.3   10.1  -43.7               
  311  311 A A  H  X S+     0   0   66     -4,-2.1     4,-0.9     2,-0.2    -2,-0.2   0.914 116.2  42.6 -68.0 -42.1  -20.0    8.9  -44.0               
  312  312 A V  H  < S+     0   0   72     -4,-2.7     4,-0.3     2,-0.2     3,-0.3   0.904 115.4  50.3 -71.2 -38.5  -20.9   10.5  -40.6               
  313  313 A A  H >X S+     0   0   18     -4,-2.8     4,-3.1    -5,-0.2     3,-1.8   0.915 106.6  54.6 -63.6 -41.5  -18.9   13.7  -41.5               
  314  314 A A  H 3< S+     0   0   65     -4,-2.5    -1,-0.2     1,-0.3    -2,-0.2   0.771 104.8  56.5 -62.7 -24.3  -20.7   13.8  -44.9               
  315  315 A G  T 3< S+     0   0   73     -4,-0.9    -1,-0.3    -3,-0.3    -2,-0.2   0.530 121.7  25.2 -77.8  -9.6  -23.9   13.8  -42.8               
  316  316 A A  T <4 S-     0   0   92     -3,-1.8    -2,-0.2    -4,-0.3    -3,-0.1   0.698 137.8 -11.0-124.6 -46.9  -22.8   16.9  -40.9               
  317  317 A N    ><  -     0   0  101     -4,-3.1     3,-1.7    -5,-0.1     4,-0.4  -0.745  52.8-144.6-161.1 115.9  -20.3   19.0  -43.0               
  318  318 A P  G >  S+     0   0  102      0, 0.0     3,-0.5     0, 0.0     4,-0.5   0.654  92.4  74.1 -62.6 -15.2  -18.7   17.8  -46.4               
  319  319 A A  G >  S+     0   0   74      1,-0.2     3,-0.9     2,-0.2     4,-0.5   0.845  89.8  57.7 -63.9 -33.3  -15.4   19.6  -45.6               
  320  320 A A  G <> S+     0   0   59     -3,-1.7     4,-0.8     1,-0.2     3,-0.5   0.759  92.6  68.4 -74.8 -20.3  -14.4   17.0  -42.9               
  321  321 A A  H <> S+     0   0   24     -3,-0.5     4,-1.5    -4,-0.4    -1,-0.2   0.779  88.7  66.9 -67.0 -24.0  -14.6   14.1  -45.4               
  322  322 A A  H <> S+     0   0   61     -3,-0.9     4,-1.6    -4,-0.5    -1,-0.2   0.896  96.5  53.0 -65.1 -38.1  -11.5   15.5  -47.3               
  323  323 A A  H  > S+     0   0   67     -4,-0.5     4,-0.8    -3,-0.5    -1,-0.2   0.818 106.0  54.1 -68.1 -29.8   -9.2   14.8  -44.3               
  324  324 A A  H  < S+     0   0   13     -4,-0.8     3,-0.3     2,-0.2     4,-0.2   0.878 106.5  51.4 -71.3 -35.6  -10.4   11.1  -44.2               
  325  325 A N  H >X S+     0   0  121     -4,-1.5     3,-1.5     1,-0.2     4,-0.5   0.822  99.4  64.1 -71.7 -30.3   -9.4   10.7  -48.0               
  326  326 A L  H >< S+     0   0   82     -4,-1.6     3,-1.0     1,-0.3    -1,-0.2   0.869  97.0  58.5 -55.5 -34.9   -5.9   12.1  -47.2               
  327  327 A L  T 3< S+     0   0   85     -4,-0.8     3,-0.3    -3,-0.3    -1,-0.3   0.612 100.6  56.8 -71.9 -12.6   -5.5    9.0  -45.0               
  328  328 A A  T X4 S+     0   0   65     -3,-1.5     3,-0.7    -4,-0.2    -1,-0.2   0.585  84.1  82.1 -91.3 -12.2   -6.2    6.8  -48.1               
  329  329 A S  G X< S+     0   0   61     -3,-1.0     3,-0.6    -4,-0.5    -1,-0.2   0.508  70.9  79.9 -75.4  -3.0   -3.3    8.3  -50.2               
  330  330 A Y  G 3  S+     0   0  174     -3,-0.3    -1,-0.2     1,-0.2     3,-0.1   0.201  81.2  71.1 -83.5  13.5   -0.6    6.0  -48.6               
  331  331 A A  G <  S+     0   0   96     -3,-0.7     2,-0.3     1,-0.2    -1,-0.2   0.431  92.1  29.5-120.2  -2.9   -1.5    3.0  -50.8               
  332  332 A G    <   +     0   0   47     -3,-0.6    -1,-0.2     1,-0.2    60,-0.1  -0.983  68.3  42.6-166.9 154.0   -0.4    3.5  -54.5               
  333  333 A E        -     0   0  117     -2,-0.3    -1,-0.2    -3,-0.1     2,-0.1   0.551  26.5-152.7  59.1 147.0    2.0    5.1  -57.1               
  334  334 A A        +     0   0   94     59,-0.0    58,-0.0     0, 0.0    -2,-0.0   0.158  20.8 146.6  98.9 134.5    5.0    6.0  -58.2               
  335  335 A G        -     0   0   76     -2,-0.1     0, 0.0    58,-0.0     0, 0.0   0.853  30.9 -83.4 114.6  98.1    6.7    8.7  -60.5               
  336  336 A A        -     0   0  104     33,-0.1    34,-0.0    34,-0.0    32,-0.0   0.775  24.0-165.2  61.9 159.6    9.7   10.9  -61.3               
  337  337 A G        -     0   0   70      0, 0.0    34,-0.1     0, 0.0     2,-0.0  -0.353   5.0-179.7-122.6-149.0   11.7   14.2  -60.7               
  338  338 A P        +     0   0  122      0, 0.0    33,-0.0     0, 0.0     0, 0.0   0.384   8.5  77.2-147.2-153.0   14.0   16.4  -61.4               
  339  339 A A        +     0   0  103     -2,-0.0     0, 0.0     0, 0.0     0, 0.0   0.565  18.4 108.1  81.8 148.7   16.5   19.6  -61.5               
  340  340 A G        -     0   0   81      0, 0.0     0, 0.0     0, 0.0     0, 0.0   0.601  19.6 -90.3 174.1 160.3   18.9   21.5  -60.8               
  341  341 A G        +     0   0   84      0, 0.0     0, 0.0     0, 0.0     0, 0.0   0.355  30.4  53.5  92.2 148.9   22.2   23.8  -60.5               
  342  342 A A        +     0   0   99      0, 0.0     0, 0.0     0, 0.0     0, 0.0   0.640  33.6  51.3-160.9 130.2   25.3   24.7  -59.8               
  343  343 A A        -     0   0   93      0, 0.0     0, 0.0     0, 0.0     0, 0.0   0.977  30.1 -70.0  95.5 158.5   29.0   24.5  -59.9               
  344  344 A P        +     0   0  120      0, 0.0     0, 0.0     0, 0.0     0, 0.0   0.626  29.6  79.7-132.6-141.3   32.2   24.2  -60.5               
  345  345 A P        -     0   0  113      0, 0.0     0, 0.0     0, 0.0     0, 0.0   0.814  27.8 -81.1-115.4-151.4   35.3   22.4  -61.5               
  346  346 A P        -     0   0  113      0, 0.0     0, 0.0     0, 0.0     0, 0.0  -0.238  34.3 -24.3-123.6-103.3   37.9   20.8  -63.0               
  347  347 A P        +     0   0  113      0, 0.0     0, 0.0     0, 0.0     0, 0.0  -0.541  28.3 130.9-123.2 141.7   39.8   17.9  -64.6               
  348  348 A P        -     0   0  120      0, 0.0     0, 0.0     0, 0.0     0, 0.0  -0.024  20.9-158.1 -92.8-154.0   40.6   14.2  -65.5               
  349  349 A P        +     0   0  115      0, 0.0     0, 0.0     0, 0.0     0, 0.0   0.360   9.6  21.5-132.1-134.0   41.3   11.7  -67.9               
  350  350 A P        +     0   0  121      0, 0.0     0, 0.0     0, 0.0     0, 0.0   0.730  26.0  31.7-138.7 167.5   41.8    8.9  -69.9               
  351  351 A G        +     0   0   79      0, 0.0     0, 0.0     0, 0.0     0, 0.0   0.536  23.9   5.2  88.2 153.0   41.7    5.3  -71.4               
  352  352 A A        -     0   0   91      0, 0.0     0, 0.0     0, 0.0     0, 0.0   0.624  23.9 -38.7-167.9 156.0   40.9    2.3  -72.4               
  353  353 A L        +     0   0  181      0, 0.0     0, 0.0     0, 0.0     0, 0.0   0.584  20.4 141.2  67.6 151.4   39.3   -1.2  -73.4               
  354  354 A G        -     0   0   70      0, 0.0     0, 0.0     0, 0.0     0, 0.0   0.507  12.5-158.5 172.5 151.2   37.4   -3.9  -73.3               
  355  355 A S        -     0   0  128      0, 0.0     0, 0.0     0, 0.0     0, 0.0   1.000  18.6 -36.5  83.2 109.7   35.1   -7.1  -73.9               
  356  356 A F        +     0   0  209      0, 0.0     0, 0.0     0, 0.0     0, 0.0   0.891  28.1  68.6  94.9 137.6   32.7   -9.9  -73.1               
  357  357 A A        -     0   0   78      0, 0.0     0, 0.0     0, 0.0     0, 0.0   0.988  29.2-104.3  74.2 101.3   30.5  -12.8  -71.9               
  358  358 A L        +     0   0  176      0, 0.0     2,-0.1     0, 0.0     0, 0.0   0.682  24.0 135.7  55.3 109.5   27.9  -14.3  -69.7               
  359  359 A A        -     0   0   91      0, 0.0     0, 0.0     0, 0.0     0, 0.0  -0.188  37.4 -21.9 172.5 151.6   26.5  -16.3  -67.0               
  360  360 A A        -     0   0   99     -2,-0.1     0, 0.0     1,-0.0     0, 0.0   0.931  49.9 -83.3  58.7  98.6   24.1  -16.9  -64.0               
  361  361 A A        +     0   0  105      0, 0.0     2,-0.1     0, 0.0    -1,-0.0   0.571  35.6 137.5  34.0 113.9   22.0  -15.2  -61.3               
  362  362 A A        -     0   0  100      2,-0.0     0, 0.0     0, 0.0     0, 0.0  -0.369  45.2 -61.2-172.6 145.4   21.7  -13.6  -58.1               
  363  363 A N        +     0   0  177     -2,-0.1     0, 0.0     0, 0.0     0, 0.0   0.751  49.6 102.9  30.0 120.0   19.9  -10.5  -56.5               
  364  364 A G        -     0   0   71      0, 0.0    -2,-0.0     0, 0.0     0, 0.0   0.469  30.9 -36.3 134.9 132.2   19.7   -6.9  -56.6               
  365  365 A Y        -     0   0  216      2,-0.0     0, 0.0     0, 0.0     0, 0.0   0.975  42.8 -25.4  76.1 120.5   18.8   -3.2  -57.1               
  366  366 A L        -     0   0  157      1,-0.1     2,-0.3     0, 0.0     0, 0.0   0.951  14.8-157.0  56.9 132.1   17.4   -0.2  -58.9               
  367  367 A G        +     0   0   76      2,-0.0     2,-0.3     0, 0.0    -1,-0.1  -0.938  26.2 179.1-125.4 155.5   16.5    1.5  -62.2               
  368  368 A A        +     0   0  111     -2,-0.3     2,-0.1     2,-0.1     0, 0.0  -0.953  10.4 106.2-152.0 166.9   16.2    5.3  -62.5               
  369  369 A G        -     0   0   71     -2,-0.3   -33,-0.1     0, 0.0     2,-0.1  -0.084  29.4-112.5 109.1 138.2   15.5    8.2  -65.0               
  370  370 A A        -     0   0   90     -2,-0.1    -2,-0.1   -34,-0.0   -34,-0.0   0.221   8.3-144.9  70.5 128.5   13.8   10.7  -66.5               
  371  371 A G        +     0   0   80     -2,-0.1   -35,-0.0   -34,-0.1     0, 0.0   0.631  11.9 154.4 162.5 167.8   12.3   12.3  -68.7               
  372  372 A G        +     0   0   87     -2,-0.0     0, 0.0     0, 0.0     0, 0.0   0.273  16.4 113.5 101.3 156.0   11.0   15.2  -70.9               
  373  373 A G        -     0   0   79      0, 0.0     0, 0.0     0, 0.0     0, 0.0   0.991  38.0-111.8 102.4  85.0    9.6   16.6  -74.0               
  374  374 A A        +     0   0  114      1,-0.0     0, 0.0     2,-0.0     0, 0.0   0.618  32.5 148.9  25.0 132.3    6.7   18.3  -75.8               
  375  375 A G        +     0   0   82      0, 0.0     2,-0.6     0, 0.0    -1,-0.0   0.198   2.5 159.4 166.0  69.8    4.3   17.3  -78.6               
  376  376 A G        +     0   0   90      1,-0.1    -2,-0.0     0, 0.0     0, 0.0  -0.879  27.4 138.4 -89.8 118.3    0.7   18.4  -79.1               
  377  377 A G        -     0   0   83     -2,-0.6    -1,-0.1     1,-0.1     0, 0.0   0.442  43.4-131.6-152.5   1.9   -0.1   17.7  -82.8               
  378  378 A G        +     0   0   82      1,-0.1    -1,-0.1     0, 0.0     0, 0.0   0.092  43.5 128.5  77.8 176.4   -3.6   16.2  -83.6               
  379  379 A G        -     0   0   75      1,-0.0     2,-0.3     0, 0.0    -1,-0.1   0.764  36.6-143.1  97.1 104.8   -5.0   13.3  -85.7               
  380  380 A P        +     0   0  124      0, 0.0     2,-0.2     0, 0.0    -1,-0.0  -0.726  24.2 160.0 -90.1 146.4   -7.5   10.5  -84.5               
  381  381 A L        -     0   0  161     -2,-0.3     0, 0.0     2,-0.0     0, 0.0  -0.555  23.9-120.8-172.8 112.2   -7.6    6.8  -85.4               
  382  382 A V        +     0   0  130     -2,-0.2     0, 0.0     0, 0.0     0, 0.0   0.611  36.1  46.2  78.7 122.1   -9.1    3.9  -84.0               
  383  383 A A        +     0   0   95      0, 0.0    -2,-0.0     0, 0.0     0, 0.0   0.680  40.3  57.4  81.5 147.2   -8.8    0.3  -82.5               
  384  384 A A        -     0   0   96      0, 0.0     0, 0.0     0, 0.0     0, 0.0   0.991  38.5-106.5  72.1 110.0   -7.5   -2.5  -80.3               
  385  385 A A        +     0   0  102      0, 0.0     0, 0.0     0, 0.0     0, 0.0   0.446  22.1 149.5  10.5 145.6   -6.6   -3.8  -76.9               
  386  386 A A        -     0   0   94      0, 0.0     0, 0.0     0, 0.0     0, 0.0   0.474  25.2 -91.4-162.8 162.4   -5.0   -4.7  -74.4               
  387  387 A A        +     0   0   99      0, 0.0     0, 0.0     0, 0.0     0, 0.0   0.945  41.8  31.1  59.6 123.2   -4.6   -5.2  -70.7               
  388  388 A A        +     0   0  102      0, 0.0     0, 0.0     0, 0.0     0, 0.0   0.993  43.3  34.6  84.8  99.4   -3.5   -4.3  -67.2               
  389  389 A G        -     0   0   84      2,-0.0     0, 0.0     0, 0.0     0, 0.0   0.467  34.0  -3.6  79.9 156.1   -2.9   -1.6  -64.5               
  390  390 A A        +     0   0   99      1,-0.1     2,-0.3   -57,-0.0   -58,-0.0   0.897  11.8 176.3-151.8 178.3   -2.9    0.8  -62.4               
  391  391 A A        +     0   0   94      1,-0.0    -1,-0.1   -58,-0.0   -58,-0.0  -0.994  28.0 110.2-148.9 148.9   -3.8    4.2  -60.7               
  392  392 A G        +     0   0   43     -2,-0.3     2,-0.2   -60,-0.1   -60,-0.1   0.110  29.7 149.5 156.8  91.7   -3.5    6.9  -58.0               
  393  393 A G        +     0   0   76      1,-0.0     2,-0.2   -60,-0.0   -60,-0.1  -0.528  26.7  91.3-147.1  76.7   -1.9   10.4  -58.7               
  394  394 A F        +     0   0  182     -2,-0.2     2,-0.0     1,-0.1    -1,-0.0  -0.751  32.7  97.2-161.6 125.7   -2.8   13.7  -57.0               
  395  395 A L        +     0   0   98     -2,-0.2     2,-0.3     1,-0.0    -1,-0.1  -0.135  26.2 153.1 174.0 119.0   -1.6   15.8  -54.0               
  396  396 A T        +     0   0  128      1,-0.1    -1,-0.0    -2,-0.0     0, 0.0  -0.789  35.9  75.3-149.4 105.3    0.8   18.8  -53.8               
  397  397 A A        +     0   0  103     -2,-0.3    -1,-0.1     0, 0.0     3,-0.0   0.293  66.8  70.7 172.4  69.1    1.1   21.8  -51.4               
  398  398 A E        +     0   0  191      1,-0.0     2,-0.8     0, 0.0     3,-0.5   0.412  60.1 100.9-147.5   1.1    2.5   21.5  -47.8               
  399  399 A K        +     0   0  200      1,-0.2    -1,-0.0     2,-0.1    -3,-0.0  -0.139  61.8  78.4 -96.5  39.9    6.4   20.9  -48.0               
  400  400 A L  S    S+     0   0  179     -2,-0.8    -1,-0.2    -3,-0.0     3,-0.1   0.241  78.8  58.0-135.5  14.4    7.8   24.4  -47.2               
  401  401 A A  S    S+     0   0  100     -3,-0.5     2,-0.2     1,-0.1    -2,-0.1   0.346  71.7  96.0-126.5   3.3    7.7   25.2  -43.3               
  402  402 A A        +     0   0  104      1,-0.1     2,-0.3     0, 0.0    -1,-0.1  -0.063  50.9 102.4-100.1  32.2    9.8   22.4  -41.6               
  403  403 A E        +     0   0  171     -2,-0.2     2,-0.3    -3,-0.1    -1,-0.1  -0.498  59.0  73.7-123.0  64.2   13.3   23.9  -41.1               
  404  404 A S  S    S+     0   0  116     -2,-0.3    -3,-0.0     1,-0.1     0, 0.0  -0.968  72.7  28.6-158.9 161.3   13.9   25.0  -37.5               
  405  405 A A        +     0   0   79     -2,-0.3     2,-0.7     1,-0.2    -1,-0.1   0.924  48.0 174.5  55.5  66.9   14.6   23.7  -34.0               
  406  406 A K        -     0   0  177     56,-0.1    56,-0.2    -3,-0.1    -1,-0.2  -0.895  21.2-153.0 -87.8 113.4   16.4   20.3  -34.1               
  407  407 A E  E     -G  461   0B  55     54,-2.6    54,-1.8    -2,-0.7     2,-0.4  -0.542   3.8-150.8 -81.6 151.9   17.2   19.5  -30.4               
  408  408 A L  E     -G  460   0B 103     52,-0.2     2,-0.4    -2,-0.2    52,-0.2  -0.973  13.5-175.8-129.2 115.7   20.2   17.3  -29.4               
  409  409 A V  E     -G  459   0B  24     50,-2.5    50,-3.2    -2,-0.4     2,-0.5  -0.924   9.7-155.1-114.8 135.8   20.0   15.2  -26.1               
  410  410 A E  E     -G  458   0B  97     -2,-0.4     2,-0.5    48,-0.2    48,-0.2  -0.931   8.3-170.9-120.3 114.7   23.0   13.1  -24.8               
  411  411 A I  E     -G  457   0B  28     46,-2.8    46,-2.8    -2,-0.5     2,-0.9  -0.881  19.0-140.1-106.8 130.1   22.4   10.1  -22.5               
  412  412 A A  E     -G  456   0B  47     -2,-0.5    44,-0.2    44,-0.2    36,-0.0  -0.766  28.5-177.1 -85.2 102.8   25.3    8.2  -20.7               
  413  413 A V  E     -G  455   0B   2     42,-2.6    42,-2.5    -2,-0.9     5,-0.1  -0.903  29.3-117.8-107.3 125.5   24.4    4.5  -21.0               
  414  414 A P  E >>  -G  454   0B  41      0, 0.0     3,-1.9     0, 0.0     4,-1.4  -0.345  28.5-120.8 -55.2 132.9   26.5    1.7  -19.4               
  415  415 A E  H 3> S+     0   0   63     38,-1.4     4,-0.8     1,-0.3     3,-0.1   0.817 109.9  59.9 -52.3 -38.0   27.9   -0.6  -22.2               
  416  416 A N  H 34 S+     0   0   98      1,-0.2    -1,-0.3     2,-0.2     3,-0.1   0.794 110.0  42.3 -59.8 -31.5   26.3   -3.7  -20.7               
  417  417 A L  H X> S+     0   0    8     -3,-1.9     3,-2.0     1,-0.2     4,-0.6   0.745  95.1  78.1 -89.9 -25.1   22.7   -2.1  -21.1               
  418  418 A V  H >X S+     0   0    0     -4,-1.4     4,-2.4     1,-0.3     3,-1.1   0.829  82.8  67.6 -55.1 -35.1   23.3   -0.6  -24.6               
  419  419 A G  H 3X S+     0   0   45     -4,-0.8     4,-1.5     1,-0.2    -1,-0.3   0.742 100.0  49.9 -58.3 -23.2   22.8   -4.1  -26.2               
  420  420 A A  H <4 S+     0   0   10     -3,-2.0    -1,-0.2     2,-0.2    -2,-0.2   0.571 107.1  51.5 -98.2 -10.8   19.1   -3.9  -25.1               
  421  421 A I  H << S+     0   0    1     -3,-1.1    11,-0.2    -4,-0.6    -2,-0.2   0.815 117.1  42.7 -79.2 -40.8   18.5   -0.4  -26.6               
  422  422 A L  H  < S-     0   0   49     -4,-2.4     7,-1.3     6,-0.2     6,-1.0   0.903  98.0-169.7 -63.2 -45.3   20.0   -1.8  -29.8               
  423  423 A G    ><  -     0   0   21     -4,-1.5     3,-1.5    -5,-0.2     2,-0.9  -0.096  49.5 -23.5  67.5-177.5   18.1   -5.1  -29.6               
  424  424 A K  G >  S-     0   0  197      1,-0.3     3,-0.6     2,-0.1    -4,-0.0  -0.505 139.0 -12.6 -68.2 103.2   18.8   -8.2  -31.8               
  425  425 A G  G 3  S-     0   0   84     -2,-0.9    -1,-0.3     1,-0.2    -2,-0.1   0.757 121.8 -65.8  76.1  26.7   20.5   -6.6  -34.9               
  426  426 A G  G X> S+     0   0   20     -3,-1.5     4,-1.7    -7,-0.2     3,-0.5   0.400  98.1 130.7  81.3  -1.4   19.5   -2.9  -34.1               
  427  427 A K  H <> S+     0   0  158     -3,-0.6     4,-2.8     1,-0.2    -4,-0.2   0.861  71.8  49.2 -55.6 -42.4   15.7   -3.6  -34.5               
  428  428 A T  H 3> S+     0   0   25     -6,-1.0     4,-2.2     1,-0.2    -1,-0.2   0.813 109.2  53.3 -71.5 -27.1   14.8   -1.9  -31.2               
  429  429 A L  H <> S+     0   0   24     -7,-1.3     4,-0.9    -3,-0.5    11,-0.2   0.831 111.5  45.8 -72.0 -33.4   17.0    1.2  -32.2               
  430  430 A V  H >X S+     0   0   70     -4,-1.7     4,-2.6    -8,-0.3     3,-1.0   0.972 112.4  50.7 -69.1 -50.8   15.0    1.4  -35.5               
  431  431 A E  H 3X S+     0   0   93     -4,-2.8     4,-2.9     1,-0.3    -2,-0.2   0.870 109.7  50.8 -51.3 -44.1   11.7    0.9  -33.6               
  432  432 A Y  H 3< S+     0   0   21     -4,-2.2     4,-0.5   -11,-0.2     6,-0.4   0.767 111.4  47.6 -71.1 -24.1   12.7    3.8  -31.2               
  433  433 A Q  H <X S+     0   0   58     -3,-1.0     4,-1.9    -4,-0.9    -2,-0.2   0.876 115.6  45.4 -78.2 -38.4   13.5    6.1  -34.1               
  434  434 A E  H  < S+     0   0  148     -4,-2.6    -2,-0.2     1,-0.2    -3,-0.2   0.932 113.6  48.4 -67.5 -46.9   10.2    5.2  -35.8               
  435  435 A L  T  < S+     0   0  117     -4,-2.9    -1,-0.2    -5,-0.2    -3,-0.1   0.652 125.8  27.6 -67.5 -21.1    8.0    5.6  -32.6               
  436  436 A T  T  4 S-     0   0   18     -4,-0.5    -1,-0.2    -3,-0.2    -2,-0.2   0.623  90.7-129.9-115.9 -23.4    9.6    9.0  -31.7               
  437  437 A G     <  +     0   0   61     -4,-1.9     2,-0.4     1,-0.3    -3,-0.1   0.434  69.7 126.0  71.2   1.9   10.7   10.7  -35.0               
  438  438 A A        -     0   0    2     -6,-0.4     2,-0.6    27,-0.3    -1,-0.3  -0.781  64.1-128.8 -90.5 135.1   14.1   11.2  -33.3               
  439  439 A R  E     -H  460   0B 158     21,-2.9    21,-2.5    -2,-0.4     2,-0.6  -0.719  26.9-156.6 -78.4 115.5   17.3   10.0  -34.9               
  440  440 A I  E     -H  459   0B   5     -2,-0.6     2,-0.3   -11,-0.2    19,-0.2  -0.862  12.8-177.4-105.1 113.8   19.2    8.0  -32.2               
  441  441 A Q  E     -H  458   0B 101     17,-3.1    17,-1.9    -2,-0.6     2,-0.4  -0.821   8.7-159.5-104.4 149.2   23.0    7.6  -32.6               
  442  442 A I  E     -H  457   0B  33     -2,-0.3    15,-0.2    15,-0.2     3,-0.1  -0.997  25.6-113.1-130.0 127.9   25.2    5.6  -30.2               
  443  443 A S        -     0   0   20     13,-2.9     3,-0.1    -2,-0.4    12,-0.1  -0.114  46.7 -90.4 -53.2 149.9   29.0    6.1  -29.9               
  444  444 A K    >   -     0   0  140      1,-0.1     3,-1.8     2,-0.1     2,-0.4  -0.108  50.6 -82.4 -60.5 160.7   31.2    3.2  -31.2               
  445  445 A K  T 3  S+     0   0  167      1,-0.2    -1,-0.1    -3,-0.1     3,-0.1  -0.581 127.3  25.9 -61.3 121.7   32.3    0.3  -28.9               
  446  446 A G  T 3  S+     0   0   49     -2,-0.4     2,-1.4     1,-0.1    -1,-0.2  -0.019  92.6 108.8  99.5 -21.3   35.4    1.9  -27.2               
  447  447 A E    <   +     0   0   84     -3,-1.8     9,-0.7     9,-0.0     2,-0.2  -0.677  50.5 165.0 -85.0  86.5   34.1    5.6  -27.7               
  448  448 A F  B     -I  455   0B  76     -2,-1.4     7,-0.2     7,-0.2     5,-0.1  -0.663  47.9 -94.0 -96.3 158.2   33.3    6.3  -24.0               
  449  449 A L    >   -     0   0   32      5,-2.2     3,-2.3    -2,-0.2     5,-0.3  -0.595  62.1 -91.7 -63.3 131.4   32.6    9.6  -22.2               
  450  450 A P  T 3  S+     0   0  128      0, 0.0    -1,-0.1     0, 0.0     3,-0.1  -0.220 114.1  18.3 -56.9 128.4   36.0   10.7  -20.8               
  451  451 A G  T 3  S+     0   0   88      1,-0.3     2,-0.2    -3,-0.1    -2,-0.1   0.416 119.4  71.9  87.0   3.0   36.4    9.3  -17.2               
  452  452 A T  S <  S-     0   0   60     -3,-2.3    -1,-0.3     2,-0.1    -4,-0.1  -0.841  74.4-129.7-135.5 174.3   33.6    6.6  -17.6               
  453  453 A R  S    S+     0   0  206     -2,-0.2   -38,-1.4    -3,-0.1     2,-0.5  -0.043  72.4 118.9-106.7  23.5   32.6    3.2  -19.2               
  454  454 A N  E     -G  414   0B  46     -5,-0.3    -5,-2.2   -40,-0.2     2,-0.3  -0.809  60.3-136.7 -94.5 130.2   29.3    4.8  -20.5               
  455  455 A R  E     -GI 413 448B  33    -42,-2.5   -42,-2.6    -2,-0.5     2,-0.5  -0.625  25.8-115.9 -77.9 144.4   28.6    5.0  -24.3               
  456  456 A R  E     -G  412   0B  87     -9,-0.7   -13,-2.9    -2,-0.3     2,-0.7  -0.749  22.1-161.0 -83.9 120.8   27.1    8.3  -25.5               
  457  457 A V  E     -GH 411 442B   0    -46,-2.8   -46,-2.8    -2,-0.5     2,-0.7  -0.944  10.0-164.0-101.3 107.7   23.6    8.0  -26.9               
  458  458 A T  E     -GH 410 441B  21    -17,-1.9   -17,-3.1    -2,-0.7     2,-0.4  -0.878   3.0-166.1 -99.8 111.2   23.1   11.2  -29.0               
  459  459 A I  E     -GH 409 440B   0    -50,-3.2   -50,-2.5    -2,-0.7     2,-0.4  -0.860   5.1-173.9-100.3 130.0   19.4   11.7  -29.8               
  460  460 A T  E     +GH 408 439B  36    -21,-2.5   -21,-2.9    -2,-0.4     2,-0.2  -0.990  33.8  85.8-132.3 124.0   18.5   14.3  -32.5               
  461  461 A G  E    S-G  407   0B  10    -54,-1.8   -54,-2.6    -2,-0.4   -23,-0.1  -0.910  80.2 -35.9-177.4-162.9   14.9   15.4  -33.4               
  462  462 A S     >  -     0   0   60     -2,-0.2     4,-2.7   -56,-0.2     3,-0.2  -0.535  68.0-101.3 -71.5 160.4   12.2   17.9  -32.3               
  463  463 A P  H  > S+     0   0   52      0, 0.0     4,-1.6     0, 0.0     5,-0.1   0.815 126.7  49.1 -54.2 -32.9   12.0   18.6  -28.5               
  464  464 A A  H  > S+     0   0   74      2,-0.2     4,-2.4     3,-0.1     5,-0.1   0.906 112.2  47.9 -71.4 -40.2    9.0   16.2  -28.3               
  465  465 A A  H  > S+     0   0    6     -3,-0.2     4,-2.5     2,-0.2   -27,-0.3   0.899 111.3  49.7 -67.9 -42.5   10.9   13.5  -30.2               
  466  466 A T  H  X S+     0   0    0     -4,-2.7     4,-2.6     2,-0.2    -2,-0.2   0.931 113.8  46.0 -63.3 -44.4   14.1   13.8  -28.1               
  467  467 A Q  H  X S+     0   0   76     -4,-1.6     4,-2.6    -5,-0.2    -2,-0.2   0.913 112.4  50.4 -64.9 -43.3   12.0   13.6  -24.9               
  468  468 A A  H  X S+     0   0   40     -4,-2.4     4,-2.6     2,-0.2     5,-0.2   0.938 113.8  45.1 -61.5 -44.6   10.0   10.6  -26.2               
  469  469 A A  H  X S+     0   0    0     -4,-2.5     4,-2.7     2,-0.2     5,-0.2   0.915 112.2  51.8 -65.2 -41.3   13.2    8.8  -27.2               
  470  470 A Q  H  X S+     0   0   66     -4,-2.6     4,-2.5    -5,-0.2    -2,-0.2   0.901 111.8  48.0 -59.4 -41.5   14.9    9.7  -23.8               
  471  471 A Y  H  X S+     0   0  149     -4,-2.6     4,-3.1     2,-0.2     5,-0.2   0.964 113.7  44.7 -65.0 -51.9   11.8    8.3  -22.0               
  472  472 A L  H  X S+     0   0   40     -4,-2.6     4,-2.7     1,-0.2    -2,-0.2   0.911 116.3  47.5 -60.5 -43.2   11.7    5.0  -24.1               
  473  473 A I  H  X S+     0   0    1     -4,-2.7     4,-2.7     2,-0.2    -1,-0.2   0.933 114.4  46.5 -61.7 -46.0   15.6    4.6  -23.6               
  474  474 A S  H  X S+     0   0   48     -4,-2.5     4,-2.6    -5,-0.2    -2,-0.2   0.906 113.4  48.6 -67.9 -40.4   15.3    5.3  -19.8               
  475  475 A Q  H  X S+     0   0   90     -4,-3.1     4,-3.1     2,-0.2    -2,-0.2   0.936 113.8  46.7 -60.2 -47.4   12.3    2.9  -19.4               
  476  476 A R  H  X S+     0   0   77     -4,-2.7     4,-2.7    -5,-0.2    -2,-0.2   0.901 112.5  49.9 -65.0 -40.5   14.3    0.2  -21.4               
  477  477 A V  H  X S+     0   0   23     -4,-2.7     4,-2.2     2,-0.2    -2,-0.2   0.930 114.9  44.1 -60.1 -46.7   17.4    0.9  -19.3               
  478  478 A T  H  X S+     0   0   92     -4,-2.6     4,-2.5     2,-0.2    -2,-0.2   0.916 114.5  49.2 -65.7 -43.9   15.4    0.6  -16.1               
  479  479 A Y  H  X S+     0   0  145     -4,-3.1     4,-3.0     2,-0.2    -2,-0.2   0.928 113.8  45.6 -61.8 -45.5   13.5   -2.5  -17.3               
  480  480 A E  H  X S+     0   0   26     -4,-2.7     4,-2.5     2,-0.2    -2,-0.2   0.844 110.7  53.0 -71.2 -33.3   16.8   -4.3  -18.3               
  481  481 A Q  H  X S+     0   0   94     -4,-2.2     4,-2.4    -5,-0.2    -2,-0.2   0.937 113.0  46.1 -60.7 -44.2   18.4   -3.3  -15.0               
  482  482 A G  H  X S+     0   0   41     -4,-2.5     4,-2.2     2,-0.2    -2,-0.2   0.947 113.2  47.8 -61.5 -49.9   15.3   -4.9  -13.4               
  483  483 A V  H  X S+     0   0   55     -4,-3.0     4,-0.8     2,-0.2    -2,-0.2   0.905 115.6  45.2 -60.0 -42.0   15.5   -8.1  -15.6               
  484  484 A R  H  < S+     0   0   66     -4,-2.5    -1,-0.2     2,-0.2    -2,-0.2   0.847 110.7  52.7 -75.7 -31.3   19.3   -8.4  -14.9               
  485  485 A A  H  < S+     0   0   83     -4,-2.4    -2,-0.2     1,-0.2    -1,-0.2   0.863 112.6  46.5 -65.3 -34.8   18.8   -7.8  -11.2               
  486  486 A S  H  < S+     0   0   98     -4,-2.2    -2,-0.2     1,-0.2    -1,-0.2   0.642 125.0  32.5 -76.9 -17.2   16.2  -10.7  -11.4               
  487  487 A N    ><  +     0   0   75     -4,-0.8     3,-0.6    -5,-0.2    -1,-0.2  -0.609  61.3 157.8-143.3  77.1   18.7  -12.9  -13.4               
  488  488 A P  G >   +     0   0  108      0, 0.0     3,-0.5     0, 0.0    -1,-0.1   0.600  66.2  74.3 -72.2 -11.8   22.4  -12.3  -12.5               
  489  489 A Q  G 3  S+     0   0  185      1,-0.2     3,-0.1    -5,-0.0    -5,-0.0   0.138  80.3  67.6 -99.9  17.3   23.4  -15.7  -13.9               
  490  490 A K  G <  S+     0   0  176     -3,-0.6     2,-0.3    -6,-0.1    -1,-0.2   0.014  76.6  85.1-128.7  24.8   23.2  -15.1  -17.7               
  491  491 A V    <         0   0  108     -3,-0.5    -1,-0.1    -7,-0.1    -4,-0.0  -0.787 360.0 360.0-134.5  91.4   26.1  -12.6  -18.4               
  492  492 A G              0   0  154     -2,-0.3    -3,-0.0    -3,-0.1     0, 0.0  -0.907 360.0 360.0-124.0 360.0   29.5  -14.1  -18.9               
