==== Secondary Structure Definition by the program DSSP, CMBI version 2.0                          ==== DATE=2026-03-08        .
REFERENCE W. KABSCH AND C.SANDER, BIOPOLYMERS 22 (1983) 2577-2637                                                              .
HEADER                                            01-AUG-25                                                                    .
COMPND    MOL_ID: 1; MOLECULE: Y-BOX-BINDING PROTEIN 2; CHAIN: A                                                               .
SOURCE    MOL_ID: 1; ORGANISM_SCIENTIFIC: HOMO SAPIENS; ORGANISM_TAXID: 9606                                                   .
AUTHOR                                                                                                                         .
  364  1  0  0  0 TOTAL NUMBER OF RESIDUES, NUMBER OF CHAINS, NUMBER OF SS-BRIDGES(TOTAL,INTRACHAIN,INTERCHAIN)                .
 43513.9   ACCESSIBLE SURFACE OF PROTEIN (ANGSTROM**2)                                                                         .
  123 33.8   TOTAL NUMBER OF HYDROGEN BONDS OF TYPE O(I)-->H-N(J)  , SAME NUMBER PER 100 RESIDUES                              .
    4  1.1   TOTAL NUMBER OF HYDROGEN BONDS IN     PARALLEL BRIDGES, SAME NUMBER PER 100 RESIDUES                              .
   34  9.3   TOTAL NUMBER OF HYDROGEN BONDS IN ANTIPARALLEL BRIDGES, SAME NUMBER PER 100 RESIDUES                              .
    2  0.5   TOTAL NUMBER OF HYDROGEN BONDS OF TYPE O(I)-->H-N(I-5), SAME NUMBER PER 100 RESIDUES                              .
    1  0.3   TOTAL NUMBER OF HYDROGEN BONDS OF TYPE O(I)-->H-N(I-4), SAME NUMBER PER 100 RESIDUES                              .
    1  0.3   TOTAL NUMBER OF HYDROGEN BONDS OF TYPE O(I)-->H-N(I-3), SAME NUMBER PER 100 RESIDUES                              .
    0  0.0   TOTAL NUMBER OF HYDROGEN BONDS OF TYPE O(I)-->H-N(I-2), SAME NUMBER PER 100 RESIDUES                              .
    1  0.3   TOTAL NUMBER OF HYDROGEN BONDS OF TYPE O(I)-->H-N(I-1), SAME NUMBER PER 100 RESIDUES                              .
    0  0.0   TOTAL NUMBER OF HYDROGEN BONDS OF TYPE O(I)-->H-N(I+0), SAME NUMBER PER 100 RESIDUES                              .
    0  0.0   TOTAL NUMBER OF HYDROGEN BONDS OF TYPE O(I)-->H-N(I+1), SAME NUMBER PER 100 RESIDUES                              .
   71 19.5   TOTAL NUMBER OF HYDROGEN BONDS OF TYPE O(I)-->H-N(I+2), SAME NUMBER PER 100 RESIDUES                              .
    8  2.2   TOTAL NUMBER OF HYDROGEN BONDS OF TYPE O(I)-->H-N(I+3), SAME NUMBER PER 100 RESIDUES                              .
    3  0.8   TOTAL NUMBER OF HYDROGEN BONDS OF TYPE O(I)-->H-N(I+4), SAME NUMBER PER 100 RESIDUES                              .
    1  0.3   TOTAL NUMBER OF HYDROGEN BONDS OF TYPE O(I)-->H-N(I+5), SAME NUMBER PER 100 RESIDUES                              .
  1  2  3  4  5  6  7  8  9 10 11 12 13 14 15 16 17 18 19 20 21 22 23 24 25 26 27 28 29 30     *** HISTOGRAMS OF ***           .
  0  0  0  0  0  0  0  0  0  0  0  0  0  0  0  0  0  0  0  0  0  0  0  0  0  0  0  0  0  0    RESIDUES PER ALPHA HELIX         .
  2  0  0  0  0  0  0  0  0  0  0  0  0  0  0  0  0  0  0  0  0  0  0  0  0  0  0  0  0  0    PARALLEL BRIDGES PER LADDER      .
  1  0  0  0  1  3  0  0  0  0  0  0  0  0  0  0  0  0  0  0  0  0  0  0  0  0  0  0  0  0    ANTIPARALLEL BRIDGES PER LADDER  .
  0  0  0  0  1  0  0  0  0  0  0  0  0  0  0  0  0  0  0  0  0  0  0  0  0  0  0  0  0  0    LADDERS PER SHEET                .
  #  RESIDUE AA STRUCTURE BP1 BP2  ACC     N-H-->O    O-->H-N    N-H-->O    O-->H-N    TCO  KAPPA ALPHA  PHI   PSI    X-CA   Y-CA   Z-CA            CHAIN
    1    1 A M              0   0  235      0, 0.0     0, 0.0     0, 0.0     0, 0.0   0.000 360.0 360.0 360.0 122.3   19.7  -41.9   46.1               
    2    2 A S        -     0   0  101      0, 0.0     0, 0.0     0, 0.0     0, 0.0   0.948 360.0-118.0  63.9 103.6   17.1  -40.1   43.9               
    3    3 A E        +     0   0  182      0, 0.0     0, 0.0     0, 0.0     0, 0.0   0.830  27.7 156.6  75.9 128.8   14.6  -37.6   43.7               
    4    4 A V        -     0   0  127      2,-0.0     0, 0.0     0, 0.0     0, 0.0   0.649  26.5-135.3-159.0 140.6   11.9  -35.8   43.3               
    5    5 A E        -     0   0  174      1,-0.1     2,-0.0     2,-0.0     0, 0.0   0.184  14.0-108.3 -13.3 131.5   10.4  -32.3   44.3               
    6    6 A A        +     0   0   87      0, 0.0    -1,-0.1     0, 0.0    -2,-0.0   0.397  29.1  28.0  50.3 138.3    7.8  -30.5   45.4               
    7    7 A A        +     0   0   93     -2,-0.0    -2,-0.0     0, 0.0     0, 0.0   0.826  19.9  59.0-172.5 164.3    5.3  -28.3   45.0               
    8    8 A A        -     0   0  111      2,-0.0     0, 0.0     0, 0.0     0, 0.0   0.748  30.7  -6.9  69.7 139.7    2.4  -25.8   44.3               
    9    9 A G        -     0   0   75      1,-0.1     2,-0.4     0, 0.0     0, 0.0   0.646   2.8-172.2 177.5 128.3   -0.4  -24.8   43.5               
   10   10 A A        +     0   0  103      2,-0.0     2,-0.2     1,-0.0    -1,-0.1  -0.725  21.1 161.0 -80.3 129.5   -4.0  -24.7   42.2               
   11   11 A T        -     0   0  129     -2,-0.4     2,-0.4     2,-0.0    -1,-0.0  -0.754  11.6-176.2-144.0 103.4   -5.9  -21.4   41.8               
   12   12 A A        -     0   0  100     -2,-0.2    -2,-0.0     0, 0.0     0, 0.0  -0.767   4.1-168.8 -80.0 136.1   -8.9  -21.6   39.5               
   13   13 A V        -     0   0  128     -2,-0.4     2,-0.1     0, 0.0    -2,-0.0  -0.998  16.4-139.2-125.5 123.5  -10.7  -18.2   38.9               
   14   14 A P        -     0   0  122      0, 0.0     0, 0.0     0, 0.0     0, 0.0  -0.414  32.5 -66.9 -87.7 163.5  -14.1  -18.4   37.1               
   15   15 A A        -     0   0   99     -2,-0.1     2,-0.7     1,-0.1     0, 0.0  -0.054  31.2-150.1 -50.0 133.9  -15.7  -16.2   34.4               
   16   16 A A        -     0   0   96      2,-0.0     2,-0.5     0, 0.0    -1,-0.1  -0.922  12.3-152.9-105.3 105.5  -16.8  -12.5   34.8               
   17   17 A T        -     0   0  137     -2,-0.7     0, 0.0     0, 0.0     0, 0.0  -0.701  11.6-151.3 -67.4 117.7  -19.7  -11.7   32.4               
   18   18 A V        -     0   0  132     -2,-0.5     2,-0.2     1,-0.0    -2,-0.0  -0.852  15.3-125.1 -94.0 130.6  -19.5   -8.0   31.6               
   19   19 A P        -     0   0  106      0, 0.0     2,-0.7     0, 0.0    -1,-0.0  -0.543  21.5-111.8 -78.4 141.5  -22.9   -6.3   30.9               
   20   20 A A        -     0   0  108     -2,-0.2     2,-0.7     1,-0.0     0, 0.0  -0.619  32.7-165.0 -67.8 109.8  -23.5   -4.3   27.6               
   21   21 A T        -     0   0  122     -2,-0.7     2,-0.6     2,-0.0    -1,-0.0  -0.917  14.4-139.5-100.8 113.2  -23.8   -0.6   28.5               
   22   22 A A        -     0   0  104     -2,-0.7     2,-0.6     1,-0.0    -2,-0.0  -0.623  18.4-166.0 -63.6 113.1  -25.3    1.4   25.7               
   23   23 A A        -     0   0   95     -2,-0.6    -2,-0.0     0, 0.0     2,-0.0  -0.961  21.8-123.0-107.7 118.4  -23.4    4.8   25.7               
   24   24 A G        -     0   0   71     -2,-0.6     2,-0.6     1,-0.1     0, 0.0  -0.236  21.2-105.0 -61.8 144.9  -25.2    7.4   23.5               
   25   25 A V        -     0   0  144      2,-0.0     2,-0.7     1,-0.0    -1,-0.1  -0.607  29.8-165.2 -67.3 111.6  -23.6    9.2   20.6               
   26   26 A V        -     0   0  126     -2,-0.6     2,-1.0     2,-0.0    -1,-0.0  -0.923  14.1-146.8 -98.3 105.1  -22.7   12.8   21.5               
   27   27 A A        -     0   0   84     -2,-0.7     2,-1.1     1,-0.0    -2,-0.0  -0.662   8.5-160.4 -70.4 103.0  -22.2   14.6   18.2               
   28   28 A V        -     0   0  118     -2,-1.0     2,-0.9     2,-0.0    -1,-0.0  -0.807   7.5-155.9 -84.1  99.2  -19.4   17.2   18.9               
   29   29 A V        -     0   0  125     -2,-1.1    -2,-0.0     2,-0.0     0, 0.0  -0.739   6.4-163.9 -71.2 105.7  -19.9   19.6   16.0               
   30   30 A V        -     0   0  113     -2,-0.9     2,-0.4     2,-0.0    -2,-0.0  -0.892  20.3-128.9 -88.3 119.8  -16.5   21.3   15.6               
   31   31 A P        -     0   0  111      0, 0.0    -2,-0.0     0, 0.0     0, 0.0  -0.590  13.2-144.2 -74.2 124.4  -17.0   24.4   13.4               
   32   32 A V        -     0   0  134     -2,-0.4     2,-0.3     1,-0.0     3,-0.1  -0.780  22.5-122.6 -80.1 124.4  -14.5   24.7   10.5               
   33   33 A P        -     0   0  117      0, 0.0     2,-0.0     0, 0.0    -1,-0.0  -0.536  31.8-104.6 -71.8 133.7  -13.6   28.4    9.8               
   34   34 A A        -     0   0  103     -2,-0.3     2,-0.3     1,-0.1     0, 0.0  -0.295  35.9-114.4 -56.5 132.5  -14.4   29.6    6.3               
   35   35 A G        -     0   0   78      1,-0.1    -1,-0.1    -3,-0.1     3,-0.0  -0.532  25.4-117.4 -72.6 134.8  -11.4   30.0    3.9               
   36   36 A E        -     0   0  188     -2,-0.3     2,-0.6     1,-0.1    -1,-0.1  -0.397  32.5-108.0 -60.5 142.7  -10.4   33.4    2.6               
   37   37 A P        -     0   0  125      0, 0.0     2,-0.5     0, 0.0    -1,-0.1  -0.648  32.2-122.8 -77.0 119.9  -10.6   34.0   -1.2               
   38   38 A Q        -     0   0  203     -2,-0.6     2,-0.0     1,-0.1    -3,-0.0  -0.530  30.5-119.3 -66.6 119.6   -7.1   34.1   -2.8               
   39   39 A K        -     0   0  206     -2,-0.5    -1,-0.1     1,-0.1     0, 0.0  -0.240  32.8 -99.5 -55.6 137.9   -6.7   37.4   -4.6               
   40   40 A G        -     0   0   80      1,-0.0     2,-0.3    -2,-0.0    -1,-0.1  -0.176  25.7-168.1 -63.0 151.8   -6.1   37.4   -8.4               
   41   41 A G        -     0   0   81      2,-0.0     2,-0.2     0, 0.0    -1,-0.0  -0.812  16.4-172.1-140.5  94.9   -2.8   37.8  -10.2               
   42   42 A G        +     0   0   84     -2,-0.3     2,-0.2     2,-0.0    -2,-0.0  -0.613  14.8 175.2 -77.0 146.5   -3.3   38.4  -13.9               
   43   43 A A        -     0   0  103     -2,-0.2     2,-0.1     2,-0.0    -2,-0.0  -0.772  16.2-172.7-147.2 108.6   -0.6   38.5  -16.6               
   44   44 A G        +     0   0   86     -2,-0.2    -2,-0.0     0, 0.0     0, 0.0  -0.245   9.2 174.6 -79.7 176.2   -2.0   38.8  -20.1               
   45   45 A G        -     0   0   80     -2,-0.1    -2,-0.0     0, 0.0     0, 0.0   0.046  31.3  -5.8 165.2  94.9   -0.3   38.7  -23.5               
   46   46 A G        -     0   0   82      0, 0.0     2,-0.0     0, 0.0     0, 0.0   0.929  27.5-152.0  70.0 121.8   -1.4   38.7  -27.1               
   47   47 A G        +     0   0   86      0, 0.0     0, 0.0     0, 0.0     0, 0.0   0.334   9.1 175.8 101.8 109.7   -3.5   38.8  -29.6               
   48   48 A G        -     0   0   77     -2,-0.0     0, 0.0     0, 0.0     0, 0.0   0.134  32.5 -65.0 161.5  90.2   -3.9   37.7  -33.3               
   49   49 A A        -     0   0   97      1,-0.1     2,-0.0     0, 0.0     0, 0.0   0.817  19.6-124.5  43.5 112.9   -6.7   37.7  -35.9               
   50   50 A A        +     0   0   97      0, 0.0     2,-0.1     0, 0.0    -1,-0.1   0.143  17.4 167.3  64.1 101.3   -9.7   36.8  -37.3               
   51   51 A S        -     0   0  130     -2,-0.0     0, 0.0     0, 0.0     0, 0.0  -0.463  25.5-145.2-168.7 124.9  -11.0   35.4  -40.5               
   52   52 A G        -     0   0   74     -2,-0.1     2,-0.1     1,-0.1     0, 0.0   0.117  21.8 -77.1 -81.3-168.5  -14.5   34.1  -41.0               
   53   53 A P        -     0   0  135      0, 0.0     2,-0.3     0, 0.0    -1,-0.1  -0.199  20.4-147.2-112.2 169.5  -16.2   31.3  -42.9               
   54   54 A A        -     0   0   99      1,-0.2     0, 0.0    -2,-0.1     0, 0.0  -0.931  34.1 -26.2-146.5 129.3  -17.6   29.8  -46.1               
   55   55 A A        +     0   0  105     -2,-0.3    -1,-0.2     0, 0.0     0, 0.0   0.987  43.6  83.1  83.1 124.0  -20.3   27.5  -47.5               
   56   56 A G        +     0   0   72      2,-0.0    -2,-0.1     0, 0.0     0, 0.0   0.810  41.6   5.3  92.0 120.8  -22.9   24.7  -47.6               
   57   57 A T        +     0   0  133      1,-0.1     2,-0.4     0, 0.0     0, 0.0   0.813  16.8 151.9-174.6 139.8  -25.8   23.5  -47.0               
   58   58 A P        +     0   0  126      0, 0.0     2,-0.3     0, 0.0    -1,-0.1  -0.993  27.2 166.8-116.1 131.3  -29.5   23.5  -46.0               
   59   59 A S        -     0   0  116     -2,-0.4     0, 0.0     1,-0.2     0, 0.0  -0.896  36.9 -19.2-145.4 126.5  -32.1   21.1  -47.5               
   60   60 A A        -     0   0   98     -2,-0.3     2,-0.5     1,-0.1    -1,-0.2   0.986  31.5-144.6  73.5 115.4  -35.6   20.1  -46.6               
   61   61 A P        -     0   0  135      0, 0.0     2,-0.6     0, 0.0    -1,-0.1  -0.887  27.4-155.4 -91.2 127.4  -38.1   20.0  -43.7               
   62   62 A G        -     0   0   75     -2,-0.5     0, 0.0     1,-0.1     0, 0.0  -0.943  21.5 -99.6-114.7 111.3  -40.3   16.8  -43.9               
   63   63 A S        -     0   0  107     -2,-0.6    -1,-0.1     1,-0.1     0, 0.0   0.302  42.4 -48.0  -0.3 125.8  -43.8   16.6  -42.3               
   64   64 A R        +     0   0  234      1,-0.0    -1,-0.1     2,-0.0     0, 0.0   0.798  28.8 155.8  54.4 116.1  -45.6   15.4  -39.3               
   65   65 A T        +     0   0  137      0, 0.0     2,-0.5     0, 0.0    -1,-0.0  -0.433   8.4 170.6-163.2 120.8  -46.5   12.9  -36.8               
   66   66 A P        +     0   0  128      0, 0.0    -2,-0.0     0, 0.0     0, 0.0  -0.984  30.9 127.3-104.8 124.3  -47.9   13.6  -33.3               
   67   67 A G        +     0   0   65     -2,-0.5     0, 0.0     1,-0.2     0, 0.0  -0.066  33.0  48.3 169.5  86.6  -49.0   10.4  -31.5               
   68   68 A N        +     0   0  156      1,-0.0     2,-0.8     0, 0.0    -1,-0.2   0.242  21.0 175.6 168.6 119.4  -48.5    8.6  -28.3               
   69   69 A P        +     0   0  134      0, 0.0     2,-0.3     0, 0.0     3,-0.1  -0.842  51.4 115.6 -99.7  89.7  -48.5    9.5  -24.6               
   70   70 A A        +     0   0   79     -2,-0.8     0, 0.0     1,-0.1     0, 0.0  -0.850  44.9  33.0-158.8 137.6  -47.9    6.0  -23.1               
   71   71 A T        -     0   0  116     -2,-0.3     2,-1.5     1,-0.1    -1,-0.1   0.928  38.9-160.8  88.3  78.1  -45.3    4.1  -21.0               
   72   72 A A        -     0   0  107     -3,-0.1     2,-1.0     2,-0.0    -1,-0.1  -0.674  23.9-158.5 -58.4  88.7  -43.2    5.7  -18.4               
   73   73 A V        -     0   0  116     -2,-1.5     2,-0.3     1,-0.1    -1,-0.0  -0.819  26.0-112.1 -77.7 104.6  -40.6    2.9  -18.4               
   74   74 A S        -     0   0  111     -2,-1.0     2,-0.9     1,-0.1    -1,-0.1  -0.217  24.3-150.9 -22.9  91.5  -38.9    3.2  -15.1               
   75   75 A G        -     0   0   67     -2,-0.3    -1,-0.1     3,-0.0    -3,-0.0  -0.778  20.9-131.3 -70.4 105.8  -35.3    4.2  -15.8               
   76   76 A T        -     0   0  128     -2,-0.9     2,-0.4     1,-0.1    -1,-0.0  -0.540  24.2-121.2 -51.8 116.3  -33.5    2.6  -12.9               
   77   77 A P        -     0   0  110      0, 0.0    -1,-0.1     0, 0.0    -3,-0.0  -0.583  28.8-114.7 -63.4 120.3  -31.4    5.6  -11.6               
   78   78 A A        -     0   0   84     -2,-0.4     3,-0.1     1,-0.1    -3,-0.0  -0.395  45.0 -93.5 -47.7 131.9  -27.8    4.3  -11.7               
   79   79 A P        -     0   0  112      0, 0.0    -1,-0.1     0, 0.0     2,-0.1  -0.370  42.6-112.4 -56.2 126.2  -26.7    4.1   -8.1               
   80   80 A P        -     0   0  112      0, 0.0     2,-0.5     0, 0.0     3,-0.0  -0.456  43.7 -95.7 -55.2 129.3  -25.0    7.5   -7.2               
   81   81 A A        -     0   0   98      1,-0.1     2,-0.2    -2,-0.1     3,-0.1  -0.442  50.1-113.8 -49.9 102.8  -21.4    6.5   -6.7               
   82   82 A R        -     0   0  212     -2,-0.5    -1,-0.1     1,-0.1     2,-0.1  -0.326  29.2-128.3 -54.3 108.1  -21.7    6.2   -2.9               
   83   83 A S    >   -     0   0   74     -2,-0.2     3,-1.7     1,-0.2     4,-0.2  -0.435  13.2-125.2 -56.8 131.5  -19.5    9.1   -1.7               
   84   84 A Q  G >  S+     0   0   73      1,-0.3     3,-0.6     2,-0.1    -1,-0.2   0.523 101.3  82.5 -58.6  -4.6  -17.1    7.6    0.9               
   85   85 A A  G 3  S+     0   0   80      1,-0.2    -1,-0.3     3,-0.0    -3,-0.0   0.690  80.5  58.0 -73.0 -23.4  -18.5   10.4    3.2               
   86   86 A D  G <  S+     0   0  138     -3,-1.7    -1,-0.2     2,-0.1    -2,-0.1   0.381  79.6 103.7 -96.2   1.3  -21.7    8.6    4.3               
   87   87 A K  S <  S-     0   0   52     -3,-0.6     2,-0.1    -4,-0.2    64,-0.1  -0.692  83.6-101.9 -83.8 138.9  -20.1    5.5    5.9               
   88   88 A P        -     0   0   74      0, 0.0    62,-2.5     0, 0.0     2,-0.6  -0.370  32.7-134.1 -64.1 128.3  -19.9    5.4    9.8               
   89   89 A V  E     -A  149   0A  84     60,-0.2    60,-0.3     1,-0.2     3,-0.1  -0.787  21.3-175.6 -86.5 117.1  -16.4    6.3   11.0               
   90   90 A L  E    S+     0   0A 105     58,-2.0     2,-0.3    -2,-0.6    59,-0.2   0.813  71.2   1.9 -81.3 -37.0  -15.2    3.9   13.7               
   91   91 A A  E     -A  148   0A  25     57,-1.8    57,-2.5     3,-0.0     2,-0.4  -0.985  65.3-139.4-153.8 147.4  -11.9    5.7   14.4               
   92   92 A I  E    S-     0   0A 121     -2,-0.3    55,-0.2    55,-0.2    57,-0.0  -0.888  77.0  -5.7-111.6 137.5  -10.1    8.9   13.3               
   93   93 A Q  E    S+     0   0A 146     -2,-0.4     2,-0.3     1,-0.2    54,-0.2   0.841  79.1 173.4  51.2  50.7   -6.3    9.2   12.6               
   94   94 A V  E     -A  146   0A  21     52,-2.7    52,-1.9    -3,-0.2     2,-0.4  -0.656  27.6-128.6 -86.5 141.6   -5.1    5.8   13.8               
   95   95 A L  E     +A  145   0A  78     -2,-0.3    18,-1.8    50,-0.2    19,-0.5  -0.704  37.6 159.0 -85.2 137.2   -1.6    4.6   13.3               
   96   96 A G  E     -AB 144 112A   0     48,-2.3    48,-2.7    -2,-0.4     2,-0.4  -0.979  38.1-116.0-153.6 165.8   -0.9    1.2   11.7               
   97   97 A T  E     -AB 143 111A  51     14,-2.4    14,-3.1    -2,-0.3     2,-0.7  -0.879  33.6-118.4-106.1 129.1    1.7   -0.9    9.9               
   98   98 A V  E     - B   0 110A   3     44,-2.3    43,-3.0    -2,-0.4    12,-0.3  -0.572  22.6-167.9 -71.9 114.3    1.0   -2.0    6.2               
   99   99 A K  E     -     0   0A 115     10,-1.6     2,-0.3    -2,-0.7    -1,-0.2   0.942  67.6 -34.0 -66.7 -49.3    1.0   -5.8    6.2               
  100  100 A W  E     - B   0 109A  96      9,-1.3     9,-2.0    40,-0.1     2,-0.4  -0.941  51.1-151.3-166.7 156.1    1.1   -5.9    2.4               
  101  101 A F  E     - B   0 108A   8     -2,-0.3     2,-1.0     7,-0.2     7,-0.3  -0.954   9.9-149.4-136.4 120.5   -0.0   -4.0   -0.7               
  102  102 A N  E  >> - B   0 107A  59      5,-2.7     4,-2.4    -2,-0.4     5,-1.0  -0.714   8.6-169.4 -89.2 104.0   -0.7   -5.5   -4.1               
  103  103 A V  T  45S+     0   0   24     -2,-1.0    -1,-0.2     1,-0.2    33,-0.1   0.756  84.1  55.8 -62.5 -29.7    0.1   -2.8   -6.7               
  104  104 A R  T  45S+     0   0  232      1,-0.2    -1,-0.2     3,-0.1    -2,-0.1   0.895 118.5  31.0 -72.4 -41.8   -1.5   -4.8   -9.6               
  105  105 A N  T  45S-     0   0   75     -3,-0.3    -2,-0.2     2,-0.2    -1,-0.2   0.664 103.5-128.7 -89.8 -21.0   -4.9   -5.2   -7.9               
  106  106 A G  T  <5S+     0   0    0     -4,-2.4    17,-2.8     1,-0.3     2,-0.3   0.726  70.5  99.2  78.4  25.1   -4.7   -1.8   -6.0               
  107  107 A Y  E   < +BC 102 122A  82     -5,-1.0    -5,-2.7    15,-0.2    -1,-0.3  -0.950  35.8 150.9-139.1 161.9   -5.5   -3.2   -2.5               
  108  108 A G  E     -BC 101 121A   0     13,-2.5    13,-2.6    -2,-0.3     2,-0.3  -0.880  35.7 -99.7-161.5-170.1   -3.8   -4.3    0.7               
  109  109 A F  E     -BC 100 120A  60     -9,-2.0   -10,-1.6    -2,-0.2    -9,-1.3  -0.987  18.2-158.0-132.2 144.1   -4.2   -4.6    4.5               
  110  110 A I  E     -BC  98 119A   0      9,-2.5     9,-3.2    -2,-0.3     2,-0.5  -0.981  16.1-138.6-117.3 128.2   -3.0   -2.4    7.4               
  111  111 A N  E     -BC  97 118A  40    -14,-3.1   -14,-2.4    -2,-0.4     2,-0.5  -0.798  21.7-130.1 -86.2 122.8   -2.5   -3.9   10.9               
  112  112 A R  E  >  -B   96   0A  28      5,-2.6     4,-2.1    -2,-0.5   -16,-0.3  -0.646   7.9-148.4 -74.2 123.6   -3.8   -1.3   13.5               
  113  113 A N  T  4 S+     0   0   82    -18,-1.8    -1,-0.1    -2,-0.5   -17,-0.1   0.768  93.2  51.3 -67.3 -24.1   -1.2   -0.9   16.2               
  114  114 A D  T  4 S+     0   0  130    -19,-0.5    -1,-0.2     1,-0.1   -18,-0.1   0.981 128.8  12.4 -74.3 -60.7   -3.9   -0.3   18.8               
  115  115 A T  T  4 S-     0   0   63      2,-0.1    -2,-0.2     1,-0.0    -1,-0.1   0.492  91.3-128.3-101.3  -5.9   -6.3   -3.2   18.4               
  116  116 A K     <  +     0   0  166     -4,-2.1     2,-0.2     1,-0.2    -3,-0.1   0.592  58.6 148.0  60.3  16.4   -4.1   -5.5   16.1               
  117  117 A E        -     0   0   93     -5,-0.2    -5,-2.6    -6,-0.1     2,-0.6  -0.503  52.8-118.2 -76.4 144.6   -7.0   -5.7   13.7               
  118  118 A D  E     -C  111   0A  67     -7,-0.2     2,-0.4    -2,-0.2    -7,-0.2  -0.767  30.2-161.0 -86.0 118.0   -6.5   -6.1    9.9               
  119  119 A V  E     -C  110   0A   0     -9,-3.2    -9,-2.5    -2,-0.6     2,-0.3  -0.846  17.8-121.8-103.6 131.5   -8.0   -3.1    8.1               
  120  120 A F  E     -Cd 109 156A  39     35,-2.6    37,-3.3    -2,-0.4     2,-0.4  -0.540  27.9-165.0 -71.8 131.4   -8.7   -3.3    4.4               
  121  121 A V  E     -C  108   0A   0    -13,-2.6   -13,-2.5    -2,-0.3     2,-0.3  -0.972   4.9-168.6-121.6 130.3   -7.0   -0.6    2.2               
  122  122 A H  E >>  -C  107   0A  55     35,-0.5     3,-1.5    -2,-0.4     4,-0.6  -0.831  34.8-116.4-109.3 152.2   -7.9    0.3   -1.4               
  123  123 A Q  T 34 S+     0   0   72    -17,-2.8     3,-0.4    -2,-0.3   -16,-0.1   0.733 115.4  60.3 -58.4 -24.3   -5.8    2.6   -3.8               
  124  124 A T  T 34 S+     0   0   78    -18,-0.2    -1,-0.3     1,-0.2    35,-0.1   0.776  94.9  62.2 -74.8 -25.8   -8.7    5.1   -3.8               
  125  125 A A  T <4 S+     0   0    1     -3,-1.5    35,-1.4    32,-0.1     2,-1.2   0.662  79.4  97.9 -72.0 -17.7   -8.4    5.6   -0.0               
  126  126 A I  B  <  +f  160   0B   0     -4,-0.6     3,-0.2    -3,-0.4    35,-0.1  -0.605  46.6 171.8 -76.9  97.5   -4.8    6.9   -0.5               
  127  127 A K        +     0   0  130     -2,-1.2     2,-1.0    33,-0.6    -1,-0.2   0.972  69.2  46.3 -68.9 -54.8   -5.3   10.8   -0.4               
  128  128 A R  S    S-     0   0  142     32,-0.9    40,-1.9    38,-0.1    -1,-0.2  -0.708  76.7-177.6-100.4  87.0   -1.6   11.8   -0.4               
  129  129 A N        -     0   0   37     -2,-1.0     7,-0.1    -3,-0.2    40,-0.1  -0.510  39.1 -93.0 -78.2 152.8    0.3    9.8   -3.0               
  130  130 A N    >   -     0   0   30      7,-0.3     3,-2.0     5,-0.2    -1,-0.1  -0.468  28.2-144.2 -60.9 120.7    4.1   10.1   -3.6               
  131  131 A P  T 3  S+     0   0   96      0, 0.0    -1,-0.2     0, 0.0    -2,-0.0   0.707 100.4  58.9 -63.0 -18.0    4.5   12.7   -6.4               
  132  132 A R  T 3  S+     0   0  196     44,-0.1    45,-2.6    47,-0.0     2,-0.3   0.597  95.9  75.1 -83.5 -14.6    7.5   10.5   -7.7               
  133  133 A K  B <   -G  176   0C  27     -3,-2.0    43,-0.2    43,-0.3    37,-0.0  -0.768  66.1-152.1-101.6 143.7    5.2    7.4   -8.2               
  134  134 A F  S    S+     0   0  152     41,-2.5     2,-0.3    -2,-0.3    42,-0.1   0.845  81.6  52.9 -78.2 -35.5    2.8    7.0  -11.1               
  135  135 A L  S    S-     0   0   60     40,-0.5     2,-0.6     1,-0.0    -5,-0.2  -0.757  88.9-112.8-102.7 147.9    0.4    4.7   -9.2               
  136  136 A R        +     0   0  117     -2,-0.3     2,-0.3    -7,-0.1   -13,-0.1  -0.697  60.7 142.0 -73.0 114.3   -1.3    5.2   -5.7               
  137  137 A S        -     0   0    0     -2,-0.6    -7,-0.3    31,-0.1     2,-0.3  -0.977  42.5-134.4-152.7 159.0    0.4    2.5   -3.6               
  138  138 A V        -     0   0    0     -2,-0.3     2,-0.3    32,-0.3    33,-0.2  -0.785  28.8-110.3-112.4 150.9    1.7    2.0   -0.0               
  139  139 A G    >   -     0   0    9     -2,-0.3     3,-1.7    31,-0.2   -41,-0.2  -0.676  34.9-109.7 -74.6 138.9    5.1    0.4    1.0               
  140  140 A D  T 3  S+     0   0   72     -2,-0.3   -41,-0.2     1,-0.3   -40,-0.1  -0.521 108.0  16.1 -63.9 133.8    5.0   -3.0    2.7               
  141  141 A G  T 3  S+     0   0   59    -43,-3.0     2,-0.3     1,-0.3    -1,-0.3   0.538  94.3 143.1  72.4   8.3    5.9   -2.5    6.4               
  142  142 A E    <   -     0   0   29     -3,-1.7   -44,-2.3   -44,-0.2     2,-0.4  -0.648  52.4-127.3 -76.7 134.0    5.3    1.3    6.1               
  143  143 A T  E     +A   97   0A  61     -2,-0.3     2,-0.3   -46,-0.2   -46,-0.2  -0.721  38.5 179.1 -77.6 128.8    3.7    3.1    9.2               
  144  144 A V  E     -A   96   0A   0    -48,-2.7   -48,-2.3    -2,-0.4     2,-0.4  -0.938  29.0-132.7-134.0 152.7    0.6    5.1    8.0               
  145  145 A E  E     +AE  95 161A  41     16,-2.5    16,-2.9    -2,-0.3     2,-0.3  -0.885  39.8 155.1-101.4 133.7   -2.1    7.3    9.5               
  146  146 A F  E     -A   94   0A   1    -52,-1.9   -52,-2.7    -2,-0.4     2,-0.4  -0.992  42.3-115.0-155.5 158.8   -5.7    6.5    8.4               
  147  147 A D  E     - E   0 158A  22     11,-2.6    11,-3.2    -2,-0.3     2,-0.5  -0.824  30.4-134.0 -95.9 135.5   -9.4    6.8    9.4               
  148  148 A V  E     +AE  91 157A   1    -57,-2.5   -58,-2.0    -2,-0.4   -57,-1.8  -0.828  30.3 176.3 -93.8 125.6  -11.3    3.5   10.1               
  149  149 A V  E     -AE  89 156A   3      7,-2.9     7,-3.3    -2,-0.5     2,-0.7  -0.925  38.4-104.0-127.9 146.9  -14.7    3.3    8.4               
  150  150 A E  E     - E   0 155A 113    -62,-2.5     5,-0.2    -2,-0.3     2,-0.2  -0.646  50.2-179.9 -73.6 112.7  -17.3    0.5    8.2               
  151  151 A G  E >   - E   0 154A  15      3,-2.3     3,-1.6    -2,-0.7    -1,-0.0  -0.559  45.6 -91.7-105.1 177.8  -17.0   -0.9    4.6               
  152  152 A E  T 3  S+     0   0  171      1,-0.3     3,-0.1    -2,-0.2    -2,-0.0   0.695 128.3  40.9 -62.6 -21.7  -18.7   -3.7    2.6               
  153  153 A K  T 3  S-     0   0  178      1,-0.5    -1,-0.3   -33,-0.0     2,-0.3  -0.009 126.4 -91.8-114.2  22.2  -16.0   -6.2    3.8               
  154  154 A G  E <  S+ E   0 151A  38     -3,-1.6    -3,-2.3   -35,-0.0    -1,-0.5  -0.700  96.3  21.6  92.9-150.7  -15.8   -5.0    7.4               
  155  155 A A  E     - E   0 150A  29     -2,-0.3   -35,-2.6    -5,-0.2     2,-0.4  -0.310  68.9-172.8 -60.2 119.0  -13.2   -2.3    8.5               
  156  156 A E  E     -dE 120 149A  21     -7,-3.3    -7,-2.9   -37,-0.2     2,-0.4  -0.928  20.0-128.7-113.8 132.8  -12.0   -0.1    5.6               
  157  157 A A  E     - E   0 148A   0    -37,-3.3   -35,-0.5    -2,-0.4     2,-0.3  -0.684  28.0-177.7 -79.8 132.2   -9.3    2.5    5.8               
  158  158 A T  E     + E   0 147A   9    -11,-3.2   -11,-2.6    -2,-0.4   -33,-0.1  -0.810  60.6  22.6-119.5 161.1  -10.0    6.0    4.5               
  159  159 A N  E    S-     0   0A  45     -2,-0.3   -33,-0.2   -13,-0.2     2,-0.2   0.744  76.9-166.8  58.1  34.4   -7.8    9.1    4.2               
  160  160 A V  E     +f  126   0A   0    -35,-1.4   -32,-0.9    -3,-0.1   -33,-0.6  -0.300  19.0 154.8 -62.9 121.6   -4.5    7.0    4.2               
  161  161 A T  E     - E   0 145A  20    -16,-2.9   -16,-2.5    -2,-0.2     5,-0.1  -0.841  44.2 -98.7-131.8 165.3   -1.4    9.3    4.8               
  162  162 A G    >   -     0   0    0      4,-3.0     3,-1.4    -2,-0.3   -18,-0.2  -0.358  68.3 -58.6 -72.0 174.1    2.1    8.9    6.1               
  163  163 A P  G >  S+     0   0   65      0, 0.0     3,-1.1     0, 0.0    -1,-0.2  -0.272 130.4  14.3 -59.8 135.6    2.9    9.8    9.8               
  164  164 A G  G 3  S-     0   0   68      1,-0.2    -2,-0.1    -3,-0.1   -20,-0.0   0.771 134.6 -69.2  65.9  24.5    2.1   13.6   10.4               
  165  165 A G  G <  S+     0   0   11     -3,-1.4    -1,-0.2     1,-0.2     3,-0.1   0.599  89.3 155.9  70.6  11.8    0.1   13.6    7.1               
  166  166 A V    <   -     0   0   75     -3,-1.1    -4,-3.0    -4,-0.2    -1,-0.2  -0.272  55.0 -89.4 -62.3 153.8    3.3   13.2    5.0               
  167  167 A P        -     0   0   72      0, 0.0   -38,-0.2     0, 0.0    -1,-0.1  -0.481  53.1-100.3 -60.3 137.9    2.9   11.7    1.4               
  168  168 A V        -     0   0    0    -40,-1.9   -38,-0.1    -8,-0.2   -31,-0.1  -0.205  18.9-131.5 -58.7 146.5    3.2    7.9    1.5               
  169  169 A K        -     0   0  158    -40,-0.1    -1,-0.1    -3,-0.1   -31,-0.1   0.907  47.7-150.0 -63.5 -40.9    6.6    6.4    0.4               
  170  170 A G        -     0   0    7    -31,-0.1   -32,-0.3   -37,-0.0   -31,-0.2   0.180  23.9 -44.8  80.9 161.7    4.7    4.0   -1.8               
  171  171 A S        -     0   0    0    -33,-0.2     3,-0.5   -32,-0.1   -32,-0.2  -0.123  36.4-133.1 -62.5 148.9    5.5    0.4   -3.0               
  172  172 A R  S    S+     0   0  222      1,-0.2    -1,-0.1   -34,-0.1   -33,-0.1   0.813 109.7  55.9 -63.7 -28.4    8.9   -0.7   -4.4               
  173  173 A Y  S    S+     0   0  172      2,-0.1    -1,-0.2     0, 0.0    -2,-0.1   0.658  83.5  99.6 -83.5 -18.8    6.9   -2.4   -7.2               
  174  174 A A  S    S-     0   0    4     -3,-0.5     2,-0.1     1,-0.1   -37,-0.1  -0.519  81.5-113.2 -70.3 132.8    5.1    0.9   -8.4               
  175  175 A P        -     0   0   71      0, 0.0   -41,-2.5     0, 0.0   -40,-0.5  -0.386  29.0-118.5 -66.4 134.9    6.8    2.5  -11.4               
  176  176 A N  B     -G  133   0C 104    -43,-0.2     2,-0.7    -2,-0.1   -43,-0.3  -0.513  29.5-106.5 -67.8 138.4    8.4    5.9  -10.8               
  177  177 A R        -     0   0  176    -45,-2.6     2,-0.7    -2,-0.2    -1,-0.1  -0.562  39.6-126.9 -60.4 104.9    7.0    8.9  -12.7               
  178  178 A R        -     0   0  210     -2,-0.7     2,-0.5     1,-0.1     3,-0.2  -0.569  17.4-127.1 -58.9 107.7    9.9    9.3  -15.2               
  179  179 A K        -     0   0  195     -2,-0.7     3,-0.3     1,-0.2    -1,-0.1  -0.612  68.3 -59.1 -55.3 104.9   10.7   13.0  -14.8               
  180  180 A S  S    S-     0   0  100     -2,-0.5     3,-0.2     1,-0.2    -1,-0.2   0.369  79.8 -80.1   7.2  99.9   10.4   13.7  -18.5               
  181  181 A R        -     0   0  217     -3,-0.2    -1,-0.2     1,-0.2    -3,-0.0   0.100  55.9-105.2 -12.4 103.2   13.0   11.4  -20.3               
  182  182 A R        -     0   0  233     -3,-0.3     2,-1.1     1,-0.1    -1,-0.2  -0.347  34.9-123.7 -42.1 110.9   16.3   13.4  -19.8               
  183  183 A F        -     0   0  177     -3,-0.2    -1,-0.1     3,-0.0    -2,-0.0  -0.705  20.7-143.5 -61.6  97.1   16.6   14.7  -23.3               
  184  184 A I        -     0   0  145     -2,-1.1     2,-0.1     1,-0.0    -3,-0.0  -0.778  27.4-121.4 -61.2 108.2   20.0   13.2  -23.8               
  185  185 A P        -     0   0   99      0, 0.0    -1,-0.0     0, 0.0    -3,-0.0  -0.473  23.2-121.2 -56.1 124.1   21.1   16.2  -25.9               
  186  186 A R        -     0   0  225     -2,-0.1     3,-0.1     1,-0.1    -3,-0.0  -0.616  36.5-102.1 -59.0 133.2   22.1   14.7  -29.3               
  187  187 A P        -     0   0  111      0, 0.0    -1,-0.1     0, 0.0     3,-0.0  -0.350  49.4 -93.4 -52.3 138.9   25.7   15.7  -29.7               
  188  188 A P        -     0   0  115      0, 0.0     2,-0.8     0, 0.0     0, 0.0  -0.350  45.1-101.7 -53.5 136.5   25.8   18.6  -32.2               
  189  189 A S        -     0   0  119     -3,-0.1     2,-0.5     1,-0.0    -3,-0.0  -0.593  33.9-137.9 -59.1 104.4   26.3   17.3  -35.8               
  190  190 A V        -     0   0  131     -2,-0.8    -1,-0.0    -3,-0.0     0, 0.0  -0.637  23.5-128.4 -59.4 112.5   30.0   18.1  -36.3               
  191  191 A A        -     0   0   74     -2,-0.5    -1,-0.0     1,-0.1     0, 0.0  -0.549  26.4-105.9 -58.7 135.6   29.8   19.4  -39.9               
  192  192 A P        -     0   0  111      0, 0.0    -1,-0.1     0, 0.0     3,-0.1  -0.453  48.2 -94.5 -56.1 141.2   32.3   17.5  -42.1               
  193  193 A P        -     0   0  111      0, 0.0     2,-0.3     0, 0.0    -3,-0.0  -0.344  47.8 -97.3 -54.9 140.8   35.2   20.0  -42.7               
  194  194 A P        -     0   0  112      0, 0.0     2,-1.2     0, 0.0    -3,-0.0  -0.517  34.5-123.2 -57.7 121.1   34.7   21.8  -46.0               
  195  195 A M        -     0   0  191     -2,-0.3     2,-1.1    -3,-0.1     0, 0.0  -0.667  25.0-147.2 -60.5  97.7   36.7   20.0  -48.7               
  196  196 A V        -     0   0  127     -2,-1.2     2,-0.6     2,-0.0    -1,-0.0  -0.741  12.0-140.4 -66.5 100.3   38.8   22.9  -49.7               
  197  197 A A        -     0   0   83     -2,-1.1     2,-0.5     1,-0.1    -2,-0.0  -0.681  23.5-116.0 -60.3 115.4   39.3   22.0  -53.4               
  198  198 A E        -     0   0  193     -2,-0.6    -1,-0.1     2,-0.0    -3,-0.0  -0.515  33.0-172.5 -54.7 109.0   42.9   23.0  -54.1               
  199  199 A I        -     0   0  148     -2,-0.5     2,-0.9     2,-0.1    -1,-0.0  -0.967   9.2-158.7 -98.2 108.3   42.8   25.8  -56.6               
  200  200 A P        +     0   0  124      0, 0.0     2,-0.2     0, 0.0    -2,-0.0  -0.821  31.7 146.2 -82.7 107.4   46.4   26.3  -57.6               
  201  201 A S        -     0   0  102     -2,-0.9    -2,-0.1     2,-0.0     0, 0.0  -0.607  36.4-134.5-153.1 102.1   46.6   29.8  -59.0               
  202  202 A A        +     0   0  101     -2,-0.2     0, 0.0     1,-0.0     0, 0.0   0.315  36.7 122.3   6.0 133.5   49.5   32.2  -58.7               
  203  203 A G        -     0   0   67      0, 0.0    -1,-0.0     0, 0.0    -2,-0.0   0.714  35.7 -88.5 133.1  94.1   49.7   35.8  -57.9               
  204  204 A T        +     0   0  150      2,-0.0     0, 0.0     0, 0.0     0, 0.0   0.913  42.2  33.5  69.4 110.0   51.0   38.5  -55.7               
  205  205 A G        -     0   0   69      1,-0.1     2,-0.3     0, 0.0     0, 0.0   0.913  29.1-138.6 106.3 114.7   51.2   40.7  -52.9               
  206  206 A P        +     0   0  136      0, 0.0    -1,-0.1     0, 0.0     2,-0.0  -0.706  35.9 158.7 -91.9 141.6   50.5   41.6  -49.2               
  207  207 A G        -     0   0   67     -2,-0.3     0, 0.0     1,-0.1     0, 0.0  -0.248  19.1 -45.1 177.5 102.6   49.2   45.1  -48.2               
  208  208 A S        -     0   0  114     -2,-0.0    -1,-0.1     0, 0.0     0, 0.0   0.957  32.4 -61.9  85.0 120.7   47.5   47.1  -45.6               
  209  209 A K        +     0   0  213      0, 0.0    -2,-0.0     0, 0.0     0, 0.0   0.913  23.3 142.4  58.9 139.7   45.2   48.3  -43.0               
  210  210 A G        -     0   0   61      0, 0.0     0, 0.0     0, 0.0     0, 0.0   0.693  22.8-137.4 116.3  90.2   41.8   49.5  -41.8               
  211  211 A E        +     0   0  189      1,-0.0     0, 0.0     0, 0.0     0, 0.0   0.655  24.4   5.9  81.3 112.4   39.6   49.4  -39.1               
  212  212 A R        +     0   0  240      1,-0.0     2,-0.1     0, 0.0    -1,-0.0   0.821  19.0 146.3  60.5 110.4   36.4   49.2  -37.3               
  213  213 A A        -     0   0   96      2,-0.0     2,-0.6     0, 0.0    -1,-0.0  -0.326  11.0-178.6-166.4 111.9   32.8   48.5  -37.0               
  214  214 A E        +     0   0  203     -2,-0.1     2,-0.4     2,-0.0     0, 0.0  -0.828  19.2 176.2 -73.3 121.7   31.1   46.9  -34.0               
  215  215 A D        -     0   0  146     -2,-0.6    -2,-0.0     2,-0.0     2,-0.0  -0.953  27.3-121.6-138.9 129.6   27.4   46.7  -34.9               
  216  216 A S        +     0   0  107     -2,-0.4     2,-0.0     1,-0.0    -2,-0.0  -0.188  30.0 171.3 -50.1 133.6   24.7   45.1  -32.8               
  217  217 A G        -     0   0   64      2,-0.0     2,-0.4    -2,-0.0    -1,-0.0  -0.447  19.8-154.6-157.6  75.0   22.6   42.2  -34.1               
  218  218 A Q        -     0   0  200      1,-0.1    -2,-0.0    -2,-0.0     0, 0.0  -0.331  22.2-136.7 -45.6 105.1   20.3   40.4  -31.6               
  219  219 A R        -     0   0  232     -2,-0.4     2,-0.2     1,-0.1    -1,-0.1  -0.616  21.2-117.2 -71.5 125.6   20.0   36.9  -33.1               
  220  220 A P        -     0   0  105      0, 0.0     2,-1.1     0, 0.0    -1,-0.1  -0.417  23.5-116.0 -68.3 130.2   16.3   35.8  -32.8               
  221  221 A R        -     0   0  245     -2,-0.2     2,-0.5     1,-0.1    -2,-0.0  -0.546  34.6-136.8 -61.8  95.3   15.8   32.7  -30.6               
  222  222 A R        -     0   0  228     -2,-1.1     2,-0.5     1,-0.1    -1,-0.1  -0.522  11.2-136.3 -64.2 113.6   14.5   30.4  -33.4               
  223  223 A W        -     0   0  243     -2,-0.5    -1,-0.1     1,-0.0    -2,-0.0  -0.624  15.1-152.0 -68.0 112.6   11.5   28.4  -32.0               
  224  224 A C        -     0   0  114     -2,-0.5    -1,-0.0     3,-0.0    -2,-0.0  -0.870  17.9-125.9 -90.2 123.2   11.9   24.8  -33.0               
  225  225 A P        -     0   0  104      0, 0.0    -1,-0.0     0, 0.0     0, 0.0  -0.319  35.5 -89.8 -68.8 148.6    8.5   23.0  -33.3               
  226  226 A P        -     0   0   86      0, 0.0     2,-1.8     0, 0.0     3,-0.1  -0.265  46.6-103.7 -61.8 143.5    8.0   19.8  -31.2               
  227  227 A P  S    S+     0   0  124      0, 0.0    -3,-0.0     0, 0.0     0, 0.0  -0.454  83.8 107.1 -82.0  84.2    8.9   16.6  -33.1               
  228  228 A F        +     0   0  136     -2,-1.8     3,-0.0     3,-0.0     0, 0.0   0.053  61.0  69.7-140.3  36.5    5.7   15.0  -34.2               
  229  229 A F        +     0   0  166     -3,-0.1     2,-1.8     1,-0.1     0, 0.0   0.395  51.2 113.3-138.7  15.2    5.4   15.6  -38.0               
  230  230 A Y        +     0   0  237      2,-0.0     2,-0.7     3,-0.0    -1,-0.1  -0.501  38.7 176.6 -83.1  75.7    8.0   13.5  -40.0               
  231  231 A R        -     0   0  228     -2,-1.8     2,-0.3     1,-0.1    -3,-0.0  -0.755  40.8-111.2 -62.9 114.0    5.6   11.2  -41.8               
  232  232 A R        -     0   0  207     -2,-0.7     2,-0.8     1,-0.1    -1,-0.1  -0.407  24.0-153.1 -45.1 112.7    8.0    9.2  -43.9               
  233  233 A R        -     0   0  234     -2,-0.3     2,-0.9     2,-0.0    -1,-0.1  -0.907  14.1-145.2 -81.5 109.7    7.6   10.0  -47.6               
  234  234 A F        -     0   0  180     -2,-0.8     2,-0.6     2,-0.0    -2,-0.0  -0.795  18.0-168.9 -69.0 104.8    8.7    6.8  -49.2               
  235  235 A V        -     0   0  127     -2,-0.9     2,-0.2     0, 0.0    -2,-0.0  -0.946  22.2-126.8 -96.9 117.8   10.4    8.1  -52.4               
  236  236 A R        -     0   0  242     -2,-0.6    -2,-0.0     1,-0.1     0, 0.0  -0.521  24.3-128.1 -55.2 123.9   11.2    5.2  -54.7               
  237  237 A G        -     0   0   65     -2,-0.2     2,-0.1     1,-0.1    -1,-0.1  -0.462  33.7 -92.3 -72.0 154.2   14.9    5.3  -55.7               
  238  238 A P        -     0   0  136      0, 0.0    -1,-0.1     0, 0.0     0, 0.0  -0.391  32.0-125.6 -72.9 144.7   15.8    5.2  -59.5               
  239  239 A R        -     0   0  241     -2,-0.1     0, 0.0     1,-0.0     0, 0.0  -0.663  25.2-119.0 -75.9 143.0   16.5    1.9  -61.4               
  240  240 A P        -     0   0  118      0, 0.0     2,-0.2     0, 0.0    -1,-0.0  -0.657  29.9-121.4 -78.0 138.1   19.8    1.7  -63.4               
  241  241 A P        -     0   0  131      0, 0.0     2,-0.2     0, 0.0     0, 0.0  -0.601  26.4-143.4 -82.0 144.6   19.3    1.1  -67.2               
  242  242 A N        +     0   0  148     -2,-0.2     0, 0.0     1,-0.0     0, 0.0  -0.504  33.7  93.8 -92.3 167.1   20.8   -1.9  -69.0               
  243  243 A Q        +     0   0  138     -2,-0.2    -1,-0.0     0, 0.0     0, 0.0   0.877  38.7   6.6  98.5 111.2   22.4   -2.7  -72.4               
  244  244 A Q        +     0   0  163      1,-0.0     0, 0.0     0, 0.0     0, 0.0   0.939  15.5 178.1 106.0 116.0   25.2   -3.2  -74.7               
  245  245 A Q        -     0   0  178      0, 0.0     2,-0.2     0, 0.0    -1,-0.0  -0.461  12.7-160.8 -79.1 161.7   28.8   -3.4  -75.9               
  246  246 A P        -     0   0  103      0, 0.0     0, 0.0     0, 0.0     0, 0.0  -0.531  16.5-111.2-145.6 145.0   30.6   -4.1  -78.9               
  247  247 A I        +     0   0  136     -2,-0.2     0, 0.0     0, 0.0     0, 0.0   0.669  29.3 112.8  63.9 125.4   33.9   -5.1  -80.0               
  248  248 A E        +     0   0  183      0, 0.0     0, 0.0     0, 0.0     0, 0.0   0.794  23.6   9.1-173.1 147.6   37.0   -5.1  -81.4               
  249  249 A G        -     0   0   67      0, 0.0     0, 0.0     0, 0.0     0, 0.0   0.776  27.0 -13.8  78.9 145.0   40.8   -5.2  -81.5               
  250  250 A T        -     0   0  115      0, 0.0     0, 0.0     0, 0.0     0, 0.0   0.731  26.4 -17.8-174.5 140.0   44.0   -5.5  -81.1               
  251  251 A D        +     0   0  146      0, 0.0     0, 0.0     0, 0.0     0, 0.0   0.858  27.1  34.8  64.7 138.8   47.7   -5.8  -79.7               
  252  252 A R        +     0   0  223      0, 0.0     0, 0.0     0, 0.0     0, 0.0   0.862  36.6   2.4-179.4 159.9   50.2   -5.8  -77.7               
  253  253 A V        -     0   0  133      2,-0.0     0, 0.0     0, 0.0     0, 0.0   0.645  31.8-154.1 102.7 119.1   53.0   -5.8  -75.0               
  254  254 A E        -     0   0  167      1,-0.1     0, 0.0     0, 0.0     0, 0.0  -0.112  22.8 -55.0-114.3-170.4   53.2   -6.7  -71.3               
  255  255 A P        -     0   0   93      0, 0.0     2,-0.3     0, 0.0    -1,-0.1   0.468  11.2-140.4-109.3-177.4   55.1   -6.0  -68.2               
  256  256 A K        -     0   0  206      2,-0.0     2,-0.1     0, 0.0     0, 0.0  -0.854  23.5-157.4-149.3 128.8   58.1   -5.7  -65.8               
  257  257 A E        -     0   0  171     -2,-0.3     2,-0.1     0, 0.0     0, 0.0  -0.405  12.7-178.6 -77.4 151.5   58.3   -6.5  -62.1               
  258  258 A T        -     0   0  140     -2,-0.1    -2,-0.0     0, 0.0     0, 0.0  -0.390  29.4-127.4-168.5  95.3   60.5   -5.6  -59.1               
  259  259 A A        -     0   0   97      1,-0.1     2,-0.1    -2,-0.1     0, 0.0   0.893  18.4 -66.8  83.6 141.2   60.0   -7.0  -56.0               
  260  260 A P        -     0   0  124      0, 0.0     2,-0.4     0, 0.0    -1,-0.1  -0.425  24.1-157.2-100.1 156.6   59.4   -6.5  -52.2               
  261  261 A L        -     0   0  171     -2,-0.1     2,-0.0     0, 0.0     0, 0.0  -0.998  24.8-114.2-143.3 136.7   61.3   -5.2  -49.1               
  262  262 A E        -     0   0  176     -2,-0.4     0, 0.0     1,-0.1     0, 0.0  -0.136  39.6  -6.4 -67.3 145.7   60.8   -6.0  -45.4               
  263  263 A G        +     0   0   64      1,-0.1     2,-0.3    -2,-0.0    -1,-0.1   0.856  17.8 160.7  80.3  90.4   59.9   -4.9  -42.2               
  264  264 A H        -     0   0  199      2,-0.0     2,-0.3     0, 0.0    -1,-0.1  -0.846  28.4-165.5-133.5 107.4   59.0   -2.2  -39.8               
  265  265 A Q        +     0   0  181     -2,-0.3     2,-0.0     0, 0.0     0, 0.0  -0.633  21.6 142.1 -59.7 133.2   57.3   -3.5  -36.7               
  266  266 A Q        -     0   0  179     -2,-0.3    -2,-0.0     0, 0.0     0, 0.0  -0.149  41.8 -30.6 179.8 129.7   55.4   -1.3  -34.3               
  267  267 A Q        -     0   0  177      1,-0.1     2,-0.2    -2,-0.0     0, 0.0   0.996  41.3-123.4  73.5 103.5   52.4   -1.2  -32.1               
  268  268 A G        -     0   0   80      1,-0.1     2,-0.6     2,-0.0    -1,-0.1  -0.428  10.9-166.1 -61.8 126.2   48.9   -2.6  -32.1               
  269  269 A D        -     0   0  120     -2,-0.2     2,-2.2     2,-0.1    -1,-0.1  -0.853  13.1-163.7-109.6  79.8   45.9   -0.3  -31.9               
  270  270 A E        -     0   0  194     -2,-0.6     2,-1.3     1,-0.1    -2,-0.0  -0.492   8.4-169.4 -66.5  78.4   43.3   -2.9  -31.0               
  271  271 A R        -     0   0  205     -2,-2.2    -1,-0.1     3,-0.0    -2,-0.1  -0.638  15.1-142.7 -73.8  97.4   40.3   -0.7  -31.9               
  272  272 A V        -     0   0  128     -2,-1.3    -2,-0.0     1,-0.1    -1,-0.0  -0.434  27.3-114.6 -51.9 121.3   37.3   -2.7  -30.5               
  273  273 A P        -     0   0  105      0, 0.0     3,-0.1     0, 0.0    -1,-0.1  -0.426  33.1-103.6 -67.1 138.9   34.5   -2.1  -33.2               
  274  274 A P        -     0   0  110      0, 0.0     2,-0.2     0, 0.0     3,-0.1  -0.314  49.0 -88.6 -61.8 142.8   31.5   -0.1  -31.9               
  275  275 A P        -     0   0  128      0, 0.0     2,-0.2     0, 0.0    -3,-0.0  -0.331  46.1-113.3 -60.3 118.1   28.5   -2.3  -31.1               
  276  276 A R        -     0   0  239     -2,-0.2     2,-0.9     1,-0.1     0, 0.0  -0.326  29.9-119.8 -52.1 115.8   26.4   -2.6  -34.4               
  277  277 A F        -     0   0  196     -2,-0.2    -1,-0.1    -3,-0.1     0, 0.0  -0.468  26.6-152.3 -61.0  97.3   23.1   -0.8  -33.7               
  278  278 A R        -     0   0  219     -2,-0.9     2,-0.2     1,-0.1    -1,-0.1  -0.708  20.5-121.7 -72.7 118.1   20.5   -3.7  -34.1               
  279  279 A P        -     0   0  101      0, 0.0     2,-0.8     0, 0.0    -1,-0.1  -0.426  24.5-118.4 -56.8 124.1   17.2   -2.0  -35.2               
  280  280 A R        -     0   0  238     -2,-0.2     2,-0.6     1,-0.1    -3,-0.0  -0.637  31.8-121.1 -60.1 108.3   14.5   -2.9  -32.7               
  281  281 A Y        -     0   0  229     -2,-0.8     2,-0.7     1,-0.1    -1,-0.1  -0.442  23.4-139.6 -49.6 102.9   12.1   -4.8  -35.0               
  282  282 A R        -     0   0  227     -2,-0.6     3,-0.1     1,-0.0    -1,-0.1  -0.720  24.6-115.9 -63.7 115.3    9.0   -2.7  -34.5               
  283  283 A R        -     0   0  232     -2,-0.7     2,-0.1     1,-0.1    -1,-0.0  -0.413  39.6-102.7 -44.6 126.3    6.3   -5.3  -34.4               
  284  284 A P        -     0   0  115      0, 0.0     2,-0.5     0, 0.0    -1,-0.1  -0.421  37.7-108.7 -56.5 129.6    4.1   -4.6  -37.5               
  285  285 A F        -     0   0  195     -2,-0.1    -3,-0.0    -3,-0.1     3,-0.0  -0.556  29.5-145.6 -53.8 112.0    1.0   -2.8  -36.4               
  286  286 A R        -     0   0  229     -2,-0.5     2,-0.1    -3,-0.0    -1,-0.0  -0.836  22.1-123.3 -75.1 118.9   -1.8   -5.3  -36.9               
  287  287 A P        -     0   0  122      0, 0.0     3,-0.1     0, 0.0    -1,-0.0  -0.426  30.1-106.8 -56.2 137.7   -4.8   -3.2  -38.0               
  288  288 A R        -     0   0  238      1,-0.1     3,-0.1    -2,-0.1     2,-0.0  -0.516  42.1-100.5 -59.0 137.7   -7.7   -3.9  -35.6               
  289  289 A P        -     0   0  119      0, 0.0     2,-0.2     0, 0.0    -1,-0.1  -0.407  44.5-102.2 -56.5 136.9  -10.4   -6.0  -37.3               
  290  290 A R        -     0   0  242      1,-0.1     2,-0.4    -3,-0.1     0, 0.0  -0.520  33.5-123.0 -58.1 124.6  -13.3   -3.8  -38.5               
  291  291 A Q        -     0   0  192     -2,-0.2    -1,-0.1    -3,-0.1    -3,-0.0  -0.651  28.1-129.1 -64.8 123.1  -16.2   -4.1  -36.1               
  292  292 A Q        -     0   0  172     -2,-0.4     2,-0.6     1,-0.1    -1,-0.0  -0.604  24.8-107.0 -66.2 139.5  -19.1   -5.2  -38.3               
  293  293 A P        -     0   0  122      0, 0.0     2,-0.8     0, 0.0    -1,-0.1  -0.650  31.7-133.6 -63.2 114.8  -22.3   -3.1  -37.8               
  294  294 A T        -     0   0  132     -2,-0.6     2,-0.2     1,-0.0    -3,-0.0  -0.760  25.6-123.2 -67.8 107.8  -24.6   -5.4  -35.9               
  295  295 A T        -     0   0  134     -2,-0.8     2,-0.2     1,-0.1    -1,-0.0  -0.455  21.3-126.1 -50.4 117.1  -27.8   -5.0  -37.8               
  296  296 A E  S    S+     0   0  191     -2,-0.2    -1,-0.1     2,-0.0     0, 0.0  -0.525  72.1  82.9 -57.7 136.0  -30.5   -3.8  -35.4               
  297  297 A G        +     0   0   77     -2,-0.2    -2,-0.1     1,-0.1     0, 0.0   0.473  37.7 113.1 123.8  99.9  -33.6   -6.1  -35.7               
  298  298 A G        +     0   0   73      0, 0.0     2,-0.2     0, 0.0    -1,-0.1   0.080  25.7 176.9 171.6  61.7  -34.1   -9.4  -33.9               
  299  299 A D        +     0   0  174      2,-0.0     0, 0.0     1,-0.0     0, 0.0  -0.543  27.6 138.4 -60.2 133.6  -36.8   -9.6  -31.2               
  300  300 A G        -     0   0   76     -2,-0.2     2,-0.1     0, 0.0    -1,-0.0  -0.110  33.9-156.7 168.1  85.6  -36.9  -13.3  -30.1               
  301  301 A E        +     0   0  187      2,-0.0    -2,-0.0     1,-0.0     2,-0.0  -0.412  27.9 138.5 -52.3 134.5  -37.3  -14.7  -26.6               
  302  302 A T        +     0   0  138     -2,-0.1    -1,-0.0     0, 0.0     0, 0.0  -0.106  11.5 164.4-176.9 114.8  -36.1  -18.1  -25.5               
  303  303 A K        +     0   0  202     -2,-0.0     2,-0.2     0, 0.0    -2,-0.0  -0.781  17.8 150.7 -71.9 147.6  -34.4  -19.6  -22.5               
  304  304 A P        +     0   0  119      0, 0.0     0, 0.0     0, 0.0     0, 0.0  -0.557  18.8  31.4-154.8 178.3  -34.2  -22.9  -21.6               
  305  305 A S        -     0   0  114     -2,-0.2     2,-0.1     0, 0.0     0, 0.0   0.965  20.9-162.4  97.2 101.1  -32.4  -25.7  -19.9               
  306  306 A Q        +     0   0  192      0, 0.0     0, 0.0     0, 0.0     0, 0.0  -0.385  23.6 170.7 -57.7 156.5  -30.1  -26.8  -17.2               
  307  307 A G        -     0   0   69     -2,-0.1     2,-0.1     2,-0.0     0, 0.0  -0.633  12.6-170.8 179.6 128.2  -28.5  -30.3  -17.6               
  308  308 A P        +     0   0  129      0, 0.0     0, 0.0     0, 0.0     0, 0.0  -0.132  18.5 112.2-112.8-168.7  -25.7  -31.7  -15.4               
  309  309 A A        -     0   0   99     -2,-0.1    -2,-0.0     0, 0.0     0, 0.0   0.421  43.2 -83.8 102.5 142.2  -23.1  -34.3  -14.6               
  310  310 A D        +     0   0  172      0, 0.0     0, 0.0     0, 0.0     0, 0.0   0.043  48.2 116.8 -51.8 153.0  -19.4  -35.3  -14.2               
  311  311 A G        -     0   0   61      0, 0.0     0, 0.0     0, 0.0     0, 0.0   0.303  53.5 -27.3 140.7 111.6  -16.7  -36.4  -16.5               
  312  312 A S        -     0   0  117      1,-0.1     0, 0.0     2,-0.0     0, 0.0   0.956  44.6-124.9  61.3  94.7  -13.3  -35.7  -17.9               
  313  313 A R        -     0   0  210      1,-0.0     2,-0.5     2,-0.0    -1,-0.1  -0.357  14.8-158.4 -39.5 126.4  -11.4  -32.4  -18.5               
  314  314 A P        -     0   0  113      0, 0.0    -1,-0.0     0, 0.0    -2,-0.0  -0.979  16.3-143.0-107.1 117.6  -10.1  -31.8  -22.1               
  315  315 A E        -     0   0  138     -2,-0.5     2,-1.2     1,-0.1    -2,-0.0  -0.658  12.9-133.4 -67.9 121.4   -7.3  -29.2  -21.8               
  316  316 A P        -     0   0  125      0, 0.0    -1,-0.1     0, 0.0     0, 0.0  -0.725  28.2-131.2 -86.6  99.5   -7.4  -26.8  -24.8               
  317  317 A Q        +     0   0  170     -2,-1.2     0, 0.0     1,-0.0     0, 0.0  -0.031  44.4 143.9 -13.9 125.9   -3.9  -26.5  -26.1               
  318  318 A R        +     0   0  184      0, 0.0     2,-1.3     0, 0.0    -1,-0.0  -0.076   8.9 170.2-164.6  95.1   -2.0  -23.4  -27.0               
  319  319 A P        +     0   0  133      0, 0.0     2,-0.7     0, 0.0     3,-0.1  -0.723  25.3 177.4 -79.0  93.6    1.8  -23.3  -26.3               
  320  320 A R        -     0   0  177     -2,-1.3     0, 0.0     1,-0.1     0, 0.0  -0.848  43.6 -33.6-110.1 104.1    2.3  -20.0  -28.2               
  321  321 A N        +     0   0  154     -2,-0.7    -1,-0.1     1,-0.1     0, 0.0   0.966  49.5 163.1  69.1  86.0    5.8  -18.6  -28.2               
  322  322 A R        +     0   0  202     -3,-0.1     2,-0.3     3,-0.0     3,-0.2  -0.759  20.3 148.3-117.2  85.9    8.5  -18.7  -25.5               
  323  323 A P        +     0   0   89      0, 0.0     0, 0.0     0, 0.0     0, 0.0  -0.827  47.2  65.8 -92.1 158.3   11.8  -17.8  -27.1               
  324  324 A Y        +     0   0  198     -2,-0.3     3,-0.0     0, 0.0     0, 0.0   0.728  65.2  94.2  93.8  39.9   14.3  -15.9  -24.7               
  325  325 A F        +     0   0  159     -3,-0.2    -3,-0.0     1,-0.0     0, 0.0  -0.425  70.0  71.5-136.0  65.9   15.4  -18.2  -21.9               
  326  326 A Q  S    S+     0   0  198      3,-0.0    -1,-0.0     0, 0.0     0, 0.0   0.174  74.3  78.3-153.2  19.2   18.7  -19.7  -23.3               
  327  327 A R        +     0   0  221      2,-0.1     2,-1.5     1,-0.0    -2,-0.0   0.164  50.6 111.2-125.3  22.2   21.2  -16.8  -23.2               
  328  328 A R        -     0   0  245      3,-0.0     3,-0.1     2,-0.0    -1,-0.0  -0.804  67.9-149.8 -80.9  80.7   22.1  -16.8  -19.5               
  329  329 A R        -     0   0  210     -2,-1.5     2,-0.9     1,-0.1    -2,-0.1  -0.415  28.2 -96.4 -41.1 126.3   25.5  -18.0  -20.5               
  330  330 A Q        -     0   0  188     -2,-0.0     2,-1.0     1,-0.0    -1,-0.1  -0.511  43.0-162.9 -44.8  90.0   27.0  -20.1  -17.7               
  331  331 A Q        -     0   0  178     -2,-0.9     3,-0.1    -3,-0.1    -1,-0.0  -0.923  20.5-134.7 -82.4 101.2   29.1  -17.3  -16.2               
  332  332 A A        -     0   0   80     -2,-1.0     2,-0.4     1,-0.1    -3,-0.0  -0.266  33.1 -86.7 -43.8 143.1   31.3  -19.5  -14.2               
  333  333 A P        -     0   0  121      0, 0.0    -1,-0.1     0, 0.0     3,-0.1  -0.513  50.2-125.1 -56.1 114.6   31.8  -18.3  -10.6               
  334  334 A G        -     0   0   55     -2,-0.4     3,-0.1     1,-0.2    -3,-0.0  -0.351  48.5 -69.4 -55.9 151.1   34.7  -15.8  -11.0               
  335  335 A P        -     0   0  130      0, 0.0     2,-0.4     0, 0.0    -1,-0.2  -0.236  53.4-114.4 -54.8 125.1   37.5  -16.7   -8.5               
  336  336 A Q        -     0   0  187     -3,-0.1     2,-0.7     1,-0.1     0, 0.0  -0.502  24.7-130.6 -54.3 110.8   36.6  -16.0   -4.9               
  337  337 A Q        -     0   0  195     -2,-0.4    -1,-0.1    -3,-0.1     3,-0.0  -0.692  34.5-121.1 -63.6 110.2   38.8  -13.2   -3.8               
  338  338 A A        -     0   0   83     -2,-0.7     2,-0.6     1,-0.1    -1,-0.1  -0.307  19.7-109.0 -52.8 136.5   40.0  -14.8   -0.6               
  339  339 A P        -     0   0  129      0, 0.0     3,-0.2     0, 0.0    -1,-0.1  -0.645  43.4-117.5 -65.4 117.4   39.3  -12.9    2.7               
  340  340 A G        -     0   0   59     -2,-0.6    -3,-0.0     1,-0.2     2,-0.0  -0.185  47.9 -69.2 -54.5 153.4   42.8  -11.8    3.7               
  341  341 A P        -     0   0  132      0, 0.0     2,-0.4     0, 0.0    -1,-0.2  -0.230  45.3-121.8 -62.0 128.7   44.0  -13.2    7.1               
  342  342 A R        -     0   0  247     -3,-0.2     0, 0.0     1,-0.0     0, 0.0  -0.554  25.4-132.4 -56.9 116.6   42.3  -12.0   10.3               
  343  343 A Q        -     0   0  184     -2,-0.4     2,-0.1     1,-0.1    -1,-0.0  -0.602  32.5-109.8 -67.2 137.5   45.0  -10.5   12.5               
  344  344 A P        -     0   0  121      0, 0.0    -1,-0.1     0, 0.0     0, 0.0  -0.391  34.5 -91.5 -74.9 151.7   44.6  -11.9   16.1               
  345  345 A A        -     0   0  105     -2,-0.1     0, 0.0     1,-0.0     0, 0.0  -0.234  28.4-158.2 -51.1 140.8   43.3  -10.0   19.1               
  346  346 A A        -     0   0   94      0, 0.0     2,-0.1     0, 0.0    -1,-0.0  -0.974  29.5-119.6-121.1 141.8   45.7   -8.2   21.5               
  347  347 A P        -     0   0  109      0, 0.0     0, 0.0     0, 0.0     0, 0.0  -0.386  37.9 -27.7 -89.3 153.3   44.2   -7.6   25.0               
  348  348 A E        +     0   0  184     -2,-0.1     2,-0.3     1,-0.1     0, 0.0   0.787  21.9 178.7  50.6 107.4   43.2   -5.0   27.5               
  349  349 A T        -     0   0  145      2,-0.0     2,-0.1     0, 0.0    -1,-0.1  -0.878  32.5-161.6-138.4 118.7   44.1   -1.5   28.6               
  350  350 A S        +     0   0  110     -2,-0.3     0, 0.0     2,-0.0     0, 0.0  -0.399  24.4 100.7 -86.3 160.1   41.9   -0.4   31.4               
  351  351 A A        -     0   0   92     -2,-0.1    -2,-0.0     2,-0.0     0, 0.0   0.464  44.6 -33.0  90.9 153.7   40.7    2.7   33.2               
  352  352 A P        -     0   0  123      0, 0.0     2,-0.6     0, 0.0    -2,-0.0   0.288   7.0-173.9-130.7 150.1   38.4    4.9   33.7               
  353  353 A V        -     0   0  139      1,-0.1    -2,-0.0     2,-0.0     0, 0.0  -0.790  53.3-103.1 -91.1 121.0   35.5    7.3   32.9               
  354  354 A N        -     0   0  164     -2,-0.6     2,-0.5     1,-0.1    -1,-0.1  -0.156  35.3-177.6 -36.7 115.9   34.4    9.7   35.7               
  355  355 A S        -     0   0  109      2,-0.1     2,-0.8    -3,-0.0    -1,-0.1  -0.969  11.4-161.6-117.2 102.5   31.2    8.7   37.6               
  356  356 A G        +     0   0   77     -2,-0.5    -2,-0.0     2,-0.0     0, 0.0  -0.867  21.0 164.1 -82.6 110.3   30.6   11.4   40.1               
  357  357 A D        -     0   0  151     -2,-0.8     2,-0.1     0, 0.0    -2,-0.1  -0.907  35.9 -89.4-132.6 156.8   28.2   10.0   42.7               
  358  358 A P        -     0   0  110      0, 0.0     2,-0.6     0, 0.0    -2,-0.0  -0.366  19.1-155.1 -96.9 143.8   27.6   11.6   46.1               
  359  359 A T        +     0   0  138     -2,-0.1     2,-0.5     2,-0.0     0, 0.0  -0.922  12.4 179.7-109.5 112.4   29.0   11.5   49.7               
  360  360 A T        +     0   0  120     -2,-0.6     2,-0.2     2,-0.0     0, 0.0  -0.975  11.4 170.8 -96.8 120.3   26.6   12.5   52.5               
  361  361 A T        -     0   0  127     -2,-0.5     2,-0.2     0, 0.0    -2,-0.0  -0.809  15.9-154.3-152.7  94.6   28.4   12.2   55.9               
  362  362 A I        -     0   0  136     -2,-0.2    -2,-0.0     1,-0.2     0, 0.0  -0.163  29.7 -57.6  47.0 100.2   26.9   13.4   58.9               
  363  363 A L              0   0  170     -2,-0.2    -1,-0.2     0, 0.0     0, 0.0   0.191 360.0 360.0   5.1 119.8   28.5   14.7   62.1               
  364  364 A E              0   0  265      0, 0.0     0, 0.0     0, 0.0     0, 0.0  -0.359 360.0 360.0-159.1 360.0   30.6   13.6   64.8               
